1  1.00e-03  0.2763643742 71892.04 1.08999999999999999992
1  1.05e-03  0.2763643683 71892.04 1.08999999999999999992
1  1.10e-03  0.2763643679 71892.04 1.08999999999999999992
1  1.15e-03  0.2763643647 71892.04 1.08999999999999999992
1  1.20e-03  0.2763643726 71892.04 1.08999999999999999992
1  1.26e-03  0.2763643696 71892.04 1.08999999999999999992
1  1.32e-03  0.2763643718 71892.04 1.08999999999999999992
1  1.38e-03  0.2763643693 71892.04 1.08999999999999999992
1  1.45e-03  0.2763643694 71892.04 1.08999999999999999992
1  1.51e-03  0.2763643674 71892.04 1.08999999999999999992
1  1.58e-03  0.2763643692 71892.04 1.08999999999999999992
1  1.66e-03  0.2763643692 71892.04 1.08999999999999999992
1  1.74e-03  0.2763643727 71892.04 1.08999999999999999992
1  1.82e-03  0.2763643737 71892.04 1.08999999999999999992
1  1.91e-03  0.2763643663 71892.04 1.08999999999999999992
1  2.00e-03  0.2763643672 71892.04 1.08999999999999999992
1  2.09e-03  0.2763643755 71892.04 1.08999999999999999992
1  2.19e-03  0.2763643725 71892.04 1.08999999999999999992
1  2.29e-03  0.276364373 71892.04 1.08999999999999999992
1  2.40e-03  0.2763643735 71892.04 1.08999999999999999992
1  2.51e-03  0.2763643753 71892.04 1.08999999999999999992
1  2.63e-03  0.276364376 71892.04 1.08999999999999999992
1  2.75e-03  0.2763643751 71892.04 1.08999999999999999992
1  2.88e-03  0.2763643729 71892.04 1.08999999999999999992
1  3.02e-03  0.2763643736 71892.04 1.08999999999999999992
1  3.16e-03  0.2763643715 71892.04 1.08999999999999999992
1  3.31e-03  0.276364375 71892.04 1.08999999999999999992
1  3.47e-03  0.2763643788 71892.04 1.08999999999999999992
1  3.63e-03  0.2763643695 71892.04 1.08999999999999999992
1  3.80e-03  0.2763643714 71892.04 1.08999999999999999992
1  3.98e-03  0.2763643691 71892.04 1.08999999999999999992
1  4.17e-03  0.2763643761 71892.04 1.08999999999999999992
1  4.37e-03  0.276364366 71892.04 1.08999999999999999992
1  4.57e-03  0.2763643716 71892.04 1.08999999999999999992
1  4.79e-03  0.2763643712 71892.04 1.08999999999999999992
1  5.01e-03  0.276364372 71892.04 1.08999999999999999992
1  5.25e-03  0.2763643741 71892.04 1.08999999999999999992
1  5.50e-03  0.2763643678 71892.04 1.08999999999999999992
1  5.75e-03  0.276364374 71892.04 1.08999999999999999992
1  6.03e-03  0.2763643771 71892.04 1.08999999999999999992
1  6.31e-03  0.2763643721 71892.04 1.08999999999999999992
1  6.61e-03  0.2763643775 71892.04 1.08999999999999999992
1  6.92e-03  0.2763643735 71892.04 1.08999999999999999992
1  7.24e-03  0.2763643739 71892.04 1.08999999999999999992
1  7.59e-03  0.2763643789 71892.04 1.08999999999999999992
1  7.94e-03  0.2763643727 71892.04 1.08999999999999999992
1  8.32e-03  0.2763643744 71892.04 1.08999999999999999992
1  8.71e-03  0.276364379 71892.04 1.08999999999999999992
1  9.12e-03  0.2763643715 71892.04 1.08999999999999999992
1  9.55e-03  0.276364374 71892.04 1.08999999999999999992
1  1.00e-02  0.2763643804 71892.04 1.08999999999999999992
1  1.05e-02  0.2763643666 71892.04 1.08999999999999999992
1  1.10e-02  0.2763643692 71892.04 1.08999999999999999992
1  1.15e-02  0.2763643712 71892.04 1.08999999999999999992
1  1.20e-02  0.2763643722 71892.04 1.08999999999999999992
1  1.26e-02  0.2763643766 71892.04 1.08999999999999999992
1  1.32e-02  0.2763643688 71892.04 1.08999999999999999992
1  1.38e-02  0.2763643758 71892.04 1.08999999999999999992
1  1.45e-02  0.2763643743 71892.04 1.08999999999999999992
1  1.51e-02  0.2763643714 71892.04 1.08999999999999999992
1  1.58e-02  0.2763643815 71892.04 1.08999999999999999992
1  1.66e-02  0.2763643822 71892.04 1.08999999999999999992
1  1.74e-02  0.2763643724 71892.04 1.08999999999999999992
1  1.82e-02  0.2763643827 71892.04 1.08999999999999999992
1  1.91e-02  0.2763643732 71892.04 1.08999999999999999992
1  2.00e-02  0.276364376 71892.04 1.08999999999999999992
1  2.09e-02  0.2763643884 71892.04 1.08999999999999999992
1  2.19e-02  0.2763643863 71892.04 1.08999999999999999992
1  2.29e-02  0.2763643849 71892.04 1.08999999999999999992
1  2.40e-02  0.2763643766 71892.04 1.08999999999999999992
1  2.51e-02  0.2763643416 71892.04 1.08999999999999999992
1  2.63e-02  0.2763643297 71892.04 1.08999999999999999992
1  2.75e-02  0.2763643819 71892.04 1.08999999999999999992
1  2.88e-02  0.2763644021 71892.04 1.08999999999999999992
1  3.02e-02  0.2763645021 71892.04 1.08999999999999999992
1  3.16e-02  0.2763639782 71892.04 1.08999999999999999992
1  3.31e-02  0.2763643865 71892.04 1.08999999999999999992
1  3.47e-02  0.2763643491 71892.04 1.08999999999999999992
1  3.63e-02  0.2763640175 71892.04 1.08999999999999999992
1  3.80e-02  0.2763643561 71892.04 1.08999999999999999992
1  3.98e-02  0.2763641184 71892.04 1.08999999999999999992
1  4.17e-02  0.2763643193 71892.04 1.08999999999999999992
1  4.37e-02  0.2763643893 71892.04 1.08999999999999999992
1  4.57e-02  0.2763643416 71892.04 1.08999999999999999992
1  4.79e-02  0.2763643468 71892.04 1.08999999999999999992
1  5.01e-02  0.276364341 71892.04 1.08999999999999999992
1  5.25e-02  0.2763643651 71892.04 1.08999999999999999992
1  5.50e-02  0.2763643434 71892.04 1.08999999999999999992
1  5.75e-02  0.2763643864 71892.04 1.08999999999999999992
1  6.03e-02  0.2763644353 71892.04 1.08999999999999999992
1  6.31e-02  0.2763643633 71892.04 1.08999999999999999992
1  6.61e-02  0.2763643981 71892.04 1.08999999999999999992
1  6.92e-02  0.2763642247 71892.04 1.08999999999999999992
1  7.24e-02  0.2763643548 71892.04 1.08999999999999999992
1  7.59e-02  0.2763633592 71892.04 1.08999999999999999992
1  7.94e-02  0.2763642351 71892.04 1.08999999999999999992
1  8.32e-02  0.2763634166 71892.04 1.08999999999999999992
1  8.71e-02  0.2763643385 71892.04 1.08999999999999999992
1  9.12e-02  0.2763643798 71892.04 1.08999999999999999992
1  9.55e-02  0.2763643819 71892.04 1.08999999999999999992
1  1.00e-01  0.2763644092 71892.04 1.08999999999999999992
1  1.05e-01  0.2763643955 71892.04 1.08999999999999999992
1  1.10e-01  0.2763643917 71892.04 1.08999999999999999992
1  1.15e-01  0.2763643641 71892.04 1.08999999999999999992
1  1.20e-01  0.276364451 71892.04 1.08999999999999999992
1  1.26e-01  0.2763532266 71892.04 1.08999999999999999992
1  1.32e-01  0.2763644405 71892.04 1.08999999999999999992
1  1.38e-01  0.2763644073 71892.04 1.08999999999999999992
1  1.45e-01  0.2763643406 71892.04 1.08999999999999999992
1  1.51e-01  0.2763643172 71892.04 1.08999999999999999992
1  1.58e-01  0.2763631932 71892.04 1.08999999999999999992
1  1.66e-01  0.2763641789 71892.04 1.08999999999999999992
1  1.74e-01  0.2763644008 71892.04 1.08999999999999999992
1  1.82e-01  0.2763643759 71892.04 1.08999999999999999992
1  1.91e-01  0.2763643406 71892.04 1.08999999999999999992
1  2.00e-01  0.27636435 71892.04 1.08999999999999999992
1  2.09e-01  0.2763644724 71892.04 1.08999999999999999992
1  2.19e-01  0.2763771025 71892.04 1.08999999999999999992
1  2.29e-01  0.2763644351 71892.04 1.08999999999999999992
1  2.40e-01  0.2763643222 71892.04 1.08999999999999999992
1  2.51e-01  0.2763644576 71892.04 1.08999999999999999992
1  2.63e-01  0.2763646104 71892.04 1.08999999999999999992
1  2.75e-01  0.276364457 71892.04 1.08999999999999999992
1  2.88e-01  0.2763644689 71892.04 1.08999999999999999992
1  3.02e-01  0.2763636975 71892.04 1.08999999999999999992
1  3.16e-01  0.276364323 71892.04 1.08999999999999999992
1  3.31e-01  0.2763643615 71892.04 1.08999999999999999992
1  3.47e-01  0.2763643534 71892.04 1.08999999999999999992
1  3.63e-01  0.2763646084 71892.04 1.08999999999999999992
1  3.80e-01  0.2763646551 71892.04 1.08999999999999999992
1  3.98e-01  0.2763644379 71892.04 1.08999999999999999992
1  4.17e-01  0.2763645083 71892.04 1.08999999999999999992
1  4.37e-01  0.2763645976 71892.04 1.08999999999999999992
1  4.57e-01  0.2763646113 71892.04 1.08999999999999999992
1  4.79e-01  0.2763647417 71892.04 1.08999999999999999992
1  5.01e-01  0.2763643867 71892.04 1.08999999999999999992
1  5.25e-01  0.2763646507 71892.04 1.08999999999999999992
1  5.50e-01  0.2763643778 71892.04 1.08999999999999999992
1  5.75e-01  0.2763646281 71892.04 1.08999999999999999992
1  6.03e-01  0.2763643896 71892.04 1.08999999999999999992
1  6.31e-01  0.2763645547 71892.04 1.08999999999999999992
1  6.61e-01  0.2763647909 71892.04 1.08999999999999999992
1  6.92e-01  0.2763639756 71892.04 1.08999999999999999992
1  7.24e-01  0.27636436 71892.04 1.08999999999999999992
1  7.59e-01  0.2763643752 71892.04 1.08999999999999999992
1  7.94e-01  0.2763647461 71892.04 1.08999999999999999992
1  8.32e-01  0.2763645633 71892.04 1.08999999999999999992
1  8.71e-01  0.2763644163 71892.04 1.08999999999999999992
1  9.12e-01  0.276364466 71892.04 1.08999999999999999992
1  9.55e-01  0.2763649822 71892.04 1.08999999999999999992
1  1.00e+00  0.2763645469 71892.04 1.08999999999999999992
1  1.05e+00  0.276364995 71892.04 1.08999999999999999992
1  1.10e+00  0.276364342 71892.04 1.08999999999999999992
1  1.15e+00  0.2763608375 71892.04 1.08999999999999999992
1  1.20e+00  0.2763645547 71892.04 1.08999999999999999992
1  1.26e+00  0.2763654076 71892.04 1.08999999999999999992
1  1.32e+00  0.2763641283 71892.04 1.08999999999999999992
1  1.38e+00  0.2763646424 71892.04 1.08999999999999999992
1  1.45e+00  0.2763623213 71892.04 1.08999999999999999992
1  1.51e+00  0.276364548 71892.04 1.08999999999999999992
1  1.58e+00  0.2763655493 71892.04 1.08999999999999999992
1  1.66e+00  0.2763645779 71892.04 1.08999999999999999992
1  1.74e+00  0.2763651171 71892.04 1.08999999999999999992
1  1.82e+00  0.2763658288 71892.04 1.08999999999999999992
1  1.91e+00  0.2763645682 71892.04 1.08999999999999999992
1  2.00e+00  0.2763655968 71892.04 1.08999999999999999992
1  2.09e+00  0.2763649113 71892.04 1.08999999999999999992
1  2.19e+00  0.276363895 71892.04 1.08999999999999999992
1  2.29e+00  0.276364726 71892.04 1.08999999999999999992
1  2.40e+00  0.2763663199 71892.04 1.08999999999999999992
1  2.51e+00  0.2763619642 71892.04 1.08999999999999999992
1  2.63e+00  0.2763655517 71892.04 1.08999999999999999992
1  2.75e+00  0.2763615014 71892.04 1.08999999999999999992
1  2.88e+00  0.2763650516 71892.04 1.08999999999999999992
1  3.02e+00  0.2763643966 71892.04 1.08999999999999999992
1  3.16e+00  0.2763669424 71892.04 1.08999999999999999992
1  3.31e+00  0.2763653481 71892.04 1.08999999999999999992
1  3.47e+00  0.2763668526 71892.04 1.08999999999999999992
1  3.63e+00  0.2763673088 71892.04 1.08999999999999999992
1  3.80e+00  0.2763659975 71892.04 1.08999999999999999992
1  3.98e+00  0.276368028 71892.04 1.08999999999999999992
1  4.17e+00  0.2763647914 71892.04 1.08999999999999999992
1  4.37e+00  0.2763676413 71892.04 1.08999999999999999992
1  4.57e+00  0.2763651924 71892.04 1.08999999999999999992
1  4.79e+00  0.2763675894 71892.04 1.08999999999999999992
1  5.01e+00  0.27636818 71892.04 1.08999999999999999992
1  5.25e+00  0.2763672908 71892.04 1.08999999999999999992
1  5.50e+00  0.2763691915 71892.04 1.08999999999999999992
1  5.75e+00  0.2763690252 71892.04 1.08999999999999999992
1  6.03e+00  0.2763719125 71892.04 1.08999999999999999992
1  6.31e+00  0.2763701307 71892.04 1.08999999999999999992
1  6.61e+00  0.2763704277 71892.04 1.08999999999999999992
1  6.92e+00  0.2763703577 71892.04 1.08999999999999999992
1  7.24e+00  0.2763682055 71892.04 1.08999999999999999992
1  7.59e+00  0.2763764134 71892.04 1.08999999999999999992
1  7.94e+00  0.2763640962 71892.04 1.08999999999999999992
1  8.32e+00  0.2763555536 71892.04 1.08999999999999999992
1  8.71e+00  0.27637382 71892.04 1.08999999999999999992
1  9.12e+00  0.2763675148 71892.04 1.08999999999999999992
1  9.55e+00  0.2763684795 71892.04 1.08999999999999999992
1  1.00e+01  0.2763721861 71892.04 1.08999999999999999992
1  1.05e+01  0.276349368 71892.04 1.08999999999999999992
1  1.10e+01  0.2763669985 71892.04 1.08999999999999999992
1  1.15e+01  0.2763658513 71892.04 1.08999999999999999992
1  1.20e+01  0.2763665394 71892.04 1.08999999999999999992
1  1.26e+01  0.2763643147 71892.04 1.08999999999999999992
1  1.32e+01  0.2763640638 71892.04 1.08999999999999999992
1  1.38e+01  0.2763677871 71892.04 1.08999999999999999992
1  1.45e+01  0.2763752578 71892.04 1.08999999999999999992
1  1.51e+01  0.2763883592 71892.04 1.08999999999999999992
1  1.58e+01  0.2763649667 71892.04 1.08999999999999999992
1  1.66e+01  0.2763745231 71892.04 1.08999999999999999992
1  1.74e+01  0.2763779108 71892.04 1.08999999999999999992
1  1.82e+01  0.2763780652 71892.04 1.08999999999999999992
1  1.91e+01  0.2763703746 71892.04 1.08999999999999999992
1  2.00e+01  0.2762843919 71892.04 1.08999999999999999992
1  2.09e+01  0.2763825203 71892.04 1.08999999999999999992
1  2.19e+01  0.2763505642 71892.04 1.08999999999999999992
1  2.29e+01  0.2764274865 71892.04 1.08999999999999999992
1  2.40e+01  0.276467622 71892.04 1.08999999999999999992
1  2.51e+01  0.2763232392 71892.04 1.08999999999999999992
1  2.63e+01  0.2763836305 71892.04 1.08999999999999999992
1  2.75e+01  0.2764461192 71892.04 1.08999999999999999992
1  2.88e+01  0.276423085 71892.04 1.08999999999999999992
1  3.02e+01  0.2763827805 71892.04 1.08999999999999999992
1  3.16e+01  0.2763756686 71892.04 1.08999999999999999992
1  3.31e+01  0.2764721071 71892.04 1.08999999999999999992
1  3.47e+01  0.2764964338 71892.04 1.08999999999999999992
1  3.63e+01  0.2763053233 71892.04 1.08999999999999999992
1  3.80e+01  0.2763305064 71892.04 1.08999999999999999992
1  3.98e+01  0.2764091524 71892.04 1.08999999999999999992
1  4.17e+01  0.2764531647 71892.04 1.08999999999999999992
1  4.37e+01  0.2764091551 71892.04 1.08999999999999999992
1  4.57e+01  0.2764806471 71892.04 1.08999999999999999992
1  4.79e+01  0.2763930755 71892.04 1.08999999999999999992
1  5.01e+01  0.2763698883 71892.04 1.08999999999999999992
1  5.25e+01  0.2763865435 71892.04 1.08999999999999999992
1  5.50e+01  0.2763032035 71892.04 1.08999999999999999992
1  5.75e+01  0.2762911934 71892.04 1.08999999999999999992
1  6.03e+01  0.2762947654 71892.04 1.08999999999999999992
1  6.31e+01  0.2764121866 71892.04 1.08999999999999999992
1  6.61e+01  0.2763748889 71892.04 1.08999999999999999992
1  6.92e+01  0.2763843436 71892.04 1.08999999999999999992
1  7.24e+01  0.2764633419 71892.04 1.08999999999999999992
1  7.59e+01  0.2764090417 71892.04 1.08999999999999999992
1  7.94e+01  0.2763385399 71892.04 1.08999999999999999992
1  8.32e+01  0.2763992526 71892.04 1.08999999999999999992
1  8.71e+01  0.2764128664 71892.04 1.08999999999999999992
1  9.12e+01  0.2764790903 71892.04 1.08999999999999999992
1  9.55e+01  0.2763340933 71892.04 1.08999999999999999992
1  1.00e+02  0.2764006948 71892.04 1.08999999999999999992
1  1.05e+02  0.2763894096 71892.04 1.08999999999999999992
1  1.10e+02  0.2764014387 71892.04 1.08999999999999999992
1  1.15e+02  0.2763869462 71892.04 1.08999999999999999992
1  1.20e+02  0.2764131637 71892.04 1.08999999999999999992
1  1.26e+02  0.2764143061 71892.04 1.08999999999999999992
1  1.32e+02  0.2764320617 71892.04 1.08999999999999999992
1  1.38e+02  0.2764962453 71892.04 1.08999999999999999992
1  1.45e+02  0.2764898325 71892.04 1.08999999999999999992
1  1.51e+02  0.2765093172 71892.04 1.08999999999999999992
1  1.58e+02  0.2763348254 71892.04 1.08999999999999999992
1  1.66e+02  0.2764568671 71892.04 1.08999999999999999992
1  1.74e+02  0.2764285773 71892.04 1.08999999999999999992
1  1.82e+02  0.2764332212 71892.04 1.08999999999999999992
1  1.91e+02  0.2763812503 71892.04 1.08999999999999999992
1  2.00e+02  0.2764252007 71892.04 1.08999999999999999992
1  2.09e+02  0.2764335283 71892.04 1.08999999999999999992
1  2.19e+02  0.2765317712 71892.04 1.08999999999999999992
1  2.29e+02  0.2764787038 71892.04 1.08999999999999999992
1  2.40e+02  0.2764190205 71892.04 1.08999999999999999992
1  2.51e+02  0.2765668886 71892.04 1.08999999999999999992
1  2.63e+02  0.2764908225 71892.04 1.08999999999999999992
1  2.75e+02  0.2765846083 71892.04 1.08999999999999999992
1  2.88e+02  0.2765755548 71892.04 1.08999999999999999992
1  3.02e+02  0.2765382338 71892.04 1.08999999999999999992
1  3.16e+02  0.2765529117 71892.04 1.08999999999999999992
1  3.31e+02  0.2763749715 71892.04 1.08999999999999999992
1  3.47e+02  0.2765944906 71892.04 1.08999999999999999992
1  3.63e+02  0.2765260236 71892.04 1.08999999999999999992
1  3.80e+02  0.2766755812 71892.04 1.08999999999999999992
1  3.98e+02  0.2766650259 71892.04 1.08999999999999999992
1  4.17e+02  0.2763584437 71892.04 1.08999999999999999992
1  4.37e+02  0.2767165899 71892.04 1.08999999999999999992
1  4.57e+02  0.276713161 71892.04 1.08999999999999999992
1  4.79e+02  0.2765337887 71892.04 1.08999999999999999992
1  5.01e+02  0.2767279171 71892.04 1.08999999999999999992
1  5.25e+02  0.2765821866 71892.04 1.08999999999999999992
1  5.50e+02  0.2766863249 71892.04 1.08999999999999999992
1  5.75e+02  0.2765988919 71892.04 1.08999999999999999992
1  6.03e+02  0.2768085352 71892.04 1.08999999999999999992
1  6.31e+02  0.2768139663 71892.04 1.08999999999999999992
1  6.61e+02  0.2768303251 71892.04 1.08999999999999999992
1  6.92e+02  0.2764837552 71892.04 1.08999999999999999992
1  7.24e+02  0.276391712 71892.04 1.08999999999999999992
1  7.59e+02  0.2763832988 71892.04 1.08999999999999999992
1  7.94e+02  0.2767177811 71892.04 1.08999999999999999992
1  8.32e+02  0.2766539609 71892.04 1.08999999999999999992
1  8.71e+02  0.2772313693 71892.04 1.08999999999999999992
1  9.12e+02  0.2773614297 71892.04 1.08999999999999999992
1  9.55e+02  0.2764429873 71892.04 1.08999999999999999992
1  1.00e+03  0.2765692005 71892.04 1.08999999999999999992
1  1.05e+03  0.2763045364 71892.04 1.08999999999999999992
1  1.10e+03  0.2764034813 71892.04 1.08999999999999999992
1  1.15e+03  0.2767292432 71892.04 1.08999999999999999992
1  1.20e+03  0.2777183506 71892.04 1.08999999999999999992
1  1.26e+03  0.2765296586 71892.04 1.08999999999999999992
1  1.32e+03  0.2762208219 71892.04 1.08999999999999999992
1  1.38e+03  0.2773889081 71892.04 1.08999999999999999992
1  1.45e+03  0.2772484365 71892.04 1.08999999999999999992
1  1.51e+03  0.2774563624 71892.04 1.08999999999999999992
1  1.58e+03  0.2784693935 71892.04 1.08999999999999999992
1  1.66e+03  0.2810619586 71892.04 1.08999999999999999992
1  1.74e+03  0.279720593 71892.04 1.08999999999999999992
1  1.82e+03  0.2764736873 71892.04 1.08999999999999999992
1  1.91e+03  0.2710238731 71892.04 1.08999999999999999992
1  2.00e+03  0.2762228506 71892.04 1.08999999999999999992
1  2.09e+03  0.2697299998 71892.04 1.08999999999999999992
1  2.19e+03  0.276250534 71892.04 1.08999999999999999992
1  2.29e+03  0.2838171223 71892.04 1.08999999999999999992
1  2.40e+03  0.2877964101 71892.04 1.08999999999999999992
1  2.51e+03  0.2853734658 71892.04 1.08999999999999999992
1  2.63e+03  0.2761832187 71892.04 1.08999999999999999992
1  2.75e+03  0.2935631777 71892.04 1.08999999999999999992
1  2.88e+03  0.2790149932 71892.04 1.08999999999999999992
1  3.02e+03  0.2963787766 71892.04 1.08999999999999999992
1  3.16e+03  0.2826010592 71892.04 1.08999999999999999992
1  3.31e+03  0.2704385989 71892.04 1.08999999999999999992
1  3.47e+03  0.2654507929 71892.04 1.08999999999999999992
1  3.63e+03  0.2662009726 71892.04 1.08999999999999999992
1  3.80e+03  0.2751313843 71892.04 1.08999999999999999992
1  3.98e+03  0.2793309715 71892.04 1.08999999999999999992
1  4.17e+03  0.2561514382 71892.04 1.08999999999999999992
1  4.37e+03  0.2728898444 71892.04 1.08999999999999999992
1  4.57e+03  0.2570098085 71892.04 1.08999999999999999992
1  4.79e+03  0.2772399374 71892.04 1.08999999999999999992
1  5.01e+03  0.2595324221 71892.04 1.08999999999999999992
1  5.25e+03  0.255555681 71892.04 1.08999999999999999992
1  5.50e+03  0.2694189636 71892.04 1.08999999999999999992
1  5.75e+03  0.2757287715 71892.04 1.08999999999999999992
1  6.03e+03  0.2804888725 71892.04 1.08999999999999999992
1  6.31e+03  0.273277294 71892.04 1.08999999999999999992
1  6.61e+03  0.257325688 71892.04 1.08999999999999999992
1  6.92e+03  0.2696947158 71892.04 1.08999999999999999992
1  7.24e+03  0.306861254 71892.04 1.08999999999999999992
1  7.59e+03  0.2805951753 71892.04 1.08999999999999999992
1  7.94e+03  0.2727136087 71892.04 1.08999999999999999992
1  8.32e+03  0.3066892123 71892.04 1.08999999999999999992
1  8.71e+03  0.2807097356 71892.04 1.08999999999999999992
1  9.12e+03  0.2951187143 71892.04 1.08999999999999999992
1  9.55e+03  0.3280164075 71892.04 1.08999999999999999992
1  1.00e+04  0.2552125728 71892.04 1.08999999999999999992
1  1.05e+04  0.2959894286 71892.04 1.08999999999999999992
1  1.10e+04  0.3444528727 71892.04 1.08999999999999999992
1  1.15e+04  0.3223190437 71892.04 1.08999999999999999992
1  1.20e+04  0.2976837965 71892.04 1.08999999999999999992
1  1.26e+04  0.2814256915 71892.04 1.08999999999999999992
1  1.32e+04  0.2679711905 71892.04 1.08999999999999999992
1  1.38e+04  0.277671439 71892.04 1.08999999999999999992
1  1.45e+04  0.2701565174 71892.04 1.08999999999999999992
1  1.51e+04  0.289814061 71892.04 1.08999999999999999992
1  1.58e+04  0.3054138582 71892.04 1.08999999999999999992
1  1.66e+04  0.3438360964 71892.04 1.08999999999999999992
1  1.74e+04  0.3741307924 71892.04 1.08999999999999999992
1  1.82e+04  0.354930935 71892.04 1.08999999999999999992
1  1.91e+04  0.2910882778 71892.04 1.08999999999999999992
1  2.00e+04  0.3134360226 71892.04 1.08999999999999999992
1  2.09e+04  0.3650871491 71892.04 1.08999999999999999992
1  2.19e+04  0.3628405734 71892.04 1.08999999999999999992
1  2.29e+04  0.2920850217 71892.04 1.08999999999999999992
1  2.40e+04  0.3780660671 71892.04 1.08999999999999999992
1  2.51e+04  0.3506160241 71892.04 1.08999999999999999992
1  2.63e+04  0.3137180211 71892.04 1.08999999999999999992
1  2.75e+04  0.3895025313 71892.04 1.08999999999999999992
1  2.88e+04  0.2875974993 71892.04 1.08999999999999999992
1  3.02e+04  0.4083031505 71892.04 1.08999999999999999992
1  3.16e+04  0.2800909252 71892.04 1.08999999999999999992
1  3.31e+04  0.4211799039 71892.04 1.08999999999999999992
1  3.47e+04  0.2853777391 71892.04 1.08999999999999999992
1  3.63e+04  0.4060107112 71892.04 1.08999999999999999992
1  3.80e+04  0.3032168779 71892.04 1.08999999999999999992
1  3.98e+04  0.3879245211 71892.04 1.08999999999999999992
1  4.17e+04  0.3417897525 71892.04 1.08999999999999999992
1  4.37e+04  0.3066571825 71892.04 1.08999999999999999992
1  4.57e+04  0.4137167342 71892.04 1.08999999999999999992
1  4.79e+04  0.3183295382 71892.04 1.08999999999999999992
1  5.01e+04  0.3077019194 71892.04 1.08999999999999999992
1  5.25e+04  0.4219193359 71892.04 1.08999999999999999992
1  5.50e+04  0.3161058109 71892.04 1.08999999999999999992
1  5.75e+04  0.3178049804 71892.04 1.08999999999999999992
1  6.03e+04  0.422547983 71892.04 1.08999999999999999992
1  6.31e+04  0.3245660519 71892.04 1.08999999999999999992
1  6.61e+04  0.2864717233 71892.04 1.08999999999999999992
1  6.92e+04  0.3785589201 71892.04 1.08999999999999999992
1  7.24e+04  0.3806278024 71892.04 1.08999999999999999992
1  7.59e+04  0.3055799861 71892.04 1.08999999999999999992
1  7.94e+04  0.2813410291 71892.04 1.08999999999999999992
1  8.32e+04  0.3264426483 71892.04 1.08999999999999999992
1  8.71e+04  0.3741733011 71892.04 1.08999999999999999992
1  9.12e+04  0.3610597421 71892.04 1.08999999999999999992
1  9.55e+04  0.3021167761 71892.04 1.08999999999999999992
1  1.00e+05  0.2768850059 71892.04 1.08999999999999999992
1  1.05e+05  0.3217560965 71892.04 1.08999999999999999992
1  1.10e+05  0.3809116192 71892.04 1.08999999999999999992
1  1.15e+05  0.3837804319 71892.04 1.08999999999999999992
1  1.20e+05  0.3312748773 71892.04 1.08999999999999999992
1  1.26e+05  0.2837414266 71892.04 1.08999999999999999992
1  1.32e+05  0.2872954887 71892.04 1.08999999999999999992
1  1.38e+05  0.3321364526 71892.04 1.08999999999999999992
1  1.45e+05  0.3740233467 71892.04 1.08999999999999999992
1  1.51e+05  0.3794712621 71892.04 1.08999999999999999992
1  1.58e+05  0.348842309 71892.04 1.08999999999999999992
1  1.66e+05  0.3070456566 71892.04 1.08999999999999999992
1  1.74e+05  0.2802455766 71892.04 1.08999999999999999992
1  1.82e+05  0.2795499417 71892.04 1.08999999999999999992
1  1.91e+05  0.2992141126 71892.04 1.08999999999999999992
1  2.00e+05  0.3247860563 71892.04 1.08999999999999999992
1  2.09e+05  0.3428286723 71892.04 1.08999999999999999992
1  2.19e+05  0.3466511111 71892.04 1.08999999999999999992
1  2.29e+05  0.3369498483 71892.04 1.08999999999999999992
1  2.40e+05  0.3191570217 71892.04 1.08999999999999999992
1  2.51e+05  0.2999494971 71892.04 1.08999999999999999992
1  2.63e+05  0.2846175015 71892.04 1.08999999999999999992
1  2.75e+05  0.2758883694 71892.04 1.08999999999999999992
1  2.88e+05  0.2739968202 71892.04 1.08999999999999999992
1  3.02e+05  0.277457313 71892.04 1.08999999999999999992
1  3.16e+05  0.2840131127 71892.04 1.08999999999999999992
1  3.31e+05  0.2914213006 71892.04 1.08999999999999999992
1  3.47e+05  0.2979351642 71892.04 1.08999999999999999992
1  3.63e+05  0.3024908443 71892.04 1.08999999999999999992
1  3.80e+05  0.3046782804 71892.04 1.08999999999999999992
1  3.98e+05  0.3045929709 71892.04 1.08999999999999999992
1  4.17e+05  0.3026491452 71892.04 1.08999999999999999992
1  4.37e+05  0.2994072371 71892.04 1.08999999999999999992
1  4.57e+05  0.2954419588 71892.04 1.08999999999999999992
1  4.79e+05  0.2912575848 71892.04 1.08999999999999999992
1  5.01e+05  0.2872453017 71892.04 1.08999999999999999992
1  5.25e+05  0.283672262 71892.04 1.08999999999999999992
1  5.50e+05  0.2806911546 71892.04 1.08999999999999999992
1  5.75e+05  0.2783606629 71892.04 1.08999999999999999992
1  6.03e+05  0.2766791824 71892.04 1.08999999999999999992
1  6.31e+05  0.2755908772 71892.04 1.08999999999999999992
1  6.61e+05  0.2749926311 71892.04 1.08999999999999999992
1  6.92e+05  0.2747945266 71892.04 1.08999999999999999992
1  7.24e+05  0.2749020265 71892.04 1.08999999999999999992
1  7.59e+05  0.2752279039 71892.04 1.08999999999999999992
1  7.94e+05  0.2756962929 71892.04 1.08999999999999999992
1  8.32e+05  0.2762444004 71892.04 1.08999999999999999992
1  8.71e+05  0.2768225978 71892.04 1.08999999999999999992
1  9.12e+05  0.2773934918 71892.04 1.08999999999999999992
1  9.55e+05  0.2779304287 71892.04 1.08999999999999999992
1  1.00e+06  0.2784157623 71892.04 1.08999999999999999992
1  1.05e+06  0.2788391053 71892.04 1.08999999999999999992
1  1.10e+06  0.2791957005 71892.04 1.08999999999999999992
1  1.15e+06  0.2794838227 71892.04 1.08999999999999999992
1  1.20e+06  0.2797083233 71892.04 1.08999999999999999992
1  1.26e+06  0.279872337 71892.04 1.08999999999999999992
1  1.32e+06  0.2799814945 71892.04 1.08999999999999999992
1  1.38e+06  0.2800420469 71892.04 1.08999999999999999992
1  1.45e+06  0.2800604273 71892.04 1.08999999999999999992
1  1.51e+06  0.2800429399 71892.04 1.08999999999999999992
1  1.58e+06  0.279995551 71892.04 1.08999999999999999992
1  1.66e+06  0.2799237588 71892.04 1.08999999999999999992
1  1.74e+06  0.2798325234 71892.04 1.08999999999999999992
1  1.82e+06  0.2797262388 71892.04 1.08999999999999999992
1  1.91e+06  0.2796087371 71892.04 1.08999999999999999992
1  2.00e+06  0.2794833124 71892.04 1.08999999999999999992
1  2.09e+06  0.2793527578 71892.04 1.08999999999999999992
1  2.19e+06  0.2792194103 71892.04 1.08999999999999999992
1  2.29e+06  0.2790849077 71892.04 1.08999999999999999992
1  2.40e+06  0.2789514246 71892.04 1.08999999999999999992
1  2.51e+06  0.2788198971 71892.04 1.08999999999999999992
1  2.63e+06  0.2786913086 71892.04 1.08999999999999999992
1  2.75e+06  0.2785664122 71892.04 1.08999999999999999992
1  2.88e+06  0.2784457664 71892.04 1.08999999999999999992
1  3.02e+06  0.2783297669 71892.04 1.08999999999999999992
1  3.16e+06  0.2782186746 71892.04 1.08999999999999999992
1  3.31e+06  0.2781126402 71892.04 1.08999999999999999992
1  3.47e+06  0.2780117254 71892.04 1.08999999999999999992
1  3.63e+06  0.27791592 71892.04 1.08999999999999999992
1  3.80e+06  0.277825158 71892.04 1.08999999999999999992
1  3.98e+06  0.2777393294 71892.04 1.08999999999999999992
1  4.17e+06  0.2776582919 71892.04 1.08999999999999999992
1  4.37e+06  0.2775818785 71892.04 1.08999999999999999992
1  4.57e+06  0.2775098306 71892.04 1.08999999999999999992
1  4.79e+06  0.2774421105 71892.04 1.08999999999999999992
1  5.01e+06  0.2773784352 71892.04 1.08999999999999999992
1  5.25e+06  0.2773186016 71892.04 1.08999999999999999992
1  5.50e+06  0.2772624071 71892.04 1.08999999999999999992
1  5.75e+06  0.2772096522 71892.04 1.08999999999999999992
1  6.03e+06  0.2771601418 71892.04 1.08999999999999999992
1  6.31e+06  0.277113687 71892.04 1.08999999999999999992
1  6.61e+06  0.277070106 71892.04 1.08999999999999999992
1  6.92e+06  0.2770292243 71892.04 1.08999999999999999992
1  7.24e+06  0.2769908758 71892.04 1.08999999999999999992
1  7.59e+06  0.2769549023 71892.04 1.08999999999999999992
1  7.94e+06  0.2769211541 71892.04 1.08999999999999999992
1  8.32e+06  0.2768894899 71892.04 1.08999999999999999992
1  8.71e+06  0.2768597762 71892.04 1.08999999999999999992
1  9.12e+06  0.2768318682 71892.04 1.08999999999999999992
1  9.55e+06  0.2768056884 71892.04 1.08999999999999999992
1  1.00e+07  0.2767811053 71892.04 1.08999999999999999992
