1  1.00e-03  0.1758963808 64504.968 0.97799999999999999998
1  1.05e-03  0.1758963809 64504.968 0.97799999999999999998
1  1.10e-03  0.1758963825 64504.968 0.97799999999999999998
1  1.15e-03  0.175896381 64504.968 0.97799999999999999998
1  1.20e-03  0.1758963837 64504.968 0.97799999999999999998
1  1.26e-03  0.1758963826 64504.968 0.97799999999999999998
1  1.32e-03  0.1758963852 64504.968 0.97799999999999999998
1  1.38e-03  0.1758963856 64504.968 0.97799999999999999998
1  1.45e-03  0.1758963823 64504.968 0.97799999999999999998
1  1.51e-03  0.1758963877 64504.968 0.97799999999999999998
1  1.58e-03  0.1758963842 64504.968 0.97799999999999999998
1  1.66e-03  0.175896384 64504.968 0.97799999999999999998
1  1.74e-03  0.1758963831 64504.968 0.97799999999999999998
1  1.82e-03  0.1758963823 64504.968 0.97799999999999999998
1  1.91e-03  0.1758963844 64504.968 0.97799999999999999998
1  2.00e-03  0.1758963843 64504.968 0.97799999999999999998
1  2.09e-03  0.1758963869 64504.968 0.97799999999999999998
1  2.19e-03  0.1758963862 64504.968 0.97799999999999999998
1  2.29e-03  0.1758963853 64504.968 0.97799999999999999998
1  2.40e-03  0.1758963818 64504.968 0.97799999999999999998
1  2.51e-03  0.1758963868 64504.968 0.97799999999999999998
1  2.63e-03  0.1758963844 64504.968 0.97799999999999999998
1  2.75e-03  0.1758963888 64504.968 0.97799999999999999998
1  2.88e-03  0.1758963871 64504.968 0.97799999999999999998
1  3.02e-03  0.1758963885 64504.968 0.97799999999999999998
1  3.16e-03  0.1758963895 64504.968 0.97799999999999999998
1  3.31e-03  0.1758963869 64504.968 0.97799999999999999998
1  3.47e-03  0.1758963881 64504.968 0.97799999999999999998
1  3.63e-03  0.1758963887 64504.968 0.97799999999999999998
1  3.80e-03  0.1758963888 64504.968 0.97799999999999999998
1  3.98e-03  0.1758963853 64504.968 0.97799999999999999998
1  4.17e-03  0.1758963875 64504.968 0.97799999999999999998
1  4.37e-03  0.1758963843 64504.968 0.97799999999999999998
1  4.57e-03  0.1758963847 64504.968 0.97799999999999999998
1  4.79e-03  0.175896393 64504.968 0.97799999999999999998
1  5.01e-03  0.1758963873 64504.968 0.97799999999999999998
1  5.25e-03  0.1758963854 64504.968 0.97799999999999999998
1  5.50e-03  0.175896395 64504.968 0.97799999999999999998
1  5.75e-03  0.1758963929 64504.968 0.97799999999999999998
1  6.03e-03  0.1758963863 64504.968 0.97799999999999999998
1  6.31e-03  0.1758963963 64504.968 0.97799999999999999998
1  6.61e-03  0.1758963859 64504.968 0.97799999999999999998
1  6.92e-03  0.1758963947 64504.968 0.97799999999999999998
1  7.24e-03  0.1758963952 64504.968 0.97799999999999999998
1  7.59e-03  0.1758963901 64504.968 0.97799999999999999998
1  7.94e-03  0.1758964018 64504.968 0.97799999999999999998
1  8.32e-03  0.1758963947 64504.968 0.97799999999999999998
1  8.71e-03  0.1758963914 64504.968 0.97799999999999999998
1  9.12e-03  0.1758964026 64504.968 0.97799999999999999998
1  9.55e-03  0.1758964038 64504.968 0.97799999999999999998
1  1.00e-02  0.1758963895 64504.968 0.97799999999999999998
1  1.05e-02  0.175896406 64504.968 0.97799999999999999998
1  1.10e-02  0.1758964068 64504.968 0.97799999999999999998
1  1.15e-02  0.175896398 64504.968 0.97799999999999999998
1  1.20e-02  0.1758964033 64504.968 0.97799999999999999998
1  1.26e-02  0.1758964329 64504.968 0.97799999999999999998
1  1.32e-02  0.1758964099 64504.968 0.97799999999999999998
1  1.38e-02  0.1758964008 64504.968 0.97799999999999999998
1  1.45e-02  0.1758964057 64504.968 0.97799999999999999998
1  1.51e-02  0.1758964119 64504.968 0.97799999999999999998
1  1.58e-02  0.1758964093 64504.968 0.97799999999999999998
1  1.66e-02  0.1758963949 64504.968 0.97799999999999999998
1  1.74e-02  0.1758964184 64504.968 0.97799999999999999998
1  1.82e-02  0.1758964002 64504.968 0.97799999999999999998
1  1.91e-02  0.1758964185 64504.968 0.97799999999999999998
1  2.00e-02  0.1758966005 64504.968 0.97799999999999999998
1  2.09e-02  0.1758964119 64504.968 0.97799999999999999998
1  2.19e-02  0.1758963988 64504.968 0.97799999999999999998
1  2.29e-02  0.1758966538 64504.968 0.97799999999999999998
1  2.40e-02  0.1758964248 64504.968 0.97799999999999999998
1  2.51e-02  0.1758963914 64504.968 0.97799999999999999998
1  2.63e-02  0.1758963941 64504.968 0.97799999999999999998
1  2.75e-02  0.1758962097 64504.968 0.97799999999999999998
1  2.88e-02  0.1758964699 64504.968 0.97799999999999999998
1  3.02e-02  0.1758964231 64504.968 0.97799999999999999998
1  3.16e-02  0.175896399 64504.968 0.97799999999999999998
1  3.31e-02  0.1758963963 64504.968 0.97799999999999999998
1  3.47e-02  0.1758964507 64504.968 0.97799999999999999998
1  3.63e-02  0.1758963413 64504.968 0.97799999999999999998
1  3.80e-02  0.1758963649 64504.968 0.97799999999999999998
1  3.98e-02  0.17589646 64504.968 0.97799999999999999998
1  4.17e-02  0.1758963988 64504.968 0.97799999999999999998
1  4.37e-02  0.1758966165 64504.968 0.97799999999999999998
1  4.57e-02  0.1758965476 64504.968 0.97799999999999999998
1  4.79e-02  0.1758938966 64504.968 0.97799999999999999998
1  5.01e-02  0.1758972072 64504.968 0.97799999999999999998
1  5.25e-02  0.1758965191 64504.968 0.97799999999999999998
1  5.50e-02  0.1758965177 64504.968 0.97799999999999999998
1  5.75e-02  0.175896525 64504.968 0.97799999999999999998
1  6.03e-02  0.1758964679 64504.968 0.97799999999999999998
1  6.31e-02  0.1758965298 64504.968 0.97799999999999999998
1  6.61e-02  0.1758965266 64504.968 0.97799999999999999998
1  6.92e-02  0.1758965178 64504.968 0.97799999999999999998
1  7.24e-02  0.1758965355 64504.968 0.97799999999999999998
1  7.59e-02  0.175896398 64504.968 0.97799999999999999998
1  7.94e-02  0.1758965172 64504.968 0.97799999999999999998
1  8.32e-02  0.1758963699 64504.968 0.97799999999999999998
1  8.71e-02  0.1758965749 64504.968 0.97799999999999999998
1  9.12e-02  0.175896508 64504.968 0.97799999999999999998
1  9.55e-02  0.1758965827 64504.968 0.97799999999999999998
1  1.00e-01  0.1758965921 64504.968 0.97799999999999999998
1  1.05e-01  0.1758966195 64504.968 0.97799999999999999998
1  1.10e-01  0.1758965099 64504.968 0.97799999999999999998
1  1.15e-01  0.1758966852 64504.968 0.97799999999999999998
1  1.20e-01  0.1758966229 64504.968 0.97799999999999999998
1  1.26e-01  0.1758965004 64504.968 0.97799999999999999998
1  1.32e-01  0.1758947926 64504.968 0.97799999999999999998
1  1.38e-01  0.1758958768 64504.968 0.97799999999999999998
1  1.45e-01  0.1758966682 64504.968 0.97799999999999999998
1  1.51e-01  0.1758966934 64504.968 0.97799999999999999998
1  1.58e-01  0.1758968289 64504.968 0.97799999999999999998
1  1.66e-01  0.175896401 64504.968 0.97799999999999999998
1  1.74e-01  0.1758966647 64504.968 0.97799999999999999998
1  1.82e-01  0.1758975935 64504.968 0.97799999999999999998
1  1.91e-01  0.1758967835 64504.968 0.97799999999999999998
1  2.00e-01  0.1758969034 64504.968 0.97799999999999999998
1  2.09e-01  0.1758964825 64504.968 0.97799999999999999998
1  2.19e-01  0.1758965335 64504.968 0.97799999999999999998
1  2.29e-01  0.1758967586 64504.968 0.97799999999999999998
1  2.40e-01  0.1758966135 64504.968 0.97799999999999999998
1  2.51e-01  0.1758964965 64504.968 0.97799999999999999998
1  2.63e-01  0.1758969035 64504.968 0.97799999999999999998
1  2.75e-01  0.1758967282 64504.968 0.97799999999999999998
1  2.88e-01  0.1758965494 64504.968 0.97799999999999999998
1  3.02e-01  0.1758964781 64504.968 0.97799999999999999998
1  3.16e-01  0.1758969651 64504.968 0.97799999999999999998
1  3.31e-01  0.1758967704 64504.968 0.97799999999999999998
1  3.47e-01  0.1758965589 64504.968 0.97799999999999999998
1  3.63e-01  0.1758968742 64504.968 0.97799999999999999998
1  3.80e-01  0.1758969768 64504.968 0.97799999999999999998
1  3.98e-01  0.1758969334 64504.968 0.97799999999999999998
1  4.17e-01  0.1758967546 64504.968 0.97799999999999999998
1  4.37e-01  0.1758971327 64504.968 0.97799999999999999998
1  4.57e-01  0.1758969149 64504.968 0.97799999999999999998
1  4.79e-01  0.175896963 64504.968 0.97799999999999999998
1  5.01e-01  0.1758971146 64504.968 0.97799999999999999998
1  5.25e-01  0.175897145 64504.968 0.97799999999999999998
1  5.50e-01  0.175896943 64504.968 0.97799999999999999998
1  5.75e-01  0.1758971353 64504.968 0.97799999999999999998
1  6.03e-01  0.1758972838 64504.968 0.97799999999999999998
1  6.31e-01  0.1758974756 64504.968 0.97799999999999999998
1  6.61e-01  0.1759051125 64504.968 0.97799999999999999998
1  6.92e-01  0.1758974208 64504.968 0.97799999999999999998
1  7.24e-01  0.1758969734 64504.968 0.97799999999999999998
1  7.59e-01  0.1758969462 64504.968 0.97799999999999999998
1  7.94e-01  0.1759029654 64504.968 0.97799999999999999998
1  8.32e-01  0.17589664 64504.968 0.97799999999999999998
1  8.71e-01  0.1758966658 64504.968 0.97799999999999999998
1  9.12e-01  0.1758973038 64504.968 0.97799999999999999998
1  9.55e-01  0.1758975159 64504.968 0.97799999999999999998
1  1.00e+00  0.1758976682 64504.968 0.97799999999999999998
1  1.05e+00  0.1758968501 64504.968 0.97799999999999999998
1  1.10e+00  0.1758972889 64504.968 0.97799999999999999998
1  1.15e+00  0.175897358 64504.968 0.97799999999999999998
1  1.20e+00  0.1758976132 64504.968 0.97799999999999999998
1  1.26e+00  0.1758967195 64504.968 0.97799999999999999998
1  1.32e+00  0.1758982284 64504.968 0.97799999999999999998
1  1.38e+00  0.1758973589 64504.968 0.97799999999999999998
1  1.45e+00  0.1758872464 64504.968 0.97799999999999999998
1  1.51e+00  0.1758989425 64504.968 0.97799999999999999998
1  1.58e+00  0.175898558 64504.968 0.97799999999999999998
1  1.66e+00  0.1758967219 64504.968 0.97799999999999999998
1  1.74e+00  0.1758989763 64504.968 0.97799999999999999998
1  1.82e+00  0.1758967662 64504.968 0.97799999999999999998
1  1.91e+00  0.1758988484 64504.968 0.97799999999999999998
1  2.00e+00  0.1758986938 64504.968 0.97799999999999999998
1  2.09e+00  0.1758998387 64504.968 0.97799999999999999998
1  2.19e+00  0.1758963955 64504.968 0.97799999999999999998
1  2.29e+00  0.1759015428 64504.968 0.97799999999999999998
1  2.40e+00  0.1759003333 64504.968 0.97799999999999999998
1  2.51e+00  0.1758942577 64504.968 0.97799999999999999998
1  2.63e+00  0.1758975581 64504.968 0.97799999999999999998
1  2.75e+00  0.1758997954 64504.968 0.97799999999999999998
1  2.88e+00  0.1759160075 64504.968 0.97799999999999999998
1  3.02e+00  0.1759089105 64504.968 0.97799999999999999998
1  3.16e+00  0.1758974281 64504.968 0.97799999999999999998
1  3.31e+00  0.1759568275 64504.968 0.97799999999999999998
1  3.47e+00  0.1757789403 64504.968 0.97799999999999999998
1  3.63e+00  0.1758747803 64504.968 0.97799999999999999998
1  3.80e+00  0.1759000918 64504.968 0.97799999999999999998
1  3.98e+00  0.1758974032 64504.968 0.97799999999999999998
1  4.17e+00  0.1759015488 64504.968 0.97799999999999999998
1  4.37e+00  0.1759021559 64504.968 0.97799999999999999998
1  4.57e+00  0.1759023899 64504.968 0.97799999999999999998
1  4.79e+00  0.1758966478 64504.968 0.97799999999999999998
1  5.01e+00  0.1759009197 64504.968 0.97799999999999999998
1  5.25e+00  0.1759048417 64504.968 0.97799999999999999998
1  5.50e+00  0.175967512 64504.968 0.97799999999999999998
1  5.75e+00  0.1758898201 64504.968 0.97799999999999999998
1  6.03e+00  0.1759162989 64504.968 0.97799999999999999998
1  6.31e+00  0.1758856749 64504.968 0.97799999999999999998
1  6.61e+00  0.1759054725 64504.968 0.97799999999999999998
1  6.92e+00  0.1758961383 64504.968 0.97799999999999999998
1  7.24e+00  0.1759051986 64504.968 0.97799999999999999998
1  7.59e+00  0.1759007725 64504.968 0.97799999999999999998
1  7.94e+00  0.1758557967 64504.968 0.97799999999999999998
1  8.32e+00  0.1759245199 64504.968 0.97799999999999999998
1  8.71e+00  0.1759101339 64504.968 0.97799999999999999998
1  9.12e+00  0.175972602 64504.968 0.97799999999999999998
1  9.55e+00  0.1758897295 64504.968 0.97799999999999999998
1  1.00e+01  0.1758450025 64504.968 0.97799999999999999998
1  1.05e+01  0.1759976855 64504.968 0.97799999999999999998
1  1.10e+01  0.1760348473 64504.968 0.97799999999999999998
1  1.15e+01  0.1759057506 64504.968 0.97799999999999999998
1  1.20e+01  0.1759125213 64504.968 0.97799999999999999998
1  1.26e+01  0.1759059774 64504.968 0.97799999999999999998
1  1.32e+01  0.1759196221 64504.968 0.97799999999999999998
1  1.38e+01  0.1758951771 64504.968 0.97799999999999999998
1  1.45e+01  0.1759080436 64504.968 0.97799999999999999998
1  1.51e+01  0.1758952908 64504.968 0.97799999999999999998
1  1.58e+01  0.175898823 64504.968 0.97799999999999999998
1  1.66e+01  0.1758911333 64504.968 0.97799999999999999998
1  1.74e+01  0.174920703 64504.968 0.97799999999999999998
1  1.82e+01  0.175653168 64504.968 0.97799999999999999998
1  1.91e+01  0.1758952203 64504.968 0.97799999999999999998
1  2.00e+01  0.1759100758 64504.968 0.97799999999999999998
1  2.09e+01  0.1758385681 64504.968 0.97799999999999999998
1  2.19e+01  0.1742995761 64504.968 0.97799999999999999998
1  2.29e+01  0.1774333798 64504.968 0.97799999999999999998
1  2.40e+01  0.1754570151 64504.968 0.97799999999999999998
1  2.51e+01  0.176374724 64504.968 0.97799999999999999998
1  2.63e+01  0.1766044055 64504.968 0.97799999999999999998
1  2.75e+01  0.1761807681 64504.968 0.97799999999999999998
1  2.88e+01  0.175312902 64504.968 0.97799999999999999998
1  3.02e+01  0.1755224127 64504.968 0.97799999999999999998
1  3.16e+01  0.1755056401 64504.968 0.97799999999999999998
1  3.31e+01  0.1758630716 64504.968 0.97799999999999999998
1  3.47e+01  0.1759461439 64504.968 0.97799999999999999998
1  3.63e+01  0.175411077 64504.968 0.97799999999999999998
1  3.80e+01  0.1764396436 64504.968 0.97799999999999999998
1  3.98e+01  0.1762057412 64504.968 0.97799999999999999998
1  4.17e+01  0.1763317752 64504.968 0.97799999999999999998
1  4.37e+01  0.1758533063 64504.968 0.97799999999999999998
1  4.57e+01  0.1768335497 64504.968 0.97799999999999999998
1  4.79e+01  0.1762922522 64504.968 0.97799999999999999998
1  5.01e+01  0.1758728949 64504.968 0.97799999999999999998
1  5.25e+01  0.1760075112 64504.968 0.97799999999999999998
1  5.50e+01  0.1760201472 64504.968 0.97799999999999999998
1  5.75e+01  0.1766604646 64504.968 0.97799999999999999998
1  6.03e+01  0.1766533134 64504.968 0.97799999999999999998
1  6.31e+01  0.176430215 64504.968 0.97799999999999999998
1  6.61e+01  0.1759688045 64504.968 0.97799999999999999998
1  6.92e+01  0.1760124737 64504.968 0.97799999999999999998
1  7.24e+01  0.1756754982 64504.968 0.97799999999999999998
1  7.59e+01  0.1768914181 64504.968 0.97799999999999999998
1  7.94e+01  0.175729595 64504.968 0.97799999999999999998
1  8.32e+01  0.1759671842 64504.968 0.97799999999999999998
1  8.71e+01  0.1760720207 64504.968 0.97799999999999999998
1  9.12e+01  0.1759746976 64504.968 0.97799999999999999998
1  9.55e+01  0.1754802391 64504.968 0.97799999999999999998
1  1.00e+02  0.1760813847 64504.968 0.97799999999999999998
1  1.05e+02  0.1759332583 64504.968 0.97799999999999999998
1  1.10e+02  0.1760353435 64504.968 0.97799999999999999998
1  1.15e+02  0.1760535737 64504.968 0.97799999999999999998
1  1.20e+02  0.175854696 64504.968 0.97799999999999999998
1  1.26e+02  0.1762058954 64504.968 0.97799999999999999998
1  1.32e+02  0.1755279654 64504.968 0.97799999999999999998
1  1.38e+02  0.175918036 64504.968 0.97799999999999999998
1  1.45e+02  0.175823208 64504.968 0.97799999999999999998
1  1.51e+02  0.1759784572 64504.968 0.97799999999999999998
1  1.58e+02  0.175502791 64504.968 0.97799999999999999998
1  1.66e+02  0.1757271616 64504.968 0.97799999999999999998
1  1.74e+02  0.175875716 64504.968 0.97799999999999999998
1  1.82e+02  0.175853782 64504.968 0.97799999999999999998
1  1.91e+02  0.175989667 64504.968 0.97799999999999999998
1  2.00e+02  0.1760505826 64504.968 0.97799999999999999998
1  2.09e+02  0.1757586359 64504.968 0.97799999999999999998
1  2.19e+02  0.1760405705 64504.968 0.97799999999999999998
1  2.29e+02  0.1761976847 64504.968 0.97799999999999999998
1  2.40e+02  0.1762445511 64504.968 0.97799999999999999998
1  2.51e+02  0.1757679661 64504.968 0.97799999999999999998
1  2.63e+02  0.1757570602 64504.968 0.97799999999999999998
1  2.75e+02  0.1758899592 64504.968 0.97799999999999999998
1  2.88e+02  0.1758963591 64504.968 0.97799999999999999998
1  3.02e+02  0.1759589544 64504.968 0.97799999999999999998
1  3.16e+02  0.1762710317 64504.968 0.97799999999999999998
1  3.31e+02  0.1759903838 64504.968 0.97799999999999999998
1  3.47e+02  0.1762254362 64504.968 0.97799999999999999998
1  3.63e+02  0.1764806633 64504.968 0.97799999999999999998
1  3.80e+02  0.1758849126 64504.968 0.97799999999999999998
1  3.98e+02  0.1761690635 64504.968 0.97799999999999999998
1  4.17e+02  0.1760949464 64504.968 0.97799999999999999998
1  4.37e+02  0.1758141119 64504.968 0.97799999999999999998
1  4.57e+02  0.175744482 64504.968 0.97799999999999999998
1  4.79e+02  0.1760550992 64504.968 0.97799999999999999998
1  5.01e+02  0.1765446994 64504.968 0.97799999999999999998
1  5.25e+02  0.1760442091 64504.968 0.97799999999999999998
1  5.50e+02  0.1769461466 64504.968 0.97799999999999999998
1  5.75e+02  0.1768938699 64504.968 0.97799999999999999998
1  6.03e+02  0.1771349343 64504.968 0.97799999999999999998
1  6.31e+02  0.1757651141 64504.968 0.97799999999999999998
1  6.61e+02  0.1768755926 64504.968 0.97799999999999999998
1  6.92e+02  0.1768485561 64504.968 0.97799999999999999998
1  7.24e+02  0.1763240981 64504.968 0.97799999999999999998
1  7.59e+02  0.1753939527 64504.968 0.97799999999999999998
1  7.94e+02  0.1764046994 64504.968 0.97799999999999999998
1  8.32e+02  0.1769890066 64504.968 0.97799999999999999998
1  8.71e+02  0.1762651347 64504.968 0.97799999999999999998
1  9.12e+02  0.1763801515 64504.968 0.97799999999999999998
1  9.55e+02  0.177276083 64504.968 0.97799999999999999998
1  1.00e+03  0.1770367089 64504.968 0.97799999999999999998
1  1.05e+03  0.1763455453 64504.968 0.97799999999999999998
1  1.10e+03  0.1777970183 64504.968 0.97799999999999999998
1  1.15e+03  0.1757147428 64504.968 0.97799999999999999998
1  1.20e+03  0.1787388029 64504.968 0.97799999999999999998
1  1.26e+03  0.1777932155 64504.968 0.97799999999999999998
1  1.32e+03  0.1755730993 64504.968 0.97799999999999999998
1  1.38e+03  0.1737382553 64504.968 0.97799999999999999998
1  1.45e+03  0.1793925807 64504.968 0.97799999999999999998
1  1.51e+03  0.1780060055 64504.968 0.97799999999999999998
1  1.58e+03  0.1757628326 64504.968 0.97799999999999999998
1  1.66e+03  0.1758455872 64504.968 0.97799999999999999998
1  1.74e+03  0.1742514284 64504.968 0.97799999999999999998
1  1.82e+03  0.179183224 64504.968 0.97799999999999999998
1  1.91e+03  0.1702926749 64504.968 0.97799999999999999998
1  2.00e+03  0.1750290817 64504.968 0.97799999999999999998
1  2.09e+03  0.1652109148 64504.968 0.97799999999999999998
1  2.19e+03  0.1636147807 64504.968 0.97799999999999999998
1  2.29e+03  0.1669724353 64504.968 0.97799999999999999998
1  2.40e+03  0.1694801753 64504.968 0.97799999999999999998
1  2.51e+03  0.195119819 64504.968 0.97799999999999999998
1  2.63e+03  0.2031618524 64504.968 0.97799999999999999998
1  2.75e+03  0.185776013 64504.968 0.97799999999999999998
1  2.88e+03  0.1928693001 64504.968 0.97799999999999999998
1  3.02e+03  0.2274373522 64504.968 0.97799999999999999998
1  3.16e+03  0.2177312099 64504.968 0.97799999999999999998
1  3.31e+03  0.1977453558 64504.968 0.97799999999999999998
1  3.47e+03  0.1935241447 64504.968 0.97799999999999999998
1  3.63e+03  0.2115151501 64504.968 0.97799999999999999998
1  3.80e+03  0.1789801835 64504.968 0.97799999999999999998
1  3.98e+03  0.1367917872 64504.968 0.97799999999999999998
1  4.17e+03  0.1871632283 64504.968 0.97799999999999999998
1  4.37e+03  0.1301353471 64504.968 0.97799999999999999998
1  4.57e+03  0.1719379769 64504.968 0.97799999999999999998
1  4.79e+03  0.1383982894 64504.968 0.97799999999999999998
1  5.01e+03  0.1839481502 64504.968 0.97799999999999999998
1  5.25e+03  0.1650451809 64504.968 0.97799999999999999998
1  5.50e+03  0.2002570893 64504.968 0.97799999999999999998
1  5.75e+03  0.194535106 64504.968 0.97799999999999999998
1  6.03e+03  0.2543322544 64504.968 0.97799999999999999998
1  6.31e+03  0.1221045676 64504.968 0.97799999999999999998
1  6.61e+03  0.1961540032 64504.968 0.97799999999999999998
1  6.92e+03  0.1879969455 64504.968 0.97799999999999999998
1  7.24e+03  0.3655251358 64504.968 0.97799999999999999998
1  7.59e+03  0.1505088723 64504.968 0.97799999999999999998
1  7.94e+03  0.3128863232 64504.968 0.97799999999999999998
1  8.32e+03  0.2095195659 64504.968 0.97799999999999999998
1  8.71e+03  0.3817013924 64504.968 0.97799999999999999998
1  9.12e+03  0.1888498748 64504.968 0.97799999999999999998
1  9.55e+03  0.2693019075 64504.968 0.97799999999999999998
1  1.00e+04  0.1950467107 64504.968 0.97799999999999999998
1  1.05e+04  0.1486649934 64504.968 0.97799999999999999998
1  1.10e+04  0.274048215 64504.968 0.97799999999999999998
1  1.15e+04  0.1646775666 64504.968 0.97799999999999999998
1  1.20e+04  0.4227576408 64504.968 0.97799999999999999998
1  1.26e+04  0.3835730353 64504.968 0.97799999999999999998
1  1.32e+04  0.2631269946 64504.968 0.97799999999999999998
1  1.38e+04  0.477787762 64504.968 0.97799999999999999998
1  1.45e+04  0.2325779811 64504.968 0.97799999999999999998
1  1.51e+04  0.5088178167 64504.968 0.97799999999999999998
1  1.58e+04  0.3130265163 64504.968 0.97799999999999999998
1  1.66e+04  0.3016477453 64504.968 0.97799999999999999998
1  1.74e+04  0.196570593 64504.968 0.97799999999999999998
1  1.82e+04  0.1776731955 64504.968 0.97799999999999999998
1  1.91e+04  0.4355260872 64504.968 0.97799999999999999998
1  2.00e+04  0.4907580197 64504.968 0.97799999999999999998
1  2.09e+04  0.2154994464 64504.968 0.97799999999999999998
1  2.19e+04  0.2489265198 64504.968 0.97799999999999999998
1  2.29e+04  0.6226835986 64504.968 0.97799999999999999998
1  2.40e+04  0.2261318939 64504.968 0.97799999999999999998
1  2.51e+04  0.2141169082 64504.968 0.97799999999999999998
1  2.63e+04  0.5301736141 64504.968 0.97799999999999999998
1  2.75e+04  0.1918198499 64504.968 0.97799999999999999998
1  2.88e+04  0.3742438701 64504.968 0.97799999999999999998
1  3.02e+04  0.182735488 64504.968 0.97799999999999999998
1  3.16e+04  0.438792649 64504.968 0.97799999999999999998
1  3.31e+04  0.1703660393 64504.968 0.97799999999999999998
1  3.47e+04  0.6374428755 64504.968 0.97799999999999999998
1  3.63e+04  0.1779565341 64504.968 0.97799999999999999998
1  3.80e+04  0.3287383943 64504.968 0.97799999999999999998
1  3.98e+04  0.2064914484 64504.968 0.97799999999999999998
1  4.17e+04  0.2531369307 64504.968 0.97799999999999999998
1  4.37e+04  0.5209024736 64504.968 0.97799999999999999998
1  4.57e+04  0.1800191294 64504.968 0.97799999999999999998
1  4.79e+04  0.4957473915 64504.968 0.97799999999999999998
1  5.01e+04  0.423815424 64504.968 0.97799999999999999998
1  5.25e+04  0.1756158853 64504.968 0.97799999999999999998
1  5.50e+04  0.3278027392 64504.968 0.97799999999999999998
1  5.75e+04  0.2858058038 64504.968 0.97799999999999999998
1  6.03e+04  0.1821979136 64504.968 0.97799999999999999998
1  6.31e+04  0.2349771388 64504.968 0.97799999999999999998
1  6.61e+04  0.4187998684 64504.968 0.97799999999999999998
1  6.92e+04  0.3445738227 64504.968 0.97799999999999999998
1  7.24e+04  0.1736203933 64504.968 0.97799999999999999998
1  7.59e+04  0.3385401549 64504.968 0.97799999999999999998
1  7.94e+04  0.5280917988 64504.968 0.97799999999999999998
1  8.32e+04  0.383552978 64504.968 0.97799999999999999998
1  8.71e+04  0.1861753664 64504.968 0.97799999999999999998
1  9.12e+04  0.2303896103 64504.968 0.97799999999999999998
1  9.55e+04  0.3683046207 64504.968 0.97799999999999999998
1  1.00e+05  0.3743539113 64504.968 0.97799999999999999998
1  1.05e+05  0.2672138941 64504.968 0.97799999999999999998
1  1.10e+05  0.1840035427 64504.968 0.97799999999999999998
1  1.15e+05  0.1809459519 64504.968 0.97799999999999999998
1  1.20e+05  0.222735315 64504.968 0.97799999999999999998
1  1.26e+05  0.2619183321 64504.968 0.97799999999999999998
1  1.32e+05  0.2760608188 64504.968 0.97799999999999999998
1  1.38e+05  0.261441862 64504.968 0.97799999999999999998
1  1.45e+05  0.2259575936 64504.968 0.97799999999999999998
1  1.51e+05  0.1885621624 64504.968 0.97799999999999999998
1  1.58e+05  0.1720592589 64504.968 0.97799999999999999998
1  1.66e+05  0.1888182483 64504.968 0.97799999999999999998
1  1.74e+05  0.2318858682 64504.968 0.97799999999999999998
1  1.82e+05  0.2794452004 64504.968 0.97799999999999999998
1  1.91e+05  0.3083688521 64504.968 0.97799999999999999998
1  2.00e+05  0.306626644 64504.968 0.97799999999999999998
1  2.09e+05  0.2774990501 64504.968 0.97799999999999999998
1  2.19e+05  0.2353717228 64504.968 0.97799999999999999998
1  2.29e+05  0.1975079369 64504.968 0.97799999999999999998
1  2.40e+05  0.1767376944 64504.968 0.97799999999999999998
1  2.51e+05  0.1778588999 64504.968 0.97799999999999999998
1  2.63e+05  0.1979511684 64504.968 0.97799999999999999998
1  2.75e+05  0.2291758124 64504.968 0.97799999999999999998
1  2.88e+05  0.2622591131 64504.968 0.97799999999999999998
1  3.02e+05  0.2893186267 64504.968 0.97799999999999999998
1  3.16e+05  0.3054314777 64504.968 0.97799999999999999998
1  3.31e+05  0.3089638053 64504.968 0.97799999999999999998
1  3.47e+05  0.3010255226 64504.968 0.97799999999999999998
1  3.63e+05  0.2845018968 64504.968 0.97799999999999999998
1  3.80e+05  0.2630373715 64504.968 0.97799999999999999998
1  3.98e+05  0.2402061144 64504.968 0.97799999999999999998
1  4.17e+05  0.2189667821 64504.968 0.97799999999999999998
1  4.37e+05  0.2013994084 64504.968 0.97799999999999999998
1  4.57e+05  0.1886669267 64504.968 0.97799999999999999998
1  4.79e+05  0.1811248119 64504.968 0.97799999999999999998
1  5.01e+05  0.1785068615 64504.968 0.97799999999999999998
1  5.25e+05  0.1801313193 64504.968 0.97799999999999999998
1  5.50e+05  0.1850907289 64504.968 0.97799999999999999998
1  5.75e+05  0.1924060491 64504.968 0.97799999999999999998
1  6.03e+05  0.2011384971 64504.968 0.97799999999999999998
1  6.31e+05  0.2104609866 64504.968 0.97799999999999999998
1  6.61e+05  0.2196955725 64504.968 0.97799999999999999998
1  6.92e+05  0.2298034886 64504.968 0.97799999999999999998
1  7.24e+05  0.2384466013 64504.968 0.97799999999999999998
1  7.59e+05  0.2456264357 64504.968 0.97799999999999999998
1  7.94e+05  0.2511971876 64504.968 0.97799999999999999998
1  8.32e+05  0.25513995 64504.968 0.97799999999999999998
1  8.71e+05  0.2575290532 64504.968 0.97799999999999999998
1  9.12e+05  0.2585016244 64504.968 0.97799999999999999998
1  9.55e+05  0.2582320049 64504.968 0.97799999999999999998
1  1.00e+06  0.2569115328 64504.968 0.97799999999999999998
1  1.05e+06  0.2547334807 64504.968 0.97799999999999999998
1  1.10e+06  0.2518825387 64504.968 0.97799999999999999998
1  1.15e+06  0.2485280618 64504.968 0.97799999999999999998
1  1.20e+06  0.2448202768 64504.968 0.97799999999999999998
1  1.26e+06  0.2408887025 64504.968 0.97799999999999999998
1  1.32e+06  0.2368421416 64504.968 0.97799999999999999998
1  1.38e+06  0.2327697223 64504.968 0.97799999999999999998
1  1.45e+06  0.228742581 64504.968 0.97799999999999999998
1  1.51e+06  0.22481588 64504.968 0.97799999999999999998
1  1.58e+06  0.2210309439 64504.968 0.97799999999999999998
1  1.66e+06  0.2174173642 64504.968 0.97799999999999999998
1  1.74e+06  0.213994977 64504.968 0.97799999999999999998
1  1.82e+06  0.2107756605 64504.968 0.97799999999999999998
1  1.91e+06  0.2078230516 64504.968 0.97799999999999999998
1  2.00e+06  0.2050185199 64504.968 0.97799999999999999998
1  2.09e+06  0.2024196049 64504.968 0.97799999999999999998
1  2.19e+06  0.2000202458 64504.968 0.97799999999999999998
1  2.29e+06  0.1978123232 64504.968 0.97799999999999999998
1  2.40e+06  0.1957863154 64504.968 0.97799999999999999998
1  2.51e+06  0.1939318231 64504.968 0.97799999999999999998
1  2.63e+06  0.1922379825 64504.968 0.97799999999999999998
1  2.75e+06  0.190693785 64504.968 0.97799999999999999998
1  2.88e+06  0.1892883195 64504.968 0.97799999999999999998
1  3.02e+06  0.1880109513 64504.968 0.97799999999999999998
1  3.16e+06  0.1868514504 64504.968 0.97799999999999999998
1  3.31e+06  0.1858000785 64504.968 0.97799999999999999998
1  3.47e+06  0.1848476448 64504.968 0.97799999999999999998
1  3.63e+06  0.1839855354 64504.968 0.97799999999999999998
1  3.80e+06  0.1832241578 64504.968 0.97799999999999999998
1  3.98e+06  0.1825175834 64504.968 0.97799999999999999998
1  4.17e+06  0.1818791304 64504.968 0.97799999999999999998
1  4.37e+06  0.1813024742 64504.968 0.97799999999999999998
1  4.57e+06  0.1807818141 64504.968 0.97799999999999999998
1  4.79e+06  0.180311845 64504.968 0.97799999999999999998
1  5.01e+06  0.1798877253 64504.968 0.97799999999999999998
1  5.25e+06  0.1795050462 64504.968 0.97799999999999999998
1  5.50e+06  0.1791597992 64504.968 0.97799999999999999998
1  5.75e+06  0.1788483457 64504.968 0.97799999999999999998
1  6.03e+06  0.1785673869 64504.968 0.97799999999999999998
1  6.31e+06  0.1783139358 64504.968 0.97799999999999999998
1  6.61e+06  0.17808529 64504.968 0.97799999999999999998
1  6.92e+06  0.1778790069 64504.968 0.97799999999999999998
1  7.24e+06  0.1776928803 64504.968 0.97799999999999999998
1  7.59e+06  0.17752927 64504.968 0.97799999999999999998
1  7.94e+06  0.177377266 64504.968 0.97799999999999999998
1  8.32e+06  0.1772400484 64504.968 0.97799999999999999998
1  8.71e+06  0.1771161534 64504.968 0.97799999999999999998
1  9.12e+06  0.1770042619 64504.968 0.97799999999999999998
1  9.55e+06  0.1769031856 64504.968 0.97799999999999999998
1  1.00e+07  0.1768118542 64504.968 0.97799999999999999998
