1  1.00e+03  0.02379209902  5.989317e-01 1.07920000000000000000
1  1.00e+03  0.02379010324  5.989317e-01 1.07920000000000000000
1  1.00e+03  0.02378748042  5.989317e-01 1.07920000000000000000
1  1.01e+03  0.02378535029  5.989317e-01 1.07920000000000000000
1  1.01e+03  0.02378375368  5.989317e-01 1.07920000000000000000
1  1.01e+03  0.02378155102  5.989317e-01 1.07920000000000000000
1  1.01e+03  0.02377855195  5.989317e-01 1.07920000000000000000
1  1.02e+03  0.0237758227  5.989317e-01 1.07920000000000000000
1  1.02e+03  0.02377373614  5.989317e-01 1.07920000000000000000
1  1.02e+03  0.02377158011  5.989317e-01 1.07920000000000000000
1  1.02e+03  0.02376926517  5.989317e-01 1.07920000000000000000
1  1.03e+03  0.02376757348  5.989317e-01 1.07920000000000000000
1  1.03e+03  0.02376646288  5.989317e-01 1.07920000000000000000
1  1.03e+03  0.02376488764  5.989317e-01 1.07920000000000000000
1  1.03e+03  0.02376260142  5.989317e-01 1.07920000000000000000
1  1.04e+03  0.02376046808  5.989317e-01 1.07920000000000000000
1  1.04e+03  0.02375869937  5.989317e-01 1.07920000000000000000
1  1.04e+03  0.02375646648  5.989317e-01 1.07920000000000000000
1  1.04e+03  0.02375363465  5.989317e-01 1.07920000000000000000
1  1.04e+03  0.02375123928  5.989317e-01 1.07920000000000000000
1  1.05e+03  0.02374974778  5.989317e-01 1.07920000000000000000
1  1.05e+03  0.02374836801  5.989317e-01 1.07920000000000000000
1  1.05e+03  0.02374658415  5.989317e-01 1.07920000000000000000
1  1.05e+03  0.0237448867  5.989317e-01 1.07920000000000000000
1  1.06e+03  0.0237434146  5.989317e-01 1.07920000000000000000
1  1.06e+03  0.02374137331  5.989317e-01 1.07920000000000000000
1  1.06e+03  0.0237385496  5.989317e-01 1.07920000000000000000
1  1.06e+03  0.02373604449  5.989317e-01 1.07920000000000000000
1  1.07e+03  0.023734644  5.989317e-01 1.07920000000000000000
1  1.07e+03  0.0237336321  5.989317e-01 1.07920000000000000000
1  1.07e+03  0.0237320543  5.989317e-01 1.07920000000000000000
1  1.07e+03  0.02373004882  5.989317e-01 1.07920000000000000000
1  1.08e+03  0.02372807062  5.989317e-01 1.07920000000000000000
1  1.08e+03  0.02372591457  5.989317e-01 1.07920000000000000000
1  1.08e+03  0.02372352033  5.989317e-01 1.07920000000000000000
1  1.08e+03  0.02372172036  5.989317e-01 1.07920000000000000000
1  1.09e+03  0.02372099217  5.989317e-01 1.07920000000000000000
1  1.09e+03  0.02372026435  5.989317e-01 1.07920000000000000000
1  1.09e+03  0.02371822662  5.989317e-01 1.07920000000000000000
1  1.09e+03  0.02371527313  5.989317e-01 1.07920000000000000000
1  1.10e+03  0.02371291809  5.989317e-01 1.07920000000000000000
1  1.10e+03  0.02371166949  5.989317e-01 1.07920000000000000000
1  1.10e+03  0.02371066508  5.989317e-01 1.07920000000000000000
1  1.10e+03  0.02370915641  5.989317e-01 1.07920000000000000000
1  1.11e+03  0.02370720724  5.989317e-01 1.07920000000000000000
1  1.11e+03  0.02370507031  5.989317e-01 1.07920000000000000000
1  1.11e+03  0.02370296974  5.989317e-01 1.07920000000000000000
1  1.11e+03  0.02370140911  5.989317e-01 1.07920000000000000000
1  1.12e+03  0.02370059948  5.989317e-01 1.07920000000000000000
1  1.12e+03  0.02369964721  5.989317e-01 1.07920000000000000000
1  1.12e+03  0.02369750817  5.989317e-01 1.07920000000000000000
1  1.12e+03  0.02369478143  5.989317e-01 1.07920000000000000000
1  1.13e+03  0.02369317303  5.989317e-01 1.07920000000000000000
1  1.13e+03  0.02369287491  5.989317e-01 1.07920000000000000000
1  1.13e+03  0.02369200871  5.989317e-01 1.07920000000000000000
1  1.14e+03  0.02368944665  5.989317e-01 1.07920000000000000000
1  1.14e+03  0.02368669296  5.989317e-01 1.07920000000000000000
1  1.14e+03  0.02368561181  5.989317e-01 1.07920000000000000000
1  1.14e+03  0.02368544896  5.989317e-01 1.07920000000000000000
1  1.15e+03  0.02368398624  5.989317e-01 1.07920000000000000000
1  1.15e+03  0.02368110265  5.989317e-01 1.07920000000000000000
1  1.15e+03  0.0236789903  5.989317e-01 1.07920000000000000000
1  1.15e+03  0.02367858408  5.989317e-01 1.07920000000000000000
1  1.16e+03  0.02367801118  5.989317e-01 1.07920000000000000000
1  1.16e+03  0.02367569673  5.989317e-01 1.07920000000000000000
1  1.16e+03  0.02367303321  5.989317e-01 1.07920000000000000000
1  1.16e+03  0.02367204382  5.989317e-01 1.07920000000000000000
1  1.17e+03  0.02367187212  5.989317e-01 1.07920000000000000000
1  1.17e+03  0.02367021023  5.989317e-01 1.07920000000000000000
1  1.17e+03  0.02366739732  5.989317e-01 1.07920000000000000000
1  1.17e+03  0.02366591451  5.989317e-01 1.07920000000000000000
1  1.18e+03  0.02366588032  5.989317e-01 1.07920000000000000000
1  1.18e+03  0.02366469868  5.989317e-01 1.07920000000000000000
1  1.18e+03  0.02366187105  5.989317e-01 1.07920000000000000000
1  1.19e+03  0.02366008876  5.989317e-01 1.07920000000000000000
1  1.19e+03  0.02366013634  5.989317e-01 1.07920000000000000000
1  1.19e+03  0.0236592158  5.989317e-01 1.07920000000000000000
1  1.19e+03  0.02365636076  5.989317e-01 1.07920000000000000000
1  1.20e+03  0.02365448911  5.989317e-01 1.07920000000000000000
1  1.20e+03  0.02365461071  5.989317e-01 1.07920000000000000000
1  1.20e+03  0.02365367577  5.989317e-01 1.07920000000000000000
1  1.21e+03  0.0236507942  5.989317e-01 1.07920000000000000000
1  1.21e+03  0.02364911403  5.989317e-01 1.07920000000000000000
1  1.21e+03  0.02364919723  5.989317e-01 1.07920000000000000000
1  1.21e+03  0.02364789294  5.989317e-01 1.07920000000000000000
1  1.22e+03  0.0236451955  5.989317e-01 1.07920000000000000000
1  1.22e+03  0.02364406813  5.989317e-01 1.07920000000000000000
1  1.22e+03  0.02364376754  5.989317e-01 1.07920000000000000000
1  1.22e+03  0.02364185129  5.989317e-01 1.07920000000000000000
1  1.23e+03  0.02363993068  5.989317e-01 1.07920000000000000000
1  1.23e+03  0.02363952047  5.989317e-01 1.07920000000000000000
1  1.23e+03  0.02363826518  5.989317e-01 1.07920000000000000000
1  1.24e+03  0.0236360412  5.989317e-01 1.07920000000000000000
1  1.24e+03  0.02363554435  5.989317e-01 1.07920000000000000000
1  1.24e+03  0.02363520002  5.989317e-01 1.07920000000000000000
1  1.24e+03  0.02363267581  5.989317e-01 1.07920000000000000000
1  1.25e+03  0.02363111199  5.989317e-01 1.07920000000000000000
1  1.25e+03  0.0236315522  5.989317e-01 1.07920000000000000000
1  1.25e+03  0.02362996221  5.989317e-01 1.07920000000000000000
1  1.26e+03  0.0236272131  5.989317e-01 1.07920000000000000000
1  1.26e+03  0.02362689017  5.989317e-01 1.07920000000000000000
1  1.26e+03  0.02362630095  5.989317e-01 1.07920000000000000000
1  1.26e+03  0.02362387265  5.989317e-01 1.07920000000000000000
1  1.27e+03  0.02362301308  5.989317e-01 1.07920000000000000000
1  1.27e+03  0.02362248507  5.989317e-01 1.07920000000000000000
1  1.27e+03  0.02362021846  5.989317e-01 1.07920000000000000000
1  1.28e+03  0.02361961924  5.989317e-01 1.07920000000000000000
1  1.28e+03  0.02361968285  5.989317e-01 1.07920000000000000000
1  1.28e+03  0.02361706256  5.989317e-01 1.07920000000000000000
1  1.29e+03  0.02361565155  5.989317e-01 1.07920000000000000000
1  1.29e+03  0.02361602904  5.989317e-01 1.07920000000000000000
1  1.29e+03  0.02361390046  5.989317e-01 1.07920000000000000000
1  1.29e+03  0.02361213828  5.989317e-01 1.07920000000000000000
1  1.30e+03  0.02361207252  5.989317e-01 1.07920000000000000000
1  1.30e+03  0.02361009778  5.989317e-01 1.07920000000000000000
1  1.30e+03  0.02360911403  5.989317e-01 1.07920000000000000000
1  1.31e+03  0.02360944737  5.989317e-01 1.07920000000000000000
1  1.31e+03  0.02360694496  5.989317e-01 1.07920000000000000000
1  1.31e+03  0.02360558008  5.989317e-01 1.07920000000000000000
1  1.32e+03  0.0236059089  5.989317e-01 1.07920000000000000000
1  1.32e+03  0.02360361143  5.989317e-01 1.07920000000000000000
1  1.32e+03  0.02360251173  5.989317e-01 1.07920000000000000000
1  1.32e+03  0.02360224598  5.989317e-01 1.07920000000000000000
1  1.33e+03  0.02359994615  5.989317e-01 1.07920000000000000000
1  1.33e+03  0.02360002606  5.989317e-01 1.07920000000000000000
1  1.33e+03  0.02359960724  5.989317e-01 1.07920000000000000000
1  1.34e+03  0.0235967551  5.989317e-01 1.07920000000000000000
1  1.34e+03  0.02359662115  5.989317e-01 1.07920000000000000000
1  1.34e+03  0.02359557092  5.989317e-01 1.07920000000000000000
1  1.35e+03  0.02359382399  5.989317e-01 1.07920000000000000000
1  1.35e+03  0.02359431564  5.989317e-01 1.07920000000000000000
1  1.35e+03  0.02359214521  5.989317e-01 1.07920000000000000000
1  1.36e+03  0.02359095649  5.989317e-01 1.07920000000000000000
1  1.36e+03  0.02359128849  5.989317e-01 1.07920000000000000000
1  1.36e+03  0.02358878774  5.989317e-01 1.07920000000000000000
1  1.36e+03  0.02358845365  5.989317e-01 1.07920000000000000000
1  1.37e+03  0.02358753409  5.989317e-01 1.07920000000000000000
1  1.37e+03  0.02358566945  5.989317e-01 1.07920000000000000000
1  1.37e+03  0.02358651635  5.989317e-01 1.07920000000000000000
1  1.38e+03  0.02358433695  5.989317e-01 1.07920000000000000000
1  1.38e+03  0.02358301727  5.989317e-01 1.07920000000000000000
1  1.38e+03  0.02358282951  5.989317e-01 1.07920000000000000000
1  1.39e+03  0.02358075841  5.989317e-01 1.07920000000000000000
1  1.39e+03  0.02358155502  5.989317e-01 1.07920000000000000000
1  1.39e+03  0.02357982465  5.989317e-01 1.07920000000000000000
1  1.40e+03  0.0235780712  5.989317e-01 1.07920000000000000000
1  1.40e+03  0.02357818308  5.989317e-01 1.07920000000000000000
1  1.40e+03  0.02357607032  5.989317e-01 1.07920000000000000000
1  1.41e+03  0.02357676789  5.989317e-01 1.07920000000000000000
1  1.41e+03  0.02357513484  5.989317e-01 1.07920000000000000000
1  1.41e+03  0.02357346935  5.989317e-01 1.07920000000000000000
1  1.42e+03  0.02357361426  5.989317e-01 1.07920000000000000000
1  1.42e+03  0.02357150311  5.989317e-01 1.07920000000000000000
1  1.42e+03  0.02357228003  5.989317e-01 1.07920000000000000000
1  1.43e+03  0.02357032224  5.989317e-01 1.07920000000000000000
1  1.43e+03  0.02356918753  5.989317e-01 1.07920000000000000000
1  1.43e+03  0.02356901132  5.989317e-01 1.07920000000000000000
1  1.44e+03  0.0235671368  5.989317e-01 1.07920000000000000000
1  1.44e+03  0.02356799737  5.989317e-01 1.07920000000000000000
1  1.44e+03  0.02356547837  5.989317e-01 1.07920000000000000000
1  1.45e+03  0.02356523489  5.989317e-01 1.07920000000000000000
1  1.45e+03  0.02356422393  5.989317e-01 1.07920000000000000000
1  1.45e+03  0.02356324093  5.989317e-01 1.07920000000000000000
1  1.46e+03  0.02356357204  5.989317e-01 1.07920000000000000000
1  1.46e+03  0.02356089887  5.989317e-01 1.07920000000000000000
1  1.46e+03  0.02356136665  5.989317e-01 1.07920000000000000000
1  1.47e+03  0.02355940332  5.989317e-01 1.07920000000000000000
1  1.47e+03  0.02355991814  5.989317e-01 1.07920000000000000000
1  1.47e+03  0.0235586031  5.989317e-01 1.07920000000000000000
1  1.48e+03  0.02355708763  5.989317e-01 1.07920000000000000000
1  1.48e+03  0.02355697038  5.989317e-01 1.07920000000000000000
1  1.48e+03  0.02355537238  5.989317e-01 1.07920000000000000000
1  1.49e+03  0.02355632833  5.989317e-01 1.07920000000000000000
1  1.49e+03  0.02355357559  5.989317e-01 1.07920000000000000000
1  1.49e+03  0.02355386889  5.989317e-01 1.07920000000000000000
1  1.50e+03  0.02355206439  5.989317e-01 1.07920000000000000000
1  1.50e+03  0.02355254859  5.989317e-01 1.07920000000000000000
1  1.50e+03  0.02355128257  5.989317e-01 1.07920000000000000000
1  1.51e+03  0.02355006768  5.989317e-01 1.07920000000000000000
1  1.51e+03  0.0235497362  5.989317e-01 1.07920000000000000000
1  1.51e+03  0.02354833001  5.989317e-01 1.07920000000000000000
1  1.52e+03  0.02354883309  5.989317e-01 1.07920000000000000000
1  1.52e+03  0.02354654843  5.989317e-01 1.07920000000000000000
1  1.52e+03  0.02354731697  5.989317e-01 1.07920000000000000000
1  1.53e+03  0.0235449129  5.989317e-01 1.07920000000000000000
1  1.53e+03  0.0235455972  5.989317e-01 1.07920000000000000000
1  1.53e+03  0.02354353903  5.989317e-01 1.07920000000000000000
1  1.54e+03  0.02354436656  5.989317e-01 1.07920000000000000000
1  1.54e+03  0.02354236828  5.989317e-01 1.07920000000000000000
1  1.55e+03  0.02354206858  5.989317e-01 1.07920000000000000000
1  1.55e+03  0.02354082551  5.989317e-01 1.07920000000000000000
1  1.55e+03  0.02354097713  5.989317e-01 1.07920000000000000000
1  1.56e+03  0.02354003038  5.989317e-01 1.07920000000000000000
1  1.56e+03  0.02353881938  5.989317e-01 1.07920000000000000000
1  1.56e+03  0.02353836434  5.989317e-01 1.07920000000000000000
1  1.57e+03  0.02353746969  5.989317e-01 1.07920000000000000000
1  1.57e+03  0.02353735178  5.989317e-01 1.07920000000000000000
1  1.57e+03  0.02353589498  5.989317e-01 1.07920000000000000000
1  1.58e+03  0.02353610679  5.989317e-01 1.07920000000000000000
1  1.58e+03  0.02353420299  5.989317e-01 1.07920000000000000000
1  1.58e+03  0.02353441884  5.989317e-01 1.07920000000000000000
1  1.59e+03  0.02353304607  5.989317e-01 1.07920000000000000000
1  1.59e+03  0.02353368701  5.989317e-01 1.07920000000000000000
1  1.60e+03  0.02353134146  5.989317e-01 1.07920000000000000000
1  1.60e+03  0.02353174462  5.989317e-01 1.07920000000000000000
1  1.60e+03  0.02353015479  5.989317e-01 1.07920000000000000000
1  1.61e+03  0.02353076542  5.989317e-01 1.07920000000000000000
1  1.61e+03  0.02352879612  5.989317e-01 1.07920000000000000000
1  1.61e+03  0.02352945226  5.989317e-01 1.07920000000000000000
1  1.62e+03  0.02352732779  5.989317e-01 1.07920000000000000000
1  1.62e+03  0.02352767291  5.989317e-01 1.07920000000000000000
1  1.63e+03  0.02352635241  5.989317e-01 1.07920000000000000000
1  1.63e+03  0.0235269029  5.989317e-01 1.07920000000000000000
1  1.63e+03  0.02352483192  5.989317e-01 1.07920000000000000000
1  1.64e+03  0.0235250574  5.989317e-01 1.07920000000000000000
1  1.64e+03  0.02352378453  5.989317e-01 1.07920000000000000000
1  1.64e+03  0.02352373722  5.989317e-01 1.07920000000000000000
1  1.65e+03  0.02352282707  5.989317e-01 1.07920000000000000000
1  1.65e+03  0.02352259454  5.989317e-01 1.07920000000000000000
1  1.66e+03  0.02352131853  5.989317e-01 1.07920000000000000000
1  1.66e+03  0.02352070383  5.989317e-01 1.07920000000000000000
1  1.66e+03  0.02352075587  5.989317e-01 1.07920000000000000000
1  1.67e+03  0.02351952781  5.989317e-01 1.07920000000000000000
1  1.67e+03  0.02351960551  5.989317e-01 1.07920000000000000000
1  1.67e+03  0.02351805164  5.989317e-01 1.07920000000000000000
1  1.68e+03  0.02351824655  5.989317e-01 1.07920000000000000000
1  1.68e+03  0.02351655569  5.989317e-01 1.07920000000000000000
1  1.69e+03  0.02351781179  5.989317e-01 1.07920000000000000000
1  1.69e+03  0.02351533497  5.989317e-01 1.07920000000000000000
1  1.69e+03  0.02351622413  5.989317e-01 1.07920000000000000000
1  1.70e+03  0.02351414964  5.989317e-01 1.07920000000000000000
1  1.70e+03  0.02351477851  5.989317e-01 1.07920000000000000000
1  1.71e+03  0.02351340335  5.989317e-01 1.07920000000000000000
1  1.71e+03  0.02351382329  5.989317e-01 1.07920000000000000000
1  1.71e+03  0.02351225873  5.989317e-01 1.07920000000000000000
1  1.72e+03  0.0235118748  5.989317e-01 1.07920000000000000000
1  1.72e+03  0.02351166369  5.989317e-01 1.07920000000000000000
1  1.73e+03  0.02351033678  5.989317e-01 1.07920000000000000000
1  1.73e+03  0.02351127871  5.989317e-01 1.07920000000000000000
1  1.73e+03  0.02350903861  5.989317e-01 1.07920000000000000000
1  1.74e+03  0.02350972152  5.989317e-01 1.07920000000000000000
1  1.74e+03  0.02350788482  5.989317e-01 1.07920000000000000000
1  1.75e+03  0.023508627  5.989317e-01 1.07920000000000000000
1  1.75e+03  0.02350724474  5.989317e-01 1.07920000000000000000
1  1.75e+03  0.02350741554  5.989317e-01 1.07920000000000000000
1  1.76e+03  0.0235062897  5.989317e-01 1.07920000000000000000
1  1.76e+03  0.02350541315  5.989317e-01 1.07920000000000000000
1  1.77e+03  0.02350594929  5.989317e-01 1.07920000000000000000
1  1.77e+03  0.02350405271  5.989317e-01 1.07920000000000000000
1  1.77e+03  0.0235053954  5.989317e-01 1.07920000000000000000
1  1.78e+03  0.02350295656  5.989317e-01 1.07920000000000000000
1  1.78e+03  0.02350350782  5.989317e-01 1.07920000000000000000
1  1.79e+03  0.0235025182  5.989317e-01 1.07920000000000000000
1  1.79e+03  0.02350192544  5.989317e-01 1.07920000000000000000
1  1.79e+03  0.02350241159  5.989317e-01 1.07920000000000000000
1  1.80e+03  0.0235005085  5.989317e-01 1.07920000000000000000
1  1.80e+03  0.02350119283  5.989317e-01 1.07920000000000000000
1  1.81e+03  0.023499388  5.989317e-01 1.07920000000000000000
1  1.81e+03  0.02349992489  5.989317e-01 1.07920000000000000000
1  1.82e+03  0.02349916572  5.989317e-01 1.07920000000000000000
1  1.82e+03  0.02349853903  5.989317e-01 1.07920000000000000000
1  1.82e+03  0.02349849153  5.989317e-01 1.07920000000000000000
1  1.83e+03  0.02349683464  5.989317e-01 1.07920000000000000000
1  1.83e+03  0.02349762021  5.989317e-01 1.07920000000000000000
1  1.84e+03  0.02349617905  5.989317e-01 1.07920000000000000000
1  1.84e+03  0.02349653458  5.989317e-01 1.07920000000000000000
1  1.85e+03  0.02349576756  5.989317e-01 1.07920000000000000000
1  1.85e+03  0.02349461855  5.989317e-01 1.07920000000000000000
1  1.85e+03  0.02349512578  5.989317e-01 1.07920000000000000000
1  1.86e+03  0.02349351875  5.989317e-01 1.07920000000000000000
1  1.86e+03  0.02349431437  5.989317e-01 1.07920000000000000000
1  1.87e+03  0.02349322522  5.989317e-01 1.07920000000000000000
1  1.87e+03  0.02349247557  5.989317e-01 1.07920000000000000000
1  1.87e+03  0.02349267446  5.989317e-01 1.07920000000000000000
1  1.88e+03  0.02349108003  5.989317e-01 1.07920000000000000000
1  1.88e+03  0.0234919092  5.989317e-01 1.07920000000000000000
1  1.89e+03  0.02349090399  5.989317e-01 1.07920000000000000000
1  1.89e+03  0.02349023996  5.989317e-01 1.07920000000000000000
1  1.90e+03  0.0234904272  5.989317e-01 1.07920000000000000000
1  1.90e+03  0.02348876146  5.989317e-01 1.07920000000000000000
1  1.91e+03  0.02348941791  5.989317e-01 1.07920000000000000000
1  1.91e+03  0.02348877477  5.989317e-01 1.07920000000000000000
1  1.91e+03  0.02348783483  5.989317e-01 1.07920000000000000000
1  1.92e+03  0.02348843256  5.989317e-01 1.07920000000000000000
1  1.92e+03  0.02348650675  5.989317e-01 1.07920000000000000000
1  1.93e+03  0.02348696125  5.989317e-01 1.07920000000000000000
1  1.93e+03  0.02348674859  5.989317e-01 1.07920000000000000000
1  1.94e+03  0.02348533828  5.989317e-01 1.07920000000000000000
1  1.94e+03  0.02348653826  5.989317e-01 1.07920000000000000000
1  1.95e+03  0.02348438755  5.989317e-01 1.07920000000000000000
1  1.95e+03  0.02348460275  5.989317e-01 1.07920000000000000000
1  1.95e+03  0.02348469271  5.989317e-01 1.07920000000000000000
1  1.96e+03  0.02348303837  5.989317e-01 1.07920000000000000000
1  1.96e+03  0.0234843291  5.989317e-01 1.07920000000000000000
1  1.97e+03  0.02348268925  5.989317e-01 1.07920000000000000000
1  1.97e+03  0.02348221006  5.989317e-01 1.07920000000000000000
1  1.98e+03  0.02348260223  5.989317e-01 1.07920000000000000000
1  1.98e+03  0.02348116589  5.989317e-01 1.07920000000000000000
1  1.99e+03  0.02348152922  5.989317e-01 1.07920000000000000000
1  1.99e+03  0.0234815057  5.989317e-01 1.07920000000000000000
1  2.00e+03  0.02347972955  5.989317e-01 1.07920000000000000000
1  2.00e+03  0.02348056258  5.989317e-01 1.07920000000000000000
1  2.00e+03  0.02347954192  5.989317e-01 1.07920000000000000000
1  2.01e+03  0.0234786975  5.989317e-01 1.07920000000000000000
1  2.01e+03  0.02347995941  5.989317e-01 1.07920000000000000000
1  2.02e+03  0.02347790144  5.989317e-01 1.07920000000000000000
1  2.02e+03  0.02347817225  5.989317e-01 1.07920000000000000000
1  2.03e+03  0.0234780247  5.989317e-01 1.07920000000000000000
1  2.03e+03  0.02347661268  5.989317e-01 1.07920000000000000000
1  2.04e+03  0.02347719477  5.989317e-01 1.07920000000000000000
1  2.04e+03  0.0234771316  5.989317e-01 1.07920000000000000000
1  2.05e+03  0.02347540106  5.989317e-01 1.07920000000000000000
1  2.05e+03  0.0234764222  5.989317e-01 1.07920000000000000000
1  2.06e+03  0.02347515984  5.989317e-01 1.07920000000000000000
1  2.06e+03  0.02347436216  5.989317e-01 1.07920000000000000000
1  2.07e+03  0.02347549013  5.989317e-01 1.07920000000000000000
1  2.07e+03  0.02347406345  5.989317e-01 1.07920000000000000000
1  2.07e+03  0.02347365893  5.989317e-01 1.07920000000000000000
1  2.08e+03  0.02347414721  5.989317e-01 1.07920000000000000000
1  2.08e+03  0.02347254328  5.989317e-01 1.07920000000000000000
1  2.09e+03  0.0234724753  5.989317e-01 1.07920000000000000000
1  2.09e+03  0.02347334276  5.989317e-01 1.07920000000000000000
1  2.10e+03  0.02347142474  5.989317e-01 1.07920000000000000000
1  2.10e+03  0.02347196123  5.989317e-01 1.07920000000000000000
1  2.11e+03  0.02347173077  5.989317e-01 1.07920000000000000000
1  2.11e+03  0.02347023485  5.989317e-01 1.07920000000000000000
1  2.12e+03  0.02347060258  5.989317e-01 1.07920000000000000000
1  2.12e+03  0.0234710629  5.989317e-01 1.07920000000000000000
1  2.13e+03  0.02346916469  5.989317e-01 1.07920000000000000000
1  2.13e+03  0.02347009285  5.989317e-01 1.07920000000000000000
1  2.14e+03  0.02346945304  5.989317e-01 1.07920000000000000000
1  2.14e+03  0.02346810524  5.989317e-01 1.07920000000000000000
1  2.15e+03  0.02346862714  5.989317e-01 1.07920000000000000000
1  2.15e+03  0.02346889841  5.989317e-01 1.07920000000000000000
1  2.16e+03  0.02346708181  5.989317e-01 1.07920000000000000000
1  2.16e+03  0.02346808578  5.989317e-01 1.07920000000000000000
1  2.17e+03  0.02346740393  5.989317e-01 1.07920000000000000000
1  2.17e+03  0.02346606448  5.989317e-01 1.07920000000000000000
1  2.18e+03  0.02346654496  5.989317e-01 1.07920000000000000000
1  2.18e+03  0.02346692035  5.989317e-01 1.07920000000000000000
1  2.19e+03  0.02346510573  5.989317e-01 1.07920000000000000000
1  2.19e+03  0.02346595269  5.989317e-01 1.07920000000000000000
1  2.20e+03  0.02346558903  5.989317e-01 1.07920000000000000000
1  2.20e+03  0.02346411612  5.989317e-01 1.07920000000000000000
1  2.21e+03  0.02346436545  5.989317e-01 1.07920000000000000000
1  2.21e+03  0.02346506044  5.989317e-01 1.07920000000000000000
1  2.22e+03  0.02346333274  5.989317e-01 1.07920000000000000000
1  2.22e+03  0.02346364388  5.989317e-01 1.07920000000000000000
1  2.23e+03  0.02346393826  5.989317e-01 1.07920000000000000000
1  2.23e+03  0.02346235419  5.989317e-01 1.07920000000000000000
1  2.24e+03  0.02346213605  5.989317e-01 1.07920000000000000000
1  2.24e+03  0.02346310907  5.989317e-01 1.07920000000000000000
1  2.25e+03  0.02346193595  5.989317e-01 1.07920000000000000000
1  2.25e+03  0.0234612112  5.989317e-01 1.07920000000000000000
1  2.26e+03  0.02346220334  5.989317e-01 1.07920000000000000000
1  2.26e+03  0.0234609072  5.989317e-01 1.07920000000000000000
1  2.27e+03  0.02346003898  5.989317e-01 1.07920000000000000000
1  2.28e+03  0.02346080846  5.989317e-01 1.07920000000000000000
1  2.28e+03  0.02346084078  5.989317e-01 1.07920000000000000000
1  2.29e+03  0.02345910391  5.989317e-01 1.07920000000000000000
1  2.29e+03  0.02345997234  5.989317e-01 1.07920000000000000000
1  2.30e+03  0.0234597153  5.989317e-01 1.07920000000000000000
1  2.30e+03  0.02345838826  5.989317e-01 1.07920000000000000000
1  2.31e+03  0.02345825827  5.989317e-01 1.07920000000000000000
1  2.31e+03  0.02345933883  5.989317e-01 1.07920000000000000000
1  2.32e+03  0.02345799255  5.989317e-01 1.07920000000000000000
1  2.32e+03  0.02345730333  5.989317e-01 1.07920000000000000000
1  2.33e+03  0.02345818764  5.989317e-01 1.07920000000000000000
1  2.33e+03  0.02345729821  5.989317e-01 1.07920000000000000000
1  2.34e+03  0.02345622208  5.989317e-01 1.07920000000000000000
1  2.34e+03  0.02345675575  5.989317e-01 1.07920000000000000000
1  2.35e+03  0.02345736098  5.989317e-01 1.07920000000000000000
1  2.36e+03  0.02345552153  5.989317e-01 1.07920000000000000000
1  2.36e+03  0.02345567992  5.989317e-01 1.07920000000000000000
1  2.37e+03  0.02345613067  5.989317e-01 1.07920000000000000000
1  2.37e+03  0.02345521283  5.989317e-01 1.07920000000000000000
1  2.38e+03  0.02345423329  5.989317e-01 1.07920000000000000000
1  2.38e+03  0.0234552062  5.989317e-01 1.07920000000000000000
1  2.39e+03  0.02345523125  5.989317e-01 1.07920000000000000000
1  2.39e+03  0.02345348269  5.989317e-01 1.07920000000000000000
1  2.40e+03  0.02345385377  5.989317e-01 1.07920000000000000000
1  2.40e+03  0.02345418068  5.989317e-01 1.07920000000000000000
1  2.41e+03  0.02345336609  5.989317e-01 1.07920000000000000000
1  2.42e+03  0.02345233753  5.989317e-01 1.07920000000000000000
1  2.42e+03  0.02345345766  5.989317e-01 1.07920000000000000000
1  2.43e+03  0.02345327907  5.989317e-01 1.07920000000000000000
1  2.43e+03  0.02345166564  5.989317e-01 1.07920000000000000000
1  2.44e+03  0.0234518758  5.989317e-01 1.07920000000000000000
1  2.44e+03  0.02345235382  5.989317e-01 1.07920000000000000000
1  2.45e+03  0.02345175322  5.989317e-01 1.07920000000000000000
1  2.45e+03  0.02345048894  5.989317e-01 1.07920000000000000000
1  2.46e+03  0.0234514874  5.989317e-01 1.07920000000000000000
1  2.47e+03  0.0234515614  5.989317e-01 1.07920000000000000000
1  2.47e+03  0.02345004726  5.989317e-01 1.07920000000000000000
1  2.48e+03  0.02344984846  5.989317e-01 1.07920000000000000000
1  2.48e+03  0.02345048257  5.989317e-01 1.07920000000000000000
1  2.49e+03  0.02345037805  5.989317e-01 1.07920000000000000000
1  2.49e+03  0.02344880793  5.989317e-01 1.07920000000000000000
1  2.50e+03  0.02344928111  5.989317e-01 1.07920000000000000000
1  2.51e+03  0.0234499072  5.989317e-01 1.07920000000000000000
1  2.51e+03  0.02344872742  5.989317e-01 1.07920000000000000000
1  2.52e+03  0.02344796632  5.989317e-01 1.07920000000000000000
1  2.52e+03  0.02344836448  5.989317e-01 1.07920000000000000000
1  2.53e+03  0.02344903505  5.989317e-01 1.07920000000000000000
1  2.54e+03  0.02344758138  5.989317e-01 1.07920000000000000000
1  2.54e+03  0.02344700168  5.989317e-01 1.07920000000000000000
1  2.55e+03  0.02344795847  5.989317e-01 1.07920000000000000000
1  2.55e+03  0.02344761462  5.989317e-01 1.07920000000000000000
1  2.56e+03  0.02344659909  5.989317e-01 1.07920000000000000000
1  2.56e+03  0.02344611199  5.989317e-01 1.07920000000000000000
1  2.57e+03  0.02344716743  5.989317e-01 1.07920000000000000000
1  2.58e+03  0.0234468309  5.989317e-01 1.07920000000000000000
1  2.58e+03  0.02344527038  5.989317e-01 1.07920000000000000000
1  2.59e+03  0.02344557112  5.989317e-01 1.07920000000000000000
1  2.59e+03  0.0234461201  5.989317e-01 1.07920000000000000000
1  2.60e+03  0.02344579934  5.989317e-01 1.07920000000000000000
1  2.61e+03  0.02344454945  5.989317e-01 1.07920000000000000000
1  2.61e+03  0.02344454166  5.989317e-01 1.07920000000000000000
1  2.62e+03  0.02344559355  5.989317e-01 1.07920000000000000000
1  2.62e+03  0.02344459459  5.989317e-01 1.07920000000000000000
1  2.63e+03  0.02344357605  5.989317e-01 1.07920000000000000000
1  2.64e+03  0.0234438386  5.989317e-01 1.07920000000000000000
1  2.64e+03  0.02344448277  5.989317e-01 1.07920000000000000000
1  2.65e+03  0.02344414662  5.989317e-01 1.07920000000000000000
1  2.65e+03  0.02344261342  5.989317e-01 1.07920000000000000000
1  2.66e+03  0.023442918  5.989317e-01 1.07920000000000000000
1  2.67e+03  0.0234437042  5.989317e-01 1.07920000000000000000
1  2.67e+03  0.02344289879  5.989317e-01 1.07920000000000000000
1  2.68e+03  0.02344206239  5.989317e-01 1.07920000000000000000
1  2.69e+03  0.02344198964  5.989317e-01 1.07920000000000000000
1  2.69e+03  0.02344290229  5.989317e-01 1.07920000000000000000
1  2.70e+03  0.02344255691  5.989317e-01 1.07920000000000000000
1  2.70e+03  0.02344091643  5.989317e-01 1.07920000000000000000
1  2.71e+03  0.02344106697  5.989317e-01 1.07920000000000000000
1  2.72e+03  0.02344180031  5.989317e-01 1.07920000000000000000
1  2.72e+03  0.0234416361  5.989317e-01 1.07920000000000000000
1  2.73e+03  0.02344074625  5.989317e-01 1.07920000000000000000
1  2.74e+03  0.02344009929  5.989317e-01 1.07920000000000000000
1  2.74e+03  0.02344103488  5.989317e-01 1.07920000000000000000
1  2.75e+03  0.02344107012  5.989317e-01 1.07920000000000000000
1  2.75e+03  0.02343959498  5.989317e-01 1.07920000000000000000
1  2.76e+03  0.02343923784  5.989317e-01 1.07920000000000000000
1  2.77e+03  0.02343982027  5.989317e-01 1.07920000000000000000
1  2.77e+03  0.02344041281  5.989317e-01 1.07920000000000000000
1  2.78e+03  0.02343978695  5.989317e-01 1.07920000000000000000
1  2.79e+03  0.02343838028  5.989317e-01 1.07920000000000000000
1  2.79e+03  0.02343875056  5.989317e-01 1.07920000000000000000
1  2.80e+03  0.02343942204  5.989317e-01 1.07920000000000000000
1  2.81e+03  0.02343870864  5.989317e-01 1.07920000000000000000
1  2.81e+03  0.02343794898  5.989317e-01 1.07920000000000000000
1  2.82e+03  0.02343778406  5.989317e-01 1.07920000000000000000
1  2.82e+03  0.0234386156  5.989317e-01 1.07920000000000000000
1  2.83e+03  0.02343892539  5.989317e-01 1.07920000000000000000
1  2.84e+03  0.02343735482  5.989317e-01 1.07920000000000000000
1  2.84e+03  0.02343653823  5.989317e-01 1.07920000000000000000
1  2.85e+03  0.02343721024  5.989317e-01 1.07920000000000000000
1  2.86e+03  0.02343764865  5.989317e-01 1.07920000000000000000
1  2.86e+03  0.02343744829  5.989317e-01 1.07920000000000000000
1  2.87e+03  0.02343647129  5.989317e-01 1.07920000000000000000
1  2.88e+03  0.0234361796  5.989317e-01 1.07920000000000000000
1  2.88e+03  0.02343712404  5.989317e-01 1.07920000000000000000
1  2.89e+03  0.02343681275  5.989317e-01 1.07920000000000000000
1  2.90e+03  0.02343548839  5.989317e-01 1.07920000000000000000
1  2.90e+03  0.02343510103  5.989317e-01 1.07920000000000000000
1  2.91e+03  0.02343557851  5.989317e-01 1.07920000000000000000
1  2.92e+03  0.02343648861  5.989317e-01 1.07920000000000000000
1  2.92e+03  0.02343633746  5.989317e-01 1.07920000000000000000
1  2.93e+03  0.02343476668  5.989317e-01 1.07920000000000000000
1  2.94e+03  0.02343432606  5.989317e-01 1.07920000000000000000
1  2.94e+03  0.02343502691  5.989317e-01 1.07920000000000000000
1  2.95e+03  0.02343504821  5.989317e-01 1.07920000000000000000
1  2.96e+03  0.02343458469  5.989317e-01 1.07920000000000000000
1  2.96e+03  0.0234339665  5.989317e-01 1.07920000000000000000
1  2.97e+03  0.02343398549  5.989317e-01 1.07920000000000000000
1  2.98e+03  0.02343500898  5.989317e-01 1.07920000000000000000
1  2.99e+03  0.02343483621  5.989317e-01 1.07920000000000000000
1  2.99e+03  0.02343324651  5.989317e-01 1.07920000000000000000
1  3.00e+03  0.0234325435  5.989317e-01 1.07920000000000000000
1  3.01e+03  0.02343293779  5.989317e-01 1.07920000000000000000
1  3.01e+03  0.02343373381  5.989317e-01 1.07920000000000000000
1  3.02e+03  0.02343416303  5.989317e-01 1.07920000000000000000
1  3.03e+03  0.02343316757  5.989317e-01 1.07920000000000000000
1  3.03e+03  0.02343220212  5.989317e-01 1.07920000000000000000
1  3.04e+03  0.02343266871  5.989317e-01 1.07920000000000000000
1  3.05e+03  0.02343292798  5.989317e-01 1.07920000000000000000
1  3.05e+03  0.02343230248  5.989317e-01 1.07920000000000000000
1  3.06e+03  0.02343170048  5.989317e-01 1.07920000000000000000
1  3.07e+03  0.0234314046  5.989317e-01 1.07920000000000000000
1  3.08e+03  0.02343207036  5.989317e-01 1.07920000000000000000
1  3.08e+03  0.02343312607  5.989317e-01 1.07920000000000000000
1  3.09e+03  0.02343248938  5.989317e-01 1.07920000000000000000
1  3.10e+03  0.02343084566  5.989317e-01 1.07920000000000000000
1  3.10e+03  0.02343027163  5.989317e-01 1.07920000000000000000
1  3.11e+03  0.02343061651  5.989317e-01 1.07920000000000000000
1  3.12e+03  0.02343131086  5.989317e-01 1.07920000000000000000
1  3.13e+03  0.02343177295  5.989317e-01 1.07920000000000000000
1  3.13e+03  0.02343103947  5.989317e-01 1.07920000000000000000
1  3.14e+03  0.02343022103  5.989317e-01 1.07920000000000000000
1  3.15e+03  0.02343062892  5.989317e-01 1.07920000000000000000
1  3.16e+03  0.02343090245  5.989317e-01 1.07920000000000000000
1  3.16e+03  0.02343020251  5.989317e-01 1.07920000000000000000
1  3.17e+03  0.02342946456  5.989317e-01 1.07920000000000000000
1  3.18e+03  0.02342905683  5.989317e-01 1.07920000000000000000
1  3.18e+03  0.02342943653  5.989317e-01 1.07920000000000000000
1  3.19e+03  0.02343073509  5.989317e-01 1.07920000000000000000
1  3.20e+03  0.02343108116  5.989317e-01 1.07920000000000000000
1  3.21e+03  0.02342968903  5.989317e-01 1.07920000000000000000
1  3.21e+03  0.02342840772  5.989317e-01 1.07920000000000000000
1  3.22e+03  0.02342815921  5.989317e-01 1.07920000000000000000
1  3.23e+03  0.02342850998  5.989317e-01 1.07920000000000000000
1  3.24e+03  0.02342929616  5.989317e-01 1.07920000000000000000
1  3.24e+03  0.0234296005  5.989317e-01 1.07920000000000000000
1  3.25e+03  0.02342881435  5.989317e-01 1.07920000000000000000
1  3.26e+03  0.02342834588  5.989317e-01 1.07920000000000000000
1  3.27e+03  0.02342879522  5.989317e-01 1.07920000000000000000
1  3.27e+03  0.02342881212  5.989317e-01 1.07920000000000000000
1  3.28e+03  0.02342810299  5.989317e-01 1.07920000000000000000
1  3.29e+03  0.02342742076  5.989317e-01 1.07920000000000000000
1  3.30e+03  0.02342695156  5.989317e-01 1.07920000000000000000
1  3.30e+03  0.0234272778  5.989317e-01 1.07920000000000000000
1  3.31e+03  0.02342864836  5.989317e-01 1.07920000000000000000
1  3.32e+03  0.02342937168  5.989317e-01 1.07920000000000000000
1  3.33e+03  0.02342835671  5.989317e-01 1.07920000000000000000
1  3.33e+03  0.02342690439  5.989317e-01 1.07920000000000000000
1  3.34e+03  0.02342614578  5.989317e-01 1.07920000000000000000
1  3.35e+03  0.02342610708  5.989317e-01 1.07920000000000000000
1  3.36e+03  0.02342690107  5.989317e-01 1.07920000000000000000
1  3.37e+03  0.02342787242  5.989317e-01 1.07920000000000000000
1  3.37e+03  0.02342775052  5.989317e-01 1.07920000000000000000
1  3.38e+03  0.02342696312  5.989317e-01 1.07920000000000000000
1  3.39e+03  0.02342679569  5.989317e-01 1.07920000000000000000
1  3.40e+03  0.02342693816  5.989317e-01 1.07920000000000000000
1  3.40e+03  0.02342662901  5.989317e-01 1.07920000000000000000
1  3.41e+03  0.02342615851  5.989317e-01 1.07920000000000000000
1  3.42e+03  0.02342571329  5.989317e-01 1.07920000000000000000
1  3.43e+03  0.02342534007  5.989317e-01 1.07920000000000000000
1  3.44e+03  0.0234258419  5.989317e-01 1.07920000000000000000
1  3.44e+03  0.02342722744  5.989317e-01 1.07920000000000000000
1  3.45e+03  0.02342788055  5.989317e-01 1.07920000000000000000
1  3.46e+03  0.02342699373  5.989317e-01 1.07920000000000000000
1  3.47e+03  0.02342555208  5.989317e-01 1.07920000000000000000
1  3.48e+03  0.02342446305  5.989317e-01 1.07920000000000000000
1  3.48e+03  0.02342411561  5.989317e-01 1.07920000000000000000
1  3.49e+03  0.02342497173  5.989317e-01 1.07920000000000000000
1  3.50e+03  0.02342649958  5.989317e-01 1.07920000000000000000
1  3.51e+03  0.02342712393  5.989317e-01 1.07920000000000000000
1  3.52e+03  0.02342647311  5.989317e-01 1.07920000000000000000
1  3.52e+03  0.02342565408  5.989317e-01 1.07920000000000000000
1  3.53e+03  0.02342516711  5.989317e-01 1.07920000000000000000
1  3.54e+03  0.02342476016  5.989317e-01 1.07920000000000000000
1  3.55e+03  0.02342463456  5.989317e-01 1.07920000000000000000
1  3.56e+03  0.02342485251  5.989317e-01 1.07920000000000000000
1  3.56e+03  0.02342484953  5.989317e-01 1.07920000000000000000
1  3.57e+03  0.02342475356  5.989317e-01 1.07920000000000000000
1  3.58e+03  0.02342536147  5.989317e-01 1.07920000000000000000
1  3.59e+03  0.02342631713  5.989317e-01 1.07920000000000000000
1  3.60e+03  0.02342638244  5.989317e-01 1.07920000000000000000
1  3.61e+03  0.02342539756  5.989317e-01 1.07920000000000000000
1  3.61e+03  0.02342413418  5.989317e-01 1.07920000000000000000
1  3.62e+03  0.02342304727  5.989317e-01 1.07920000000000000000
1  3.63e+03  0.02342266054  5.989317e-01 1.07920000000000000000
1  3.64e+03  0.02342370046  5.989317e-01 1.07920000000000000000
1  3.65e+03  0.02342562827  5.989317e-01 1.07920000000000000000
1  3.66e+03  0.02342670266  5.989317e-01 1.07920000000000000000
1  3.66e+03  0.02342617883  5.989317e-01 1.07920000000000000000
1  3.67e+03  0.02342482273  5.989317e-01 1.07920000000000000000
1  3.68e+03  0.02342336787  5.989317e-01 1.07920000000000000000
1  3.69e+03  0.02342222893  5.989317e-01 1.07920000000000000000
1  3.70e+03  0.02342212294  5.989317e-01 1.07920000000000000000
1  3.71e+03  0.02342320357  5.989317e-01 1.07920000000000000000
1  3.72e+03  0.0234243551  5.989317e-01 1.07920000000000000000
1  3.72e+03  0.02342465839  5.989317e-01 1.07920000000000000000
1  3.73e+03  0.02342447675  5.989317e-01 1.07920000000000000000
1  3.74e+03  0.02342425431  5.989317e-01 1.07920000000000000000
1  3.75e+03  0.02342369514  5.989317e-01 1.07920000000000000000
1  3.76e+03  0.02342276209  5.989317e-01 1.07920000000000000000
1  3.77e+03  0.02342200402  5.989317e-01 1.07920000000000000000
1  3.78e+03  0.02342155264  5.989317e-01 1.07920000000000000000
1  3.78e+03  0.0234211684  5.989317e-01 1.07920000000000000000
1  3.79e+03  0.02342121609  5.989317e-01 1.07920000000000000000
1  3.80e+03  0.02342218889  5.989317e-01 1.07920000000000000000
1  3.81e+03  0.02342347763  5.989317e-01 1.07920000000000000000
1  3.82e+03  0.02342387812  5.989317e-01 1.07920000000000000000
1  3.83e+03  0.02342302583  5.989317e-01 1.07920000000000000000
1  3.84e+03  0.02342139515  5.989317e-01 1.07920000000000000000
1  3.85e+03  0.02341949758  5.989317e-01 1.07920000000000000000
1  3.85e+03  0.0234179888  5.989317e-01 1.07920000000000000000
1  3.86e+03  0.02341782  5.989317e-01 1.07920000000000000000
1  3.87e+03  0.02341925768  5.989317e-01 1.07920000000000000000
1  3.88e+03  0.02342121464  5.989317e-01 1.07920000000000000000
1  3.89e+03  0.02342226496  5.989317e-01 1.07920000000000000000
1  3.90e+03  0.02342190037  5.989317e-01 1.07920000000000000000
1  3.91e+03  0.02342041738  5.989317e-01 1.07920000000000000000
1  3.92e+03  0.02341831021  5.989317e-01 1.07920000000000000000
1  3.93e+03  0.0234163346  5.989317e-01 1.07920000000000000000
1  3.94e+03  0.02341548011  5.989317e-01 1.07920000000000000000
1  3.94e+03  0.02341613383  5.989317e-01 1.07920000000000000000
1  3.95e+03  0.02341757825  5.989317e-01 1.07920000000000000000
1  3.96e+03  0.02341876318  5.989317e-01 1.07920000000000000000
1  3.97e+03  0.02341923274  5.989317e-01 1.07920000000000000000
1  3.98e+03  0.02341898945  5.989317e-01 1.07920000000000000000
1  3.99e+03  0.02341801259  5.989317e-01 1.07920000000000000000
1  4.00e+03  0.02341647634  5.989317e-01 1.07920000000000000000
1  4.01e+03  0.02341505044  5.989317e-01 1.07920000000000000000
1  4.02e+03  0.0234143808  5.989317e-01 1.07920000000000000000
1  4.03e+03  0.02341447008  5.989317e-01 1.07920000000000000000
1  4.04e+03  0.02341498209  5.989317e-01 1.07920000000000000000
1  4.05e+03  0.0234158272  5.989317e-01 1.07920000000000000000
1  4.06e+03  0.02341694219  5.989317e-01 1.07920000000000000000
1  4.06e+03  0.02341780299  5.989317e-01 1.07920000000000000000
1  4.07e+03  0.02341777225  5.989317e-01 1.07920000000000000000
1  4.08e+03  0.02341681709  5.989317e-01 1.07920000000000000000
1  4.09e+03  0.02341543795  5.989317e-01 1.07920000000000000000
1  4.10e+03  0.02341409053  5.989317e-01 1.07920000000000000000
1  4.11e+03  0.02341314754  5.989317e-01 1.07920000000000000000
1  4.12e+03  0.02341316889  5.989317e-01 1.07920000000000000000
1  4.13e+03  0.02341453842  5.989317e-01 1.07920000000000000000
1  4.14e+03  0.02341680321  5.989317e-01 1.07920000000000000000
1  4.15e+03  0.02341883976  5.989317e-01 1.07920000000000000000
1  4.16e+03  0.02341972711  5.989317e-01 1.07920000000000000000
1  4.17e+03  0.02341919591  5.989317e-01 1.07920000000000000000
1  4.18e+03  0.02341744283  5.989317e-01 1.07920000000000000000
1  4.19e+03  0.02341505642  5.989317e-01 1.07920000000000000000
1  4.20e+03  0.02341311808  5.989317e-01 1.07920000000000000000
1  4.21e+03  0.02341279048  5.989317e-01 1.07920000000000000000
1  4.22e+03  0.02341446516  5.989317e-01 1.07920000000000000000
1  4.23e+03  0.02341742918  5.989317e-01 1.07920000000000000000
1  4.24e+03  0.02342039898  5.989317e-01 1.07920000000000000000
1  4.25e+03  0.02342222002  5.989317e-01 1.07920000000000000000
1  4.26e+03  0.02342219121  5.989317e-01 1.07920000000000000000
1  4.27e+03  0.02342023913  5.989317e-01 1.07920000000000000000
1  4.28e+03  0.02341711195  5.989317e-01 1.07920000000000000000
1  4.29e+03  0.02341421655  5.989317e-01 1.07920000000000000000
1  4.30e+03  0.02341289855  5.989317e-01 1.07920000000000000000
1  4.31e+03  0.02341368678  5.989317e-01 1.07920000000000000000
1  4.32e+03  0.02341612678  5.989317e-01 1.07920000000000000000
1  4.33e+03  0.0234191676  5.989317e-01 1.07920000000000000000
1  4.34e+03  0.02342162838  5.989317e-01 1.07920000000000000000
1  4.35e+03  0.02342253159  5.989317e-01 1.07920000000000000000
1  4.36e+03  0.02342142776  5.989317e-01 1.07920000000000000000
1  4.37e+03  0.02341867954  5.989317e-01 1.07920000000000000000
1  4.38e+03  0.02341538092  5.989317e-01 1.07920000000000000000
1  4.39e+03  0.02341279338  5.989317e-01 1.07920000000000000000
1  4.40e+03  0.02341171436  5.989317e-01 1.07920000000000000000
1  4.41e+03  0.02341227326  5.989317e-01 1.07920000000000000000
1  4.42e+03  0.02341411018  5.989317e-01 1.07920000000000000000
1  4.43e+03  0.02341652879  5.989317e-01 1.07920000000000000000
1  4.44e+03  0.0234185546  5.989317e-01 1.07920000000000000000
1  4.45e+03  0.02341922892  5.989317e-01 1.07920000000000000000
1  4.46e+03  0.02341815347  5.989317e-01 1.07920000000000000000
1  4.47e+03  0.02341574901  5.989317e-01 1.07920000000000000000
1  4.48e+03  0.02341290732  5.989317e-01 1.07920000000000000000
1  4.49e+03  0.02341047256  5.989317e-01 1.07920000000000000000
1  4.50e+03  0.02340908847  5.989317e-01 1.07920000000000000000
1  4.51e+03  0.02340923972  5.989317e-01 1.07920000000000000000
1  4.52e+03  0.02341101598  5.989317e-01 1.07920000000000000000
1  4.53e+03  0.02341376617  5.989317e-01 1.07920000000000000000
1  4.54e+03  0.0234162756  5.989317e-01 1.07920000000000000000
1  4.55e+03  0.02341749964  5.989317e-01 1.07920000000000000000
1  4.56e+03  0.02341710761  5.989317e-01 1.07920000000000000000
1  4.57e+03  0.02341536984  5.989317e-01 1.07920000000000000000
1  4.58e+03  0.02341281252  5.989317e-01 1.07920000000000000000
1  4.59e+03  0.02341017909  5.989317e-01 1.07920000000000000000
1  4.60e+03  0.02340849042  5.989317e-01 1.07920000000000000000
1  4.61e+03  0.02340867909  5.989317e-01 1.07920000000000000000
1  4.62e+03  0.0234109279  5.989317e-01 1.07920000000000000000
1  4.63e+03  0.02341443376  5.989317e-01 1.07920000000000000000
1  4.65e+03  0.02341790528  5.989317e-01 1.07920000000000000000
1  4.66e+03  0.02342026553  5.989317e-01 1.07920000000000000000
1  4.67e+03  0.02342092918  5.989317e-01 1.07920000000000000000
1  4.68e+03  0.02341970088  5.989317e-01 1.07920000000000000000
1  4.69e+03  0.02341678004  5.989317e-01 1.07920000000000000000
1  4.70e+03  0.02341298537  5.989317e-01 1.07920000000000000000
1  4.71e+03  0.02340974197  5.989317e-01 1.07920000000000000000
1  4.72e+03  0.02340847793  5.989317e-01 1.07920000000000000000
1  4.73e+03  0.02340978628  5.989317e-01 1.07920000000000000000
1  4.74e+03  0.02341310121  5.989317e-01 1.07920000000000000000
1  4.75e+03  0.02341714962  5.989317e-01 1.07920000000000000000
1  4.76e+03  0.02342064375  5.989317e-01 1.07920000000000000000
1  4.78e+03  0.02342258358  5.989317e-01 1.07920000000000000000
1  4.79e+03  0.02342223013  5.989317e-01 1.07920000000000000000
1  4.80e+03  0.02341929164  5.989317e-01 1.07920000000000000000
1  4.81e+03  0.02341440865  5.989317e-01 1.07920000000000000000
1  4.82e+03  0.02340927955  5.989317e-01 1.07920000000000000000
1  4.83e+03  0.02340590643  5.989317e-01 1.07920000000000000000
1  4.84e+03  0.02340544317  5.989317e-01 1.07920000000000000000
1  4.85e+03  0.0234076816  5.989317e-01 1.07920000000000000000
1  4.86e+03  0.023411518  5.989317e-01 1.07920000000000000000
1  4.88e+03  0.02341568985  5.989317e-01 1.07920000000000000000
1  4.89e+03  0.02341902914  5.989317e-01 1.07920000000000000000
1  4.90e+03  0.02342039048  5.989317e-01 1.07920000000000000000
1  4.91e+03  0.02341892796  5.989317e-01 1.07920000000000000000
1  4.92e+03  0.02341478937  5.989317e-01 1.07920000000000000000
1  4.93e+03  0.02340945929  5.989317e-01 1.07920000000000000000
1  4.94e+03  0.02340513089  5.989317e-01 1.07920000000000000000
1  4.95e+03  0.02340349953  5.989317e-01 1.07920000000000000000
1  4.97e+03  0.02340498896  5.989317e-01 1.07920000000000000000
1  4.98e+03  0.02340891394  5.989317e-01 1.07920000000000000000
1  4.99e+03  0.02341411859  5.989317e-01 1.07920000000000000000
1  5.00e+03  0.02341934655  5.989317e-01 1.07920000000000000000
1  5.01e+03  0.02342321732  5.989317e-01 1.07920000000000000000
1  5.02e+03  0.02342433759  5.989317e-01 1.07920000000000000000
1  5.04e+03  0.02342192767  5.989317e-01 1.07920000000000000000
1  5.05e+03  0.02341656971  5.989317e-01 1.07920000000000000000
1  5.06e+03  0.02341025611  5.989317e-01 1.07920000000000000000
1  5.07e+03  0.02340544132  5.989317e-01 1.07920000000000000000
1  5.08e+03  0.02340377185  5.989317e-01 1.07920000000000000000
1  5.09e+03  0.0234054937  5.989317e-01 1.07920000000000000000
1  5.11e+03  0.02340981581  5.989317e-01 1.07920000000000000000
1  5.12e+03  0.02341556552  5.989317e-01 1.07920000000000000000
1  5.13e+03  0.02342140351  5.989317e-01 1.07920000000000000000
1  5.14e+03  0.02342569216  5.989317e-01 1.07920000000000000000
1  5.15e+03  0.02342673086  5.989317e-01 1.07920000000000000000
1  5.16e+03  0.02342364084  5.989317e-01 1.07920000000000000000
1  5.18e+03  0.02341721412  5.989317e-01 1.07920000000000000000
1  5.19e+03  0.02340977975  5.989317e-01 1.07920000000000000000
1  5.20e+03  0.0234040021  5.989317e-01 1.07920000000000000000
1  5.21e+03  0.02340155751  5.989317e-01 1.07920000000000000000
1  5.22e+03  0.02340268073  5.989317e-01 1.07920000000000000000
1  5.24e+03  0.02340663408  5.989317e-01 1.07920000000000000000
1  5.25e+03  0.02341232649  5.989317e-01 1.07920000000000000000
1  5.26e+03  0.02341845713  5.989317e-01 1.07920000000000000000
1  5.27e+03  0.02342337072  5.989317e-01 1.07920000000000000000
1  5.28e+03  0.02342527844  5.989317e-01 1.07920000000000000000
1  5.30e+03  0.02342308661  5.989317e-01 1.07920000000000000000
1  5.31e+03  0.02341727056  5.989317e-01 1.07920000000000000000
1  5.32e+03  0.02340994789  5.989317e-01 1.07920000000000000000
1  5.33e+03  0.02340390042  5.989317e-01 1.07920000000000000000
1  5.35e+03  0.02340120648  5.989317e-01 1.07920000000000000000
1  5.36e+03  0.02340247008  5.989317e-01 1.07920000000000000000
1  5.37e+03  0.02340704337  5.989317e-01 1.07920000000000000000
1  5.38e+03  0.02341373605  5.989317e-01 1.07920000000000000000
1  5.40e+03  0.02342121427  5.989317e-01 1.07920000000000000000
1  5.41e+03  0.0234278822  5.989317e-01 1.07920000000000000000
1  5.42e+03  0.02343181072  5.989317e-01 1.07920000000000000000
1  5.43e+03  0.02343131802  5.989317e-01 1.07920000000000000000
1  5.45e+03  0.02342602676  5.989317e-01 1.07920000000000000000
1  5.46e+03  0.0234174903  5.989317e-01 1.07920000000000000000
1  5.47e+03  0.02340866283  5.989317e-01 1.07920000000000000000
1  5.48e+03  0.02340246616  5.989317e-01 1.07920000000000000000
1  5.50e+03  0.02340049159  5.989317e-01 1.07920000000000000000
1  5.51e+03  0.02340268616  5.989317e-01 1.07920000000000000000
1  5.52e+03  0.02340795138  5.989317e-01 1.07920000000000000000
1  5.53e+03  0.02341487823  5.989317e-01 1.07920000000000000000
1  5.55e+03  0.02342199454  5.989317e-01 1.07920000000000000000
1  5.56e+03  0.02342763053  5.989317e-01 1.07920000000000000000
1  5.57e+03  0.02343000133  5.989317e-01 1.07920000000000000000
1  5.58e+03  0.02342786655  5.989317e-01 1.07920000000000000000
1  5.60e+03  0.0234214277  5.989317e-01 1.07920000000000000000
1  5.61e+03  0.02341268326  5.989317e-01 1.07920000000000000000
1  5.62e+03  0.0234047466  5.989317e-01 1.07920000000000000000
1  5.64e+03  0.02340043104  5.989317e-01 1.07920000000000000000
1  5.65e+03  0.02340101792  5.989317e-01 1.07920000000000000000
1  5.66e+03  0.02340598498  5.989317e-01 1.07920000000000000000
1  5.68e+03  0.0234136914  5.989317e-01 1.07920000000000000000
1  5.69e+03  0.02342229691  5.989317e-01 1.07920000000000000000
1  5.70e+03  0.02343018616  5.989317e-01 1.07920000000000000000
1  5.71e+03  0.02343583776  5.989317e-01 1.07920000000000000000
1  5.73e+03  0.02343771869  5.989317e-01 1.07920000000000000000
1  5.74e+03  0.02343473515  5.989317e-01 1.07920000000000000000
1  5.75e+03  0.0234270859  5.989317e-01 1.07920000000000000000
1  5.77e+03  0.02341675767  5.989317e-01 1.07920000000000000000
1  5.78e+03  0.02340702138  5.989317e-01 1.07920000000000000000
1  5.79e+03  0.02340105758  5.989317e-01 1.07920000000000000000
1  5.81e+03  0.02340055796  5.989317e-01 1.07920000000000000000
1  5.82e+03  0.02340517658  5.989317e-01 1.07920000000000000000
1  5.83e+03  0.02341304811  5.989317e-01 1.07920000000000000000
1  5.85e+03  0.02342183981  5.989317e-01 1.07920000000000000000
1  5.86e+03  0.02342956761  5.989317e-01 1.07920000000000000000
1  5.87e+03  0.02343479911  5.989317e-01 1.07920000000000000000
1  5.89e+03  0.02343648128  5.989317e-01 1.07920000000000000000
1  5.90e+03  0.0234339225  5.989317e-01 1.07920000000000000000
1  5.92e+03  0.02342719824  5.989317e-01 1.07920000000000000000
1  5.93e+03  0.02341769143  5.989317e-01 1.07920000000000000000
1  5.94e+03  0.0234081464  5.989317e-01 1.07920000000000000000
1  5.96e+03  0.02340185572  5.989317e-01 1.07920000000000000000
1  5.97e+03  0.02340126592  5.989317e-01 1.07920000000000000000
1  5.98e+03  0.02340682635  5.989317e-01 1.07920000000000000000
1  6.00e+03  0.02341682612  5.989317e-01 1.07920000000000000000
1  6.01e+03  0.02342829211  5.989317e-01 1.07920000000000000000
1  6.03e+03  0.02343830183  5.989317e-01 1.07920000000000000000
1  6.04e+03  0.02344488427  5.989317e-01 1.07920000000000000000
1  6.05e+03  0.02344714503  5.989317e-01 1.07920000000000000000
1  6.07e+03  0.02344491305  5.989317e-01 1.07920000000000000000
1  6.08e+03  0.02343849082  5.989317e-01 1.07920000000000000000
1  6.10e+03  0.02342880785  5.989317e-01 1.07920000000000000000
1  6.11e+03  0.0234177417  5.989317e-01 1.07920000000000000000
1  6.12e+03  0.02340808044  5.989317e-01 1.07920000000000000000
1  6.14e+03  0.02340280718  5.989317e-01 1.07920000000000000000
1  6.15e+03  0.02340391828  5.989317e-01 1.07920000000000000000
1  6.17e+03  0.02341142108  5.989317e-01 1.07920000000000000000
1  6.18e+03  0.02342315232  5.989317e-01 1.07920000000000000000
1  6.19e+03  0.02343559794  5.989317e-01 1.07920000000000000000
1  6.21e+03  0.02344528654  5.989317e-01 1.07920000000000000000
1  6.22e+03  0.02344999727  5.989317e-01 1.07920000000000000000
1  6.24e+03  0.02344920131  5.989317e-01 1.07920000000000000000
1  6.25e+03  0.02344370733  5.989317e-01 1.07920000000000000000
1  6.27e+03  0.02343498647  5.989317e-01 1.07920000000000000000
1  6.28e+03  0.02342473191  5.989317e-01 1.07920000000000000000
1  6.30e+03  0.02341483462  5.989317e-01 1.07920000000000000000
1  6.31e+03  0.02340747855  5.989317e-01 1.07920000000000000000
1  6.32e+03  0.02340489951  5.989317e-01 1.07920000000000000000
1  6.34e+03  0.02340865027  5.989317e-01 1.07920000000000000000
1  6.35e+03  0.02341870953  5.989317e-01 1.07920000000000000000
1  6.37e+03  0.02343304138  5.989317e-01 1.07920000000000000000
1  6.38e+03  0.0234480252  5.989317e-01 1.07920000000000000000
1  6.40e+03  0.02345966522  5.989317e-01 1.07920000000000000000
1  6.41e+03  0.02346501552  5.989317e-01 1.07920000000000000000
1  6.43e+03  0.0234631337  5.989317e-01 1.07920000000000000000
1  6.44e+03  0.02345516096  5.989317e-01 1.07920000000000000000
1  6.46e+03  0.02344361915  5.989317e-01 1.07920000000000000000
1  6.47e+03  0.02343140505  5.989317e-01 1.07920000000000000000
1  6.49e+03  0.02342102272  5.989317e-01 1.07920000000000000000
1  6.50e+03  0.02341431501  5.989317e-01 1.07920000000000000000
1  6.52e+03  0.02341254864  5.989317e-01 1.07920000000000000000
1  6.53e+03  0.02341647219  5.989317e-01 1.07920000000000000000
1  6.55e+03  0.02342607748  5.989317e-01 1.07920000000000000000
1  6.56e+03  0.02344015877  5.989317e-01 1.07920000000000000000
1  6.58e+03  0.02345608143  5.989317e-01 1.07920000000000000000
1  6.59e+03  0.02347016443  5.989317e-01 1.07920000000000000000
1  6.61e+03  0.02347872516  5.989317e-01 1.07920000000000000000
1  6.62e+03  0.02347938005  5.989317e-01 1.07920000000000000000
1  6.64e+03  0.02347197003  5.989317e-01 1.07920000000000000000
1  6.65e+03  0.02345864459  5.989317e-01 1.07920000000000000000
1  6.67e+03  0.02344307561  5.989317e-01 1.07920000000000000000
1  6.68e+03  0.02342920101  5.989317e-01 1.07920000000000000000
1  6.70e+03  0.023420074  5.989317e-01 1.07920000000000000000
1  6.71e+03  0.02341725084  5.989317e-01 1.07920000000000000000
1  6.73e+03  0.02342080971  5.989317e-01 1.07920000000000000000
1  6.75e+03  0.02342976675  5.989317e-01 1.07920000000000000000
1  6.76e+03  0.02344252212  5.989317e-01 1.07920000000000000000
1  6.78e+03  0.02345708681  5.989317e-01 1.07920000000000000000
1  6.79e+03  0.02347111269  5.989317e-01 1.07920000000000000000
1  6.81e+03  0.02348197648  5.989317e-01 1.07920000000000000000
1  6.82e+03  0.02348717725  5.989317e-01 1.07920000000000000000
1  6.84e+03  0.02348507346  5.989317e-01 1.07920000000000000000
1  6.85e+03  0.0234756684  5.989317e-01 1.07920000000000000000
1  6.87e+03  0.02346098943  5.989317e-01 1.07920000000000000000
1  6.89e+03  0.02344473789  5.989317e-01 1.07920000000000000000
1  6.90e+03  0.02343124619  5.989317e-01 1.07920000000000000000
1  6.92e+03  0.02342414371  5.989317e-01 1.07920000000000000000
1  6.93e+03  0.02342528072  5.989317e-01 1.07920000000000000000
1  6.95e+03  0.02343431817  5.989317e-01 1.07920000000000000000
1  6.97e+03  0.02344906333  5.989317e-01 1.07920000000000000000
1  6.98e+03  0.02346630876  5.989317e-01 1.07920000000000000000
1  7.00e+03  0.0234827707  5.989317e-01 1.07920000000000000000
1  7.01e+03  0.02349577494  5.989317e-01 1.07920000000000000000
1  7.03e+03  0.02350354467  5.989317e-01 1.07920000000000000000
1  7.05e+03  0.02350518285  5.989317e-01 1.07920000000000000000
1  7.06e+03  0.0235005782  5.989317e-01 1.07920000000000000000
1  7.08e+03  0.02349042547  5.989317e-01 1.07920000000000000000
1  7.10e+03  0.02347636785  5.989317e-01 1.07920000000000000000
1  7.11e+03  0.02346106966  5.989317e-01 1.07920000000000000000
1  7.13e+03  0.02344796292  5.989317e-01 1.07920000000000000000
1  7.14e+03  0.02344054986  5.989317e-01 1.07920000000000000000
1  7.16e+03  0.02344141145  5.989317e-01 1.07920000000000000000
1  7.18e+03  0.02345129803  5.989317e-01 1.07920000000000000000
1  7.19e+03  0.02346871205  5.989317e-01 1.07920000000000000000
1  7.21e+03  0.02349020461  5.989317e-01 1.07920000000000000000
1  7.23e+03  0.02351130534  5.989317e-01 1.07920000000000000000
1  7.24e+03  0.02352774753  5.989317e-01 1.07920000000000000000
1  7.26e+03  0.02353655702  5.989317e-01 1.07920000000000000000
1  7.28e+03  0.02353666381  5.989317e-01 1.07920000000000000000
1  7.29e+03  0.02352890934  5.989317e-01 1.07920000000000000000
1  7.31e+03  0.02351555826  5.989317e-01 1.07920000000000000000
1  7.33e+03  0.02349958387  5.989317e-01 1.07920000000000000000
1  7.35e+03  0.02348401847  5.989317e-01 1.07920000000000000000
1  7.36e+03  0.02347154475  5.989317e-01 1.07920000000000000000
1  7.38e+03  0.02346431965  5.989317e-01 1.07920000000000000000
1  7.40e+03  0.02346388093  5.989317e-01 1.07920000000000000000
1  7.41e+03  0.02347097649  5.989317e-01 1.07920000000000000000
1  7.43e+03  0.02348528141  5.989317e-01 1.07920000000000000000
1  7.45e+03  0.02350513744  5.989317e-01 1.07920000000000000000
1  7.46e+03  0.02352754174  5.989317e-01 1.07920000000000000000
1  7.48e+03  0.02354855417  5.989317e-01 1.07920000000000000000
1  7.50e+03  0.02356411339  5.989317e-01 1.07920000000000000000
1  7.52e+03  0.02357105138  5.989317e-01 1.07920000000000000000
1  7.53e+03  0.02356798026  5.989317e-01 1.07920000000000000000
1  7.55e+03  0.02355574394  5.989317e-01 1.07920000000000000000
1  7.57e+03  0.02353726747  5.989317e-01 1.07920000000000000000
1  7.59e+03  0.02351683676  5.989317e-01 1.07920000000000000000
1  7.60e+03  0.02349903059  5.989317e-01 1.07920000000000000000
1  7.62e+03  0.02348763716  5.989317e-01 1.07920000000000000000
1  7.64e+03  0.02348487682  5.989317e-01 1.07920000000000000000
1  7.66e+03  0.02349112112  5.989317e-01 1.07920000000000000000
1  7.67e+03  0.02350510057  5.989317e-01 1.07920000000000000000
1  7.69e+03  0.02352442193  5.989317e-01 1.07920000000000000000
1  7.71e+03  0.02354615135  5.989317e-01 1.07920000000000000000
1  7.73e+03  0.02356728177  5.989317e-01 1.07920000000000000000
1  7.74e+03  0.02358503741  5.989317e-01 1.07920000000000000000
1  7.76e+03  0.02359708398  5.989317e-01 1.07920000000000000000
1  7.78e+03  0.0236017459  5.989317e-01 1.07920000000000000000
1  7.80e+03  0.02359827657  5.989317e-01 1.07920000000000000000
1  7.82e+03  0.02358713394  5.989317e-01 1.07920000000000000000
1  7.83e+03  0.02357014137  5.989317e-01 1.07920000000000000000
1  7.85e+03  0.02355040132  5.989317e-01 1.07920000000000000000
1  7.87e+03  0.02353188136  5.989317e-01 1.07920000000000000000
1  7.89e+03  0.02351869208  5.989317e-01 1.07920000000000000000
1  7.91e+03  0.02351419359  5.989317e-01 1.07920000000000000000
1  7.93e+03  0.02352016126  5.989317e-01 1.07920000000000000000
1  7.94e+03  0.0235362682  5.989317e-01 1.07920000000000000000
1  7.96e+03  0.02356007246  5.989317e-01 1.07920000000000000000
1  7.98e+03  0.02358754352  5.989317e-01 1.07920000000000000000
1  8.00e+03  0.02361398291  5.989317e-01 1.07920000000000000000
1  8.02e+03  0.02363506738  5.989317e-01 1.07920000000000000000
1  8.04e+03  0.02364772302  5.989317e-01 1.07920000000000000000
1  8.05e+03  0.02365062574  5.989317e-01 1.07920000000000000000
1  8.07e+03  0.02364426505  5.989317e-01 1.07920000000000000000
1  8.09e+03  0.02363063992  5.989317e-01 1.07920000000000000000
1  8.11e+03  0.02361273335  5.989317e-01 1.07920000000000000000
1  8.13e+03  0.02359392711  5.989317e-01 1.07920000000000000000
1  8.15e+03  0.02357748535  5.989317e-01 1.07920000000000000000
1  8.17e+03  0.02356617567  5.989317e-01 1.07920000000000000000
1  8.18e+03  0.02356203048  5.989317e-01 1.07920000000000000000
1  8.20e+03  0.02356620174  5.989317e-01 1.07920000000000000000
1  8.22e+03  0.02357885113  5.989317e-01 1.07920000000000000000
1  8.24e+03  0.02359905295  5.989317e-01 1.07920000000000000000
1  8.26e+03  0.02362475026  5.989317e-01 1.07920000000000000000
1  8.28e+03  0.02365285481  5.989317e-01 1.07920000000000000000
1  8.30e+03  0.02367957642  5.989317e-01 1.07920000000000000000
1  8.32e+03  0.02370099926  5.989317e-01 1.07920000000000000000
1  8.34e+03  0.02371381879  5.989317e-01 1.07920000000000000000
1  8.36e+03  0.02371606704  5.989317e-01 1.07920000000000000000
1  8.38e+03  0.02370762796  5.989317e-01 1.07920000000000000000
1  8.39e+03  0.02369038722  5.989317e-01 1.07920000000000000000
1  8.41e+03  0.02366795275  5.989317e-01 1.07920000000000000000
1  8.43e+03  0.02364499077  5.989317e-01 1.07920000000000000000
1  8.45e+03  0.02362631746  5.989317e-01 1.07920000000000000000
1  8.47e+03  0.02361595036  5.989317e-01 1.07920000000000000000
1  8.49e+03  0.02361633877  5.989317e-01 1.07920000000000000000
1  8.51e+03  0.02362795044  5.989317e-01 1.07920000000000000000
1  8.53e+03  0.02364929598  5.989317e-01 1.07920000000000000000
1  8.55e+03  0.02367735025  5.989317e-01 1.07920000000000000000
1  8.57e+03  0.02370822604  5.989317e-01 1.07920000000000000000
1  8.59e+03  0.02373790893  5.989317e-01 1.07920000000000000000
1  8.61e+03  0.02376288626  5.989317e-01 1.07920000000000000000
1  8.63e+03  0.02378057509  5.989317e-01 1.07920000000000000000
1  8.65e+03  0.02378953428  5.989317e-01 1.07920000000000000000
1  8.67e+03  0.02378950046  5.989317e-01 1.07920000000000000000
1  8.69e+03  0.02378130524  5.989317e-01 1.07920000000000000000
1  8.71e+03  0.02376672278  5.989317e-01 1.07920000000000000000
1  8.73e+03  0.02374827628  5.989317e-01 1.07920000000000000000
1  8.75e+03  0.02372901092  5.989317e-01 1.07920000000000000000
1  8.77e+03  0.02371222224  5.989317e-01 1.07920000000000000000
1  8.79e+03  0.02370112145  5.989317e-01 1.07920000000000000000
1  8.81e+03  0.02369842985  5.989317e-01 1.07920000000000000000
1  8.83e+03  0.02370593057  5.989317e-01 1.07920000000000000000
1  8.85e+03  0.02372405517  5.989317e-01 1.07920000000000000000
1  8.87e+03  0.02375162049  5.989317e-01 1.07920000000000000000
1  8.89e+03  0.02378582949  5.989317e-01 1.07920000000000000000
1  8.91e+03  0.02382259774  5.989317e-01 1.07920000000000000000
1  8.93e+03  0.02385718075  5.989317e-01 1.07920000000000000000
1  8.95e+03  0.02388499029  5.989317e-01 1.07920000000000000000
1  8.97e+03  0.0239024317  5.989317e-01 1.07920000000000000000
1  8.99e+03  0.02390758461  5.989317e-01 1.07920000000000000000
1  9.02e+03  0.0239005831  5.989317e-01 1.07920000000000000000
1  9.04e+03  0.02388361287  5.989317e-01 1.07920000000000000000
1  9.06e+03  0.02386052129  5.989317e-01 1.07920000000000000000
1  9.08e+03  0.02383611701  5.989317e-01 1.07920000000000000000
1  9.10e+03  0.02381530552  5.989317e-01 1.07920000000000000000
1  9.12e+03  0.02380224554  5.989317e-01 1.07920000000000000000
1  9.14e+03  0.02379970153  5.989317e-01 1.07920000000000000000
1  9.16e+03  0.02380870915  5.989317e-01 1.07920000000000000000
1  9.18e+03  0.02382858124  5.989317e-01 1.07920000000000000000
1  9.20e+03  0.02385719638  5.989317e-01 1.07920000000000000000
1  9.23e+03  0.02389145983  5.989317e-01 1.07920000000000000000
1  9.25e+03  0.02392781804  5.989317e-01 1.07920000000000000000
1  9.27e+03  0.02396273428  5.989317e-01 1.07920000000000000000
1  9.29e+03  0.02399307163  5.989317e-01 1.07920000000000000000
1  9.31e+03  0.02401636517  5.989317e-01 1.07920000000000000000
1  9.33e+03  0.02403099033  5.989317e-01 1.07920000000000000000
1  9.35e+03  0.02403624936  5.989317e-01 1.07920000000000000000
1  9.38e+03  0.02403240318  5.989317e-01 1.07920000000000000000
1  9.40e+03  0.0240206683  5.989317e-01 1.07920000000000000000
1  9.42e+03  0.02398560587  5.989317e-01 1.07920000000000000000
1  9.44e+03  0.02396445548  5.989317e-01 1.07920000000000000000
1  9.46e+03  0.02394522749  5.989317e-01 1.07920000000000000000
1  9.48e+03  0.02393164245  5.989317e-01 1.07920000000000000000
1  9.51e+03  0.02392706833  5.989317e-01 1.07920000000000000000
1  9.53e+03  0.02393399334  5.989317e-01 1.07920000000000000000
1  9.55e+03  0.02395353821  5.989317e-01 1.07920000000000000000
1  9.57e+03  0.02398511726  5.989317e-01 1.07920000000000000000
1  9.59e+03  0.02402634618  5.989317e-01 1.07920000000000000000
1  9.62e+03  0.02407325415  5.989317e-01 1.07920000000000000000
1  9.64e+03  0.02412079733  5.989317e-01 1.07920000000000000000
1  9.66e+03  0.02416360393  5.989317e-01 1.07920000000000000000
1  9.68e+03  0.0241968251  5.989317e-01 1.07920000000000000000
1  9.71e+03  0.02421693508  5.989317e-01 1.07920000000000000000
1  9.73e+03  0.02422232745  5.989317e-01 1.07920000000000000000
1  9.75e+03  0.02421359171  5.989317e-01 1.07920000000000000000
1  9.77e+03  0.02419341699  5.989317e-01 1.07920000000000000000
1  9.79e+03  0.02416614429  5.989317e-01 1.07920000000000000000
1  9.82e+03  0.02413705683  5.989317e-01 1.07920000000000000000
1  9.84e+03  0.02411154597  5.989317e-01 1.07920000000000000000
1  9.86e+03  0.02409430677  5.989317e-01 1.07920000000000000000
1  9.89e+03  0.02408870154  5.989317e-01 1.07920000000000000000
1  9.91e+03  0.02409638546  5.989317e-01 1.07920000000000000000
1  9.93e+03  0.02411722933  5.989317e-01 1.07920000000000000000
1  9.95e+03  0.02414951379  5.989317e-01 1.07920000000000000000
1  9.98e+03  0.02419032188  5.989317e-01 1.07920000000000000000
1  1.00e+04  0.02423603178  5.989317e-01 1.07920000000000000000
