1  1.00e-03  0.1893648118  5.838363e-01 1.05200000000000000000
1  1.05e-03  0.1893648099  5.838363e-01 1.05200000000000000000
1  1.10e-03  0.1893648141  5.838363e-01 1.05200000000000000000
1  1.15e-03  0.1893648117  5.838363e-01 1.05200000000000000000
1  1.20e-03  0.1893648149  5.838363e-01 1.05200000000000000000
1  1.26e-03  0.1893648139  5.838363e-01 1.05200000000000000000
1  1.32e-03  0.1893648145  5.838363e-01 1.05200000000000000000
1  1.38e-03  0.1893648137  5.838363e-01 1.05200000000000000000
1  1.45e-03  0.189364813  5.838363e-01 1.05200000000000000000
1  1.51e-03  0.1893648167  5.838363e-01 1.05200000000000000000
1  1.58e-03  0.1893648116  5.838363e-01 1.05200000000000000000
1  1.66e-03  0.1893648151  5.838363e-01 1.05200000000000000000
1  1.74e-03  0.1893648144  5.838363e-01 1.05200000000000000000
1  1.82e-03  0.1893648135  5.838363e-01 1.05200000000000000000
1  1.91e-03  0.189364813  5.838363e-01 1.05200000000000000000
1  2.00e-03  0.1893648124  5.838363e-01 1.05200000000000000000
1  2.09e-03  0.189364816  5.838363e-01 1.05200000000000000000
1  2.19e-03  0.1893648153  5.838363e-01 1.05200000000000000000
1  2.29e-03  0.1893648126  5.838363e-01 1.05200000000000000000
1  2.40e-03  0.1893648143  5.838363e-01 1.05200000000000000000
1  2.51e-03  0.1893648157  5.838363e-01 1.05200000000000000000
1  2.63e-03  0.189364817  5.838363e-01 1.05200000000000000000
1  2.75e-03  0.1893648155  5.838363e-01 1.05200000000000000000
1  2.88e-03  0.1893678468  5.838363e-01 1.05200000000000000000
1  3.02e-03  0.1893648192  5.838363e-01 1.05200000000000000000
1  3.16e-03  0.1893648191  5.838363e-01 1.05200000000000000000
1  3.31e-03  0.1893648133  5.838363e-01 1.05200000000000000000
1  3.47e-03  0.1893648168  5.838363e-01 1.05200000000000000000
1  3.63e-03  0.1893648156  5.838363e-01 1.05200000000000000000
1  3.80e-03  0.1893648156  5.838363e-01 1.05200000000000000000
1  3.98e-03  0.1893648186  5.838363e-01 1.05200000000000000000
1  4.17e-03  0.1893648152  5.838363e-01 1.05200000000000000000
1  4.37e-03  0.1893648169  5.838363e-01 1.05200000000000000000
1  4.57e-03  0.1893648193  5.838363e-01 1.05200000000000000000
1  4.79e-03  0.1893648182  5.838363e-01 1.05200000000000000000
1  5.01e-03  0.1893648227  5.838363e-01 1.05200000000000000000
1  5.25e-03  0.1893648183  5.838363e-01 1.05200000000000000000
1  5.50e-03  0.18936481  5.838363e-01 1.05200000000000000000
1  5.75e-03  0.1893648161  5.838363e-01 1.05200000000000000000
1  6.03e-03  0.1893648203  5.838363e-01 1.05200000000000000000
1  6.31e-03  0.189364827  5.838363e-01 1.05200000000000000000
1  6.61e-03  0.1893648173  5.838363e-01 1.05200000000000000000
1  6.92e-03  0.1893648187  5.838363e-01 1.05200000000000000000
1  7.24e-03  0.1893648172  5.838363e-01 1.05200000000000000000
1  7.59e-03  0.1893648215  5.838363e-01 1.05200000000000000000
1  7.94e-03  0.1893648287  5.838363e-01 1.05200000000000000000
1  8.32e-03  0.1893648231  5.838363e-01 1.05200000000000000000
1  8.71e-03  0.1893648255  5.838363e-01 1.05200000000000000000
1  9.12e-03  0.1893648224  5.838363e-01 1.05200000000000000000
1  9.55e-03  0.1893648274  5.838363e-01 1.05200000000000000000
1  1.00e-02  0.1893647679  5.838363e-01 1.05200000000000000000
1  1.05e-02  0.1893648417  5.838363e-01 1.05200000000000000000
1  1.10e-02  0.1893648328  5.838363e-01 1.05200000000000000000
1  1.15e-02  0.1893648358  5.838363e-01 1.05200000000000000000
1  1.20e-02  0.1893648488  5.838363e-01 1.05200000000000000000
1  1.26e-02  0.1893648227  5.838363e-01 1.05200000000000000000
1  1.32e-02  0.1893648364  5.838363e-01 1.05200000000000000000
1  1.38e-02  0.1893648373  5.838363e-01 1.05200000000000000000
1  1.45e-02  0.1893648386  5.838363e-01 1.05200000000000000000
1  1.51e-02  0.1893648385  5.838363e-01 1.05200000000000000000
1  1.58e-02  0.1893648425  5.838363e-01 1.05200000000000000000
1  1.66e-02  0.1893648325  5.838363e-01 1.05200000000000000000
1  1.74e-02  0.1893648457  5.838363e-01 1.05200000000000000000
1  1.82e-02  0.1893648464  5.838363e-01 1.05200000000000000000
1  1.91e-02  0.1893648463  5.838363e-01 1.05200000000000000000
1  2.00e-02  0.1893648249  5.838363e-01 1.05200000000000000000
1  2.09e-02  0.1893648496  5.838363e-01 1.05200000000000000000
1  2.19e-02  0.189364826  5.838363e-01 1.05200000000000000000
1  2.29e-02  0.1893648462  5.838363e-01 1.05200000000000000000
1  2.40e-02  0.1893656962  5.838363e-01 1.05200000000000000000
1  2.51e-02  0.1893648234  5.838363e-01 1.05200000000000000000
1  2.63e-02  0.1893648268  5.838363e-01 1.05200000000000000000
1  2.75e-02  0.1893648842  5.838363e-01 1.05200000000000000000
1  2.88e-02  0.1893649059  5.838363e-01 1.05200000000000000000
1  3.02e-02  0.1893648433  5.838363e-01 1.05200000000000000000
1  3.16e-02  0.1893648357  5.838363e-01 1.05200000000000000000
1  3.31e-02  0.1893648197  5.838363e-01 1.05200000000000000000
1  3.47e-02  0.1893648631  5.838363e-01 1.05200000000000000000
1  3.63e-02  0.1893649014  5.838363e-01 1.05200000000000000000
1  3.80e-02  0.1893654403  5.838363e-01 1.05200000000000000000
1  3.98e-02  0.1893648342  5.838363e-01 1.05200000000000000000
1  4.17e-02  0.1893648961  5.838363e-01 1.05200000000000000000
1  4.37e-02  0.1893649693  5.838363e-01 1.05200000000000000000
1  4.57e-02  0.1893649243  5.838363e-01 1.05200000000000000000
1  4.79e-02  0.1893653061  5.838363e-01 1.05200000000000000000
1  5.01e-02  0.1893649723  5.838363e-01 1.05200000000000000000
1  5.25e-02  0.1893648929  5.838363e-01 1.05200000000000000000
1  5.50e-02  0.1893648602  5.838363e-01 1.05200000000000000000
1  5.75e-02  0.1893648894  5.838363e-01 1.05200000000000000000
1  6.03e-02  0.1893649124  5.838363e-01 1.05200000000000000000
1  6.31e-02  0.1893648728  5.838363e-01 1.05200000000000000000
1  6.61e-02  0.1893648817  5.838363e-01 1.05200000000000000000
1  6.92e-02  0.1893649719  5.838363e-01 1.05200000000000000000
1  7.24e-02  0.1893648844  5.838363e-01 1.05200000000000000000
1  7.59e-02  0.1893658262  5.838363e-01 1.05200000000000000000
1  7.94e-02  0.1893652357  5.838363e-01 1.05200000000000000000
1  8.32e-02  0.1893652419  5.838363e-01 1.05200000000000000000
1  8.71e-02  0.1893650352  5.838363e-01 1.05200000000000000000
1  9.12e-02  0.1893649995  5.838363e-01 1.05200000000000000000
1  9.55e-02  0.1893650611  5.838363e-01 1.05200000000000000000
1  1.00e-01  0.1893665876  5.838363e-01 1.05200000000000000000
1  1.05e-01  0.1893650306  5.838363e-01 1.05200000000000000000
1  1.10e-01  0.1893649678  5.838363e-01 1.05200000000000000000
1  1.15e-01  0.1893649693  5.838363e-01 1.05200000000000000000
1  1.20e-01  0.1893650869  5.838363e-01 1.05200000000000000000
1  1.26e-01  0.1893649467  5.838363e-01 1.05200000000000000000
1  1.32e-01  0.1893649607  5.838363e-01 1.05200000000000000000
1  1.38e-01  0.1893648811  5.838363e-01 1.05200000000000000000
1  1.45e-01  0.1893649641  5.838363e-01 1.05200000000000000000
1  1.51e-01  0.1893650738  5.838363e-01 1.05200000000000000000
1  1.58e-01  0.189365127  5.838363e-01 1.05200000000000000000
1  1.66e-01  0.1893656425  5.838363e-01 1.05200000000000000000
1  1.74e-01  0.1893647529  5.838363e-01 1.05200000000000000000
1  1.82e-01  0.1893652659  5.838363e-01 1.05200000000000000000
1  1.91e-01  0.1893649558  5.838363e-01 1.05200000000000000000
1  2.00e-01  0.1893634278  5.838363e-01 1.05200000000000000000
1  2.09e-01  0.1893627788  5.838363e-01 1.05200000000000000000
1  2.19e-01  0.189365275  5.838363e-01 1.05200000000000000000
1  2.29e-01  0.1893650275  5.838363e-01 1.05200000000000000000
1  2.40e-01  0.1893651155  5.838363e-01 1.05200000000000000000
1  2.51e-01  0.1893649107  5.838363e-01 1.05200000000000000000
1  2.63e-01  0.189365146  5.838363e-01 1.05200000000000000000
1  2.75e-01  0.189365262  5.838363e-01 1.05200000000000000000
1  2.88e-01  0.1893652646  5.838363e-01 1.05200000000000000000
1  3.02e-01  0.1893651677  5.838363e-01 1.05200000000000000000
1  3.16e-01  0.1893652705  5.838363e-01 1.05200000000000000000
1  3.31e-01  0.1893649653  5.838363e-01 1.05200000000000000000
1  3.47e-01  0.1893689802  5.838363e-01 1.05200000000000000000
1  3.63e-01  0.1893649465  5.838363e-01 1.05200000000000000000
1  3.80e-01  0.1893637396  5.838363e-01 1.05200000000000000000
1  3.98e-01  0.1893651047  5.838363e-01 1.05200000000000000000
1  4.17e-01  0.1893654312  5.838363e-01 1.05200000000000000000
1  4.37e-01  0.1893649058  5.838363e-01 1.05200000000000000000
1  4.57e-01  0.1893654011  5.838363e-01 1.05200000000000000000
1  4.79e-01  0.1893649626  5.838363e-01 1.05200000000000000000
1  5.01e-01  0.1893654482  5.838363e-01 1.05200000000000000000
1  5.25e-01  0.1893656664  5.838363e-01 1.05200000000000000000
1  5.50e-01  0.1893656878  5.838363e-01 1.05200000000000000000
1  5.75e-01  0.189367867  5.838363e-01 1.05200000000000000000
1  6.03e-01  0.1893656572  5.838363e-01 1.05200000000000000000
1  6.31e-01  0.189371409  5.838363e-01 1.05200000000000000000
1  6.61e-01  0.1893651652  5.838363e-01 1.05200000000000000000
1  6.92e-01  0.1893650274  5.838363e-01 1.05200000000000000000
1  7.24e-01  0.1893658197  5.838363e-01 1.05200000000000000000
1  7.59e-01  0.189365569  5.838363e-01 1.05200000000000000000
1  7.94e-01  0.1893659324  5.838363e-01 1.05200000000000000000
1  8.32e-01  0.1893655006  5.838363e-01 1.05200000000000000000
1  8.71e-01  0.1893656541  5.838363e-01 1.05200000000000000000
1  9.12e-01  0.1893655544  5.838363e-01 1.05200000000000000000
1  9.55e-01  0.1893663743  5.838363e-01 1.05200000000000000000
1  1.00e+00  0.189365724  5.838363e-01 1.05200000000000000000
1  1.05e+00  0.1893665382  5.838363e-01 1.05200000000000000000
1  1.10e+00  0.1893651752  5.838363e-01 1.05200000000000000000
1  1.15e+00  0.1893651718  5.838363e-01 1.05200000000000000000
1  1.20e+00  0.1893649152  5.838363e-01 1.05200000000000000000
1  1.26e+00  0.189365272  5.838363e-01 1.05200000000000000000
1  1.32e+00  0.1893665953  5.838363e-01 1.05200000000000000000
1  1.38e+00  0.189364984  5.838363e-01 1.05200000000000000000
1  1.45e+00  0.1893764046  5.838363e-01 1.05200000000000000000
1  1.51e+00  0.1893647893  5.838363e-01 1.05200000000000000000
1  1.58e+00  0.1893688221  5.838363e-01 1.05200000000000000000
1  1.66e+00  0.1893659171  5.838363e-01 1.05200000000000000000
1  1.74e+00  0.1893657566  5.838363e-01 1.05200000000000000000
1  1.82e+00  0.1893661103  5.838363e-01 1.05200000000000000000
1  1.91e+00  0.1893654722  5.838363e-01 1.05200000000000000000
1  2.00e+00  0.1893662645  5.838363e-01 1.05200000000000000000
1  2.09e+00  0.1893649177  5.838363e-01 1.05200000000000000000
1  2.19e+00  0.1893676934  5.838363e-01 1.05200000000000000000
1  2.29e+00  0.1893648976  5.838363e-01 1.05200000000000000000
1  2.40e+00  0.1894048584  5.838363e-01 1.05200000000000000000
1  2.51e+00  0.1893665529  5.838363e-01 1.05200000000000000000
1  2.63e+00  0.1893693414  5.838363e-01 1.05200000000000000000
1  2.75e+00  0.189366921  5.838363e-01 1.05200000000000000000
1  2.88e+00  0.1893704907  5.838363e-01 1.05200000000000000000
1  3.02e+00  0.1893752958  5.838363e-01 1.05200000000000000000
1  3.16e+00  0.1893676814  5.838363e-01 1.05200000000000000000
1  3.31e+00  0.1893266515  5.838363e-01 1.05200000000000000000
1  3.47e+00  0.1894304144  5.838363e-01 1.05200000000000000000
1  3.63e+00  0.189384766  5.838363e-01 1.05200000000000000000
1  3.80e+00  0.1893666834  5.838363e-01 1.05200000000000000000
1  3.98e+00  0.1893648639  5.838363e-01 1.05200000000000000000
1  4.17e+00  0.1893654253  5.838363e-01 1.05200000000000000000
1  4.37e+00  0.1893676974  5.838363e-01 1.05200000000000000000
1  4.57e+00  0.1893644813  5.838363e-01 1.05200000000000000000
1  4.79e+00  0.1893670893  5.838363e-01 1.05200000000000000000
1  5.01e+00  0.1893679183  5.838363e-01 1.05200000000000000000
1  5.25e+00  0.189378367  5.838363e-01 1.05200000000000000000
1  5.50e+00  0.1892482643  5.838363e-01 1.05200000000000000000
1  5.75e+00  0.189366514  5.838363e-01 1.05200000000000000000
1  6.03e+00  0.189393679  5.838363e-01 1.05200000000000000000
1  6.31e+00  0.1894084668  5.838363e-01 1.05200000000000000000
1  6.61e+00  0.1893688914  5.838363e-01 1.05200000000000000000
1  6.92e+00  0.1893703072  5.838363e-01 1.05200000000000000000
1  7.24e+00  0.1893647641  5.838363e-01 1.05200000000000000000
1  7.59e+00  0.1893735604  5.838363e-01 1.05200000000000000000
1  7.94e+00  0.1894746612  5.838363e-01 1.05200000000000000000
1  8.32e+00  0.1892846964  5.838363e-01 1.05200000000000000000
1  8.71e+00  0.1896595482  5.838363e-01 1.05200000000000000000
1  9.12e+00  0.189447218  5.838363e-01 1.05200000000000000000
1  9.55e+00  0.1895408308  5.838363e-01 1.05200000000000000000
1  1.00e+01  0.1894416966  5.838363e-01 1.05200000000000000000
1  1.05e+01  0.189605945  5.838363e-01 1.05200000000000000000
1  1.10e+01  0.1894216136  5.838363e-01 1.05200000000000000000
1  1.15e+01  0.1893810412  5.838363e-01 1.05200000000000000000
1  1.20e+01  0.189543489  5.838363e-01 1.05200000000000000000
1  1.26e+01  0.1892813181  5.838363e-01 1.05200000000000000000
1  1.32e+01  0.1894261397  5.838363e-01 1.05200000000000000000
1  1.38e+01  0.189373182  5.838363e-01 1.05200000000000000000
1  1.45e+01  0.1893681506  5.838363e-01 1.05200000000000000000
1  1.51e+01  0.1893790051  5.838363e-01 1.05200000000000000000
1  1.58e+01  0.1893908865  5.838363e-01 1.05200000000000000000
1  1.66e+01  0.1894219812  5.838363e-01 1.05200000000000000000
1  1.74e+01  0.1894999555  5.838363e-01 1.05200000000000000000
1  1.82e+01  0.1901773992  5.838363e-01 1.05200000000000000000
1  1.91e+01  0.1893867794  5.838363e-01 1.05200000000000000000
1  2.00e+01  0.1894036719  5.838363e-01 1.05200000000000000000
1  2.09e+01  0.1876770966  5.838363e-01 1.05200000000000000000
1  2.19e+01  0.1882241573  5.838363e-01 1.05200000000000000000
1  2.29e+01  0.1891845838  5.838363e-01 1.05200000000000000000
1  2.40e+01  0.1897547752  5.838363e-01 1.05200000000000000000
1  2.51e+01  0.189431937  5.838363e-01 1.05200000000000000000
1  2.63e+01  0.1892338328  5.838363e-01 1.05200000000000000000
1  2.75e+01  0.1905075322  5.838363e-01 1.05200000000000000000
1  2.88e+01  0.1900177414  5.838363e-01 1.05200000000000000000
1  3.02e+01  0.1896497602  5.838363e-01 1.05200000000000000000
1  3.16e+01  0.1890240667  5.838363e-01 1.05200000000000000000
1  3.31e+01  0.1893479285  5.838363e-01 1.05200000000000000000
1  3.47e+01  0.1894574863  5.838363e-01 1.05200000000000000000
1  3.63e+01  0.1884375474  5.838363e-01 1.05200000000000000000
1  3.80e+01  0.1895510862  5.838363e-01 1.05200000000000000000
1  3.98e+01  0.1893628487  5.838363e-01 1.05200000000000000000
1  4.17e+01  0.1892881069  5.838363e-01 1.05200000000000000000
1  4.37e+01  0.1893200649  5.838363e-01 1.05200000000000000000
1  4.57e+01  0.1892861768  5.838363e-01 1.05200000000000000000
1  4.79e+01  0.1902205447  5.838363e-01 1.05200000000000000000
1  5.01e+01  0.1894181567  5.838363e-01 1.05200000000000000000
1  5.25e+01  0.1893754144  5.838363e-01 1.05200000000000000000
1  5.50e+01  0.1897935837  5.838363e-01 1.05200000000000000000
1  5.75e+01  0.1893006884  5.838363e-01 1.05200000000000000000
1  6.03e+01  0.1888178857  5.838363e-01 1.05200000000000000000
1  6.31e+01  0.189738831  5.838363e-01 1.05200000000000000000
1  6.61e+01  0.1894756888  5.838363e-01 1.05200000000000000000
1  6.92e+01  0.1894075339  5.838363e-01 1.05200000000000000000
1  7.24e+01  0.1892897038  5.838363e-01 1.05200000000000000000
1  7.59e+01  0.1899758326  5.838363e-01 1.05200000000000000000
1  7.94e+01  0.1901926402  5.838363e-01 1.05200000000000000000
1  8.32e+01  0.1894917908  5.838363e-01 1.05200000000000000000
1  8.71e+01  0.1899739561  5.838363e-01 1.05200000000000000000
1  9.12e+01  0.189529625  5.838363e-01 1.05200000000000000000
1  9.55e+01  0.1896503449  5.838363e-01 1.05200000000000000000
1  1.00e+02  0.1900767588  5.838363e-01 1.05200000000000000000
1  1.05e+02  0.1897165085  5.838363e-01 1.05200000000000000000
1  1.10e+02  0.1895389498  5.838363e-01 1.05200000000000000000
1  1.15e+02  0.1895516395  5.838363e-01 1.05200000000000000000
1  1.20e+02  0.1894382411  5.838363e-01 1.05200000000000000000
1  1.26e+02  0.1888013074  5.838363e-01 1.05200000000000000000
1  1.32e+02  0.1894532784  5.838363e-01 1.05200000000000000000
1  1.38e+02  0.1895828558  5.838363e-01 1.05200000000000000000
1  1.45e+02  0.1894988919  5.838363e-01 1.05200000000000000000
1  1.51e+02  0.1895034675  5.838363e-01 1.05200000000000000000
1  1.58e+02  0.1892024371  5.838363e-01 1.05200000000000000000
1  1.66e+02  0.1894072737  5.838363e-01 1.05200000000000000000
1  1.74e+02  0.1897881165  5.838363e-01 1.05200000000000000000
1  1.82e+02  0.1893353359  5.838363e-01 1.05200000000000000000
1  1.91e+02  0.1893625254  5.838363e-01 1.05200000000000000000
1  2.00e+02  0.1902125533  5.838363e-01 1.05200000000000000000
1  2.09e+02  0.1887586658  5.838363e-01 1.05200000000000000000
1  2.19e+02  0.1894874637  5.838363e-01 1.05200000000000000000
1  2.29e+02  0.1896324377  5.838363e-01 1.05200000000000000000
1  2.40e+02  0.1897663064  5.838363e-01 1.05200000000000000000
1  2.51e+02  0.1893365748  5.838363e-01 1.05200000000000000000
1  2.63e+02  0.1893178069  5.838363e-01 1.05200000000000000000
1  2.75e+02  0.1894761505  5.838363e-01 1.05200000000000000000
1  2.88e+02  0.189851014  5.838363e-01 1.05200000000000000000
1  3.02e+02  0.1896423577  5.838363e-01 1.05200000000000000000
1  3.16e+02  0.1898602729  5.838363e-01 1.05200000000000000000
1  3.31e+02  0.1897678931  5.838363e-01 1.05200000000000000000
1  3.47e+02  0.1898193307  5.838363e-01 1.05200000000000000000
1  3.63e+02  0.1897073653  5.838363e-01 1.05200000000000000000
1  3.80e+02  0.1894614561  5.838363e-01 1.05200000000000000000
1  3.98e+02  0.1899110394  5.838363e-01 1.05200000000000000000
1  4.17e+02  0.1896190391  5.838363e-01 1.05200000000000000000
1  4.37e+02  0.1899293195  5.838363e-01 1.05200000000000000000
1  4.57e+02  0.1897831885  5.838363e-01 1.05200000000000000000
1  4.79e+02  0.1898494764  5.838363e-01 1.05200000000000000000
1  5.01e+02  0.1895590099  5.838363e-01 1.05200000000000000000
1  5.25e+02  0.1896613974  5.838363e-01 1.05200000000000000000
1  5.50e+02  0.1890573814  5.838363e-01 1.05200000000000000000
1  5.75e+02  0.1903403414  5.838363e-01 1.05200000000000000000
1  6.03e+02  0.1896812026  5.838363e-01 1.05200000000000000000
1  6.31e+02  0.1894517955  5.838363e-01 1.05200000000000000000
1  6.61e+02  0.1898927451  5.838363e-01 1.05200000000000000000
1  6.92e+02  0.1903207558  5.838363e-01 1.05200000000000000000
1  7.24e+02  0.1899378558  5.838363e-01 1.05200000000000000000
1  7.59e+02  0.1905672493  5.838363e-01 1.05200000000000000000
1  7.94e+02  0.189917938  5.838363e-01 1.05200000000000000000
1  8.32e+02  0.189474291  5.838363e-01 1.05200000000000000000
1  8.71e+02  0.1896466967  5.838363e-01 1.05200000000000000000
1  9.12e+02  0.1893533593  5.838363e-01 1.05200000000000000000
1  9.55e+02  0.1904619317  5.838363e-01 1.05200000000000000000
1  1.00e+03  0.1907560755  5.838363e-01 1.05200000000000000000
1  1.05e+03  0.1895437667  5.838363e-01 1.05200000000000000000
1  1.10e+03  0.1902860858  5.838363e-01 1.05200000000000000000
1  1.15e+03  0.1911039635  5.838363e-01 1.05200000000000000000
1  1.20e+03  0.1904901468  5.838363e-01 1.05200000000000000000
1  1.26e+03  0.1887092531  5.838363e-01 1.05200000000000000000
1  1.32e+03  0.1883908843  5.838363e-01 1.05200000000000000000
1  1.38e+03  0.1899768416  5.838363e-01 1.05200000000000000000
1  1.45e+03  0.1882728104  5.838363e-01 1.05200000000000000000
1  1.51e+03  0.1940691859  5.838363e-01 1.05200000000000000000
1  1.58e+03  0.1926779206  5.838363e-01 1.05200000000000000000
1  1.66e+03  0.1901586167  5.838363e-01 1.05200000000000000000
1  1.74e+03  0.1902504135  5.838363e-01 1.05200000000000000000
1  1.82e+03  0.1929985374  5.838363e-01 1.05200000000000000000
1  1.91e+03  0.1851521546  5.838363e-01 1.05200000000000000000
1  2.00e+03  0.1883746077  5.838363e-01 1.05200000000000000000
1  2.09e+03  0.1811296905  5.838363e-01 1.05200000000000000000
1  2.19e+03  0.1830675741  5.838363e-01 1.05200000000000000000
1  2.29e+03  0.187912811  5.838363e-01 1.05200000000000000000
1  2.40e+03  0.1866191404  5.838363e-01 1.05200000000000000000
1  2.51e+03  0.188276308  5.838363e-01 1.05200000000000000000
1  2.63e+03  0.2127340478  5.838363e-01 1.05200000000000000000
1  2.75e+03  0.1915637616  5.838363e-01 1.05200000000000000000
1  2.88e+03  0.2227661366  5.838363e-01 1.05200000000000000000
1  3.02e+03  0.1978674147  5.838363e-01 1.05200000000000000000
1  3.16e+03  0.1904323252  5.838363e-01 1.05200000000000000000
1  3.31e+03  0.1859015723  5.838363e-01 1.05200000000000000000
1  3.47e+03  0.1712752164  5.838363e-01 1.05200000000000000000
1  3.63e+03  0.1852344527  5.838363e-01 1.05200000000000000000
1  3.80e+03  0.1746966903  5.838363e-01 1.05200000000000000000
1  3.98e+03  0.1923040083  5.838363e-01 1.05200000000000000000
1  4.17e+03  0.1695367225  5.838363e-01 1.05200000000000000000
1  4.37e+03  0.1877585656  5.838363e-01 1.05200000000000000000
1  4.57e+03  0.1718975617  5.838363e-01 1.05200000000000000000
1  4.79e+03  0.152722584  5.838363e-01 1.05200000000000000000
1  5.01e+03  0.1971906471  5.838363e-01 1.05200000000000000000
1  5.25e+03  0.1733533898  5.838363e-01 1.05200000000000000000
1  5.50e+03  0.1525809761  5.838363e-01 1.05200000000000000000
1  5.75e+03  0.181988248  5.838363e-01 1.05200000000000000000
1  6.03e+03  0.1497918549  5.838363e-01 1.05200000000000000000
1  6.31e+03  0.1567294766  5.838363e-01 1.05200000000000000000
1  6.61e+03  0.2310837397  5.838363e-01 1.05200000000000000000
1  6.92e+03  0.3288930687  5.838363e-01 1.05200000000000000000
1  7.24e+03  0.1577371973  5.838363e-01 1.05200000000000000000
1  7.59e+03  0.2208998048  5.838363e-01 1.05200000000000000000
1  7.94e+03  0.184141715  5.838363e-01 1.05200000000000000000
1  8.32e+03  0.2086057579  5.838363e-01 1.05200000000000000000
1  8.71e+03  0.2665383482  5.838363e-01 1.05200000000000000000
1  9.12e+03  0.3256862481  5.838363e-01 1.05200000000000000000
1  9.55e+03  0.2075694436  5.838363e-01 1.05200000000000000000
1  1.00e+04  0.2550787825  5.838363e-01 1.05200000000000000000
1  1.05e+04  0.1918368071  5.838363e-01 1.05200000000000000000
1  1.10e+04  0.2312512126  5.838363e-01 1.05200000000000000000
1  1.15e+04  0.1804170514  5.838363e-01 1.05200000000000000000
1  1.20e+04  0.1797092005  5.838363e-01 1.05200000000000000000
1  1.26e+04  0.391919826  5.838363e-01 1.05200000000000000000
1  1.32e+04  0.1810130711  5.838363e-01 1.05200000000000000000
1  1.38e+04  0.4364918582  5.838363e-01 1.05200000000000000000
1  1.45e+04  0.199193766  5.838363e-01 1.05200000000000000000
1  1.51e+04  0.3489920209  5.838363e-01 1.05200000000000000000
1  1.58e+04  0.2009530228  5.838363e-01 1.05200000000000000000
1  1.66e+04  0.1690343038  5.838363e-01 1.05200000000000000000
1  1.74e+04  0.276389164  5.838363e-01 1.05200000000000000000
1  1.82e+04  0.3339353845  5.838363e-01 1.05200000000000000000
1  1.91e+04  0.5528457117  5.838363e-01 1.05200000000000000000
1  2.00e+04  0.2023683171  5.838363e-01 1.05200000000000000000
1  2.09e+04  0.2546402696  5.838363e-01 1.05200000000000000000
1  2.19e+04  0.5804737382  5.838363e-01 1.05200000000000000000
1  2.29e+04  0.2253244463  5.838363e-01 1.05200000000000000000
1  2.40e+04  0.3136821448  5.838363e-01 1.05200000000000000000
1  2.51e+04  0.5919467502  5.838363e-01 1.05200000000000000000
1  2.63e+04  0.2215659792  5.838363e-01 1.05200000000000000000
1  2.75e+04  0.3345941624  5.838363e-01 1.05200000000000000000
1  2.88e+04  0.1971651437  5.838363e-01 1.05200000000000000000
1  3.02e+04  0.4593249401  5.838363e-01 1.05200000000000000000
1  3.16e+04  0.4120949156  5.838363e-01 1.05200000000000000000
1  3.31e+04  0.352032859  5.838363e-01 1.05200000000000000000
1  3.47e+04  0.2355131723  5.838363e-01 1.05200000000000000000
1  3.63e+04  0.382302294  5.838363e-01 1.05200000000000000000
1  3.80e+04  0.2348781756  5.838363e-01 1.05200000000000000000
1  3.98e+04  0.5901595471  5.838363e-01 1.05200000000000000000
1  4.17e+04  0.2391381749  5.838363e-01 1.05200000000000000000
1  4.37e+04  0.4729676256  5.838363e-01 1.05200000000000000000
1  4.57e+04  0.3504310923  5.838363e-01 1.05200000000000000000
1  4.79e+04  0.238488763  5.838363e-01 1.05200000000000000000
1  5.01e+04  0.2274149764  5.838363e-01 1.05200000000000000000
1  5.25e+04  0.4443872771  5.838363e-01 1.05200000000000000000
1  5.50e+04  0.2762884339  5.838363e-01 1.05200000000000000000
1  5.75e+04  0.3631080457  5.838363e-01 1.05200000000000000000
1  6.03e+04  0.6061909114  5.838363e-01 1.05200000000000000000
1  6.31e+04  0.2729700266  5.838363e-01 1.05200000000000000000
1  6.61e+04  0.3380494048  5.838363e-01 1.05200000000000000000
1  6.92e+04  0.5468591766  5.838363e-01 1.05200000000000000000
1  7.24e+04  0.3243348166  5.838363e-01 1.05200000000000000000
1  7.59e+04  0.1937541818  5.838363e-01 1.05200000000000000000
1  7.94e+04  0.2716129571  5.838363e-01 1.05200000000000000000
1  8.32e+04  0.2772036866  5.838363e-01 1.05200000000000000000
1  8.71e+04  0.2754875044  5.838363e-01 1.05200000000000000000
1  9.12e+04  0.3140792234  5.838363e-01 1.05200000000000000000
1  9.55e+04  0.267279147  5.838363e-01 1.05200000000000000000
1  1.00e+05  0.18941986  5.838363e-01 1.05200000000000000000
1  1.05e+05  0.2519641606  5.838363e-01 1.05200000000000000000
1  1.10e+05  0.4144577619  5.838363e-01 1.05200000000000000000
1  1.15e+05  0.4742772657  5.838363e-01 1.05200000000000000000
1  1.20e+05  0.3683761671  5.838363e-01 1.05200000000000000000
1  1.26e+05  0.243036446  5.838363e-01 1.05200000000000000000
1  1.32e+05  0.2504576115  5.838363e-01 1.05200000000000000000
1  1.38e+05  0.3818559361  5.838363e-01 1.05200000000000000000
1  1.45e+05  0.5075207999  5.838363e-01 1.05200000000000000000
1  1.51e+05  0.5216876832  5.838363e-01 1.05200000000000000000
1  1.58e+05  0.4262071114  5.838363e-01 1.05200000000000000000
1  1.66e+05  0.302823231  5.838363e-01 1.05200000000000000000
1  1.74e+05  0.2343783168  5.838363e-01 1.05200000000000000000
1  1.82e+05  0.2501931693  5.838363e-01 1.05200000000000000000
1  1.91e+05  0.323351172  5.838363e-01 1.05200000000000000000
1  2.00e+05  0.4020948674  5.838363e-01 1.05200000000000000000
1  2.09e+05  0.4441400045  5.838363e-01 1.05200000000000000000
1  2.19e+05  0.4343000352  5.838363e-01 1.05200000000000000000
1  2.29e+05  0.3831224945  5.838363e-01 1.05200000000000000000
1  2.40e+05  0.314687944  5.838363e-01 1.05200000000000000000
1  2.51e+05  0.2532170983  5.838363e-01 1.05200000000000000000
1  2.63e+05  0.214424723  5.838363e-01 1.05200000000000000000
1  2.75e+05  0.2030054586  5.838363e-01 1.05200000000000000000
1  2.88e+05  0.2146731432  5.838363e-01 1.05200000000000000000
1  3.02e+05  0.240231618  5.838363e-01 1.05200000000000000000
1  3.16e+05  0.2695813231  5.838363e-01 1.05200000000000000000
1  3.31e+05  0.2945119609  5.838363e-01 1.05200000000000000000
1  3.47e+05  0.3100027019  5.838363e-01 1.05200000000000000000
1  3.63e+05  0.3142957863  5.838363e-01 1.05200000000000000000
1  3.80e+05  0.3082195338  5.838363e-01 1.05200000000000000000
1  3.98e+05  0.2942172274  5.838363e-01 1.05200000000000000000
1  4.17e+05  0.2754091735  5.838363e-01 1.05200000000000000000
1  4.37e+05  0.2548656719  5.838363e-01 1.05200000000000000000
1  4.57e+05  0.2351469923  5.838363e-01 1.05200000000000000000
1  4.79e+05  0.2180886031  5.838363e-01 1.05200000000000000000
1  5.01e+05  0.2047724239  5.838363e-01 1.05200000000000000000
1  5.25e+05  0.1956163993  5.838363e-01 1.05200000000000000000
1  5.50e+05  0.1905229654  5.838363e-01 1.05200000000000000000
1  5.75e+05  0.1890423019  5.838363e-01 1.05200000000000000000
1  6.03e+05  0.1905223337  5.838363e-01 1.05200000000000000000
1  6.31e+05  0.1942309806  5.838363e-01 1.05200000000000000000
1  6.61e+05  0.1996782088  5.838363e-01 1.05200000000000000000
1  6.92e+05  0.2061162999  5.838363e-01 1.05200000000000000000
1  7.24e+05  0.2128085507  5.838363e-01 1.05200000000000000000
1  7.59e+05  0.2192342298  5.838363e-01 1.05200000000000000000
1  7.94e+05  0.2250269536  5.838363e-01 1.05200000000000000000
1  8.32e+05  0.2299563141  5.838363e-01 1.05200000000000000000
1  8.71e+05  0.2339038963  5.838363e-01 1.05200000000000000000
1  9.12e+05  0.2368381208  5.838363e-01 1.05200000000000000000
1  9.55e+05  0.2387906807  5.838363e-01 1.05200000000000000000
1  1.00e+06  0.2398360694  5.838363e-01 1.05200000000000000000
1  1.05e+06  0.2400747964  5.838363e-01 1.05200000000000000000
1  1.10e+06  0.2396203088  5.838363e-01 1.05200000000000000000
1  1.15e+06  0.2385892953  5.838363e-01 1.05200000000000000000
1  1.20e+06  0.2370948873  5.838363e-01 1.05200000000000000000
1  1.26e+06  0.2352422147  5.838363e-01 1.05200000000000000000
1  1.32e+06  0.2331257986  5.838363e-01 1.05200000000000000000
1  1.38e+06  0.2308283161  5.838363e-01 1.05200000000000000000
1  1.45e+06  0.2284203472  5.838363e-01 1.05200000000000000000
1  1.51e+06  0.2259607873  5.838363e-01 1.05200000000000000000
1  1.58e+06  0.223497681  5.838363e-01 1.05200000000000000000
1  1.66e+06  0.2211438685  5.838363e-01 1.05200000000000000000
1  1.74e+06  0.2187765408  5.838363e-01 1.05200000000000000000
1  1.82e+06  0.2164955518  5.838363e-01 1.05200000000000000000
1  1.91e+06  0.2143169912  5.838363e-01 1.05200000000000000000
1  2.00e+06  0.2122517066  5.838363e-01 1.05200000000000000000
1  2.09e+06  0.2103062545  5.838363e-01 1.05200000000000000000
1  2.19e+06  0.2084837389  5.838363e-01 1.05200000000000000000
1  2.29e+06  0.2067845356  5.838363e-01 1.05200000000000000000
1  2.40e+06  0.2052069103  5.838363e-01 1.05200000000000000000
1  2.51e+06  0.2037475364  5.838363e-01 1.05200000000000000000
1  2.63e+06  0.2024019251  5.838363e-01 1.05200000000000000000
1  2.75e+06  0.2011647764  5.838363e-01 1.05200000000000000000
1  2.88e+06  0.200030263  5.838363e-01 1.05200000000000000000
1  3.02e+06  0.1989922567  5.838363e-01 1.05200000000000000000
1  3.16e+06  0.1980445058  5.838363e-01 1.05200000000000000000
1  3.31e+06  0.1972057251  5.838363e-01 1.05200000000000000000
1  3.47e+06  0.1964177399  5.838363e-01 1.05200000000000000000
1  3.63e+06  0.1957018872  5.838363e-01 1.05200000000000000000
1  3.80e+06  0.1950524772  5.838363e-01 1.05200000000000000000
1  3.98e+06  0.1944641031  5.838363e-01 1.05200000000000000000
1  4.17e+06  0.1939316639  5.838363e-01 1.05200000000000000000
1  4.37e+06  0.1934503759  5.838363e-01 1.05200000000000000000
1  4.57e+06  0.1930157756  5.838363e-01 1.05200000000000000000
1  4.79e+06  0.1926237167  5.838363e-01 1.05200000000000000000
1  5.01e+06  0.1922703616  5.838363e-01 1.05200000000000000000
1  5.25e+06  0.1919521706  5.838363e-01 1.05200000000000000000
1  5.50e+06  0.1916658876  5.838363e-01 1.05200000000000000000
1  5.75e+06  0.1914085251  5.838363e-01 1.05200000000000000000
1  6.03e+06  0.191177348  5.838363e-01 1.05200000000000000000
1  6.31e+06  0.190969857  5.838363e-01 1.05200000000000000000
1  6.61e+06  0.1907898419  5.838363e-01 1.05200000000000000000
1  6.92e+06  0.1906225258  5.838363e-01 1.05200000000000000000
1  7.24e+06  0.1904727031  5.838363e-01 1.05200000000000000000
1  7.59e+06  0.1903386541  5.838363e-01 1.05200000000000000000
1  7.94e+06  0.1902188183  5.838363e-01 1.05200000000000000000
1  8.32e+06  0.1901117814  5.838363e-01 1.05200000000000000000
1  8.71e+06  0.1900162623  5.838363e-01 1.05200000000000000000
1  9.12e+06  0.189931102  5.838363e-01 1.05200000000000000000
1  9.55e+06  0.1898552523  5.838363e-01 1.05200000000000000000
1  1.00e+07  0.1897877665  5.838363e-01 1.05200000000000000000
