1  1.00e-03  0.2763643676 -10.60324 1.00600000000000000002
1  1.05e-03  0.2763643719 -10.60324 1.00600000000000000002
1  1.10e-03  0.276364372 -10.60324 1.00600000000000000002
1  1.15e-03  0.2763643698 -10.60324 1.00600000000000000002
1  1.20e-03  0.2763643715 -10.60324 1.00600000000000000002
1  1.26e-03  0.276364368 -10.60324 1.00600000000000000002
1  1.32e-03  0.2763643711 -10.60324 1.00600000000000000002
1  1.38e-03  0.2763643721 -10.60324 1.00600000000000000002
1  1.45e-03  0.2763643721 -10.60324 1.00600000000000000002
1  1.51e-03  0.2763643738 -10.60324 1.00600000000000000002
1  1.58e-03  0.2763643688 -10.60324 1.00600000000000000002
1  1.66e-03  0.2763643781 -10.60324 1.00600000000000000002
1  1.74e-03  0.2763643735 -10.60324 1.00600000000000000002
1  1.82e-03  0.2763643771 -10.60324 1.00600000000000000002
1  1.91e-03  0.2763643705 -10.60324 1.00600000000000000002
1  2.00e-03  0.2763643684 -10.60324 1.00600000000000000002
1  2.09e-03  0.2763643741 -10.60324 1.00600000000000000002
1  2.19e-03  0.276364372 -10.60324 1.00600000000000000002
1  2.29e-03  0.2763643713 -10.60324 1.00600000000000000002
1  2.40e-03  0.2763644037 -10.60324 1.00600000000000000002
1  2.51e-03  0.2763643774 -10.60324 1.00600000000000000002
1  2.63e-03  0.2763643745 -10.60324 1.00600000000000000002
1  2.75e-03  0.2763643738 -10.60324 1.00600000000000000002
1  2.88e-03  0.2763643731 -10.60324 1.00600000000000000002
1  3.02e-03  0.2763644562 -10.60324 1.00600000000000000002
1  3.16e-03  0.276364386 -10.60324 1.00600000000000000002
1  3.31e-03  0.2763643717 -10.60324 1.00600000000000000002
1  3.47e-03  0.2763643766 -10.60324 1.00600000000000000002
1  3.63e-03  0.2763643732 -10.60324 1.00600000000000000002
1  3.80e-03  0.2763642144 -10.60324 1.00600000000000000002
1  3.98e-03  0.2763643927 -10.60324 1.00600000000000000002
1  4.17e-03  0.2763643736 -10.60324 1.00600000000000000002
1  4.37e-03  0.276364378 -10.60324 1.00600000000000000002
1  4.57e-03  0.2763643815 -10.60324 1.00600000000000000002
1  4.79e-03  0.2763643772 -10.60324 1.00600000000000000002
1  5.01e-03  0.2763643864 -10.60324 1.00600000000000000002
1  5.25e-03  0.2763643821 -10.60324 1.00600000000000000002
1  5.50e-03  0.2763644048 -10.60324 1.00600000000000000002
1  5.75e-03  0.2763643795 -10.60324 1.00600000000000000002
1  6.03e-03  0.2763643856 -10.60324 1.00600000000000000002
1  6.31e-03  0.2763643899 -10.60324 1.00600000000000000002
1  6.61e-03  0.2763643822 -10.60324 1.00600000000000000002
1  6.92e-03  0.2763643788 -10.60324 1.00600000000000000002
1  7.24e-03  0.2763643762 -10.60324 1.00600000000000000002
1  7.59e-03  0.2763643968 -10.60324 1.00600000000000000002
1  7.94e-03  0.2763643903 -10.60324 1.00600000000000000002
1  8.32e-03  0.2763643839 -10.60324 1.00600000000000000002
1  8.71e-03  0.2763643985 -10.60324 1.00600000000000000002
1  9.12e-03  0.2763643857 -10.60324 1.00600000000000000002
1  9.55e-03  0.2763643878 -10.60324 1.00600000000000000002
1  1.00e-02  0.2763644021 -10.60324 1.00600000000000000002
1  1.05e-02  0.2763644035 -10.60324 1.00600000000000000002
1  1.10e-02  0.276364396 -10.60324 1.00600000000000000002
1  1.15e-02  0.2763644007 -10.60324 1.00600000000000000002
1  1.20e-02  0.2763644149 -10.60324 1.00600000000000000002
1  1.26e-02  0.2763643916 -10.60324 1.00600000000000000002
1  1.32e-02  0.2763644007 -10.60324 1.00600000000000000002
1  1.38e-02  0.276364415 -10.60324 1.00600000000000000002
1  1.45e-02  0.2763644155 -10.60324 1.00600000000000000002
1  1.51e-02  0.2763643981 -10.60324 1.00600000000000000002
1  1.58e-02  0.2763637307 -10.60324 1.00600000000000000002
1  1.66e-02  0.2763644202 -10.60324 1.00600000000000000002
1  1.74e-02  0.2763643975 -10.60324 1.00600000000000000002
1  1.82e-02  0.2763644313 -10.60324 1.00600000000000000002
1  1.91e-02  0.2763644304 -10.60324 1.00600000000000000002
1  2.00e-02  0.2763644343 -10.60324 1.00600000000000000002
1  2.09e-02  0.2763644459 -10.60324 1.00600000000000000002
1  2.19e-02  0.2763644209 -10.60324 1.00600000000000000002
1  2.29e-02  0.2763643972 -10.60324 1.00600000000000000002
1  2.40e-02  0.2763643509 -10.60324 1.00600000000000000002
1  2.51e-02  0.2763645814 -10.60324 1.00600000000000000002
1  2.63e-02  0.2763645401 -10.60324 1.00600000000000000002
1  2.75e-02  0.2763645927 -10.60324 1.00600000000000000002
1  2.88e-02  0.276364741 -10.60324 1.00600000000000000002
1  3.02e-02  0.2763643867 -10.60324 1.00600000000000000002
1  3.16e-02  0.2763645055 -10.60324 1.00600000000000000002
1  3.31e-02  0.2763644913 -10.60324 1.00600000000000000002
1  3.47e-02  0.276364546 -10.60324 1.00600000000000000002
1  3.63e-02  0.2763643953 -10.60324 1.00600000000000000002
1  3.80e-02  0.2763644232 -10.60324 1.00600000000000000002
1  3.98e-02  0.2763645095 -10.60324 1.00600000000000000002
1  4.17e-02  0.2763644654 -10.60324 1.00600000000000000002
1  4.37e-02  0.2763646627 -10.60324 1.00600000000000000002
1  4.57e-02  0.2763646284 -10.60324 1.00600000000000000002
1  4.79e-02  0.27636448 -10.60324 1.00600000000000000002
1  5.01e-02  0.2763644512 -10.60324 1.00600000000000000002
1  5.25e-02  0.2763646442 -10.60324 1.00600000000000000002
1  5.50e-02  0.2763646403 -10.60324 1.00600000000000000002
1  5.75e-02  0.2763647785 -10.60324 1.00600000000000000002
1  6.03e-02  0.2763645013 -10.60324 1.00600000000000000002
1  6.31e-02  0.2763646606 -10.60324 1.00600000000000000002
1  6.61e-02  0.2763646669 -10.60324 1.00600000000000000002
1  6.92e-02  0.2763645297 -10.60324 1.00600000000000000002
1  7.24e-02  0.2763648199 -10.60324 1.00600000000000000002
1  7.59e-02  0.276368503 -10.60324 1.00600000000000000002
1  7.94e-02  0.2763646838 -10.60324 1.00600000000000000002
1  8.32e-02  0.2763644473 -10.60324 1.00600000000000000002
1  8.71e-02  0.2763645984 -10.60324 1.00600000000000000002
1  9.12e-02  0.2763645316 -10.60324 1.00600000000000000002
1  9.55e-02  0.2763662731 -10.60324 1.00600000000000000002
1  1.00e-01  0.2763648476 -10.60324 1.00600000000000000002
1  1.05e-01  0.2763646447 -10.60324 1.00600000000000000002
1  1.10e-01  0.2763645737 -10.60324 1.00600000000000000002
1  1.15e-01  0.2763648438 -10.60324 1.00600000000000000002
1  1.20e-01  0.2763649367 -10.60324 1.00600000000000000002
1  1.26e-01  0.2763647001 -10.60324 1.00600000000000000002
1  1.32e-01  0.2763648413 -10.60324 1.00600000000000000002
1  1.38e-01  0.2763673476 -10.60324 1.00600000000000000002
1  1.45e-01  0.2763646848 -10.60324 1.00600000000000000002
1  1.51e-01  0.2763647623 -10.60324 1.00600000000000000002
1  1.58e-01  0.2763647654 -10.60324 1.00600000000000000002
1  1.66e-01  0.2763648748 -10.60324 1.00600000000000000002
1  1.74e-01  0.2763644908 -10.60324 1.00600000000000000002
1  1.82e-01  0.2763645934 -10.60324 1.00600000000000000002
1  1.91e-01  0.2763647044 -10.60324 1.00600000000000000002
1  2.00e-01  0.2763646674 -10.60324 1.00600000000000000002
1  2.09e-01  0.2763647134 -10.60324 1.00600000000000000002
1  2.19e-01  0.276364844 -10.60324 1.00600000000000000002
1  2.29e-01  0.2763646299 -10.60324 1.00600000000000000002
1  2.40e-01  0.2763645868 -10.60324 1.00600000000000000002
1  2.51e-01  0.2763651515 -10.60324 1.00600000000000000002
1  2.63e-01  0.2763645828 -10.60324 1.00600000000000000002
1  2.75e-01  0.2763646449 -10.60324 1.00600000000000000002
1  2.88e-01  0.2763649268 -10.60324 1.00600000000000000002
1  3.02e-01  0.2763650285 -10.60324 1.00600000000000000002
1  3.16e-01  0.2763655554 -10.60324 1.00600000000000000002
1  3.31e-01  0.2763645396 -10.60324 1.00600000000000000002
1  3.47e-01  0.2763648669 -10.60324 1.00600000000000000002
1  3.63e-01  0.2763655831 -10.60324 1.00600000000000000002
1  3.80e-01  0.2763674487 -10.60324 1.00600000000000000002
1  3.98e-01  0.2763651137 -10.60324 1.00600000000000000002
1  4.17e-01  0.2763650466 -10.60324 1.00600000000000000002
1  4.37e-01  0.2763649898 -10.60324 1.00600000000000000002
1  4.57e-01  0.2763777774 -10.60324 1.00600000000000000002
1  4.79e-01  0.2763970922 -10.60324 1.00600000000000000002
1  5.01e-01  0.2763645917 -10.60324 1.00600000000000000002
1  5.25e-01  0.2763649556 -10.60324 1.00600000000000000002
1  5.50e-01  0.2763647234 -10.60324 1.00600000000000000002
1  5.75e-01  0.2763662214 -10.60324 1.00600000000000000002
1  6.03e-01  0.276365881 -10.60324 1.00600000000000000002
1  6.31e-01  0.276364886 -10.60324 1.00600000000000000002
1  6.61e-01  0.2763648555 -10.60324 1.00600000000000000002
1  6.92e-01  0.2763640892 -10.60324 1.00600000000000000002
1  7.24e-01  0.2763648013 -10.60324 1.00600000000000000002
1  7.59e-01  0.2763654096 -10.60324 1.00600000000000000002
1  7.94e-01  0.2763645748 -10.60324 1.00600000000000000002
1  8.32e-01  0.2763661652 -10.60324 1.00600000000000000002
1  8.71e-01  0.2763648786 -10.60324 1.00600000000000000002
1  9.12e-01  0.2763651939 -10.60324 1.00600000000000000002
1  9.55e-01  0.2763665038 -10.60324 1.00600000000000000002
1  1.00e+00  0.276365765 -10.60324 1.00600000000000000002
1  1.05e+00  0.2763481673 -10.60324 1.00600000000000000002
1  1.10e+00  0.2763650023 -10.60324 1.00600000000000000002
1  1.15e+00  0.2763658952 -10.60324 1.00600000000000000002
1  1.20e+00  0.2763648437 -10.60324 1.00600000000000000002
1  1.26e+00  0.2763646127 -10.60324 1.00600000000000000002
1  1.32e+00  0.2763672163 -10.60324 1.00600000000000000002
1  1.38e+00  0.2763574761 -10.60324 1.00600000000000000002
1  1.45e+00  0.2763666005 -10.60324 1.00600000000000000002
1  1.51e+00  0.2763652464 -10.60324 1.00600000000000000002
1  1.58e+00  0.2763670234 -10.60324 1.00600000000000000002
1  1.66e+00  0.2763682865 -10.60324 1.00600000000000000002
1  1.74e+00  0.2763668528 -10.60324 1.00600000000000000002
1  1.82e+00  0.2763689631 -10.60324 1.00600000000000000002
1  1.91e+00  0.2763686678 -10.60324 1.00600000000000000002
1  2.00e+00  0.2763653741 -10.60324 1.00600000000000000002
1  2.09e+00  0.2763693083 -10.60324 1.00600000000000000002
1  2.19e+00  0.2763652723 -10.60324 1.00600000000000000002
1  2.29e+00  0.2763659165 -10.60324 1.00600000000000000002
1  2.40e+00  0.27636914 -10.60324 1.00600000000000000002
1  2.51e+00  0.2763687893 -10.60324 1.00600000000000000002
1  2.63e+00  0.2763709649 -10.60324 1.00600000000000000002
1  2.75e+00  0.2763724679 -10.60324 1.00600000000000000002
1  2.88e+00  0.2763937409 -10.60324 1.00600000000000000002
1  3.02e+00  0.2763512566 -10.60324 1.00600000000000000002
1  3.16e+00  0.2763335287 -10.60324 1.00600000000000000002
1  3.31e+00  0.2763693214 -10.60324 1.00600000000000000002
1  3.47e+00  0.2763667571 -10.60324 1.00600000000000000002
1  3.63e+00  0.276323399 -10.60324 1.00600000000000000002
1  3.80e+00  0.2763670107 -10.60324 1.00600000000000000002
1  3.98e+00  0.276371915 -10.60324 1.00600000000000000002
1  4.17e+00  0.2763653669 -10.60324 1.00600000000000000002
1  4.37e+00  0.2763695609 -10.60324 1.00600000000000000002
1  4.57e+00  0.2763703137 -10.60324 1.00600000000000000002
1  4.79e+00  0.2763725243 -10.60324 1.00600000000000000002
1  5.01e+00  0.276369434 -10.60324 1.00600000000000000002
1  5.25e+00  0.2763700083 -10.60324 1.00600000000000000002
1  5.50e+00  0.2763662505 -10.60324 1.00600000000000000002
1  5.75e+00  0.2765126214 -10.60324 1.00600000000000000002
1  6.03e+00  0.2763814235 -10.60324 1.00600000000000000002
1  6.31e+00  0.2763670581 -10.60324 1.00600000000000000002
1  6.61e+00  0.2763794958 -10.60324 1.00600000000000000002
1  6.92e+00  0.2763799108 -10.60324 1.00600000000000000002
1  7.24e+00  0.276367558 -10.60324 1.00600000000000000002
1  7.59e+00  0.2763693412 -10.60324 1.00600000000000000002
1  7.94e+00  0.2766348237 -10.60324 1.00600000000000000002
1  8.32e+00  0.2766267545 -10.60324 1.00600000000000000002
1  8.71e+00  0.2763839315 -10.60324 1.00600000000000000002
1  9.12e+00  0.2763739618 -10.60324 1.00600000000000000002
1  9.55e+00  0.276368114 -10.60324 1.00600000000000000002
1  1.00e+01  0.2763821153 -10.60324 1.00600000000000000002
1  1.05e+01  0.2763929571 -10.60324 1.00600000000000000002
1  1.10e+01  0.2763829201 -10.60324 1.00600000000000000002
1  1.15e+01  0.2762180376 -10.60324 1.00600000000000000002
1  1.20e+01  0.2763824387 -10.60324 1.00600000000000000002
1  1.26e+01  0.2763862271 -10.60324 1.00600000000000000002
1  1.32e+01  0.2763910524 -10.60324 1.00600000000000000002
1  1.38e+01  0.2764259288 -10.60324 1.00600000000000000002
1  1.45e+01  0.2763962154 -10.60324 1.00600000000000000002
1  1.51e+01  0.2763705466 -10.60324 1.00600000000000000002
1  1.58e+01  0.2764008371 -10.60324 1.00600000000000000002
1  1.66e+01  0.2761597723 -10.60324 1.00600000000000000002
1  1.74e+01  0.2766594263 -10.60324 1.00600000000000000002
1  1.82e+01  0.2764107305 -10.60324 1.00600000000000000002
1  1.91e+01  0.2763689942 -10.60324 1.00600000000000000002
1  2.00e+01  0.2764058881 -10.60324 1.00600000000000000002
1  2.09e+01  0.2748001313 -10.60324 1.00600000000000000002
1  2.19e+01  0.2765645051 -10.60324 1.00600000000000000002
1  2.29e+01  0.2762936951 -10.60324 1.00600000000000000002
1  2.40e+01  0.2759852483 -10.60324 1.00600000000000000002
1  2.51e+01  0.2762547879 -10.60324 1.00600000000000000002
1  2.63e+01  0.2757453471 -10.60324 1.00600000000000000002
1  2.75e+01  0.2762646226 -10.60324 1.00600000000000000002
1  2.88e+01  0.2771406017 -10.60324 1.00600000000000000002
1  3.02e+01  0.276844349 -10.60324 1.00600000000000000002
1  3.16e+01  0.2764661479 -10.60324 1.00600000000000000002
1  3.31e+01  0.2759652296 -10.60324 1.00600000000000000002
1  3.47e+01  0.2762787613 -10.60324 1.00600000000000000002
1  3.63e+01  0.2770417698 -10.60324 1.00600000000000000002
1  3.80e+01  0.2770096593 -10.60324 1.00600000000000000002
1  3.98e+01  0.2765622234 -10.60324 1.00600000000000000002
1  4.17e+01  0.2762111056 -10.60324 1.00600000000000000002
1  4.37e+01  0.2760948371 -10.60324 1.00600000000000000002
1  4.57e+01  0.2770028288 -10.60324 1.00600000000000000002
1  4.79e+01  0.2763809735 -10.60324 1.00600000000000000002
1  5.01e+01  0.2765020725 -10.60324 1.00600000000000000002
1  5.25e+01  0.2764294162 -10.60324 1.00600000000000000002
1  5.50e+01  0.2765428262 -10.60324 1.00600000000000000002
1  5.75e+01  0.2771109289 -10.60324 1.00600000000000000002
1  6.03e+01  0.2770825112 -10.60324 1.00600000000000000002
1  6.31e+01  0.276685474 -10.60324 1.00600000000000000002
1  6.61e+01  0.2765640466 -10.60324 1.00600000000000000002
1  6.92e+01  0.2758150532 -10.60324 1.00600000000000000002
1  7.24e+01  0.2766164895 -10.60324 1.00600000000000000002
1  7.59e+01  0.2755073558 -10.60324 1.00600000000000000002
1  7.94e+01  0.275836669 -10.60324 1.00600000000000000002
1  8.32e+01  0.2764852701 -10.60324 1.00600000000000000002
1  8.71e+01  0.2766627373 -10.60324 1.00600000000000000002
1  9.12e+01  0.2764120478 -10.60324 1.00600000000000000002
1  9.55e+01  0.2757712565 -10.60324 1.00600000000000000002
1  1.00e+02  0.2759003377 -10.60324 1.00600000000000000002
1  1.05e+02  0.2762802382 -10.60324 1.00600000000000000002
1  1.10e+02  0.2765790249 -10.60324 1.00600000000000000002
1  1.15e+02  0.2761817199 -10.60324 1.00600000000000000002
1  1.20e+02  0.2765159468 -10.60324 1.00600000000000000002
1  1.26e+02  0.2763098732 -10.60324 1.00600000000000000002
1  1.32e+02  0.2764442743 -10.60324 1.00600000000000000002
1  1.38e+02  0.2763426789 -10.60324 1.00600000000000000002
1  1.45e+02  0.2763619749 -10.60324 1.00600000000000000002
1  1.51e+02  0.2769995431 -10.60324 1.00600000000000000002
1  1.58e+02  0.2772761006 -10.60324 1.00600000000000000002
1  1.66e+02  0.2764351801 -10.60324 1.00600000000000000002
1  1.74e+02  0.2766957287 -10.60324 1.00600000000000000002
1  1.82e+02  0.2766854632 -10.60324 1.00600000000000000002
1  1.91e+02  0.2769471946 -10.60324 1.00600000000000000002
1  2.00e+02  0.2770555453 -10.60324 1.00600000000000000002
1  2.09e+02  0.27655571 -10.60324 1.00600000000000000002
1  2.19e+02  0.2768556028 -10.60324 1.00600000000000000002
1  2.29e+02  0.2763427849 -10.60324 1.00600000000000000002
1  2.40e+02  0.2763553199 -10.60324 1.00600000000000000002
1  2.51e+02  0.2766454314 -10.60324 1.00600000000000000002
1  2.63e+02  0.276955295 -10.60324 1.00600000000000000002
1  2.75e+02  0.2766300806 -10.60324 1.00600000000000000002
1  2.88e+02  0.2768761557 -10.60324 1.00600000000000000002
1  3.02e+02  0.2767098682 -10.60324 1.00600000000000000002
1  3.16e+02  0.2764390646 -10.60324 1.00600000000000000002
1  3.31e+02  0.2773788619 -10.60324 1.00600000000000000002
1  3.47e+02  0.2771095608 -10.60324 1.00600000000000000002
1  3.63e+02  0.2771779924 -10.60324 1.00600000000000000002
1  3.80e+02  0.2765467897 -10.60324 1.00600000000000000002
1  3.98e+02  0.2771440267 -10.60324 1.00600000000000000002
1  4.17e+02  0.2772595765 -10.60324 1.00600000000000000002
1  4.37e+02  0.2767855286 -10.60324 1.00600000000000000002
1  4.57e+02  0.2772217838 -10.60324 1.00600000000000000002
1  4.79e+02  0.2766592695 -10.60324 1.00600000000000000002
1  5.01e+02  0.2760790718 -10.60324 1.00600000000000000002
1  5.25e+02  0.2776341867 -10.60324 1.00600000000000000002
1  5.50e+02  0.2768423105 -10.60324 1.00600000000000000002
1  5.75e+02  0.276789956 -10.60324 1.00600000000000000002
1  6.03e+02  0.2762734047 -10.60324 1.00600000000000000002
1  6.31e+02  0.2772957308 -10.60324 1.00600000000000000002
1  6.61e+02  0.2763444229 -10.60324 1.00600000000000000002
1  6.92e+02  0.2768592096 -10.60324 1.00600000000000000002
1  7.24e+02  0.2761371688 -10.60324 1.00600000000000000002
1  7.59e+02  0.2779825702 -10.60324 1.00600000000000000002
1  7.94e+02  0.2765893912 -10.60324 1.00600000000000000002
1  8.32e+02  0.2764566029 -10.60324 1.00600000000000000002
1  8.71e+02  0.2766799155 -10.60324 1.00600000000000000002
1  9.12e+02  0.2775052384 -10.60324 1.00600000000000000002
1  9.55e+02  0.27784643 -10.60324 1.00600000000000000002
1  1.00e+03  0.2772904216 -10.60324 1.00600000000000000002
1  1.05e+03  0.2759632553 -10.60324 1.00600000000000000002
1  1.10e+03  0.2796395964 -10.60324 1.00600000000000000002
1  1.15e+03  0.2768576701 -10.60324 1.00600000000000000002
1  1.20e+03  0.2820548437 -10.60324 1.00600000000000000002
1  1.26e+03  0.2798400372 -10.60324 1.00600000000000000002
1  1.32e+03  0.2752966857 -10.60324 1.00600000000000000002
1  1.38e+03  0.2716571107 -10.60324 1.00600000000000000002
1  1.45e+03  0.2814118626 -10.60324 1.00600000000000000002
1  1.51e+03  0.2771563821 -10.60324 1.00600000000000000002
1  1.58e+03  0.2766044722 -10.60324 1.00600000000000000002
1  1.66e+03  0.2784316721 -10.60324 1.00600000000000000002
1  1.74e+03  0.2726465132 -10.60324 1.00600000000000000002
1  1.82e+03  0.2776529322 -10.60324 1.00600000000000000002
1  1.91e+03  0.2713356944 -10.60324 1.00600000000000000002
1  2.00e+03  0.2694119918 -10.60324 1.00600000000000000002
1  2.09e+03  0.2505719391 -10.60324 1.00600000000000000002
1  2.19e+03  0.2557284021 -10.60324 1.00600000000000000002
1  2.29e+03  0.2617282625 -10.60324 1.00600000000000000002
1  2.40e+03  0.2620602195 -10.60324 1.00600000000000000002
1  2.51e+03  0.2922359293 -10.60324 1.00600000000000000002
1  2.63e+03  0.3239215173 -10.60324 1.00600000000000000002
1  2.75e+03  0.2800051922 -10.60324 1.00600000000000000002
1  2.88e+03  0.3221762813 -10.60324 1.00600000000000000002
1  3.02e+03  0.3330317361 -10.60324 1.00600000000000000002
1  3.16e+03  0.2959329278 -10.60324 1.00600000000000000002
1  3.31e+03  0.274713684 -10.60324 1.00600000000000000002
1  3.47e+03  0.2671887277 -10.60324 1.00600000000000000002
1  3.63e+03  0.2985752317 -10.60324 1.00600000000000000002
1  3.80e+03  0.2922916911 -10.60324 1.00600000000000000002
1  3.98e+03  0.2080479645 -10.60324 1.00600000000000000002
1  4.17e+03  0.2929011049 -10.60324 1.00600000000000000002
1  4.37e+03  0.2061202687 -10.60324 1.00600000000000000002
1  4.57e+03  0.3014975298 -10.60324 1.00600000000000000002
1  4.79e+03  0.2057555512 -10.60324 1.00600000000000000002
1  5.01e+03  0.1853146235 -10.60324 1.00600000000000000002
1  5.25e+03  0.2422572778 -10.60324 1.00600000000000000002
1  5.50e+03  0.2909703645 -10.60324 1.00600000000000000002
1  5.75e+03  0.2736873651 -10.60324 1.00600000000000000002
1  6.03e+03  0.2857202928 -10.60324 1.00600000000000000002
1  6.31e+03  0.2515691072 -10.60324 1.00600000000000000002
1  6.61e+03  0.2076494011 -10.60324 1.00600000000000000002
1  6.92e+03  0.1877973954 -10.60324 1.00600000000000000002
1  7.24e+03  0.3634370984 -10.60324 1.00600000000000000002
1  7.59e+03  0.1520385813 -10.60324 1.00600000000000000002
1  7.94e+03  0.408356589 -10.60324 1.00600000000000000002
1  8.32e+03  0.1705103555 -10.60324 1.00600000000000000002
1  8.71e+03  0.3950157265 -10.60324 1.00600000000000000002
1  9.12e+03  0.1688242827 -10.60324 1.00600000000000000002
1  9.55e+03  0.3996862743 -10.60324 1.00600000000000000002
1  1.00e+04  0.3556874474 -10.60324 1.00600000000000000002
1  1.05e+04  0.3294730309 -10.60324 1.00600000000000000002
1  1.10e+04  0.2392696674 -10.60324 1.00600000000000000002
1  1.15e+04  0.4025398897 -10.60324 1.00600000000000000002
1  1.20e+04  0.3249597851 -10.60324 1.00600000000000000002
1  1.26e+04  0.3842241425 -10.60324 1.00600000000000000002
1  1.32e+04  0.4035007665 -10.60324 1.00600000000000000002
1  1.38e+04  0.3787719803 -10.60324 1.00600000000000000002
1  1.45e+04  0.3805658576 -10.60324 1.00600000000000000002
1  1.51e+04  0.3815575554 -10.60324 1.00600000000000000002
1  1.58e+04  0.2754546212 -10.60324 1.00600000000000000002
1  1.66e+04  0.449464196 -10.60324 1.00600000000000000002
1  1.74e+04  0.3708139623 -10.60324 1.00600000000000000002
1  1.82e+04  0.2412123491 -10.60324 1.00600000000000000002
1  1.91e+04  0.3632807396 -10.60324 1.00600000000000000002
1  2.00e+04  0.2376777426 -10.60324 1.00600000000000000002
1  2.09e+04  0.3538623144 -10.60324 1.00600000000000000002
1  2.19e+04  0.3997635996 -10.60324 1.00600000000000000002
1  2.29e+04  0.2559657967 -10.60324 1.00600000000000000002
1  2.40e+04  0.303273829 -10.60324 1.00600000000000000002
1  2.51e+04  0.2532740645 -10.60324 1.00600000000000000002
1  2.63e+04  0.4183113309 -10.60324 1.00600000000000000002
1  2.75e+04  0.5445719573 -10.60324 1.00600000000000000002
1  2.88e+04  0.3068826292 -10.60324 1.00600000000000000002
1  3.02e+04  0.2983302668 -10.60324 1.00600000000000000002
1  3.16e+04  0.3876351655 -10.60324 1.00600000000000000002
1  3.31e+04  0.6335732948 -10.60324 1.00600000000000000002
1  3.47e+04  0.2282793279 -10.60324 1.00600000000000000002
1  3.63e+04  0.3690686071 -10.60324 1.00600000000000000002
1  3.80e+04  0.3753735502 -10.60324 1.00600000000000000002
1  3.98e+04  0.2330994786 -10.60324 1.00600000000000000002
1  4.17e+04  0.6133306441 -10.60324 1.00600000000000000002
1  4.37e+04  0.2982034353 -10.60324 1.00600000000000000002
1  4.57e+04  0.6008208392 -10.60324 1.00600000000000000002
1  4.79e+04  0.3251509912 -10.60324 1.00600000000000000002
1  5.01e+04  0.2906116171 -10.60324 1.00600000000000000002
1  5.25e+04  0.3010984542 -10.60324 1.00600000000000000002
1  5.50e+04  0.3464146879 -10.60324 1.00600000000000000002
1  5.75e+04  0.3066053571 -10.60324 1.00600000000000000002
1  6.03e+04  0.2800410773 -10.60324 1.00600000000000000002
1  6.31e+04  0.5772737324 -10.60324 1.00600000000000000002
1  6.61e+04  0.4106188078 -10.60324 1.00600000000000000002
1  6.92e+04  0.3046461234 -10.60324 1.00600000000000000002
1  7.24e+04  0.5744867135 -10.60324 1.00600000000000000002
1  7.59e+04  0.5088981101 -10.60324 1.00600000000000000002
1  7.94e+04  0.2518531356 -10.60324 1.00600000000000000002
1  8.32e+04  0.2858515532 -10.60324 1.00600000000000000002
1  8.71e+04  0.3938488433 -10.60324 1.00600000000000000002
1  9.12e+04  0.3292498451 -10.60324 1.00600000000000000002
1  9.55e+04  0.2481551323 -10.60324 1.00600000000000000002
1  1.00e+05  0.2600593414 -10.60324 1.00600000000000000002
1  1.05e+05  0.267124025 -10.60324 1.00600000000000000002
1  1.10e+05  0.231762782 -10.60324 1.00600000000000000002
1  1.15e+05  0.2395290406 -10.60324 1.00600000000000000002
1  1.20e+05  0.319030289 -10.60324 1.00600000000000000002
1  1.26e+05  0.383863888 -10.60324 1.00600000000000000002
1  1.32e+05  0.3594549723 -10.60324 1.00600000000000000002
1  1.38e+05  0.2789258945 -10.60324 1.00600000000000000002
1  1.45e+05  0.235504607 -10.60324 1.00600000000000000002
1  1.51e+05  0.2796078805 -10.60324 1.00600000000000000002
1  1.58e+05  0.3789222415 -10.60324 1.00600000000000000002
1  1.66e+05  0.4599830899 -10.60324 1.00600000000000000002
1  1.74e+05  0.471912173 -10.60324 1.00600000000000000002
1  1.82e+05  0.416609271 -10.60324 1.00600000000000000002
1  1.91e+05  0.3353114655 -10.60324 1.00600000000000000002
1  2.00e+05  0.2751086645 -10.60324 1.00600000000000000002
1  2.09e+05  0.2624186181 -10.60324 1.00600000000000000002
1  2.19e+05  0.2955480398 -10.60324 1.00600000000000000002
1  2.29e+05  0.3531505451 -10.60324 1.00600000000000000002
1  2.40e+05  0.4086547307 -10.60324 1.00600000000000000002
1  2.51e+05  0.4420498734 -10.60324 1.00600000000000000002
1  2.63e+05  0.4451963048 -10.60324 1.00600000000000000002
1  2.75e+05  0.4211123631 -10.60324 1.00600000000000000002
1  2.88e+05  0.3798165619 -10.60324 1.00600000000000000002
1  3.02e+05  0.3334456354 -10.60324 1.00600000000000000002
1  3.16e+05  0.2924503547 -10.60324 1.00600000000000000002
1  3.31e+05  0.263557324 -10.60324 1.00600000000000000002
1  3.47e+05  0.2493637069 -10.60324 1.00600000000000000002
1  3.63e+05  0.2490311671 -10.60324 1.00600000000000000002
1  3.80e+05  0.2594837106 -10.60324 1.00600000000000000002
1  3.98e+05  0.2766431727 -10.60324 1.00600000000000000002
1  4.17e+05  0.2964259668 -10.60324 1.00600000000000000002
1  4.37e+05  0.3153949828 -10.60324 1.00600000000000000002
1  4.57e+05  0.3310775551 -10.60324 1.00600000000000000002
1  4.79e+05  0.3420218563 -10.60324 1.00600000000000000002
1  5.01e+05  0.3476826564 -10.60324 1.00600000000000000002
1  5.25e+05  0.3482196597 -10.60324 1.00600000000000000002
1  5.50e+05  0.3442717559 -10.60324 1.00600000000000000002
1  5.75e+05  0.3367481945 -10.60324 1.00600000000000000002
1  6.03e+05  0.3266582895 -10.60324 1.00600000000000000002
1  6.31e+05  0.3149868932 -10.60324 1.00600000000000000002
1  6.61e+05  0.3020755057 -10.60324 1.00600000000000000002
1  6.92e+05  0.2884025547 -10.60324 1.00600000000000000002
1  7.24e+05  0.2757503373 -10.60324 1.00600000000000000002
1  7.59e+05  0.2643432067 -10.60324 1.00600000000000000002
1  7.94e+05  0.2544833024 -10.60324 1.00600000000000000002
1  8.32e+05  0.2463124977 -10.60324 1.00600000000000000002
1  8.71e+05  0.2398481637 -10.60324 1.00600000000000000002
1  9.12e+05  0.2350172736 -10.60324 1.00600000000000000002
1  9.55e+05  0.2316863438 -10.60324 1.00600000000000000002
1  1.00e+06  0.2296861098 -10.60324 1.00600000000000000002
1  1.05e+06  0.2288307824 -10.60324 1.00600000000000000002
1  1.10e+06  0.2289322833 -10.60324 1.00600000000000000002
1  1.15e+06  0.2298101557 -10.60324 1.00600000000000000002
1  1.20e+06  0.2312979414 -10.60324 1.00600000000000000002
1  1.26e+06  0.2332468062 -10.60324 1.00600000000000000002
1  1.32e+06  0.2354826935 -10.60324 1.00600000000000000002
1  1.38e+06  0.2379787734 -10.60324 1.00600000000000000002
1  1.45e+06  0.2406059674 -10.60324 1.00600000000000000002
1  1.51e+06  0.2432890937 -10.60324 1.00600000000000000002
1  1.58e+06  0.245968208 -10.60324 1.00600000000000000002
1  1.66e+06  0.2485966925 -10.60324 1.00600000000000000002
1  1.74e+06  0.2511393529 -10.60324 1.00600000000000000002
1  1.82e+06  0.2535706128 -10.60324 1.00600000000000000002
1  1.91e+06  0.2558728587 -10.60324 1.00600000000000000002
1  2.00e+06  0.258034963 -10.60324 1.00600000000000000002
1  2.09e+06  0.260050992 -10.60324 1.00600000000000000002
1  2.19e+06  0.2619190969 -10.60324 1.00600000000000000002
1  2.29e+06  0.2636001048 -10.60324 1.00600000000000000002
1  2.40e+06  0.265181338 -10.60324 1.00600000000000000002
1  2.51e+06  0.2666249426 -10.60324 1.00600000000000000002
1  2.63e+06  0.267937474 -10.60324 1.00600000000000000002
1  2.75e+06  0.2691262772 -10.60324 1.00600000000000000002
1  2.88e+06  0.2701991529 -10.60324 1.00600000000000000002
1  3.02e+06  0.271164099 -10.60324 1.00600000000000000002
1  3.16e+06  0.2720291115 -10.60324 1.00600000000000000002
1  3.31e+06  0.2728020366 -10.60324 1.00600000000000000002
1  3.47e+06  0.2734904614 -10.60324 1.00600000000000000002
1  3.63e+06  0.2741016393 -10.60324 1.00600000000000000002
1  3.80e+06  0.274626051 -10.60324 1.00600000000000000002
1  3.98e+06  0.2751043701 -10.60324 1.00600000000000000002
1  4.17e+06  0.2755246761 -10.60324 1.00600000000000000002
1  4.37e+06  0.2758925696 -10.60324 1.00600000000000000002
1  4.57e+06  0.2762132258 -10.60324 1.00600000000000000002
1  4.79e+06  0.2764914078 -10.60324 1.00600000000000000002
1  5.01e+06  0.2767314828 -10.60324 1.00600000000000000002
1  5.25e+06  0.2769374429 -10.60324 1.00600000000000000002
1  5.50e+06  0.2771129265 -10.60324 1.00600000000000000002
1  5.75e+06  0.2772612415 -10.60324 1.00600000000000000002
1  6.03e+06  0.2773853883 -10.60324 1.00600000000000000002
1  6.31e+06  0.2774823502 -10.60324 1.00600000000000000002
1  6.61e+06  0.2775665837 -10.60324 1.00600000000000000002
1  6.92e+06  0.2776339822 -10.60324 1.00600000000000000002
1  7.24e+06  0.2776865422 -10.60324 1.00600000000000000002
1  7.59e+06  0.2777260582 -10.60324 1.00600000000000000002
1  7.94e+06  0.2777541412 -10.60324 1.00600000000000000002
1  8.32e+06  0.277772235 -10.60324 1.00600000000000000002
1  8.71e+06  0.2777816316 -10.60324 1.00600000000000000002
1  9.12e+06  0.277783486 -10.60324 1.00600000000000000002
1  9.55e+06  0.2777788289 -10.60324 1.00600000000000000002
1  1.00e+07  0.2777685787 -10.60324 1.00600000000000000002
