1  1.00e-03  0.3504165559  1.405800e-01 0.91899999999999999999
1  1.05e-03  0.3504165626  1.405800e-01 0.91899999999999999999
1  1.10e-03  0.3504165631  1.405800e-01 0.91899999999999999999
1  1.15e-03  0.3504165571  1.405800e-01 0.91899999999999999999
1  1.20e-03  0.350416561  1.405800e-01 0.91899999999999999999
1  1.26e-03  0.3504165567  1.405800e-01 0.91899999999999999999
1  1.32e-03  0.3504165585  1.405800e-01 0.91899999999999999999
1  1.38e-03  0.3504165631  1.405800e-01 0.91899999999999999999
1  1.45e-03  0.3504165607  1.405800e-01 0.91899999999999999999
1  1.51e-03  0.3504165595  1.405800e-01 0.91899999999999999999
1  1.58e-03  0.350416563  1.405800e-01 0.91899999999999999999
1  1.66e-03  0.3504165634  1.405800e-01 0.91899999999999999999
1  1.74e-03  0.3504165636  1.405800e-01 0.91899999999999999999
1  1.82e-03  0.3504165647  1.405800e-01 0.91899999999999999999
1  1.91e-03  0.350416562  1.405800e-01 0.91899999999999999999
1  2.00e-03  0.3504165588  1.405800e-01 0.91899999999999999999
1  2.09e-03  0.35041656  1.405800e-01 0.91899999999999999999
1  2.19e-03  0.3504165599  1.405800e-01 0.91899999999999999999
1  2.29e-03  0.3504165603  1.405800e-01 0.91899999999999999999
1  2.40e-03  0.350416561  1.405800e-01 0.91899999999999999999
1  2.51e-03  0.3504165639  1.405800e-01 0.91899999999999999999
1  2.63e-03  0.3504165611  1.405800e-01 0.91899999999999999999
1  2.75e-03  0.3504165587  1.405800e-01 0.91899999999999999999
1  2.88e-03  0.3504165596  1.405800e-01 0.91899999999999999999
1  3.02e-03  0.3504165617  1.405800e-01 0.91899999999999999999
1  3.16e-03  0.3504165626  1.405800e-01 0.91899999999999999999
1  3.31e-03  0.3504165626  1.405800e-01 0.91899999999999999999
1  3.47e-03  0.3504165626  1.405800e-01 0.91899999999999999999
1  3.63e-03  0.3504165624  1.405800e-01 0.91899999999999999999
1  3.80e-03  0.3504165523  1.405800e-01 0.91899999999999999999
1  3.98e-03  0.3504165623  1.405800e-01 0.91899999999999999999
1  4.17e-03  0.3504165609  1.405800e-01 0.91899999999999999999
1  4.37e-03  0.3504165642  1.405800e-01 0.91899999999999999999
1  4.57e-03  0.3504165632  1.405800e-01 0.91899999999999999999
1  4.79e-03  0.3504165597  1.405800e-01 0.91899999999999999999
1  5.01e-03  0.3504165603  1.405800e-01 0.91899999999999999999
1  5.25e-03  0.3504165616  1.405800e-01 0.91899999999999999999
1  5.50e-03  0.3504165597  1.405800e-01 0.91899999999999999999
1  5.75e-03  0.3504165613  1.405800e-01 0.91899999999999999999
1  6.03e-03  0.3504165636  1.405800e-01 0.91899999999999999999
1  6.31e-03  0.3504165585  1.405800e-01 0.91899999999999999999
1  6.61e-03  0.3504165576  1.405800e-01 0.91899999999999999999
1  6.92e-03  0.3504165594  1.405800e-01 0.91899999999999999999
1  7.24e-03  0.3504165595  1.405800e-01 0.91899999999999999999
1  7.59e-03  0.3504165624  1.405800e-01 0.91899999999999999999
1  7.94e-03  0.3504165596  1.405800e-01 0.91899999999999999999
1  8.32e-03  0.3504165619  1.405800e-01 0.91899999999999999999
1  8.71e-03  0.3504165612  1.405800e-01 0.91899999999999999999
1  9.12e-03  0.3504165569  1.405800e-01 0.91899999999999999999
1  9.55e-03  0.3504165574  1.405800e-01 0.91899999999999999999
1  1.00e-02  0.3504165603  1.405800e-01 0.91899999999999999999
1  1.05e-02  0.3504165533  1.405800e-01 0.91899999999999999999
1  1.10e-02  0.3504165561  1.405800e-01 0.91899999999999999999
1  1.15e-02  0.3504165592  1.405800e-01 0.91899999999999999999
1  1.20e-02  0.3504165551  1.405800e-01 0.91899999999999999999
1  1.26e-02  0.3504165598  1.405800e-01 0.91899999999999999999
1  1.32e-02  0.3504165524  1.405800e-01 0.91899999999999999999
1  1.38e-02  0.3504165541  1.405800e-01 0.91899999999999999999
1  1.45e-02  0.3504166253  1.405800e-01 0.91899999999999999999
1  1.51e-02  0.3504165494  1.405800e-01 0.91899999999999999999
1  1.58e-02  0.3504165531  1.405800e-01 0.91899999999999999999
1  1.66e-02  0.3504165575  1.405800e-01 0.91899999999999999999
1  1.74e-02  0.35041655  1.405800e-01 0.91899999999999999999
1  1.82e-02  0.350416556  1.405800e-01 0.91899999999999999999
1  1.91e-02  0.3504165521  1.405800e-01 0.91899999999999999999
1  2.00e-02  0.3504165574  1.405800e-01 0.91899999999999999999
1  2.09e-02  0.3504165527  1.405800e-01 0.91899999999999999999
1  2.19e-02  0.3504165594  1.405800e-01 0.91899999999999999999
1  2.29e-02  0.3504165628  1.405800e-01 0.91899999999999999999
1  2.40e-02  0.3504165584  1.405800e-01 0.91899999999999999999
1  2.51e-02  0.3504164958  1.405800e-01 0.91899999999999999999
1  2.63e-02  0.3504165623  1.405800e-01 0.91899999999999999999
1  2.75e-02  0.3504165141  1.405800e-01 0.91899999999999999999
1  2.88e-02  0.350416436  1.405800e-01 0.91899999999999999999
1  3.02e-02  0.3504165471  1.405800e-01 0.91899999999999999999
1  3.16e-02  0.3504165411  1.405800e-01 0.91899999999999999999
1  3.31e-02  0.3504165477  1.405800e-01 0.91899999999999999999
1  3.47e-02  0.3504165426  1.405800e-01 0.91899999999999999999
1  3.63e-02  0.3504165625  1.405800e-01 0.91899999999999999999
1  3.80e-02  0.3504165502  1.405800e-01 0.91899999999999999999
1  3.98e-02  0.3504165348  1.405800e-01 0.91899999999999999999
1  4.17e-02  0.350416547  1.405800e-01 0.91899999999999999999
1  4.37e-02  0.3504164569  1.405800e-01 0.91899999999999999999
1  4.57e-02  0.3504165034  1.405800e-01 0.91899999999999999999
1  4.79e-02  0.3504165353  1.405800e-01 0.91899999999999999999
1  5.01e-02  0.3504165365  1.405800e-01 0.91899999999999999999
1  5.25e-02  0.3504165144  1.405800e-01 0.91899999999999999999
1  5.50e-02  0.3504165193  1.405800e-01 0.91899999999999999999
1  5.75e-02  0.3504164653  1.405800e-01 0.91899999999999999999
1  6.03e-02  0.3504165179  1.405800e-01 0.91899999999999999999
1  6.31e-02  0.350416524  1.405800e-01 0.91899999999999999999
1  6.61e-02  0.3504166231  1.405800e-01 0.91899999999999999999
1  6.92e-02  0.3504164786  1.405800e-01 0.91899999999999999999
1  7.24e-02  0.3504165206  1.405800e-01 0.91899999999999999999
1  7.59e-02  0.3504164935  1.405800e-01 0.91899999999999999999
1  7.94e-02  0.3504165343  1.405800e-01 0.91899999999999999999
1  8.32e-02  0.3504165163  1.405800e-01 0.91899999999999999999
1  8.71e-02  0.3504164529  1.405800e-01 0.91899999999999999999
1  9.12e-02  0.3504164776  1.405800e-01 0.91899999999999999999
1  9.55e-02  0.3504164586  1.405800e-01 0.91899999999999999999
1  1.00e-01  0.3504160151  1.405800e-01 0.91899999999999999999
1  1.05e-01  0.3504164067  1.405800e-01 0.91899999999999999999
1  1.10e-01  0.3504164589  1.405800e-01 0.91899999999999999999
1  1.15e-01  0.3504165055  1.405800e-01 0.91899999999999999999
1  1.20e-01  0.3504164207  1.405800e-01 0.91899999999999999999
1  1.26e-01  0.3504164321  1.405800e-01 0.91899999999999999999
1  1.32e-01  0.3504164942  1.405800e-01 0.91899999999999999999
1  1.38e-01  0.3504164793  1.405800e-01 0.91899999999999999999
1  1.45e-01  0.3504165065  1.405800e-01 0.91899999999999999999
1  1.51e-01  0.350416497  1.405800e-01 0.91899999999999999999
1  1.58e-01  0.3504164956  1.405800e-01 0.91899999999999999999
1  1.66e-01  0.3504165171  1.405800e-01 0.91899999999999999999
1  1.74e-01  0.3504164387  1.405800e-01 0.91899999999999999999
1  1.82e-01  0.3504164711  1.405800e-01 0.91899999999999999999
1  1.91e-01  0.3504164305  1.405800e-01 0.91899999999999999999
1  2.00e-01  0.3504164351  1.405800e-01 0.91899999999999999999
1  2.09e-01  0.350416513  1.405800e-01 0.91899999999999999999
1  2.19e-01  0.3504165078  1.405800e-01 0.91899999999999999999
1  2.29e-01  0.3504163803  1.405800e-01 0.91899999999999999999
1  2.40e-01  0.3504163857  1.405800e-01 0.91899999999999999999
1  2.51e-01  0.3504165185  1.405800e-01 0.91899999999999999999
1  2.63e-01  0.3504163869  1.405800e-01 0.91899999999999999999
1  2.75e-01  0.3504164029  1.405800e-01 0.91899999999999999999
1  2.88e-01  0.3504163805  1.405800e-01 0.91899999999999999999
1  3.02e-01  0.3504163617  1.405800e-01 0.91899999999999999999
1  3.16e-01  0.3504163261  1.405800e-01 0.91899999999999999999
1  3.31e-01  0.3504165031  1.405800e-01 0.91899999999999999999
1  3.47e-01  0.3504163344  1.405800e-01 0.91899999999999999999
1  3.63e-01  0.3504165401  1.405800e-01 0.91899999999999999999
1  3.80e-01  0.3504142309  1.405800e-01 0.91899999999999999999
1  3.98e-01  0.3504163128  1.405800e-01 0.91899999999999999999
1  4.17e-01  0.3504165059  1.405800e-01 0.91899999999999999999
1  4.37e-01  0.3504164256  1.405800e-01 0.91899999999999999999
1  4.57e-01  0.3504165353  1.405800e-01 0.91899999999999999999
1  4.79e-01  0.3504164089  1.405800e-01 0.91899999999999999999
1  5.01e-01  0.3504165331  1.405800e-01 0.91899999999999999999
1  5.25e-01  0.3504169523  1.405800e-01 0.91899999999999999999
1  5.50e-01  0.3504165282  1.405800e-01 0.91899999999999999999
1  5.75e-01  0.3504163457  1.405800e-01 0.91899999999999999999
1  6.03e-01  0.3504161953  1.405800e-01 0.91899999999999999999
1  6.31e-01  0.3504164591  1.405800e-01 0.91899999999999999999
1  6.61e-01  0.3504161731  1.405800e-01 0.91899999999999999999
1  6.92e-01  0.3504160671  1.405800e-01 0.91899999999999999999
1  7.24e-01  0.3504096395  1.405800e-01 0.91899999999999999999
1  7.59e-01  0.3504165753  1.405800e-01 0.91899999999999999999
1  7.94e-01  0.3504165245  1.405800e-01 0.91899999999999999999
1  8.32e-01  0.3504161066  1.405800e-01 0.91899999999999999999
1  8.71e-01  0.3504164334  1.405800e-01 0.91899999999999999999
1  9.12e-01  0.3504164059  1.405800e-01 0.91899999999999999999
1  9.55e-01  0.3504163259  1.405800e-01 0.91899999999999999999
1  1.00e+00  0.3504164392  1.405800e-01 0.91899999999999999999
1  1.05e+00  0.3504156521  1.405800e-01 0.91899999999999999999
1  1.10e+00  0.350410008  1.405800e-01 0.91899999999999999999
1  1.15e+00  0.3504160129  1.405800e-01 0.91899999999999999999
1  1.20e+00  0.3504158486  1.405800e-01 0.91899999999999999999
1  1.26e+00  0.3504161507  1.405800e-01 0.91899999999999999999
1  1.32e+00  0.3504161594  1.405800e-01 0.91899999999999999999
1  1.38e+00  0.3504161295  1.405800e-01 0.91899999999999999999
1  1.45e+00  0.3504120652  1.405800e-01 0.91899999999999999999
1  1.51e+00  0.3504099232  1.405800e-01 0.91899999999999999999
1  1.58e+00  0.3504156636  1.405800e-01 0.91899999999999999999
1  1.66e+00  0.3504165283  1.405800e-01 0.91899999999999999999
1  1.74e+00  0.3504163066  1.405800e-01 0.91899999999999999999
1  1.82e+00  0.3504157805  1.405800e-01 0.91899999999999999999
1  1.91e+00  0.3504154369  1.405800e-01 0.91899999999999999999
1  2.00e+00  0.3504161729  1.405800e-01 0.91899999999999999999
1  2.09e+00  0.3504151186  1.405800e-01 0.91899999999999999999
1  2.19e+00  0.350415823  1.405800e-01 0.91899999999999999999
1  2.29e+00  0.3504149904  1.405800e-01 0.91899999999999999999
1  2.40e+00  0.3504162997  1.405800e-01 0.91899999999999999999
1  2.51e+00  0.3504162488  1.405800e-01 0.91899999999999999999
1  2.63e+00  0.3504139443  1.405800e-01 0.91899999999999999999
1  2.75e+00  0.3504156638  1.405800e-01 0.91899999999999999999
1  2.88e+00  0.3504154028  1.405800e-01 0.91899999999999999999
1  3.02e+00  0.350400698  1.405800e-01 0.91899999999999999999
1  3.16e+00  0.3504115275  1.405800e-01 0.91899999999999999999
1  3.31e+00  0.3504150916  1.405800e-01 0.91899999999999999999
1  3.47e+00  0.3504163609  1.405800e-01 0.91899999999999999999
1  3.63e+00  0.3504149538  1.405800e-01 0.91899999999999999999
1  3.80e+00  0.3504146002  1.405800e-01 0.91899999999999999999
1  3.98e+00  0.3504163708  1.405800e-01 0.91899999999999999999
1  4.17e+00  0.3504160008  1.405800e-01 0.91899999999999999999
1  4.37e+00  0.3504156585  1.405800e-01 0.91899999999999999999
1  4.57e+00  0.3504162437  1.405800e-01 0.91899999999999999999
1  4.79e+00  0.3504153599  1.405800e-01 0.91899999999999999999
1  5.01e+00  0.3504154405  1.405800e-01 0.91899999999999999999
1  5.25e+00  0.350413858  1.405800e-01 0.91899999999999999999
1  5.50e+00  0.350416286  1.405800e-01 0.91899999999999999999
1  5.75e+00  0.3503709332  1.405800e-01 0.91899999999999999999
1  6.03e+00  0.3504141276  1.405800e-01 0.91899999999999999999
1  6.31e+00  0.3504310791  1.405800e-01 0.91899999999999999999
1  6.61e+00  0.3504141887  1.405800e-01 0.91899999999999999999
1  6.92e+00  0.3504146516  1.405800e-01 0.91899999999999999999
1  7.24e+00  0.3504165853  1.405800e-01 0.91899999999999999999
1  7.59e+00  0.3504146555  1.405800e-01 0.91899999999999999999
1  7.94e+00  0.3504137681  1.405800e-01 0.91899999999999999999
1  8.32e+00  0.3504145854  1.405800e-01 0.91899999999999999999
1  8.71e+00  0.3504124495  1.405800e-01 0.91899999999999999999
1  9.12e+00  0.3504126054  1.405800e-01 0.91899999999999999999
1  9.55e+00  0.3504121591  1.405800e-01 0.91899999999999999999
1  1.00e+01  0.3504116563  1.405800e-01 0.91899999999999999999
1  1.05e+01  0.3504084866  1.405800e-01 0.91899999999999999999
1  1.10e+01  0.3504128321  1.405800e-01 0.91899999999999999999
1  1.15e+01  0.3504243856  1.405800e-01 0.91899999999999999999
1  1.20e+01  0.3503827629  1.405800e-01 0.91899999999999999999
1  1.26e+01  0.3504107228  1.405800e-01 0.91899999999999999999
1  1.32e+01  0.3504176156  1.405800e-01 0.91899999999999999999
1  1.38e+01  0.3504132018  1.405800e-01 0.91899999999999999999
1  1.45e+01  0.3504100103  1.405800e-01 0.91899999999999999999
1  1.51e+01  0.3504173772  1.405800e-01 0.91899999999999999999
1  1.58e+01  0.3504152334  1.405800e-01 0.91899999999999999999
1  1.66e+01  0.3504668368  1.405800e-01 0.91899999999999999999
1  1.74e+01  0.3501701725  1.405800e-01 0.91899999999999999999
1  1.82e+01  0.3504116829  1.405800e-01 0.91899999999999999999
1  1.91e+01  0.3504103338  1.405800e-01 0.91899999999999999999
1  2.00e+01  0.3504080228  1.405800e-01 0.91899999999999999999
1  2.09e+01  0.3501729483  1.405800e-01 0.91899999999999999999
1  2.19e+01  0.3503151741  1.405800e-01 0.91899999999999999999
1  2.29e+01  0.3502082676  1.405800e-01 0.91899999999999999999
1  2.40e+01  0.3503002311  1.405800e-01 0.91899999999999999999
1  2.51e+01  0.350079966  1.405800e-01 0.91899999999999999999
1  2.63e+01  0.3500776898  1.405800e-01 0.91899999999999999999
1  2.75e+01  0.350636033  1.405800e-01 0.91899999999999999999
1  2.88e+01  0.3504395343  1.405800e-01 0.91899999999999999999
1  3.02e+01  0.3503521891  1.405800e-01 0.91899999999999999999
1  3.16e+01  0.350407097  1.405800e-01 0.91899999999999999999
1  3.31e+01  0.3503376967  1.405800e-01 0.91899999999999999999
1  3.47e+01  0.3501639435  1.405800e-01 0.91899999999999999999
1  3.63e+01  0.3504918553  1.405800e-01 0.91899999999999999999
1  3.80e+01  0.3503967764  1.405800e-01 0.91899999999999999999
1  3.98e+01  0.3504994874  1.405800e-01 0.91899999999999999999
1  4.17e+01  0.3503512916  1.405800e-01 0.91899999999999999999
1  4.37e+01  0.3503416919  1.405800e-01 0.91899999999999999999
1  4.57e+01  0.3501798493  1.405800e-01 0.91899999999999999999
1  4.79e+01  0.3503738108  1.405800e-01 0.91899999999999999999
1  5.01e+01  0.3504195395  1.405800e-01 0.91899999999999999999
1  5.25e+01  0.3503125494  1.405800e-01 0.91899999999999999999
1  5.50e+01  0.3504115811  1.405800e-01 0.91899999999999999999
1  5.75e+01  0.350403652  1.405800e-01 0.91899999999999999999
1  6.03e+01  0.3505438085  1.405800e-01 0.91899999999999999999
1  6.31e+01  0.3504041099  1.405800e-01 0.91899999999999999999
1  6.61e+01  0.3503716603  1.405800e-01 0.91899999999999999999
1  6.92e+01  0.3503031939  1.405800e-01 0.91899999999999999999
1  7.24e+01  0.3503744616  1.405800e-01 0.91899999999999999999
1  7.59e+01  0.3503016615  1.405800e-01 0.91899999999999999999
1  7.94e+01  0.3503808763  1.405800e-01 0.91899999999999999999
1  8.32e+01  0.3503463414  1.405800e-01 0.91899999999999999999
1  8.71e+01  0.350420686  1.405800e-01 0.91899999999999999999
1  9.12e+01  0.3503490944  1.405800e-01 0.91899999999999999999
1  9.55e+01  0.3500610126  1.405800e-01 0.91899999999999999999
1  1.00e+02  0.3504630136  1.405800e-01 0.91899999999999999999
1  1.05e+02  0.3503916543  1.405800e-01 0.91899999999999999999
1  1.10e+02  0.3503852274  1.405800e-01 0.91899999999999999999
1  1.15e+02  0.350408526  1.405800e-01 0.91899999999999999999
1  1.20e+02  0.3504610985  1.405800e-01 0.91899999999999999999
1  1.26e+02  0.3502837178  1.405800e-01 0.91899999999999999999
1  1.32e+02  0.3503636629  1.405800e-01 0.91899999999999999999
1  1.38e+02  0.3504613463  1.405800e-01 0.91899999999999999999
1  1.45e+02  0.3503371924  1.405800e-01 0.91899999999999999999
1  1.51e+02  0.3503301232  1.405800e-01 0.91899999999999999999
1  1.58e+02  0.3501629171  1.405800e-01 0.91899999999999999999
1  1.66e+02  0.3503220228  1.405800e-01 0.91899999999999999999
1  1.74e+02  0.3503707384  1.405800e-01 0.91899999999999999999
1  1.82e+02  0.3504059785  1.405800e-01 0.91899999999999999999
1  1.91e+02  0.3503799244  1.405800e-01 0.91899999999999999999
1  2.00e+02  0.3504912296  1.405800e-01 0.91899999999999999999
1  2.09e+02  0.3501999249  1.405800e-01 0.91899999999999999999
1  2.19e+02  0.3504188976  1.405800e-01 0.91899999999999999999
1  2.29e+02  0.3503260881  1.405800e-01 0.91899999999999999999
1  2.40e+02  0.3504315877  1.405800e-01 0.91899999999999999999
1  2.51e+02  0.3503988559  1.405800e-01 0.91899999999999999999
1  2.63e+02  0.3503046962  1.405800e-01 0.91899999999999999999
1  2.75e+02  0.3502685732  1.405800e-01 0.91899999999999999999
1  2.88e+02  0.3503988217  1.405800e-01 0.91899999999999999999
1  3.02e+02  0.350353034  1.405800e-01 0.91899999999999999999
1  3.16e+02  0.3504548265  1.405800e-01 0.91899999999999999999
1  3.31e+02  0.3503130991  1.405800e-01 0.91899999999999999999
1  3.47e+02  0.3504797119  1.405800e-01 0.91899999999999999999
1  3.63e+02  0.3503613474  1.405800e-01 0.91899999999999999999
1  3.80e+02  0.3503503687  1.405800e-01 0.91899999999999999999
1  3.98e+02  0.3502913154  1.405800e-01 0.91899999999999999999
1  4.17e+02  0.3501422813  1.405800e-01 0.91899999999999999999
1  4.37e+02  0.3499428378  1.405800e-01 0.91899999999999999999
1  4.57e+02  0.3503979167  1.405800e-01 0.91899999999999999999
1  4.79e+02  0.3500980076  1.405800e-01 0.91899999999999999999
1  5.01e+02  0.3500473577  1.405800e-01 0.91899999999999999999
1  5.25e+02  0.3500700608  1.405800e-01 0.91899999999999999999
1  5.50e+02  0.3504583439  1.405800e-01 0.91899999999999999999
1  5.75e+02  0.3500926629  1.405800e-01 0.91899999999999999999
1  6.03e+02  0.3504044719  1.405800e-01 0.91899999999999999999
1  6.31e+02  0.350421411  1.405800e-01 0.91899999999999999999
1  6.61e+02  0.3499430314  1.405800e-01 0.91899999999999999999
1  6.92e+02  0.3502761152  1.405800e-01 0.91899999999999999999
1  7.24e+02  0.3501765701  1.405800e-01 0.91899999999999999999
1  7.59e+02  0.3498596896  1.405800e-01 0.91899999999999999999
1  7.94e+02  0.3504375639  1.405800e-01 0.91899999999999999999
1  8.32e+02  0.3501490302  1.405800e-01 0.91899999999999999999
1  8.71e+02  0.3500222241  1.405800e-01 0.91899999999999999999
1  9.12e+02  0.3502434525  1.405800e-01 0.91899999999999999999
1  9.55e+02  0.3499738209  1.405800e-01 0.91899999999999999999
1  1.00e+03  0.3504475609  1.405800e-01 0.91899999999999999999
1  1.05e+03  0.3504588732  1.405800e-01 0.91899999999999999999
1  1.10e+03  0.3504131804  1.405800e-01 0.91899999999999999999
1  1.15e+03  0.3498487101  1.405800e-01 0.91899999999999999999
1  1.20e+03  0.3500818004  1.405800e-01 0.91899999999999999999
1  1.26e+03  0.3499693474  1.405800e-01 0.91899999999999999999
1  1.32e+03  0.3506970488  1.405800e-01 0.91899999999999999999
1  1.38e+03  0.351514258  1.405800e-01 0.91899999999999999999
1  1.45e+03  0.348913119  1.405800e-01 0.91899999999999999999
1  1.51e+03  0.3508430535  1.405800e-01 0.91899999999999999999
1  1.58e+03  0.3479414459  1.405800e-01 0.91899999999999999999
1  1.66e+03  0.3468917266  1.405800e-01 0.91899999999999999999
1  1.74e+03  0.3481918353  1.405800e-01 0.91899999999999999999
1  1.82e+03  0.3519849717  1.405800e-01 0.91899999999999999999
1  1.91e+03  0.3519742263  1.405800e-01 0.91899999999999999999
1  2.00e+03  0.3535814222  1.405800e-01 0.91899999999999999999
1  2.09e+03  0.3490491103  1.405800e-01 0.91899999999999999999
1  2.19e+03  0.3519620559  1.405800e-01 0.91899999999999999999
1  2.29e+03  0.3524020568  1.405800e-01 0.91899999999999999999
1  2.40e+03  0.348232502  1.405800e-01 0.91899999999999999999
1  2.51e+03  0.340982637  1.405800e-01 0.91899999999999999999
1  2.63e+03  0.3444626512  1.405800e-01 0.91899999999999999999
1  2.75e+03  0.3470427179  1.405800e-01 0.91899999999999999999
1  2.88e+03  0.3457829187  1.405800e-01 0.91899999999999999999
1  3.02e+03  0.335984826  1.405800e-01 0.91899999999999999999
1  3.16e+03  0.3451945791  1.405800e-01 0.91899999999999999999
1  3.31e+03  0.356738423  1.405800e-01 0.91899999999999999999
1  3.47e+03  0.3542843267  1.405800e-01 0.91899999999999999999
1  3.63e+03  0.3517082897  1.405800e-01 0.91899999999999999999
1  3.80e+03  0.3454791958  1.405800e-01 0.91899999999999999999
1  3.98e+03  0.3506813255  1.405800e-01 0.91899999999999999999
1  4.17e+03  0.3707865847  1.405800e-01 0.91899999999999999999
1  4.37e+03  0.3520772702  1.405800e-01 0.91899999999999999999
1  4.57e+03  0.3700528802  1.405800e-01 0.91899999999999999999
1  4.79e+03  0.3523811647  1.405800e-01 0.91899999999999999999
1  5.01e+03  0.3549640719  1.405800e-01 0.91899999999999999999
1  5.25e+03  0.3532343173  1.405800e-01 0.91899999999999999999
1  5.50e+03  0.3592940658  1.405800e-01 0.91899999999999999999
1  5.75e+03  0.3613286117  1.405800e-01 0.91899999999999999999
1  6.03e+03  0.3578933002  1.405800e-01 0.91899999999999999999
1  6.31e+03  0.3362508092  1.405800e-01 0.91899999999999999999
1  6.61e+03  0.3577358808  1.405800e-01 0.91899999999999999999
1  6.92e+03  0.3700823967  1.405800e-01 0.91899999999999999999
1  7.24e+03  0.3540201624  1.405800e-01 0.91899999999999999999
1  7.59e+03  0.337488369  1.405800e-01 0.91899999999999999999
1  7.94e+03  0.3287441966  1.405800e-01 0.91899999999999999999
1  8.32e+03  0.3488591098  1.405800e-01 0.91899999999999999999
1  8.71e+03  0.3488854559  1.405800e-01 0.91899999999999999999
1  9.12e+03  0.3625946972  1.405800e-01 0.91899999999999999999
1  9.55e+03  0.3720280794  1.405800e-01 0.91899999999999999999
1  1.00e+04  0.3101441657  1.405800e-01 0.91899999999999999999
1  1.05e+04  0.3010477261  1.405800e-01 0.91899999999999999999
1  1.10e+04  0.3537012888  1.405800e-01 0.91899999999999999999
1  1.15e+04  0.3712088284  1.405800e-01 0.91899999999999999999
1  1.20e+04  0.3382564589  1.405800e-01 0.91899999999999999999
1  1.26e+04  0.3620086672  1.405800e-01 0.91899999999999999999
1  1.32e+04  0.2957958119  1.405800e-01 0.91899999999999999999
1  1.38e+04  0.3586783529  1.405800e-01 0.91899999999999999999
1  1.45e+04  0.2952981344  1.405800e-01 0.91899999999999999999
1  1.51e+04  0.3475448895  1.405800e-01 0.91899999999999999999
1  1.58e+04  0.3410393521  1.405800e-01 0.91899999999999999999
1  1.66e+04  0.3494150134  1.405800e-01 0.91899999999999999999
1  1.74e+04  0.3492447189  1.405800e-01 0.91899999999999999999
1  1.82e+04  0.2848770847  1.405800e-01 0.91899999999999999999
1  1.91e+04  0.3452969428  1.405800e-01 0.91899999999999999999
1  2.00e+04  0.3293820223  1.405800e-01 0.91899999999999999999
1  2.09e+04  0.3553866061  1.405800e-01 0.91899999999999999999
1  2.19e+04  0.3511443557  1.405800e-01 0.91899999999999999999
1  2.29e+04  0.3244546022  1.405800e-01 0.91899999999999999999
1  2.40e+04  0.3583895279  1.405800e-01 0.91899999999999999999
1  2.51e+04  0.2914045143  1.405800e-01 0.91899999999999999999
1  2.63e+04  0.3172981134  1.405800e-01 0.91899999999999999999
1  2.75e+04  0.3392943641  1.405800e-01 0.91899999999999999999
1  2.88e+04  0.2916154139  1.405800e-01 0.91899999999999999999
1  3.02e+04  0.3420129298  1.405800e-01 0.91899999999999999999
1  3.16e+04  0.2827168061  1.405800e-01 0.91899999999999999999
1  3.31e+04  0.3551962955  1.405800e-01 0.91899999999999999999
1  3.47e+04  0.3273746189  1.405800e-01 0.91899999999999999999
1  3.63e+04  0.3261132921  1.405800e-01 0.91899999999999999999
1  3.80e+04  0.3054143146  1.405800e-01 0.91899999999999999999
1  3.98e+04  0.2935014284  1.405800e-01 0.91899999999999999999
1  4.17e+04  0.3212717124  1.405800e-01 0.91899999999999999999
1  4.37e+04  0.3121927387  1.405800e-01 0.91899999999999999999
1  4.57e+04  0.3558509309  1.405800e-01 0.91899999999999999999
1  4.79e+04  0.3403189676  1.405800e-01 0.91899999999999999999
1  5.01e+04  0.3088657179  1.405800e-01 0.91899999999999999999
1  5.25e+04  0.3456295587  1.405800e-01 0.91899999999999999999
1  5.50e+04  0.3217660048  1.405800e-01 0.91899999999999999999
1  5.75e+04  0.2584878153  1.405800e-01 0.91899999999999999999
1  6.03e+04  0.3419302759  1.405800e-01 0.91899999999999999999
1  6.31e+04  0.3133231116  1.405800e-01 0.91899999999999999999
1  6.61e+04  0.2806789517  1.405800e-01 0.91899999999999999999
1  6.92e+04  0.3462152433  1.405800e-01 0.91899999999999999999
1  7.24e+04  0.3519927669  1.405800e-01 0.91899999999999999999
1  7.59e+04  0.3288186796  1.405800e-01 0.91899999999999999999
1  7.94e+04  0.3402367805  1.405800e-01 0.91899999999999999999
1  8.32e+04  0.3445863953  1.405800e-01 0.91899999999999999999
1  8.71e+04  0.3451987447  1.405800e-01 0.91899999999999999999
1  9.12e+04  0.3585705647  1.405800e-01 0.91899999999999999999
1  9.55e+04  0.3500783616  1.405800e-01 0.91899999999999999999
1  1.00e+05  0.3144810993  1.405800e-01 0.91899999999999999999
1  1.05e+05  0.3010912417  1.405800e-01 0.91899999999999999999
1  1.10e+05  0.328714623  1.405800e-01 0.91899999999999999999
1  1.15e+05  0.3547618547  1.405800e-01 0.91899999999999999999
1  1.20e+05  0.3407739072  1.405800e-01 0.91899999999999999999
1  1.26e+05  0.3020734326  1.405800e-01 0.91899999999999999999
1  1.32e+05  0.2811504546  1.405800e-01 0.91899999999999999999
1  1.38e+05  0.296530151  1.405800e-01 0.91899999999999999999
1  1.45e+05  0.3294954055  1.405800e-01 0.91899999999999999999
1  1.51e+05  0.3499071593  1.405800e-01 0.91899999999999999999
1  1.58e+05  0.344427097  1.405800e-01 0.91899999999999999999
1  1.66e+05  0.3223666305  1.405800e-01 0.91899999999999999999
1  1.74e+05  0.3026245267  1.405800e-01 0.91899999999999999999
1  1.82e+05  0.2982639968  1.405800e-01 0.91899999999999999999
1  1.91e+05  0.3101016407  1.405800e-01 0.91899999999999999999
1  2.00e+05  0.3298845492  1.405800e-01 0.91899999999999999999
1  2.09e+05  0.3474284749  1.405800e-01 0.91899999999999999999
1  2.19e+05  0.3562259289  1.405800e-01 0.91899999999999999999
1  2.29e+05  0.3552619035  1.405800e-01 0.91899999999999999999
1  2.40e+05  0.3476971679  1.405800e-01 0.91899999999999999999
1  2.51e+05  0.3382784174  1.405800e-01 0.91899999999999999999
1  2.63e+05  0.331077211  1.405800e-01 0.91899999999999999999
1  2.75e+05  0.3283086577  1.405800e-01 0.91899999999999999999
1  2.88e+05  0.3302212168  1.405800e-01 0.91899999999999999999
1  3.02e+05  0.3356568341  1.405800e-01 0.91899999999999999999
1  3.16e+05  0.3428262549  1.405800e-01 0.91899999999999999999
1  3.31e+05  0.3499766267  1.405800e-01 0.91899999999999999999
1  3.47e+05  0.3558052198  1.405800e-01 0.91899999999999999999
1  3.63e+05  0.3596116801  1.405800e-01 0.91899999999999999999
1  3.80e+05  0.3612562921  1.405800e-01 0.91899999999999999999
1  3.98e+05  0.3610122757  1.405800e-01 0.91899999999999999999
1  4.17e+05  0.3593875247  1.405800e-01 0.91899999999999999999
1  4.37e+05  0.3569654177  1.405800e-01 0.91899999999999999999
1  4.57e+05  0.3542886671  1.405800e-01 0.91899999999999999999
1  4.79e+05  0.3517909517  1.405800e-01 0.91899999999999999999
1  5.01e+05  0.3497696854  1.405800e-01 0.91899999999999999999
1  5.25e+05  0.3483884652  1.405800e-01 0.91899999999999999999
1  5.50e+05  0.3476973524  1.405800e-01 0.91899999999999999999
1  5.75e+05  0.3476611312  1.405800e-01 0.91899999999999999999
1  6.03e+05  0.3481885221  1.405800e-01 0.91899999999999999999
1  6.31e+05  0.3491580862  1.405800e-01 0.91899999999999999999
1  6.61e+05  0.3506478072  1.405800e-01 0.91899999999999999999
1  6.92e+05  0.3523730094  1.405800e-01 0.91899999999999999999
1  7.24e+05  0.3541264509  1.405800e-01 0.91899999999999999999
1  7.59e+05  0.3558005595  1.405800e-01 0.91899999999999999999
1  7.94e+05  0.3573181722  1.405800e-01 0.91899999999999999999
1  8.32e+05  0.3586298646  1.405800e-01 0.91899999999999999999
1  8.71e+05  0.3597096637  1.405800e-01 0.91899999999999999999
1  9.12e+05  0.360550185  1.405800e-01 0.91899999999999999999
1  9.55e+05  0.3611578745  1.405800e-01 0.91899999999999999999
1  1.00e+06  0.3615487487  1.405800e-01 0.91899999999999999999
1  1.05e+06  0.3617448204  1.405800e-01 0.91899999999999999999
1  1.10e+06  0.3617712566  1.405800e-01 0.91899999999999999999
1  1.15e+06  0.3616542293  1.405800e-01 0.91899999999999999999
1  1.20e+06  0.3614193772  1.405800e-01 0.91899999999999999999
1  1.26e+06  0.3610907719  1.405800e-01 0.91899999999999999999
1  1.32e+06  0.3606902879  1.405800e-01 0.91899999999999999999
1  1.38e+06  0.3602372771  1.405800e-01 0.91899999999999999999
1  1.45e+06  0.35975984  1.405800e-01 0.91899999999999999999
1  1.51e+06  0.3592498408  1.405800e-01 0.91899999999999999999
1  1.58e+06  0.3587296589  1.405800e-01 0.91899999999999999999
1  1.66e+06  0.3582088848  1.405800e-01 0.91899999999999999999
1  1.74e+06  0.3576951412  1.405800e-01 0.91899999999999999999
1  1.82e+06  0.3571943351  1.405800e-01 0.91899999999999999999
1  1.91e+06  0.356710904  1.405800e-01 0.91899999999999999999
1  2.00e+06  0.3562480473  1.405800e-01 0.91899999999999999999
1  2.09e+06  0.3558079367  1.405800e-01 0.91899999999999999999
1  2.19e+06  0.3553919039  1.405800e-01 0.91899999999999999999
1  2.29e+06  0.3550006046  1.405800e-01 0.91899999999999999999
1  2.40e+06  0.3546341592  1.405800e-01 0.91899999999999999999
1  2.51e+06  0.3542922734  1.405800e-01 0.91899999999999999999
1  2.63e+06  0.3539743378  1.405800e-01 0.91899999999999999999
1  2.75e+06  0.3536795115  1.405800e-01 0.91899999999999999999
1  2.88e+06  0.3534127675  1.405800e-01 0.91899999999999999999
1  3.02e+06  0.3531605575  1.405800e-01 0.91899999999999999999
1  3.16e+06  0.35292819  1.405800e-01 0.91899999999999999999
1  3.31e+06  0.3527144577  1.405800e-01 0.91899999999999999999
1  3.47e+06  0.3525181496  1.405800e-01 0.91899999999999999999
1  3.63e+06  0.3523380723  1.405800e-01 0.91899999999999999999
1  3.80e+06  0.3521730642  1.405800e-01 0.91899999999999999999
1  3.98e+06  0.3520220078  1.405800e-01 0.91899999999999999999
1  4.17e+06  0.3518838363  1.405800e-01 0.91899999999999999999
1  4.37e+06  0.3517575393  1.405800e-01 0.91899999999999999999
1  4.57e+06  0.351642165  1.405800e-01 0.91899999999999999999
1  4.79e+06  0.3515368215  1.405800e-01 0.91899999999999999999
1  5.01e+06  0.3514406766  1.405800e-01 0.91899999999999999999
1  5.25e+06  0.3513529568  1.405800e-01 0.91899999999999999999
1  5.50e+06  0.351272945  1.405800e-01 0.91899999999999999999
1  5.75e+06  0.351201477  1.405800e-01 0.91899999999999999999
1  6.03e+06  0.3511348051  1.405800e-01 0.91899999999999999999
1  6.31e+06  0.3510740182  1.405800e-01 0.91899999999999999999
1  6.61e+06  0.3510185988  1.405800e-01 0.91899999999999999999
1  6.92e+06  0.3509680725  1.405800e-01 0.91899999999999999999
1  7.24e+06  0.3509220048  1.405800e-01 0.91899999999999999999
1  7.59e+06  0.3508799983  1.405800e-01 0.91899999999999999999
1  7.94e+06  0.3508416898  1.405800e-01 0.91899999999999999999
1  8.32e+06  0.3508067479  1.405800e-01 0.91899999999999999999
1  8.71e+06  0.3507748701  1.405800e-01 0.91899999999999999999
1  9.12e+06  0.3507457809  1.405800e-01 0.91899999999999999999
1  9.55e+06  0.3507192291  1.405800e-01 0.91899999999999999999
1  1.00e+07  0.3506949863  1.405800e-01 0.91899999999999999999
