1  1.00e-03  0.2776590207  1.574067e-01 1.02899999999999999995
1  1.05e-03  0.2776590185  1.574067e-01 1.02899999999999999995
1  1.10e-03  0.2776590178  1.574067e-01 1.02899999999999999995
1  1.15e-03  0.2776590228  1.574067e-01 1.02899999999999999995
1  1.20e-03  0.2776590205  1.574067e-01 1.02899999999999999995
1  1.26e-03  0.2776590209  1.574067e-01 1.02899999999999999995
1  1.32e-03  0.2776590224  1.574067e-01 1.02899999999999999995
1  1.38e-03  0.2776590201  1.574067e-01 1.02899999999999999995
1  1.45e-03  0.2776590195  1.574067e-01 1.02899999999999999995
1  1.51e-03  0.2776590167  1.574067e-01 1.02899999999999999995
1  1.58e-03  0.2776590159  1.574067e-01 1.02899999999999999995
1  1.66e-03  0.2776590178  1.574067e-01 1.02899999999999999995
1  1.74e-03  0.2776590197  1.574067e-01 1.02899999999999999995
1  1.82e-03  0.2776590204  1.574067e-01 1.02899999999999999995
1  1.91e-03  0.2776590158  1.574067e-01 1.02899999999999999995
1  2.00e-03  0.2776590186  1.574067e-01 1.02899999999999999995
1  2.09e-03  0.2776590223  1.574067e-01 1.02899999999999999995
1  2.19e-03  0.2776590215  1.574067e-01 1.02899999999999999995
1  2.29e-03  0.2776590221  1.574067e-01 1.02899999999999999995
1  2.40e-03  0.277659023  1.574067e-01 1.02899999999999999995
1  2.51e-03  0.2776590226  1.574067e-01 1.02899999999999999995
1  2.63e-03  0.2776590271  1.574067e-01 1.02899999999999999995
1  2.75e-03  0.2776590261  1.574067e-01 1.02899999999999999995
1  2.88e-03  0.2776590225  1.574067e-01 1.02899999999999999995
1  3.02e-03  0.2776590249  1.574067e-01 1.02899999999999999995
1  3.16e-03  0.277659023  1.574067e-01 1.02899999999999999995
1  3.31e-03  0.277659023  1.574067e-01 1.02899999999999999995
1  3.47e-03  0.2776590232  1.574067e-01 1.02899999999999999995
1  3.63e-03  0.2776590148  1.574067e-01 1.02899999999999999995
1  3.80e-03  0.2776590203  1.574067e-01 1.02899999999999999995
1  3.98e-03  0.2776590215  1.574067e-01 1.02899999999999999995
1  4.17e-03  0.2776590234  1.574067e-01 1.02899999999999999995
1  4.37e-03  0.2776590213  1.574067e-01 1.02899999999999999995
1  4.57e-03  0.2776590216  1.574067e-01 1.02899999999999999995
1  4.79e-03  0.2776590189  1.574067e-01 1.02899999999999999995
1  5.01e-03  0.2776590234  1.574067e-01 1.02899999999999999995
1  5.25e-03  0.277659021  1.574067e-01 1.02899999999999999995
1  5.50e-03  0.2776590189  1.574067e-01 1.02899999999999999995
1  5.75e-03  0.2776590213  1.574067e-01 1.02899999999999999995
1  6.03e-03  0.2776590237  1.574067e-01 1.02899999999999999995
1  6.31e-03  0.2776590229  1.574067e-01 1.02899999999999999995
1  6.61e-03  0.2776590237  1.574067e-01 1.02899999999999999995
1  6.92e-03  0.2776590196  1.574067e-01 1.02899999999999999995
1  7.24e-03  0.2776590214  1.574067e-01 1.02899999999999999995
1  7.59e-03  0.2776590248  1.574067e-01 1.02899999999999999995
1  7.94e-03  0.2776590238  1.574067e-01 1.02899999999999999995
1  8.32e-03  0.2776590187  1.574067e-01 1.02899999999999999995
1  8.71e-03  0.2776590211  1.574067e-01 1.02899999999999999995
1  9.12e-03  0.2776590177  1.574067e-01 1.02899999999999999995
1  9.55e-03  0.2776590156  1.574067e-01 1.02899999999999999995
1  1.00e-02  0.277659023  1.574067e-01 1.02899999999999999995
1  1.05e-02  0.27765902  1.574067e-01 1.02899999999999999995
1  1.10e-02  0.2776590173  1.574067e-01 1.02899999999999999995
1  1.15e-02  0.2776590233  1.574067e-01 1.02899999999999999995
1  1.20e-02  0.2776590245  1.574067e-01 1.02899999999999999995
1  1.26e-02  0.2776590222  1.574067e-01 1.02899999999999999995
1  1.32e-02  0.2776571943  1.574067e-01 1.02899999999999999995
1  1.38e-02  0.2776590264  1.574067e-01 1.02899999999999999995
1  1.45e-02  0.2776590248  1.574067e-01 1.02899999999999999995
1  1.51e-02  0.277659022  1.574067e-01 1.02899999999999999995
1  1.58e-02  0.2776590277  1.574067e-01 1.02899999999999999995
1  1.66e-02  0.2776590266  1.574067e-01 1.02899999999999999995
1  1.74e-02  0.2776590057  1.574067e-01 1.02899999999999999995
1  1.82e-02  0.2776590304  1.574067e-01 1.02899999999999999995
1  1.91e-02  0.277659022  1.574067e-01 1.02899999999999999995
1  2.00e-02  0.2776590243  1.574067e-01 1.02899999999999999995
1  2.09e-02  0.2776590324  1.574067e-01 1.02899999999999999995
1  2.19e-02  0.2776590332  1.574067e-01 1.02899999999999999995
1  2.29e-02  0.2776590347  1.574067e-01 1.02899999999999999995
1  2.40e-02  0.2776590218  1.574067e-01 1.02899999999999999995
1  2.51e-02  0.277658983  1.574067e-01 1.02899999999999999995
1  2.63e-02  0.2776589065  1.574067e-01 1.02899999999999999995
1  2.75e-02  0.2776590175  1.574067e-01 1.02899999999999999995
1  2.88e-02  0.2776590746  1.574067e-01 1.02899999999999999995
1  3.02e-02  0.2776590446  1.574067e-01 1.02899999999999999995
1  3.16e-02  0.2776590971  1.574067e-01 1.02899999999999999995
1  3.31e-02  0.2776590333  1.574067e-01 1.02899999999999999995
1  3.47e-02  0.2776590433  1.574067e-01 1.02899999999999999995
1  3.63e-02  0.2776590407  1.574067e-01 1.02899999999999999995
1  3.80e-02  0.2776590127  1.574067e-01 1.02899999999999999995
1  3.98e-02  0.2776590595  1.574067e-01 1.02899999999999999995
1  4.17e-02  0.2776589075  1.574067e-01 1.02899999999999999995
1  4.37e-02  0.2776590052  1.574067e-01 1.02899999999999999995
1  4.57e-02  0.2776590014  1.574067e-01 1.02899999999999999995
1  4.79e-02  0.2776590112  1.574067e-01 1.02899999999999999995
1  5.01e-02  0.2776590161  1.574067e-01 1.02899999999999999995
1  5.25e-02  0.2776590331  1.574067e-01 1.02899999999999999995
1  5.50e-02  0.2776590233  1.574067e-01 1.02899999999999999995
1  5.75e-02  0.277659029  1.574067e-01 1.02899999999999999995
1  6.03e-02  0.2776590248  1.574067e-01 1.02899999999999999995
1  6.31e-02  0.2776590277  1.574067e-01 1.02899999999999999995
1  6.61e-02  0.2776590591  1.574067e-01 1.02899999999999999995
1  6.92e-02  0.2776575944  1.574067e-01 1.02899999999999999995
1  7.24e-02  0.2776589348  1.574067e-01 1.02899999999999999995
1  7.59e-02  0.2776590303  1.574067e-01 1.02899999999999999995
1  7.94e-02  0.277659111  1.574067e-01 1.02899999999999999995
1  8.32e-02  0.2776475762  1.574067e-01 1.02899999999999999995
1  8.71e-02  0.2776589435  1.574067e-01 1.02899999999999999995
1  9.12e-02  0.2776589761  1.574067e-01 1.02899999999999999995
1  9.55e-02  0.2776589695  1.574067e-01 1.02899999999999999995
1  1.00e-01  0.2776589848  1.574067e-01 1.02899999999999999995
1  1.05e-01  0.2776590109  1.574067e-01 1.02899999999999999995
1  1.10e-01  0.2776589891  1.574067e-01 1.02899999999999999995
1  1.15e-01  0.2776590718  1.574067e-01 1.02899999999999999995
1  1.20e-01  0.2776590133  1.574067e-01 1.02899999999999999995
1  1.26e-01  0.2776589679  1.574067e-01 1.02899999999999999995
1  1.32e-01  0.2776590718  1.574067e-01 1.02899999999999999995
1  1.38e-01  0.2776590269  1.574067e-01 1.02899999999999999995
1  1.45e-01  0.2776590444  1.574067e-01 1.02899999999999999995
1  1.51e-01  0.2776589854  1.574067e-01 1.02899999999999999995
1  1.58e-01  0.2776590082  1.574067e-01 1.02899999999999999995
1  1.66e-01  0.2776590806  1.574067e-01 1.02899999999999999995
1  1.74e-01  0.2776589762  1.574067e-01 1.02899999999999999995
1  1.82e-01  0.2776589817  1.574067e-01 1.02899999999999999995
1  1.91e-01  0.277658991  1.574067e-01 1.02899999999999999995
1  2.00e-01  0.2776589956  1.574067e-01 1.02899999999999999995
1  2.09e-01  0.2776591277  1.574067e-01 1.02899999999999999995
1  2.19e-01  0.277659087  1.574067e-01 1.02899999999999999995
1  2.29e-01  0.27765899  1.574067e-01 1.02899999999999999995
1  2.40e-01  0.2776590069  1.574067e-01 1.02899999999999999995
1  2.51e-01  0.2776591574  1.574067e-01 1.02899999999999999995
1  2.63e-01  0.2776589961  1.574067e-01 1.02899999999999999995
1  2.75e-01  0.2776587285  1.574067e-01 1.02899999999999999995
1  2.88e-01  0.2776589979  1.574067e-01 1.02899999999999999995
1  3.02e-01  0.2776589968  1.574067e-01 1.02899999999999999995
1  3.16e-01  0.2776590797  1.574067e-01 1.02899999999999999995
1  3.31e-01  0.2776591323  1.574067e-01 1.02899999999999999995
1  3.47e-01  0.2776589495  1.574067e-01 1.02899999999999999995
1  3.63e-01  0.2776591563  1.574067e-01 1.02899999999999999995
1  3.80e-01  0.2776589885  1.574067e-01 1.02899999999999999995
1  3.98e-01  0.2776590216  1.574067e-01 1.02899999999999999995
1  4.17e-01  0.2776592572  1.574067e-01 1.02899999999999999995
1  4.37e-01  0.2776590058  1.574067e-01 1.02899999999999999995
1  4.57e-01  0.2776592109  1.574067e-01 1.02899999999999999995
1  4.79e-01  0.2776590069  1.574067e-01 1.02899999999999999995
1  5.01e-01  0.2776591922  1.574067e-01 1.02899999999999999995
1  5.25e-01  0.2776591669  1.574067e-01 1.02899999999999999995
1  5.50e-01  0.2776592335  1.574067e-01 1.02899999999999999995
1  5.75e-01  0.2776589744  1.574067e-01 1.02899999999999999995
1  6.03e-01  0.2776590922  1.574067e-01 1.02899999999999999995
1  6.31e-01  0.2776583876  1.574067e-01 1.02899999999999999995
1  6.61e-01  0.2776593538  1.574067e-01 1.02899999999999999995
1  6.92e-01  0.2776594103  1.574067e-01 1.02899999999999999995
1  7.24e-01  0.2776606222  1.574067e-01 1.02899999999999999995
1  7.59e-01  0.2776591037  1.574067e-01 1.02899999999999999995
1  7.94e-01  0.2776587062  1.574067e-01 1.02899999999999999995
1  8.32e-01  0.2776593077  1.574067e-01 1.02899999999999999995
1  8.71e-01  0.2776593231  1.574067e-01 1.02899999999999999995
1  9.12e-01  0.2776591485  1.574067e-01 1.02899999999999999995
1  9.55e-01  0.2776597147  1.574067e-01 1.02899999999999999995
1  1.00e+00  0.2776596134  1.574067e-01 1.02899999999999999995
1  1.05e+00  0.2776589281  1.574067e-01 1.02899999999999999995
1  1.10e+00  0.2776590073  1.574067e-01 1.02899999999999999995
1  1.15e+00  0.2776593931  1.574067e-01 1.02899999999999999995
1  1.20e+00  0.2776588318  1.574067e-01 1.02899999999999999995
1  1.26e+00  0.2776590951  1.574067e-01 1.02899999999999999995
1  1.32e+00  0.277659932  1.574067e-01 1.02899999999999999995
1  1.38e+00  0.2776590295  1.574067e-01 1.02899999999999999995
1  1.45e+00  0.2776589865  1.574067e-01 1.02899999999999999995
1  1.51e+00  0.2776596984  1.574067e-01 1.02899999999999999995
1  1.58e+00  0.2776595998  1.574067e-01 1.02899999999999999995
1  1.66e+00  0.2776594599  1.574067e-01 1.02899999999999999995
1  1.74e+00  0.2776598669  1.574067e-01 1.02899999999999999995
1  1.82e+00  0.2776592163  1.574067e-01 1.02899999999999999995
1  1.91e+00  0.2776593895  1.574067e-01 1.02899999999999999995
1  2.00e+00  0.2776592359  1.574067e-01 1.02899999999999999995
1  2.09e+00  0.2776589478  1.574067e-01 1.02899999999999999995
1  2.19e+00  0.2776647166  1.574067e-01 1.02899999999999999995
1  2.29e+00  0.2776624056  1.574067e-01 1.02899999999999999995
1  2.40e+00  0.2776602229  1.574067e-01 1.02899999999999999995
1  2.51e+00  0.2776594378  1.574067e-01 1.02899999999999999995
1  2.63e+00  0.2776606544  1.574067e-01 1.02899999999999999995
1  2.75e+00  0.27766034  1.574067e-01 1.02899999999999999995
1  2.88e+00  0.2776605445  1.574067e-01 1.02899999999999999995
1  3.02e+00  0.2776584828  1.574067e-01 1.02899999999999999995
1  3.16e+00  0.2776587147  1.574067e-01 1.02899999999999999995
1  3.31e+00  0.2776543743  1.574067e-01 1.02899999999999999995
1  3.47e+00  0.2776593098  1.574067e-01 1.02899999999999999995
1  3.63e+00  0.2776592465  1.574067e-01 1.02899999999999999995
1  3.80e+00  0.2776613751  1.574067e-01 1.02899999999999999995
1  3.98e+00  0.27765704  1.574067e-01 1.02899999999999999995
1  4.17e+00  0.2776587294  1.574067e-01 1.02899999999999999995
1  4.37e+00  0.2776611438  1.574067e-01 1.02899999999999999995
1  4.57e+00  0.2776600938  1.574067e-01 1.02899999999999999995
1  4.79e+00  0.2776600214  1.574067e-01 1.02899999999999999995
1  5.01e+00  0.2776648051  1.574067e-01 1.02899999999999999995
1  5.25e+00  0.2776584595  1.574067e-01 1.02899999999999999995
1  5.50e+00  0.2776782174  1.574067e-01 1.02899999999999999995
1  5.75e+00  0.277660534  1.574067e-01 1.02899999999999999995
1  6.03e+00  0.2776579438  1.574067e-01 1.02899999999999999995
1  6.31e+00  0.2776633331  1.574067e-01 1.02899999999999999995
1  6.61e+00  0.2776625339  1.574067e-01 1.02899999999999999995
1  6.92e+00  0.277660859  1.574067e-01 1.02899999999999999995
1  7.24e+00  0.2776597659  1.574067e-01 1.02899999999999999995
1  7.59e+00  0.277657668  1.574067e-01 1.02899999999999999995
1  7.94e+00  0.2776684427  1.574067e-01 1.02899999999999999995
1  8.32e+00  0.2776570062  1.574067e-01 1.02899999999999999995
1  8.71e+00  0.2776595384  1.574067e-01 1.02899999999999999995
1  9.12e+00  0.2776622417  1.574067e-01 1.02899999999999999995
1  9.55e+00  0.2776821718  1.574067e-01 1.02899999999999999995
1  1.00e+01  0.2776572499  1.574067e-01 1.02899999999999999995
1  1.05e+01  0.2776585519  1.574067e-01 1.02899999999999999995
1  1.10e+01  0.2776632081  1.574067e-01 1.02899999999999999995
1  1.15e+01  0.2776618066  1.574067e-01 1.02899999999999999995
1  1.20e+01  0.2776665007  1.574067e-01 1.02899999999999999995
1  1.26e+01  0.2776626721  1.574067e-01 1.02899999999999999995
1  1.32e+01  0.2776606764  1.574067e-01 1.02899999999999999995
1  1.38e+01  0.2776669946  1.574067e-01 1.02899999999999999995
1  1.45e+01  0.2776650999  1.574067e-01 1.02899999999999999995
1  1.51e+01  0.2776830845  1.574067e-01 1.02899999999999999995
1  1.58e+01  0.2776702961  1.574067e-01 1.02899999999999999995
1  1.66e+01  0.2776614205  1.574067e-01 1.02899999999999999995
1  1.74e+01  0.2776628301  1.574067e-01 1.02899999999999999995
1  1.82e+01  0.277667393  1.574067e-01 1.02899999999999999995
1  1.91e+01  0.2776644717  1.574067e-01 1.02899999999999999995
1  2.00e+01  0.2776464009  1.574067e-01 1.02899999999999999995
1  2.09e+01  0.2777835337  1.574067e-01 1.02899999999999999995
1  2.19e+01  0.2776798481  1.574067e-01 1.02899999999999999995
1  2.29e+01  0.2776806997  1.574067e-01 1.02899999999999999995
1  2.40e+01  0.2777665711  1.574067e-01 1.02899999999999999995
1  2.51e+01  0.2775977821  1.574067e-01 1.02899999999999999995
1  2.63e+01  0.2775297935  1.574067e-01 1.02899999999999999995
1  2.75e+01  0.2777581051  1.574067e-01 1.02899999999999999995
1  2.88e+01  0.2776246584  1.574067e-01 1.02899999999999999995
1  3.02e+01  0.2777180291  1.574067e-01 1.02899999999999999995
1  3.16e+01  0.2776821485  1.574067e-01 1.02899999999999999995
1  3.31e+01  0.2775593292  1.574067e-01 1.02899999999999999995
1  3.47e+01  0.2777672741  1.574067e-01 1.02899999999999999995
1  3.63e+01  0.2777304674  1.574067e-01 1.02899999999999999995
1  3.80e+01  0.2776168985  1.574067e-01 1.02899999999999999995
1  3.98e+01  0.2777197402  1.574067e-01 1.02899999999999999995
1  4.17e+01  0.2777084964  1.574067e-01 1.02899999999999999995
1  4.37e+01  0.2776557512  1.574067e-01 1.02899999999999999995
1  4.57e+01  0.2777436846  1.574067e-01 1.02899999999999999995
1  4.79e+01  0.2776739473  1.574067e-01 1.02899999999999999995
1  5.01e+01  0.2777193372  1.574067e-01 1.02899999999999999995
1  5.25e+01  0.2776410572  1.574067e-01 1.02899999999999999995
1  5.50e+01  0.2776583757  1.574067e-01 1.02899999999999999995
1  5.75e+01  0.2776657858  1.574067e-01 1.02899999999999999995
1  6.03e+01  0.2776669037  1.574067e-01 1.02899999999999999995
1  6.31e+01  0.2776652676  1.574067e-01 1.02899999999999999995
1  6.61e+01  0.2776604171  1.574067e-01 1.02899999999999999995
1  6.92e+01  0.2776277241  1.574067e-01 1.02899999999999999995
1  7.24e+01  0.2775989152  1.574067e-01 1.02899999999999999995
1  7.59e+01  0.2777385502  1.574067e-01 1.02899999999999999995
1  7.94e+01  0.2776493744  1.574067e-01 1.02899999999999999995
1  8.32e+01  0.2776848967  1.574067e-01 1.02899999999999999995
1  8.71e+01  0.2777442228  1.574067e-01 1.02899999999999999995
1  9.12e+01  0.2777332535  1.574067e-01 1.02899999999999999995
1  9.55e+01  0.2777073694  1.574067e-01 1.02899999999999999995
1  1.00e+02  0.2776245857  1.574067e-01 1.02899999999999999995
1  1.05e+02  0.2777306303  1.574067e-01 1.02899999999999999995
1  1.10e+02  0.2776807079  1.574067e-01 1.02899999999999999995
1  1.15e+02  0.2776552885  1.574067e-01 1.02899999999999999995
1  1.20e+02  0.2775721761  1.574067e-01 1.02899999999999999995
1  1.26e+02  0.2777876158  1.574067e-01 1.02899999999999999995
1  1.32e+02  0.2777220963  1.574067e-01 1.02899999999999999995
1  1.38e+02  0.277657724  1.574067e-01 1.02899999999999999995
1  1.45e+02  0.277732591  1.574067e-01 1.02899999999999999995
1  1.51e+02  0.2776530109  1.574067e-01 1.02899999999999999995
1  1.58e+02  0.2777663718  1.574067e-01 1.02899999999999999995
1  1.66e+02  0.2777223128  1.574067e-01 1.02899999999999999995
1  1.74e+02  0.277627196  1.574067e-01 1.02899999999999999995
1  1.82e+02  0.277678669  1.574067e-01 1.02899999999999999995
1  1.91e+02  0.2777049172  1.574067e-01 1.02899999999999999995
1  2.00e+02  0.2775728877  1.574067e-01 1.02899999999999999995
1  2.09e+02  0.2777095937  1.574067e-01 1.02899999999999999995
1  2.19e+02  0.2777886119  1.574067e-01 1.02899999999999999995
1  2.29e+02  0.2777500997  1.574067e-01 1.02899999999999999995
1  2.40e+02  0.2776913734  1.574067e-01 1.02899999999999999995
1  2.51e+02  0.2777649771  1.574067e-01 1.02899999999999999995
1  2.63e+02  0.2778417516  1.574067e-01 1.02899999999999999995
1  2.75e+02  0.2776598695  1.574067e-01 1.02899999999999999995
1  2.88e+02  0.2776943578  1.574067e-01 1.02899999999999999995
1  3.02e+02  0.2776697094  1.574067e-01 1.02899999999999999995
1  3.16e+02  0.2777660859  1.574067e-01 1.02899999999999999995
1  3.31e+02  0.2777132517  1.574067e-01 1.02899999999999999995
1  3.47e+02  0.2778965127  1.574067e-01 1.02899999999999999995
1  3.63e+02  0.2778209055  1.574067e-01 1.02899999999999999995
1  3.80e+02  0.2777395432  1.574067e-01 1.02899999999999999995
1  3.98e+02  0.2778775594  1.574067e-01 1.02899999999999999995
1  4.17e+02  0.2778728886  1.574067e-01 1.02899999999999999995
1  4.37e+02  0.277726254  1.574067e-01 1.02899999999999999995
1  4.57e+02  0.2779007876  1.574067e-01 1.02899999999999999995
1  4.79e+02  0.2776899683  1.574067e-01 1.02899999999999999995
1  5.01e+02  0.277754761  1.574067e-01 1.02899999999999999995
1  5.25e+02  0.2780659258  1.574067e-01 1.02899999999999999995
1  5.50e+02  0.2776732663  1.574067e-01 1.02899999999999999995
1  5.75e+02  0.277809269  1.574067e-01 1.02899999999999999995
1  6.03e+02  0.2777498123  1.574067e-01 1.02899999999999999995
1  6.31e+02  0.2778102909  1.574067e-01 1.02899999999999999995
1  6.61e+02  0.277857254  1.574067e-01 1.02899999999999999995
1  6.92e+02  0.2780256332  1.574067e-01 1.02899999999999999995
1  7.24e+02  0.2779304248  1.574067e-01 1.02899999999999999995
1  7.59e+02  0.2776886922  1.574067e-01 1.02899999999999999995
1  7.94e+02  0.2779963014  1.574067e-01 1.02899999999999999995
1  8.32e+02  0.278076969  1.574067e-01 1.02899999999999999995
1  8.71e+02  0.2783091304  1.574067e-01 1.02899999999999999995
1  9.12e+02  0.2778219565  1.574067e-01 1.02899999999999999995
1  9.55e+02  0.2784172403  1.574067e-01 1.02899999999999999995
1  1.00e+03  0.2777865955  1.574067e-01 1.02899999999999999995
1  1.05e+03  0.2775689519  1.574067e-01 1.02899999999999999995
1  1.10e+03  0.277642561  1.574067e-01 1.02899999999999999995
1  1.15e+03  0.2794778712  1.574067e-01 1.02899999999999999995
1  1.20e+03  0.2783086481  1.574067e-01 1.02899999999999999995
1  1.26e+03  0.2772841588  1.574067e-01 1.02899999999999999995
1  1.32e+03  0.2772423158  1.574067e-01 1.02899999999999999995
1  1.38e+03  0.2777834629  1.574067e-01 1.02899999999999999995
1  1.45e+03  0.2766736817  1.574067e-01 1.02899999999999999995
1  1.51e+03  0.2802808041  1.574067e-01 1.02899999999999999995
1  1.58e+03  0.2824417936  1.574067e-01 1.02899999999999999995
1  1.66e+03  0.2818770676  1.574067e-01 1.02899999999999999995
1  1.74e+03  0.2816517139  1.574067e-01 1.02899999999999999995
1  1.82e+03  0.2776158008  1.574067e-01 1.02899999999999999995
1  1.91e+03  0.2741646191  1.574067e-01 1.02899999999999999995
1  2.00e+03  0.2748336493  1.574067e-01 1.02899999999999999995
1  2.09e+03  0.2782949168  1.574067e-01 1.02899999999999999995
1  2.19e+03  0.2771075919  1.574067e-01 1.02899999999999999995
1  2.29e+03  0.2785876788  1.574067e-01 1.02899999999999999995
1  2.40e+03  0.2855057726  1.574067e-01 1.02899999999999999995
1  2.51e+03  0.2908524846  1.574067e-01 1.02899999999999999995
1  2.63e+03  0.2777876337  1.574067e-01 1.02899999999999999995
1  2.75e+03  0.2956231211  1.574067e-01 1.02899999999999999995
1  2.88e+03  0.2772208934  1.574067e-01 1.02899999999999999995
1  3.02e+03  0.2889032956  1.574067e-01 1.02899999999999999995
1  3.16e+03  0.2961150544  1.574067e-01 1.02899999999999999995
1  3.31e+03  0.2943546688  1.574067e-01 1.02899999999999999995
1  3.47e+03  0.2912610172  1.574067e-01 1.02899999999999999995
1  3.63e+03  0.2839469557  1.574067e-01 1.02899999999999999995
1  3.80e+03  0.2652495947  1.574067e-01 1.02899999999999999995
1  3.98e+03  0.2678283808  1.574067e-01 1.02899999999999999995
1  4.17e+03  0.2775316943  1.574067e-01 1.02899999999999999995
1  4.37e+03  0.2604454936  1.574067e-01 1.02899999999999999995
1  4.57e+03  0.2707118945  1.574067e-01 1.02899999999999999995
1  4.79e+03  0.273122579  1.574067e-01 1.02899999999999999995
1  5.01e+03  0.259848344  1.574067e-01 1.02899999999999999995
1  5.25e+03  0.2605294657  1.574067e-01 1.02899999999999999995
1  5.50e+03  0.2675444483  1.574067e-01 1.02899999999999999995
1  5.75e+03  0.2726961183  1.574067e-01 1.02899999999999999995
1  6.03e+03  0.2714129224  1.574067e-01 1.02899999999999999995
1  6.31e+03  0.2565492542  1.574067e-01 1.02899999999999999995
1  6.61e+03  0.2642313138  1.574067e-01 1.02899999999999999995
1  6.92e+03  0.2953237918  1.574067e-01 1.02899999999999999995
1  7.24e+03  0.3008205221  1.574067e-01 1.02899999999999999995
1  7.59e+03  0.2643198987  1.574067e-01 1.02899999999999999995
1  7.94e+03  0.3166003879  1.574067e-01 1.02899999999999999995
1  8.32e+03  0.2706502451  1.574067e-01 1.02899999999999999995
1  8.71e+03  0.3226737018  1.574067e-01 1.02899999999999999995
1  9.12e+03  0.2796252653  1.574067e-01 1.02899999999999999995
1  9.55e+03  0.2968829434  1.574067e-01 1.02899999999999999995
1  1.00e+04  0.3233209866  1.574067e-01 1.02899999999999999995
1  1.05e+04  0.2817388568  1.574067e-01 1.02899999999999999995
1  1.10e+04  0.2943191033  1.574067e-01 1.02899999999999999995
1  1.15e+04  0.2912255004  1.574067e-01 1.02899999999999999995
1  1.20e+04  0.3393249581  1.574067e-01 1.02899999999999999995
1  1.26e+04  0.3310312258  1.574067e-01 1.02899999999999999995
1  1.32e+04  0.3446847523  1.574067e-01 1.02899999999999999995
1  1.38e+04  0.3379752321  1.574067e-01 1.02899999999999999995
1  1.45e+04  0.3480072175  1.574067e-01 1.02899999999999999995
1  1.51e+04  0.3517034563  1.574067e-01 1.02899999999999999995
1  1.58e+04  0.3463286359  1.574067e-01 1.02899999999999999995
1  1.66e+04  0.3355787035  1.574067e-01 1.02899999999999999995
1  1.74e+04  0.2970033836  1.574067e-01 1.02899999999999999995
1  1.82e+04  0.2891033522  1.574067e-01 1.02899999999999999995
1  1.91e+04  0.3277426481  1.574067e-01 1.02899999999999999995
1  2.00e+04  0.3855929  1.574067e-01 1.02899999999999999995
1  2.09e+04  0.3046710794  1.574067e-01 1.02899999999999999995
1  2.19e+04  0.2903427506  1.574067e-01 1.02899999999999999995
1  2.29e+04  0.4041211864  1.574067e-01 1.02899999999999999995
1  2.40e+04  0.2993647363  1.574067e-01 1.02899999999999999995
1  2.51e+04  0.3064632239  1.574067e-01 1.02899999999999999995
1  2.63e+04  0.4088396532  1.574067e-01 1.02899999999999999995
1  2.75e+04  0.2827590513  1.574067e-01 1.02899999999999999995
1  2.88e+04  0.4080478185  1.574067e-01 1.02899999999999999995
1  3.02e+04  0.2867335566  1.574067e-01 1.02899999999999999995
1  3.16e+04  0.3939675189  1.574067e-01 1.02899999999999999995
1  3.31e+04  0.2947320583  1.574067e-01 1.02899999999999999995
1  3.47e+04  0.4206598356  1.574067e-01 1.02899999999999999995
1  3.63e+04  0.2804038479  1.574067e-01 1.02899999999999999995
1  3.80e+04  0.4023645117  1.574067e-01 1.02899999999999999995
1  3.98e+04  0.3070656608  1.574067e-01 1.02899999999999999995
1  4.17e+04  0.3710169089  1.574067e-01 1.02899999999999999995
1  4.37e+04  0.3761816814  1.574067e-01 1.02899999999999999995
1  4.57e+04  0.2814510337  1.574067e-01 1.02899999999999999995
1  4.79e+04  0.3890286777  1.574067e-01 1.02899999999999999995
1  5.01e+04  0.3774340631  1.574067e-01 1.02899999999999999995
1  5.25e+04  0.2742198533  1.574067e-01 1.02899999999999999995
1  5.50e+04  0.3841427265  1.574067e-01 1.02899999999999999995
1  5.75e+04  0.3899762526  1.574067e-01 1.02899999999999999995
1  6.03e+04  0.2789973769  1.574067e-01 1.02899999999999999995
1  6.31e+04  0.3680051326  1.574067e-01 1.02899999999999999995
1  6.61e+04  0.4075029723  1.574067e-01 1.02899999999999999995
1  6.92e+04  0.3027598249  1.574067e-01 1.02899999999999999995
1  7.24e+04  0.2869581138  1.574067e-01 1.02899999999999999995
1  7.59e+04  0.3588812439  1.574067e-01 1.02899999999999999995
1  7.94e+04  0.3795993415  1.574067e-01 1.02899999999999999995
1  8.32e+04  0.331212611  1.574067e-01 1.02899999999999999995
1  8.71e+04  0.281593649  1.574067e-01 1.02899999999999999995
1  9.12e+04  0.2893501692  1.574067e-01 1.02899999999999999995
1  9.55e+04  0.3471889699  1.574067e-01 1.02899999999999999995
1  1.00e+05  0.3847640432  1.574067e-01 1.02899999999999999995
1  1.05e+05  0.3545515194  1.574067e-01 1.02899999999999999995
1  1.10e+05  0.2943787736  1.574067e-01 1.02899999999999999995
1  1.15e+05  0.276799209  1.574067e-01 1.02899999999999999995
1  1.20e+05  0.3203534509  1.574067e-01 1.02899999999999999995
1  1.26e+05  0.3762305563  1.574067e-01 1.02899999999999999995
1  1.32e+05  0.3895236595  1.574067e-01 1.02899999999999999995
1  1.38e+05  0.3527264379  1.574067e-01 1.02899999999999999995
1  1.45e+05  0.3021016648  1.574067e-01 1.02899999999999999995
1  1.51e+05  0.2777043188  1.574067e-01 1.02899999999999999995
1  1.58e+05  0.2919852122  1.574067e-01 1.02899999999999999995
1  1.66e+05  0.3283242311  1.574067e-01 1.02899999999999999995
1  1.74e+05  0.3598767489  1.574067e-01 1.02899999999999999995
1  1.82e+05  0.3687191054  1.574067e-01 1.02899999999999999995
1  1.91e+05  0.3532906331  1.574067e-01 1.02899999999999999995
1  2.00e+05  0.3243247373  1.574067e-01 1.02899999999999999995
1  2.09e+05  0.2959630388  1.574067e-01 1.02899999999999999995
1  2.19e+05  0.278429447  1.574067e-01 1.02899999999999999995
1  2.29e+05  0.2750728271  1.574067e-01 1.02899999999999999995
1  2.40e+05  0.2833004444  1.574067e-01 1.02899999999999999995
1  2.51e+05  0.2974279108  1.574067e-01 1.02899999999999999995
1  2.63e+05  0.3115647922  1.574067e-01 1.02899999999999999995
1  2.75e+05  0.3214865165  1.574067e-01 1.02899999999999999995
1  2.88e+05  0.3252851294  1.574067e-01 1.02899999999999999995
1  3.02e+05  0.323103064  1.574067e-01 1.02899999999999999995
1  3.16e+05  0.3164119045  1.574067e-01 1.02899999999999999995
1  3.31e+05  0.3072271459  1.574067e-01 1.02899999999999999995
1  3.47e+05  0.297491329  1.574067e-01 1.02899999999999999995
1  3.63e+05  0.2887073237  1.574067e-01 1.02899999999999999995
1  3.80e+05  0.2818026703  1.574067e-01 1.02899999999999999995
1  3.98e+05  0.2771585891  1.574067e-01 1.02899999999999999995
1  4.17e+05  0.2747293499  1.574067e-01 1.02899999999999999995
1  4.37e+05  0.2741913114  1.574067e-01 1.02899999999999999995
1  4.57e+05  0.27508186  1.574067e-01 1.02899999999999999995
1  4.79e+05  0.2769080792  1.574067e-01 1.02899999999999999995
1  5.01e+05  0.279219491  1.574067e-01 1.02899999999999999995
1  5.25e+05  0.2816480255  1.574067e-01 1.02899999999999999995
1  5.50e+05  0.2839224939  1.574067e-01 1.02899999999999999995
1  5.75e+05  0.2858657503  1.574067e-01 1.02899999999999999995
1  6.03e+05  0.2873818343  1.574067e-01 1.02899999999999999995
1  6.31e+05  0.2884387125  1.574067e-01 1.02899999999999999995
1  6.61e+05  0.289042603  1.574067e-01 1.02899999999999999995
1  6.92e+05  0.2892423181  1.574067e-01 1.02899999999999999995
1  7.24e+05  0.289106099  1.574067e-01 1.02899999999999999995
1  7.59e+05  0.2886985716  1.574067e-01 1.02899999999999999995
1  7.94e+05  0.2880864971  1.574067e-01 1.02899999999999999995
1  8.32e+05  0.2873315501  1.574067e-01 1.02899999999999999995
1  8.71e+05  0.2864876874  1.574067e-01 1.02899999999999999995
1  9.12e+05  0.2856000038  1.574067e-01 1.02899999999999999995
1  9.55e+05  0.2847056979  1.574067e-01 1.02899999999999999995
1  1.00e+06  0.2838302113  1.574067e-01 1.02899999999999999995
1  1.05e+06  0.2829949473  1.574067e-01 1.02899999999999999995
1  1.10e+06  0.2822137225  1.574067e-01 1.02899999999999999995
1  1.15e+06  0.2814950948  1.574067e-01 1.02899999999999999995
1  1.20e+06  0.2808434385  1.574067e-01 1.02899999999999999995
1  1.26e+06  0.2802599106  1.574067e-01 1.02899999999999999995
1  1.32e+06  0.2797432849  1.574067e-01 1.02899999999999999995
1  1.38e+06  0.2792906484  1.574067e-01 1.02899999999999999995
1  1.45e+06  0.2788979668  1.574067e-01 1.02899999999999999995
1  1.51e+06  0.27856053  1.574067e-01 1.02899999999999999995
1  1.58e+06  0.2782732942  1.574067e-01 1.02899999999999999995
1  1.66e+06  0.2780311374  1.574067e-01 1.02899999999999999995
1  1.74e+06  0.2778290421  1.574067e-01 1.02899999999999999995
1  1.82e+06  0.2776622216  1.574067e-01 1.02899999999999999995
1  1.91e+06  0.277526201  1.574067e-01 1.02899999999999999995
1  2.00e+06  0.2774170872  1.574067e-01 1.02899999999999999995
1  2.09e+06  0.2773306779  1.574067e-01 1.02899999999999999995
1  2.19e+06  0.2772638633  1.574067e-01 1.02899999999999999995
1  2.29e+06  0.2772136606  1.574067e-01 1.02899999999999999995
1  2.40e+06  0.2771774396  1.574067e-01 1.02899999999999999995
1  2.51e+06  0.2771528982  1.574067e-01 1.02899999999999999995
1  2.63e+06  0.277138035  1.574067e-01 1.02899999999999999995
1  2.75e+06  0.2771311207  1.574067e-01 1.02899999999999999995
1  2.88e+06  0.2771306701  1.574067e-01 1.02899999999999999995
1  3.02e+06  0.2771354145  1.574067e-01 1.02899999999999999995
1  3.16e+06  0.277144276  1.574067e-01 1.02899999999999999995
1  3.31e+06  0.2771563441  1.574067e-01 1.02899999999999999995
1  3.47e+06  0.2771708537  1.574067e-01 1.02899999999999999995
1  3.63e+06  0.2771871658  1.574067e-01 1.02899999999999999995
1  3.80e+06  0.2772047499  1.574067e-01 1.02899999999999999995
1  3.98e+06  0.277223227  1.574067e-01 1.02899999999999999995
1  4.17e+06  0.2772421174  1.574067e-01 1.02899999999999999995
1  4.37e+06  0.2772611945  1.574067e-01 1.02899999999999999995
1  4.57e+06  0.277280225  1.574067e-01 1.02899999999999999995
1  4.79e+06  0.2772990239  1.574067e-01 1.02899999999999999995
1  5.01e+06  0.2773174465  1.574067e-01 1.02899999999999999995
1  5.25e+06  0.277335382  1.574067e-01 1.02899999999999999995
1  5.50e+06  0.2773527477  1.574067e-01 1.02899999999999999995
1  5.75e+06  0.2773694839  1.574067e-01 1.02899999999999999995
1  6.03e+06  0.2773855502  1.574067e-01 1.02899999999999999995
1  6.31e+06  0.2774009216  1.574067e-01 1.02899999999999999995
1  6.61e+06  0.2774155859  1.574067e-01 1.02899999999999999995
1  6.92e+06  0.2774295408  1.574067e-01 1.02899999999999999995
1  7.24e+06  0.2774427922  1.574067e-01 1.02899999999999999995
1  7.59e+06  0.2774553693  1.574067e-01 1.02899999999999999995
1  7.94e+06  0.2774672534  1.574067e-01 1.02899999999999999995
1  8.32e+06  0.2774784837  1.574067e-01 1.02899999999999999995
1  8.71e+06  0.2774890835  1.574067e-01 1.02899999999999999995
1  9.12e+06  0.2774990779  1.574067e-01 1.02899999999999999995
1  9.55e+06  0.277508493  1.574067e-01 1.02899999999999999995
1  1.00e+07  0.2775173557  1.574067e-01 1.02899999999999999995
