1  1.00e-03  0.2803245042  1.664320e-01 1.08799999999999999999
1  1.05e-03  0.2803245011  1.664320e-01 1.08799999999999999999
1  1.10e-03  0.2803244982  1.664320e-01 1.08799999999999999999
1  1.15e-03  0.2803245014  1.664320e-01 1.08799999999999999999
1  1.20e-03  0.2803245033  1.664320e-01 1.08799999999999999999
1  1.26e-03  0.2803244996  1.664320e-01 1.08799999999999999999
1  1.32e-03  0.2803245017  1.664320e-01 1.08799999999999999999
1  1.38e-03  0.2803244995  1.664320e-01 1.08799999999999999999
1  1.45e-03  0.2803244996  1.664320e-01 1.08799999999999999999
1  1.51e-03  0.2803244977  1.664320e-01 1.08799999999999999999
1  1.58e-03  0.2803244984  1.664320e-01 1.08799999999999999999
1  1.66e-03  0.2803244999  1.664320e-01 1.08799999999999999999
1  1.74e-03  0.2803245029  1.664320e-01 1.08799999999999999999
1  1.82e-03  0.2803245038  1.664320e-01 1.08799999999999999999
1  1.91e-03  0.2803244969  1.664320e-01 1.08799999999999999999
1  2.00e-03  0.2803244971  1.664320e-01 1.08799999999999999999
1  2.09e-03  0.2803245059  1.664320e-01 1.08799999999999999999
1  2.19e-03  0.2803245012  1.664320e-01 1.08799999999999999999
1  2.29e-03  0.2803245027  1.664320e-01 1.08799999999999999999
1  2.40e-03  0.2803245035  1.664320e-01 1.08799999999999999999
1  2.51e-03  0.2803245043  1.664320e-01 1.08799999999999999999
1  2.63e-03  0.2803245059  1.664320e-01 1.08799999999999999999
1  2.75e-03  0.2803245048  1.664320e-01 1.08799999999999999999
1  2.88e-03  0.2803245024  1.664320e-01 1.08799999999999999999
1  3.02e-03  0.2803245049  1.664320e-01 1.08799999999999999999
1  3.16e-03  0.2803245028  1.664320e-01 1.08799999999999999999
1  3.31e-03  0.280324503  1.664320e-01 1.08799999999999999999
1  3.47e-03  0.280324509  1.664320e-01 1.08799999999999999999
1  3.63e-03  0.2803244992  1.664320e-01 1.08799999999999999999
1  3.80e-03  0.2803245011  1.664320e-01 1.08799999999999999999
1  3.98e-03  0.2803245008  1.664320e-01 1.08799999999999999999
1  4.17e-03  0.2803245036  1.664320e-01 1.08799999999999999999
1  4.37e-03  0.2803245019  1.664320e-01 1.08799999999999999999
1  4.57e-03  0.2803245024  1.664320e-01 1.08799999999999999999
1  4.79e-03  0.2803245012  1.664320e-01 1.08799999999999999999
1  5.01e-03  0.280324504  1.664320e-01 1.08799999999999999999
1  5.25e-03  0.2803245028  1.664320e-01 1.08799999999999999999
1  5.50e-03  0.2803244865  1.664320e-01 1.08799999999999999999
1  5.75e-03  0.2803245022  1.664320e-01 1.08799999999999999999
1  6.03e-03  0.2803245046  1.664320e-01 1.08799999999999999999
1  6.31e-03  0.2803245042  1.664320e-01 1.08799999999999999999
1  6.61e-03  0.2803245049  1.664320e-01 1.08799999999999999999
1  6.92e-03  0.2803245028  1.664320e-01 1.08799999999999999999
1  7.24e-03  0.2803245033  1.664320e-01 1.08799999999999999999
1  7.59e-03  0.2803245061  1.664320e-01 1.08799999999999999999
1  7.94e-03  0.2803245054  1.664320e-01 1.08799999999999999999
1  8.32e-03  0.2803245001  1.664320e-01 1.08799999999999999999
1  8.71e-03  0.2803245082  1.664320e-01 1.08799999999999999999
1  9.12e-03  0.2803244997  1.664320e-01 1.08799999999999999999
1  9.55e-03  0.2803245001  1.664320e-01 1.08799999999999999999
1  1.00e-02  0.2803245141  1.664320e-01 1.08799999999999999999
1  1.05e-02  0.2803245  1.664320e-01 1.08799999999999999999
1  1.10e-02  0.2803244988  1.664320e-01 1.08799999999999999999
1  1.15e-02  0.2803245041  1.664320e-01 1.08799999999999999999
1  1.20e-02  0.2803245056  1.664320e-01 1.08799999999999999999
1  1.26e-02  0.2803245037  1.664320e-01 1.08799999999999999999
1  1.32e-02  0.2803245023  1.664320e-01 1.08799999999999999999
1  1.38e-02  0.2803245075  1.664320e-01 1.08799999999999999999
1  1.45e-02  0.2803245064  1.664320e-01 1.08799999999999999999
1  1.51e-02  0.2803245034  1.664320e-01 1.08799999999999999999
1  1.58e-02  0.2803245141  1.664320e-01 1.08799999999999999999
1  1.66e-02  0.2803245094  1.664320e-01 1.08799999999999999999
1  1.74e-02  0.2803245029  1.664320e-01 1.08799999999999999999
1  1.82e-02  0.2803245092  1.664320e-01 1.08799999999999999999
1  1.91e-02  0.2803245042  1.664320e-01 1.08799999999999999999
1  2.00e-02  0.2803245094  1.664320e-01 1.08799999999999999999
1  2.09e-02  0.2803245146  1.664320e-01 1.08799999999999999999
1  2.19e-02  0.2803245157  1.664320e-01 1.08799999999999999999
1  2.29e-02  0.2803245142  1.664320e-01 1.08799999999999999999
1  2.40e-02  0.2803245032  1.664320e-01 1.08799999999999999999
1  2.51e-02  0.2803244857  1.664320e-01 1.08799999999999999999
1  2.63e-02  0.2803244759  1.664320e-01 1.08799999999999999999
1  2.75e-02  0.2803244987  1.664320e-01 1.08799999999999999999
1  2.88e-02  0.2803245267  1.664320e-01 1.08799999999999999999
1  3.02e-02  0.2803245896  1.664320e-01 1.08799999999999999999
1  3.16e-02  0.2803155622  1.664320e-01 1.08799999999999999999
1  3.31e-02  0.2803245228  1.664320e-01 1.08799999999999999999
1  3.47e-02  0.2803245254  1.664320e-01 1.08799999999999999999
1  3.63e-02  0.2803242839  1.664320e-01 1.08799999999999999999
1  3.80e-02  0.2803244977  1.664320e-01 1.08799999999999999999
1  3.98e-02  0.2803242822  1.664320e-01 1.08799999999999999999
1  4.17e-02  0.2803244719  1.664320e-01 1.08799999999999999999
1  4.37e-02  0.2803245657  1.664320e-01 1.08799999999999999999
1  4.57e-02  0.280324491  1.664320e-01 1.08799999999999999999
1  4.79e-02  0.2803244965  1.664320e-01 1.08799999999999999999
1  5.01e-02  0.2803245033  1.664320e-01 1.08799999999999999999
1  5.25e-02  0.2803245152  1.664320e-01 1.08799999999999999999
1  5.50e-02  0.2803245171  1.664320e-01 1.08799999999999999999
1  5.75e-02  0.2803245209  1.664320e-01 1.08799999999999999999
1  6.03e-02  0.2803245199  1.664320e-01 1.08799999999999999999
1  6.31e-02  0.2803245122  1.664320e-01 1.08799999999999999999
1  6.61e-02  0.2803245228  1.664320e-01 1.08799999999999999999
1  6.92e-02  0.2803244214  1.664320e-01 1.08799999999999999999
1  7.24e-02  0.2803244894  1.664320e-01 1.08799999999999999999
1  7.59e-02  0.2803242146  1.664320e-01 1.08799999999999999999
1  7.94e-02  0.2803243682  1.664320e-01 1.08799999999999999999
1  8.32e-02  0.280324397  1.664320e-01 1.08799999999999999999
1  8.71e-02  0.2803244569  1.664320e-01 1.08799999999999999999
1  9.12e-02  0.2803244736  1.664320e-01 1.08799999999999999999
1  9.55e-02  0.2803244728  1.664320e-01 1.08799999999999999999
1  1.00e-01  0.2803244756  1.664320e-01 1.08799999999999999999
1  1.05e-01  0.2803244929  1.664320e-01 1.08799999999999999999
1  1.10e-01  0.2803244707  1.664320e-01 1.08799999999999999999
1  1.15e-01  0.2803245498  1.664320e-01 1.08799999999999999999
1  1.20e-01  0.2803245096  1.664320e-01 1.08799999999999999999
1  1.26e-01  0.2803243924  1.664320e-01 1.08799999999999999999
1  1.32e-01  0.2803245503  1.664320e-01 1.08799999999999999999
1  1.38e-01  0.2803244928  1.664320e-01 1.08799999999999999999
1  1.45e-01  0.2803245573  1.664320e-01 1.08799999999999999999
1  1.51e-01  0.2803245095  1.664320e-01 1.08799999999999999999
1  1.58e-01  0.2803099019  1.664320e-01 1.08799999999999999999
1  1.66e-01  0.2803244545  1.664320e-01 1.08799999999999999999
1  1.74e-01  0.2803244632  1.664320e-01 1.08799999999999999999
1  1.82e-01  0.2803244922  1.664320e-01 1.08799999999999999999
1  1.91e-01  0.2803245034  1.664320e-01 1.08799999999999999999
1  2.00e-01  0.2803245177  1.664320e-01 1.08799999999999999999
1  2.09e-01  0.2803246551  1.664320e-01 1.08799999999999999999
1  2.19e-01  0.280324488  1.664320e-01 1.08799999999999999999
1  2.29e-01  0.280324486  1.664320e-01 1.08799999999999999999
1  2.40e-01  0.2803244676  1.664320e-01 1.08799999999999999999
1  2.51e-01  0.2803246474  1.664320e-01 1.08799999999999999999
1  2.63e-01  0.2803244885  1.664320e-01 1.08799999999999999999
1  2.75e-01  0.2803244446  1.664320e-01 1.08799999999999999999
1  2.88e-01  0.280324569  1.664320e-01 1.08799999999999999999
1  3.02e-01  0.2803245715  1.664320e-01 1.08799999999999999999
1  3.16e-01  0.2803246372  1.664320e-01 1.08799999999999999999
1  3.31e-01  0.2803245109  1.664320e-01 1.08799999999999999999
1  3.47e-01  0.2803241534  1.664320e-01 1.08799999999999999999
1  3.63e-01  0.2803245024  1.664320e-01 1.08799999999999999999
1  3.80e-01  0.2803246062  1.664320e-01 1.08799999999999999999
1  3.98e-01  0.2803246241  1.664320e-01 1.08799999999999999999
1  4.17e-01  0.2803246398  1.664320e-01 1.08799999999999999999
1  4.37e-01  0.2803245423  1.664320e-01 1.08799999999999999999
1  4.57e-01  0.2803244841  1.664320e-01 1.08799999999999999999
1  4.79e-01  0.2803246464  1.664320e-01 1.08799999999999999999
1  5.01e-01  0.2803244835  1.664320e-01 1.08799999999999999999
1  5.25e-01  0.2803244852  1.664320e-01 1.08799999999999999999
1  5.50e-01  0.2803245105  1.664320e-01 1.08799999999999999999
1  5.75e-01  0.2803247609  1.664320e-01 1.08799999999999999999
1  6.03e-01  0.2803247963  1.664320e-01 1.08799999999999999999
1  6.31e-01  0.2803244872  1.664320e-01 1.08799999999999999999
1  6.61e-01  0.2803246988  1.664320e-01 1.08799999999999999999
1  6.92e-01  0.2803246209  1.664320e-01 1.08799999999999999999
1  7.24e-01  0.2803247067  1.664320e-01 1.08799999999999999999
1  7.59e-01  0.2803249311  1.664320e-01 1.08799999999999999999
1  7.94e-01  0.280324451  1.664320e-01 1.08799999999999999999
1  8.32e-01  0.2803247211  1.664320e-01 1.08799999999999999999
1  8.71e-01  0.2803247548  1.664320e-01 1.08799999999999999999
1  9.12e-01  0.2803247808  1.664320e-01 1.08799999999999999999
1  9.55e-01  0.2803243975  1.664320e-01 1.08799999999999999999
1  1.00e+00  0.2803242486  1.664320e-01 1.08799999999999999999
1  1.05e+00  0.2803247163  1.664320e-01 1.08799999999999999999
1  1.10e+00  0.2803249587  1.664320e-01 1.08799999999999999999
1  1.15e+00  0.2803228321  1.664320e-01 1.08799999999999999999
1  1.20e+00  0.2803247311  1.664320e-01 1.08799999999999999999
1  1.26e+00  0.2803264263  1.664320e-01 1.08799999999999999999
1  1.32e+00  0.2803250401  1.664320e-01 1.08799999999999999999
1  1.38e+00  0.280324615  1.664320e-01 1.08799999999999999999
1  1.45e+00  0.2803236541  1.664320e-01 1.08799999999999999999
1  1.51e+00  0.2803252245  1.664320e-01 1.08799999999999999999
1  1.58e+00  0.2803251698  1.664320e-01 1.08799999999999999999
1  1.66e+00  0.2803247491  1.664320e-01 1.08799999999999999999
1  1.74e+00  0.2803254586  1.664320e-01 1.08799999999999999999
1  1.82e+00  0.280324469  1.664320e-01 1.08799999999999999999
1  1.91e+00  0.2803245332  1.664320e-01 1.08799999999999999999
1  2.00e+00  0.2803257253  1.664320e-01 1.08799999999999999999
1  2.09e+00  0.2803249208  1.664320e-01 1.08799999999999999999
1  2.19e+00  0.2803258776  1.664320e-01 1.08799999999999999999
1  2.29e+00  0.2803250807  1.664320e-01 1.08799999999999999999
1  2.40e+00  0.2803248541  1.664320e-01 1.08799999999999999999
1  2.51e+00  0.2803266641  1.664320e-01 1.08799999999999999999
1  2.63e+00  0.2803251768  1.664320e-01 1.08799999999999999999
1  2.75e+00  0.2803230765  1.664320e-01 1.08799999999999999999
1  2.88e+00  0.2803241699  1.664320e-01 1.08799999999999999999
1  3.02e+00  0.2803257893  1.664320e-01 1.08799999999999999999
1  3.16e+00  0.2803248268  1.664320e-01 1.08799999999999999999
1  3.31e+00  0.2803248233  1.664320e-01 1.08799999999999999999
1  3.47e+00  0.2803266391  1.664320e-01 1.08799999999999999999
1  3.63e+00  0.2803247381  1.664320e-01 1.08799999999999999999
1  3.80e+00  0.2803267654  1.664320e-01 1.08799999999999999999
1  3.98e+00  0.2803118986  1.664320e-01 1.08799999999999999999
1  4.17e+00  0.2803244543  1.664320e-01 1.08799999999999999999
1  4.37e+00  0.2803274369  1.664320e-01 1.08799999999999999999
1  4.57e+00  0.2803272765  1.664320e-01 1.08799999999999999999
1  4.79e+00  0.2803274267  1.664320e-01 1.08799999999999999999
1  5.01e+00  0.2803243529  1.664320e-01 1.08799999999999999999
1  5.25e+00  0.2803200835  1.664320e-01 1.08799999999999999999
1  5.50e+00  0.2803246494  1.664320e-01 1.08799999999999999999
1  5.75e+00  0.2803193723  1.664320e-01 1.08799999999999999999
1  6.03e+00  0.2803259592  1.664320e-01 1.08799999999999999999
1  6.31e+00  0.2803254583  1.664320e-01 1.08799999999999999999
1  6.61e+00  0.2803193511  1.664320e-01 1.08799999999999999999
1  6.92e+00  0.2803289498  1.664320e-01 1.08799999999999999999
1  7.24e+00  0.2803183056  1.664320e-01 1.08799999999999999999
1  7.59e+00  0.2803318365  1.664320e-01 1.08799999999999999999
1  7.94e+00  0.2803299561  1.664320e-01 1.08799999999999999999
1  8.32e+00  0.2803244108  1.664320e-01 1.08799999999999999999
1  8.71e+00  0.2803361009  1.664320e-01 1.08799999999999999999
1  9.12e+00  0.2803257215  1.664320e-01 1.08799999999999999999
1  9.55e+00  0.2803228821  1.664320e-01 1.08799999999999999999
1  1.00e+01  0.2803248099  1.664320e-01 1.08799999999999999999
1  1.05e+01  0.2803289195  1.664320e-01 1.08799999999999999999
1  1.10e+01  0.2803252021  1.664320e-01 1.08799999999999999999
1  1.15e+01  0.2803254337  1.664320e-01 1.08799999999999999999
1  1.20e+01  0.2803264789  1.664320e-01 1.08799999999999999999
1  1.26e+01  0.2803325978  1.664320e-01 1.08799999999999999999
1  1.32e+01  0.2803270821  1.664320e-01 1.08799999999999999999
1  1.38e+01  0.2803240398  1.664320e-01 1.08799999999999999999
1  1.45e+01  0.2803264872  1.664320e-01 1.08799999999999999999
1  1.51e+01  0.2803334344  1.664320e-01 1.08799999999999999999
1  1.58e+01  0.2803253264  1.664320e-01 1.08799999999999999999
1  1.66e+01  0.2803311737  1.664320e-01 1.08799999999999999999
1  1.74e+01  0.2803321388  1.664320e-01 1.08799999999999999999
1  1.82e+01  0.2803269189  1.664320e-01 1.08799999999999999999
1  1.91e+01  0.2803360669  1.664320e-01 1.08799999999999999999
1  2.00e+01  0.280370377  1.664320e-01 1.08799999999999999999
1  2.09e+01  0.2802823489  1.664320e-01 1.08799999999999999999
1  2.19e+01  0.280323974  1.664320e-01 1.08799999999999999999
1  2.29e+01  0.2802798461  1.664320e-01 1.08799999999999999999
1  2.40e+01  0.2802516611  1.664320e-01 1.08799999999999999999
1  2.51e+01  0.2804615913  1.664320e-01 1.08799999999999999999
1  2.63e+01  0.2803512991  1.664320e-01 1.08799999999999999999
1  2.75e+01  0.2802705679  1.664320e-01 1.08799999999999999999
1  2.88e+01  0.2803817819  1.664320e-01 1.08799999999999999999
1  3.02e+01  0.2802711486  1.664320e-01 1.08799999999999999999
1  3.16e+01  0.2803627198  1.664320e-01 1.08799999999999999999
1  3.31e+01  0.2802512154  1.664320e-01 1.08799999999999999999
1  3.47e+01  0.2802662157  1.664320e-01 1.08799999999999999999
1  3.63e+01  0.2803045641  1.664320e-01 1.08799999999999999999
1  3.80e+01  0.280384326  1.664320e-01 1.08799999999999999999
1  3.98e+01  0.2803139907  1.664320e-01 1.08799999999999999999
1  4.17e+01  0.2801993739  1.664320e-01 1.08799999999999999999
1  4.37e+01  0.2804924974  1.664320e-01 1.08799999999999999999
1  4.57e+01  0.2803466238  1.664320e-01 1.08799999999999999999
1  4.79e+01  0.2803127317  1.664320e-01 1.08799999999999999999
1  5.01e+01  0.2803322306  1.664320e-01 1.08799999999999999999
1  5.25e+01  0.2803635388  1.664320e-01 1.08799999999999999999
1  5.50e+01  0.2805003639  1.664320e-01 1.08799999999999999999
1  5.75e+01  0.2803177064  1.664320e-01 1.08799999999999999999
1  6.03e+01  0.2803428411  1.664320e-01 1.08799999999999999999
1  6.31e+01  0.2803355245  1.664320e-01 1.08799999999999999999
1  6.61e+01  0.2803218977  1.664320e-01 1.08799999999999999999
1  6.92e+01  0.2803834432  1.664320e-01 1.08799999999999999999
1  7.24e+01  0.2803718787  1.664320e-01 1.08799999999999999999
1  7.59e+01  0.2803711613  1.664320e-01 1.08799999999999999999
1  7.94e+01  0.2803561049  1.664320e-01 1.08799999999999999999
1  8.32e+01  0.2803525534  1.664320e-01 1.08799999999999999999
1  8.71e+01  0.2802889492  1.664320e-01 1.08799999999999999999
1  9.12e+01  0.2804286964  1.664320e-01 1.08799999999999999999
1  9.55e+01  0.2804577323  1.664320e-01 1.08799999999999999999
1  1.00e+02  0.2804525282  1.664320e-01 1.08799999999999999999
1  1.05e+02  0.2803819554  1.664320e-01 1.08799999999999999999
1  1.10e+02  0.2803313162  1.664320e-01 1.08799999999999999999
1  1.15e+02  0.2803285796  1.664320e-01 1.08799999999999999999
1  1.20e+02  0.2803927679  1.664320e-01 1.08799999999999999999
1  1.26e+02  0.2803102813  1.664320e-01 1.08799999999999999999
1  1.32e+02  0.2804036116  1.664320e-01 1.08799999999999999999
1  1.38e+02  0.280352722  1.664320e-01 1.08799999999999999999
1  1.45e+02  0.2803297341  1.664320e-01 1.08799999999999999999
1  1.51e+02  0.2804189529  1.664320e-01 1.08799999999999999999
1  1.58e+02  0.2804713596  1.664320e-01 1.08799999999999999999
1  1.66e+02  0.2803538559  1.664320e-01 1.08799999999999999999
1  1.74e+02  0.2803382622  1.664320e-01 1.08799999999999999999
1  1.82e+02  0.280363051  1.664320e-01 1.08799999999999999999
1  1.91e+02  0.2803294746  1.664320e-01 1.08799999999999999999
1  2.00e+02  0.2803925811  1.664320e-01 1.08799999999999999999
1  2.09e+02  0.2804334392  1.664320e-01 1.08799999999999999999
1  2.19e+02  0.2803375924  1.664320e-01 1.08799999999999999999
1  2.29e+02  0.2803252909  1.664320e-01 1.08799999999999999999
1  2.40e+02  0.2803627524  1.664320e-01 1.08799999999999999999
1  2.51e+02  0.2803205761  1.664320e-01 1.08799999999999999999
1  2.63e+02  0.2804516914  1.664320e-01 1.08799999999999999999
1  2.75e+02  0.2803543011  1.664320e-01 1.08799999999999999999
1  2.88e+02  0.2803248113  1.664320e-01 1.08799999999999999999
1  3.02e+02  0.2803231144  1.664320e-01 1.08799999999999999999
1  3.16e+02  0.2805351221  1.664320e-01 1.08799999999999999999
1  3.31e+02  0.2803880611  1.664320e-01 1.08799999999999999999
1  3.47e+02  0.2803698168  1.664320e-01 1.08799999999999999999
1  3.63e+02  0.2804986024  1.664320e-01 1.08799999999999999999
1  3.80e+02  0.2804820105  1.664320e-01 1.08799999999999999999
1  3.98e+02  0.2805735107  1.664320e-01 1.08799999999999999999
1  4.17e+02  0.2806396493  1.664320e-01 1.08799999999999999999
1  4.37e+02  0.2804369128  1.664320e-01 1.08799999999999999999
1  4.57e+02  0.2805238308  1.664320e-01 1.08799999999999999999
1  4.79e+02  0.2803999905  1.664320e-01 1.08799999999999999999
1  5.01e+02  0.2804534588  1.664320e-01 1.08799999999999999999
1  5.25e+02  0.2806156978  1.664320e-01 1.08799999999999999999
1  5.50e+02  0.2804215831  1.664320e-01 1.08799999999999999999
1  5.75e+02  0.2803285965  1.664320e-01 1.08799999999999999999
1  6.03e+02  0.2805256359  1.664320e-01 1.08799999999999999999
1  6.31e+02  0.2806853791  1.664320e-01 1.08799999999999999999
1  6.61e+02  0.2806520495  1.664320e-01 1.08799999999999999999
1  6.92e+02  0.2804974992  1.664320e-01 1.08799999999999999999
1  7.24e+02  0.2806846519  1.664320e-01 1.08799999999999999999
1  7.59e+02  0.2805380517  1.664320e-01 1.08799999999999999999
1  7.94e+02  0.280798825  1.664320e-01 1.08799999999999999999
1  8.32e+02  0.2805648675  1.664320e-01 1.08799999999999999999
1  8.71e+02  0.2807302113  1.664320e-01 1.08799999999999999999
1  9.12e+02  0.2808663743  1.664320e-01 1.08799999999999999999
1  9.55e+02  0.2809079765  1.664320e-01 1.08799999999999999999
1  1.00e+03  0.2803781046  1.664320e-01 1.08799999999999999999
1  1.05e+03  0.2803089103  1.664320e-01 1.08799999999999999999
1  1.10e+03  0.2802612558  1.664320e-01 1.08799999999999999999
1  1.15e+03  0.281761576  1.664320e-01 1.08799999999999999999
1  1.20e+03  0.2812801551  1.664320e-01 1.08799999999999999999
1  1.26e+03  0.2803638724  1.664320e-01 1.08799999999999999999
1  1.32e+03  0.280357627  1.664320e-01 1.08799999999999999999
1  1.38e+03  0.2796384111  1.664320e-01 1.08799999999999999999
1  1.45e+03  0.2809014373  1.664320e-01 1.08799999999999999999
1  1.51e+03  0.2801824166  1.664320e-01 1.08799999999999999999
1  1.58e+03  0.2831789624  1.664320e-01 1.08799999999999999999
1  1.66e+03  0.2837626987  1.664320e-01 1.08799999999999999999
1  1.74e+03  0.2810408219  1.664320e-01 1.08799999999999999999
1  1.82e+03  0.2780990508  1.664320e-01 1.08799999999999999999
1  1.91e+03  0.2808141145  1.664320e-01 1.08799999999999999999
1  2.00e+03  0.2759725467  1.664320e-01 1.08799999999999999999
1  2.09e+03  0.2755089218  1.664320e-01 1.08799999999999999999
1  2.19e+03  0.2794404356  1.664320e-01 1.08799999999999999999
1  2.29e+03  0.2818447899  1.664320e-01 1.08799999999999999999
1  2.40e+03  0.2800308231  1.664320e-01 1.08799999999999999999
1  2.51e+03  0.2799218433  1.664320e-01 1.08799999999999999999
1  2.63e+03  0.2952764489  1.664320e-01 1.08799999999999999999
1  2.75e+03  0.280602431  1.664320e-01 1.08799999999999999999
1  2.88e+03  0.2971678938  1.664320e-01 1.08799999999999999999
1  3.02e+03  0.2910960993  1.664320e-01 1.08799999999999999999
1  3.16e+03  0.2802983671  1.664320e-01 1.08799999999999999999
1  3.31e+03  0.2757745982  1.664320e-01 1.08799999999999999999
1  3.47e+03  0.2754876261  1.664320e-01 1.08799999999999999999
1  3.63e+03  0.2823406765  1.664320e-01 1.08799999999999999999
1  3.80e+03  0.286787696  1.664320e-01 1.08799999999999999999
1  3.98e+03  0.2676859432  1.664320e-01 1.08799999999999999999
1  4.17e+03  0.2763296576  1.664320e-01 1.08799999999999999999
1  4.37e+03  0.2683319093  1.664320e-01 1.08799999999999999999
1  4.57e+03  0.278697911  1.664320e-01 1.08799999999999999999
1  4.79e+03  0.2633227499  1.664320e-01 1.08799999999999999999
1  5.01e+03  0.2687917419  1.664320e-01 1.08799999999999999999
1  5.25e+03  0.279710098  1.664320e-01 1.08799999999999999999
1  5.50e+03  0.2853787349  1.664320e-01 1.08799999999999999999
1  5.75e+03  0.2891089422  1.664320e-01 1.08799999999999999999
1  6.03e+03  0.2911560516  1.664320e-01 1.08799999999999999999
1  6.31e+03  0.2842560036  1.664320e-01 1.08799999999999999999
1  6.61e+03  0.2654187617  1.664320e-01 1.08799999999999999999
1  6.92e+03  0.2762489213  1.664320e-01 1.08799999999999999999
1  7.24e+03  0.3064875336  1.664320e-01 1.08799999999999999999
1  7.59e+03  0.2799282436  1.664320e-01 1.08799999999999999999
1  7.94e+03  0.2970249397  1.664320e-01 1.08799999999999999999
1  8.32e+03  0.2925942676  1.664320e-01 1.08799999999999999999
1  8.71e+03  0.3072748407  1.664320e-01 1.08799999999999999999
1  9.12e+03  0.2804066554  1.664320e-01 1.08799999999999999999
1  9.55e+03  0.3102642689  1.664320e-01 1.08799999999999999999
1  1.00e+04  0.3014164577  1.664320e-01 1.08799999999999999999
1  1.05e+04  0.2801240621  1.664320e-01 1.08799999999999999999
1  1.10e+04  0.303826774  1.664320e-01 1.08799999999999999999
1  1.15e+04  0.3052148333  1.664320e-01 1.08799999999999999999
1  1.20e+04  0.3339273003  1.664320e-01 1.08799999999999999999
1  1.26e+04  0.316119003  1.664320e-01 1.08799999999999999999
1  1.32e+04  0.3251595498  1.664320e-01 1.08799999999999999999
1  1.38e+04  0.3141424043  1.664320e-01 1.08799999999999999999
1  1.45e+04  0.3300844882  1.664320e-01 1.08799999999999999999
1  1.51e+04  0.3229020934  1.664320e-01 1.08799999999999999999
1  1.58e+04  0.3502103342  1.664320e-01 1.08799999999999999999
1  1.66e+04  0.3308342425  1.664320e-01 1.08799999999999999999
1  1.74e+04  0.3314595878  1.664320e-01 1.08799999999999999999
1  1.82e+04  0.2870970412  1.664320e-01 1.08799999999999999999
1  1.91e+04  0.3022645882  1.664320e-01 1.08799999999999999999
1  2.00e+04  0.3781148844  1.664320e-01 1.08799999999999999999
1  2.09e+04  0.3223991221  1.664320e-01 1.08799999999999999999
1  2.19e+04  0.2963933968  1.664320e-01 1.08799999999999999999
1  2.29e+04  0.3770110354  1.664320e-01 1.08799999999999999999
1  2.40e+04  0.3256980999  1.664320e-01 1.08799999999999999999
1  2.51e+04  0.2927898854  1.664320e-01 1.08799999999999999999
1  2.63e+04  0.3999457725  1.664320e-01 1.08799999999999999999
1  2.75e+04  0.2892429848  1.664320e-01 1.08799999999999999999
1  2.88e+04  0.3956551656  1.664320e-01 1.08799999999999999999
1  3.02e+04  0.3056383944  1.664320e-01 1.08799999999999999999
1  3.16e+04  0.3605027194  1.664320e-01 1.08799999999999999999
1  3.31e+04  0.3235191954  1.664320e-01 1.08799999999999999999
1  3.47e+04  0.4088655195  1.664320e-01 1.08799999999999999999
1  3.63e+04  0.2791588975  1.664320e-01 1.08799999999999999999
1  3.80e+04  0.4094064765  1.664320e-01 1.08799999999999999999
1  3.98e+04  0.2925557718  1.664320e-01 1.08799999999999999999
1  4.17e+04  0.3936395689  1.664320e-01 1.08799999999999999999
1  4.37e+04  0.3504397785  1.664320e-01 1.08799999999999999999
1  4.57e+04  0.2955690344  1.664320e-01 1.08799999999999999999
1  4.79e+04  0.4074480704  1.664320e-01 1.08799999999999999999
1  5.01e+04  0.3593150465  1.664320e-01 1.08799999999999999999
1  5.25e+04  0.2801755392  1.664320e-01 1.08799999999999999999
1  5.50e+04  0.4011797623  1.664320e-01 1.08799999999999999999
1  5.75e+04  0.3727701668  1.664320e-01 1.08799999999999999999
1  6.03e+04  0.2828382355  1.664320e-01 1.08799999999999999999
1  6.31e+04  0.3877726894  1.664320e-01 1.08799999999999999999
1  6.61e+04  0.3995956959  1.664320e-01 1.08799999999999999999
1  6.92e+04  0.2934695721  1.664320e-01 1.08799999999999999999
1  7.24e+04  0.3003269028  1.664320e-01 1.08799999999999999999
1  7.59e+04  0.3755248638  1.664320e-01 1.08799999999999999999
1  7.94e+04  0.3824727884  1.664320e-01 1.08799999999999999999
1  8.32e+04  0.325768063  1.664320e-01 1.08799999999999999999
1  8.71e+04  0.28134397  1.664320e-01 1.08799999999999999999
1  9.12e+04  0.2999783559  1.664320e-01 1.08799999999999999999
1  9.55e+04  0.3611941956  1.664320e-01 1.08799999999999999999
1  1.00e+05  0.3908926071  1.664320e-01 1.08799999999999999999
1  1.05e+05  0.3515022099  1.664320e-01 1.08799999999999999999
1  1.10e+05  0.2914326856  1.664320e-01 1.08799999999999999999
1  1.15e+05  0.2821175742  1.664320e-01 1.08799999999999999999
1  1.20e+05  0.3324879062  1.664320e-01 1.08799999999999999999
1  1.26e+05  0.3873154899  1.664320e-01 1.08799999999999999999
1  1.32e+05  0.3938976479  1.664320e-01 1.08799999999999999999
1  1.38e+05  0.3513687924  1.664320e-01 1.08799999999999999999
1  1.45e+05  0.3003735259  1.664320e-01 1.08799999999999999999
1  1.51e+05  0.2803057206  1.664320e-01 1.08799999999999999999
1  1.58e+05  0.299897096  1.664320e-01 1.08799999999999999999
1  1.66e+05  0.3391374505  1.664320e-01 1.08799999999999999999
1  1.74e+05  0.3700737722  1.664320e-01 1.08799999999999999999
1  1.82e+05  0.3758383508  1.664320e-01 1.08799999999999999999
1  1.91e+05  0.3568277382  1.664320e-01 1.08799999999999999999
1  2.00e+05  0.3253955295  1.664320e-01 1.08799999999999999999
1  2.09e+05  0.2963678547  1.664320e-01 1.08799999999999999999
1  2.19e+05  0.2797634226  1.664320e-01 1.08799999999999999999
1  2.29e+05  0.2782256442  1.664320e-01 1.08799999999999999999
1  2.40e+05  0.2883792407  1.664320e-01 1.08799999999999999999
1  2.51e+05  0.3039608784  1.664320e-01 1.08799999999999999999
1  2.63e+05  0.3188060206  1.664320e-01 1.08799999999999999999
1  2.75e+05  0.3286884007  1.664320e-01 1.08799999999999999999
1  2.88e+05  0.3318740009  1.664320e-01 1.08799999999999999999
1  3.02e+05  0.3287504393  1.664320e-01 1.08799999999999999999
1  3.16e+05  0.3210256716  1.664320e-01 1.08799999999999999999
1  3.31e+05  0.310896844  1.664320e-01 1.08799999999999999999
1  3.47e+05  0.3004177426  1.664320e-01 1.08799999999999999999
1  3.63e+05  0.2911369437  1.664320e-01 1.08799999999999999999
1  3.80e+05  0.2839775853  1.664320e-01 1.08799999999999999999
1  3.98e+05  0.2792846896  1.664320e-01 1.08799999999999999999
1  4.17e+05  0.2769610136  1.664320e-01 1.08799999999999999999
1  4.37e+05  0.27662857  1.664320e-01 1.08799999999999999999
1  4.57e+05  0.2777756339  1.664320e-01 1.08799999999999999999
1  4.79e+05  0.2798696377  1.664320e-01 1.08799999999999999999
1  5.01e+05  0.2824312635  1.664320e-01 1.08799999999999999999
1  5.25e+05  0.2850738897  1.664320e-01 1.08799999999999999999
1  5.50e+05  0.287516509  1.664320e-01 1.08799999999999999999
1  5.75e+05  0.2895789285  1.664320e-01 1.08799999999999999999
1  6.03e+05  0.2911669486  1.664320e-01 1.08799999999999999999
1  6.31e+05  0.2922533717  1.664320e-01 1.08799999999999999999
1  6.61e+05  0.2928496337  1.664320e-01 1.08799999999999999999
1  6.92e+05  0.2930178726  1.664320e-01 1.08799999999999999999
1  7.24e+05  0.2928256402  1.664320e-01 1.08799999999999999999
1  7.59e+05  0.2923466256  1.664320e-01 1.08799999999999999999
1  7.94e+05  0.2916532315  1.664320e-01 1.08799999999999999999
1  8.32e+05  0.2908118336  1.664320e-01 1.08799999999999999999
1  8.71e+05  0.2898801488  1.664320e-01 1.08799999999999999999
1  9.12e+05  0.288906157  1.664320e-01 1.08799999999999999999
1  9.55e+05  0.2879280911  1.664320e-01 1.08799999999999999999
1  1.00e+06  0.2869751048  1.664320e-01 1.08799999999999999999
1  1.05e+06  0.2860683202  1.664320e-01 1.08799999999999999999
1  1.10e+06  0.2852220394  1.664320e-01 1.08799999999999999999
1  1.15e+06  0.2844456033  1.664320e-01 1.08799999999999999999
1  1.20e+06  0.2837419824  1.664320e-01 1.08799999999999999999
1  1.26e+06  0.2831127654  1.664320e-01 1.08799999999999999999
1  1.32e+06  0.2825563466  1.664320e-01 1.08799999999999999999
1  1.38e+06  0.282069363  1.664320e-01 1.08799999999999999999
1  1.45e+06  0.2816472938  1.664320e-01 1.08799999999999999999
1  1.51e+06  0.2812849319  1.664320e-01 1.08799999999999999999
1  1.58e+06  0.2809767451  1.664320e-01 1.08799999999999999999
1  1.66e+06  0.2807171438  1.664320e-01 1.08799999999999999999
1  1.74e+06  0.2805006724  1.664320e-01 1.08799999999999999999
1  1.82e+06  0.2803221406  1.664320e-01 1.08799999999999999999
1  1.91e+06  0.2801767064  1.664320e-01 1.08799999999999999999
1  2.00e+06  0.2800599236  1.664320e-01 1.08799999999999999999
1  2.09e+06  0.2799677618  1.664320e-01 1.08799999999999999999
1  2.19e+06  0.2798966069  1.664320e-01 1.08799999999999999999
1  2.29e+06  0.2798432491  1.664320e-01 1.08799999999999999999
1  2.40e+06  0.2798049956  1.664320e-01 1.08799999999999999999
1  2.51e+06  0.2797790905  1.664320e-01 1.08799999999999999999
1  2.63e+06  0.2797635332  1.664320e-01 1.08799999999999999999
1  2.75e+06  0.2797564685  1.664320e-01 1.08799999999999999999
1  2.88e+06  0.2797563035  1.664320e-01 1.08799999999999999999
1  3.02e+06  0.2797616785  1.664320e-01 1.08799999999999999999
1  3.16e+06  0.2797714393  1.664320e-01 1.08799999999999999999
1  3.31e+06  0.279784611  1.664320e-01 1.08799999999999999999
1  3.47e+06  0.279800375  1.664320e-01 1.08799999999999999999
1  3.63e+06  0.2798180481  1.664320e-01 1.08799999999999999999
1  3.80e+06  0.2798370634  1.664320e-01 1.08799999999999999999
1  3.98e+06  0.2798569537  1.664320e-01 1.08799999999999999999
1  4.17e+06  0.2798773371  1.664320e-01 1.08799999999999999999
1  4.37e+06  0.2798979038  1.664320e-01 1.08799999999999999999
1  4.57e+06  0.2799184447  1.664320e-01 1.08799999999999999999
1  4.79e+06  0.2799386811  1.664320e-01 1.08799999999999999999
1  5.01e+06  0.2799585023  1.664320e-01 1.08799999999999999999
1  5.25e+06  0.2799777905  1.664320e-01 1.08799999999999999999
1  5.50e+06  0.2799964583  1.664320e-01 1.08799999999999999999
1  5.75e+06  0.2800144428  1.664320e-01 1.08799999999999999999
1  6.03e+06  0.2800317016  1.664320e-01 1.08799999999999999999
1  6.31e+06  0.2800482088  1.664320e-01 1.08799999999999999999
1  6.61e+06  0.280063952  1.664320e-01 1.08799999999999999999
1  6.92e+06  0.2800789296  1.664320e-01 1.08799999999999999999
1  7.24e+06  0.2800931483  1.664320e-01 1.08799999999999999999
1  7.59e+06  0.280106622  1.664320e-01 1.08799999999999999999
1  7.94e+06  0.2801193691  1.664320e-01 1.08799999999999999999
1  8.32e+06  0.2801314122  1.664320e-01 1.08799999999999999999
1  8.71e+06  0.2801427767  1.664320e-01 1.08799999999999999999
1  9.12e+06  0.2801535002  1.664320e-01 1.08799999999999999999
1  9.55e+06  0.2801635895  1.664320e-01 1.08799999999999999999
1  1.00e+07  0.2801730849  1.664320e-01 1.08799999999999999999
