1  1.00e-03  0.3483673355  5.621922e-01 1.01299999999999999995
1  1.05e-03  0.3483673349  5.621922e-01 1.01299999999999999995
1  1.10e-03  0.3483673374  5.621922e-01 1.01299999999999999995
1  1.15e-03  0.348367331  5.621922e-01 1.01299999999999999995
1  1.20e-03  0.3483673355  5.621922e-01 1.01299999999999999995
1  1.26e-03  0.3483673333  5.621922e-01 1.01299999999999999995
1  1.32e-03  0.3483673377  5.621922e-01 1.01299999999999999995
1  1.38e-03  0.3483673357  5.621922e-01 1.01299999999999999995
1  1.45e-03  0.3483673354  5.621922e-01 1.01299999999999999995
1  1.51e-03  0.3483673388  5.621922e-01 1.01299999999999999995
1  1.58e-03  0.3483673366  5.621922e-01 1.01299999999999999995
1  1.66e-03  0.3483673396  5.621922e-01 1.01299999999999999995
1  1.74e-03  0.3483673399  5.621922e-01 1.01299999999999999995
1  1.82e-03  0.3483673376  5.621922e-01 1.01299999999999999995
1  1.91e-03  0.3483673359  5.621922e-01 1.01299999999999999995
1  2.00e-03  0.3483673362  5.621922e-01 1.01299999999999999995
1  2.09e-03  0.3483673386  5.621922e-01 1.01299999999999999995
1  2.19e-03  0.3483673375  5.621922e-01 1.01299999999999999995
1  2.29e-03  0.3483673341  5.621922e-01 1.01299999999999999995
1  2.40e-03  0.3483673342  5.621922e-01 1.01299999999999999995
1  2.51e-03  0.3483673393  5.621922e-01 1.01299999999999999995
1  2.63e-03  0.3483673387  5.621922e-01 1.01299999999999999995
1  2.75e-03  0.3483673364  5.621922e-01 1.01299999999999999995
1  2.88e-03  0.3483673368  5.621922e-01 1.01299999999999999995
1  3.02e-03  0.3483673376  5.621922e-01 1.01299999999999999995
1  3.16e-03  0.3483673376  5.621922e-01 1.01299999999999999995
1  3.31e-03  0.3483673373  5.621922e-01 1.01299999999999999995
1  3.47e-03  0.3483673385  5.621922e-01 1.01299999999999999995
1  3.63e-03  0.348367335  5.621922e-01 1.01299999999999999995
1  3.80e-03  0.348367337  5.621922e-01 1.01299999999999999995
1  3.98e-03  0.3483673398  5.621922e-01 1.01299999999999999995
1  4.17e-03  0.348367338  5.621922e-01 1.01299999999999999995
1  4.37e-03  0.348367339  5.621922e-01 1.01299999999999999995
1  4.57e-03  0.3483673391  5.621922e-01 1.01299999999999999995
1  4.79e-03  0.348367335  5.621922e-01 1.01299999999999999995
1  5.01e-03  0.3483673373  5.621922e-01 1.01299999999999999995
1  5.25e-03  0.3483673362  5.621922e-01 1.01299999999999999995
1  5.50e-03  0.3483673369  5.621922e-01 1.01299999999999999995
1  5.75e-03  0.348367336  5.621922e-01 1.01299999999999999995
1  6.03e-03  0.3483673384  5.621922e-01 1.01299999999999999995
1  6.31e-03  0.3483673334  5.621922e-01 1.01299999999999999995
1  6.61e-03  0.3483673371  5.621922e-01 1.01299999999999999995
1  6.92e-03  0.3483673366  5.621922e-01 1.01299999999999999995
1  7.24e-03  0.3483673356  5.621922e-01 1.01299999999999999995
1  7.59e-03  0.3483673386  5.621922e-01 1.01299999999999999995
1  7.94e-03  0.3483673356  5.621922e-01 1.01299999999999999995
1  8.32e-03  0.3483673372  5.621922e-01 1.01299999999999999995
1  8.71e-03  0.3483673381  5.621922e-01 1.01299999999999999995
1  9.12e-03  0.3483673343  5.621922e-01 1.01299999999999999995
1  9.55e-03  0.3483673332  5.621922e-01 1.01299999999999999995
1  1.00e-02  0.3483673369  5.621922e-01 1.01299999999999999995
1  1.05e-02  0.3483673321  5.621922e-01 1.01299999999999999995
1  1.10e-02  0.3483673326  5.621922e-01 1.01299999999999999995
1  1.15e-02  0.3483673324  5.621922e-01 1.01299999999999999995
1  1.20e-02  0.3483673318  5.621922e-01 1.01299999999999999995
1  1.26e-02  0.3483673348  5.621922e-01 1.01299999999999999995
1  1.32e-02  0.3483673321  5.621922e-01 1.01299999999999999995
1  1.38e-02  0.3483673349  5.621922e-01 1.01299999999999999995
1  1.45e-02  0.3483673307  5.621922e-01 1.01299999999999999995
1  1.51e-02  0.3483673303  5.621922e-01 1.01299999999999999995
1  1.58e-02  0.3483673337  5.621922e-01 1.01299999999999999995
1  1.66e-02  0.3483673343  5.621922e-01 1.01299999999999999995
1  1.74e-02  0.3483673301  5.621922e-01 1.01299999999999999995
1  1.82e-02  0.3483673368  5.621922e-01 1.01299999999999999995
1  1.91e-02  0.3483673146  5.621922e-01 1.01299999999999999995
1  2.00e-02  0.3483673303  5.621922e-01 1.01299999999999999995
1  2.09e-02  0.3483673356  5.621922e-01 1.01299999999999999995
1  2.19e-02  0.3483673362  5.621922e-01 1.01299999999999999995
1  2.29e-02  0.3483673305  5.621922e-01 1.01299999999999999995
1  2.40e-02  0.3483673422  5.621922e-01 1.01299999999999999995
1  2.51e-02  0.3483673165  5.621922e-01 1.01299999999999999995
1  2.63e-02  0.3483673365  5.621922e-01 1.01299999999999999995
1  2.75e-02  0.3483673185  5.621922e-01 1.01299999999999999995
1  2.88e-02  0.3483673109  5.621922e-01 1.01299999999999999995
1  3.02e-02  0.3483673266  5.621922e-01 1.01299999999999999995
1  3.16e-02  0.3483673271  5.621922e-01 1.01299999999999999995
1  3.31e-02  0.3483673341  5.621922e-01 1.01299999999999999995
1  3.47e-02  0.3483673239  5.621922e-01 1.01299999999999999995
1  3.63e-02  0.3483672753  5.621922e-01 1.01299999999999999995
1  3.80e-02  0.3483673424  5.621922e-01 1.01299999999999999995
1  3.98e-02  0.34836733  5.621922e-01 1.01299999999999999995
1  4.17e-02  0.3483673313  5.621922e-01 1.01299999999999999995
1  4.37e-02  0.3483672959  5.621922e-01 1.01299999999999999995
1  4.57e-02  0.3483673074  5.621922e-01 1.01299999999999999995
1  4.79e-02  0.3483673251  5.621922e-01 1.01299999999999999995
1  5.01e-02  0.3483671003  5.621922e-01 1.01299999999999999995
1  5.25e-02  0.3483673149  5.621922e-01 1.01299999999999999995
1  5.50e-02  0.3483673188  5.621922e-01 1.01299999999999999995
1  5.75e-02  0.3483673074  5.621922e-01 1.01299999999999999995
1  6.03e-02  0.3483673096  5.621922e-01 1.01299999999999999995
1  6.31e-02  0.348367323  5.621922e-01 1.01299999999999999995
1  6.61e-02  0.3483673164  5.621922e-01 1.01299999999999999995
1  6.92e-02  0.3483672797  5.621922e-01 1.01299999999999999995
1  7.24e-02  0.348367308  5.621922e-01 1.01299999999999999995
1  7.59e-02  0.3483672457  5.621922e-01 1.01299999999999999995
1  7.94e-02  0.3483670726  5.621922e-01 1.01299999999999999995
1  8.32e-02  0.3483673092  5.621922e-01 1.01299999999999999995
1  8.71e-02  0.3483672778  5.621922e-01 1.01299999999999999995
1  9.12e-02  0.3483672899  5.621922e-01 1.01299999999999999995
1  9.55e-02  0.3483672408  5.621922e-01 1.01299999999999999995
1  1.00e-01  0.3483672567  5.621922e-01 1.01299999999999999995
1  1.05e-01  0.3483668856  5.621922e-01 1.01299999999999999995
1  1.10e-01  0.3483672852  5.621922e-01 1.01299999999999999995
1  1.15e-01  0.3483672963  5.621922e-01 1.01299999999999999995
1  1.20e-01  0.3483672454  5.621922e-01 1.01299999999999999995
1  1.26e-01  0.3483672808  5.621922e-01 1.01299999999999999995
1  1.32e-01  0.3483673049  5.621922e-01 1.01299999999999999995
1  1.38e-01  0.3483673076  5.621922e-01 1.01299999999999999995
1  1.45e-01  0.3483672652  5.621922e-01 1.01299999999999999995
1  1.51e-01  0.3483672477  5.621922e-01 1.01299999999999999995
1  1.58e-01  0.3483672805  5.621922e-01 1.01299999999999999995
1  1.66e-01  0.3483666305  5.621922e-01 1.01299999999999999995
1  1.74e-01  0.3483672652  5.621922e-01 1.01299999999999999995
1  1.82e-01  0.348367231  5.621922e-01 1.01299999999999999995
1  1.91e-01  0.3483672296  5.621922e-01 1.01299999999999999995
1  2.00e-01  0.3483670883  5.621922e-01 1.01299999999999999995
1  2.09e-01  0.3483672879  5.621922e-01 1.01299999999999999995
1  2.19e-01  0.3483673079  5.621922e-01 1.01299999999999999995
1  2.29e-01  0.3483672747  5.621922e-01 1.01299999999999999995
1  2.40e-01  0.3483672823  5.621922e-01 1.01299999999999999995
1  2.51e-01  0.3483671959  5.621922e-01 1.01299999999999999995
1  2.63e-01  0.3483672899  5.621922e-01 1.01299999999999999995
1  2.75e-01  0.3483670663  5.621922e-01 1.01299999999999999995
1  2.88e-01  0.34836725  5.621922e-01 1.01299999999999999995
1  3.02e-01  0.3483672646  5.621922e-01 1.01299999999999999995
1  3.16e-01  0.3483671756  5.621922e-01 1.01299999999999999995
1  3.31e-01  0.3483673057  5.621922e-01 1.01299999999999999995
1  3.47e-01  0.348367292  5.621922e-01 1.01299999999999999995
1  3.63e-01  0.3483670959  5.621922e-01 1.01299999999999999995
1  3.80e-01  0.3483650635  5.621922e-01 1.01299999999999999995
1  3.98e-01  0.3483673106  5.621922e-01 1.01299999999999999995
1  4.17e-01  0.3483671597  5.621922e-01 1.01299999999999999995
1  4.37e-01  0.348367243  5.621922e-01 1.01299999999999999995
1  4.57e-01  0.3483671388  5.621922e-01 1.01299999999999999995
1  4.79e-01  0.3483672617  5.621922e-01 1.01299999999999999995
1  5.01e-01  0.3483671043  5.621922e-01 1.01299999999999999995
1  5.25e-01  0.3483670804  5.621922e-01 1.01299999999999999995
1  5.50e-01  0.3483670722  5.621922e-01 1.01299999999999999995
1  5.75e-01  0.3483670627  5.621922e-01 1.01299999999999999995
1  6.03e-01  0.3483671038  5.621922e-01 1.01299999999999999995
1  6.31e-01  0.3483670827  5.621922e-01 1.01299999999999999995
1  6.61e-01  0.3483718564  5.621922e-01 1.01299999999999999995
1  6.92e-01  0.3483672286  5.621922e-01 1.01299999999999999995
1  7.24e-01  0.3483672271  5.621922e-01 1.01299999999999999995
1  7.59e-01  0.3483671158  5.621922e-01 1.01299999999999999995
1  7.94e-01  0.3483672899  5.621922e-01 1.01299999999999999995
1  8.32e-01  0.3483671664  5.621922e-01 1.01299999999999999995
1  8.71e-01  0.3483670018  5.621922e-01 1.01299999999999999995
1  9.12e-01  0.348366979  5.621922e-01 1.01299999999999999995
1  9.55e-01  0.348367331  5.621922e-01 1.01299999999999999995
1  1.00e+00  0.3483669528  5.621922e-01 1.01299999999999999995
1  1.05e+00  0.3483668584  5.621922e-01 1.01299999999999999995
1  1.10e+00  0.3483670942  5.621922e-01 1.01299999999999999995
1  1.15e+00  0.3483667901  5.621922e-01 1.01299999999999999995
1  1.20e+00  0.3483671945  5.621922e-01 1.01299999999999999995
1  1.26e+00  0.3483727346  5.621922e-01 1.01299999999999999995
1  1.32e+00  0.3483668668  5.621922e-01 1.01299999999999999995
1  1.38e+00  0.3483673097  5.621922e-01 1.01299999999999999995
1  1.45e+00  0.3483693057  5.621922e-01 1.01299999999999999995
1  1.51e+00  0.3483669115  5.621922e-01 1.01299999999999999995
1  1.58e+00  0.348366834  5.621922e-01 1.01299999999999999995
1  1.66e+00  0.3483669586  5.621922e-01 1.01299999999999999995
1  1.74e+00  0.348370845  5.621922e-01 1.01299999999999999995
1  1.82e+00  0.34836746  5.621922e-01 1.01299999999999999995
1  1.91e+00  0.3483670931  5.621922e-01 1.01299999999999999995
1  2.00e+00  0.3483667125  5.621922e-01 1.01299999999999999995
1  2.09e+00  0.3483672631  5.621922e-01 1.01299999999999999995
1  2.19e+00  0.3483667405  5.621922e-01 1.01299999999999999995
1  2.29e+00  0.348368019  5.621922e-01 1.01299999999999999995
1  2.40e+00  0.3483727282  5.621922e-01 1.01299999999999999995
1  2.51e+00  0.3483661987  5.621922e-01 1.01299999999999999995
1  2.63e+00  0.3483668273  5.621922e-01 1.01299999999999999995
1  2.75e+00  0.3483669384  5.621922e-01 1.01299999999999999995
1  2.88e+00  0.3483660612  5.621922e-01 1.01299999999999999995
1  3.02e+00  0.3483304365  5.621922e-01 1.01299999999999999995
1  3.16e+00  0.3483657157  5.621922e-01 1.01299999999999999995
1  3.31e+00  0.3483595028  5.621922e-01 1.01299999999999999995
1  3.47e+00  0.3483661852  5.621922e-01 1.01299999999999999995
1  3.63e+00  0.348383682  5.621922e-01 1.01299999999999999995
1  3.80e+00  0.3483668005  5.621922e-01 1.01299999999999999995
1  3.98e+00  0.3483655  5.621922e-01 1.01299999999999999995
1  4.17e+00  0.3483668044  5.621922e-01 1.01299999999999999995
1  4.37e+00  0.3483659898  5.621922e-01 1.01299999999999999995
1  4.57e+00  0.3483658503  5.621922e-01 1.01299999999999999995
1  4.79e+00  0.3483655592  5.621922e-01 1.01299999999999999995
1  5.01e+00  0.3483663903  5.621922e-01 1.01299999999999999995
1  5.25e+00  0.3483652031  5.621922e-01 1.01299999999999999995
1  5.50e+00  0.3483638572  5.621922e-01 1.01299999999999999995
1  5.75e+00  0.3484108485  5.621922e-01 1.01299999999999999995
1  6.03e+00  0.3483671025  5.621922e-01 1.01299999999999999995
1  6.31e+00  0.3483699568  5.621922e-01 1.01299999999999999995
1  6.61e+00  0.3483651369  5.621922e-01 1.01299999999999999995
1  6.92e+00  0.3483663685  5.621922e-01 1.01299999999999999995
1  7.24e+00  0.3484403889  5.621922e-01 1.01299999999999999995
1  7.59e+00  0.3482619367  5.621922e-01 1.01299999999999999995
1  7.94e+00  0.3483060235  5.621922e-01 1.01299999999999999995
1  8.32e+00  0.3483923279  5.621922e-01 1.01299999999999999995
1  8.71e+00  0.3483257203  5.621922e-01 1.01299999999999999995
1  9.12e+00  0.3483704408  5.621922e-01 1.01299999999999999995
1  9.55e+00  0.3483649536  5.621922e-01 1.01299999999999999995
1  1.00e+01  0.3483623615  5.621922e-01 1.01299999999999999995
1  1.05e+01  0.3483632345  5.621922e-01 1.01299999999999999995
1  1.10e+01  0.3483763727  5.621922e-01 1.01299999999999999995
1  1.15e+01  0.3483650289  5.621922e-01 1.01299999999999999995
1  1.20e+01  0.3483656701  5.621922e-01 1.01299999999999999995
1  1.26e+01  0.3483510903  5.621922e-01 1.01299999999999999995
1  1.32e+01  0.348363686  5.621922e-01 1.01299999999999999995
1  1.38e+01  0.3483605285  5.621922e-01 1.01299999999999999995
1  1.45e+01  0.3483649984  5.621922e-01 1.01299999999999999995
1  1.51e+01  0.3483598163  5.621922e-01 1.01299999999999999995
1  1.58e+01  0.3483621161  5.621922e-01 1.01299999999999999995
1  1.66e+01  0.3483698904  5.621922e-01 1.01299999999999999995
1  1.74e+01  0.3483637951  5.621922e-01 1.01299999999999999995
1  1.82e+01  0.3483712002  5.621922e-01 1.01299999999999999995
1  1.91e+01  0.3483636982  5.621922e-01 1.01299999999999999995
1  2.00e+01  0.3483480026  5.621922e-01 1.01299999999999999995
1  2.09e+01  0.3481850079  5.621922e-01 1.01299999999999999995
1  2.19e+01  0.348377362  5.621922e-01 1.01299999999999999995
1  2.29e+01  0.3483281112  5.621922e-01 1.01299999999999999995
1  2.40e+01  0.3483512938  5.621922e-01 1.01299999999999999995
1  2.51e+01  0.3483496296  5.621922e-01 1.01299999999999999995
1  2.63e+01  0.3486396618  5.621922e-01 1.01299999999999999995
1  2.75e+01  0.3483108456  5.621922e-01 1.01299999999999999995
1  2.88e+01  0.347999703  5.621922e-01 1.01299999999999999995
1  3.02e+01  0.3481336392  5.621922e-01 1.01299999999999999995
1  3.16e+01  0.3485093283  5.621922e-01 1.01299999999999999995
1  3.31e+01  0.3483885369  5.621922e-01 1.01299999999999999995
1  3.47e+01  0.3483390784  5.621922e-01 1.01299999999999999995
1  3.63e+01  0.348090753  5.621922e-01 1.01299999999999999995
1  3.80e+01  0.3485647921  5.621922e-01 1.01299999999999999995
1  3.98e+01  0.3482990184  5.621922e-01 1.01299999999999999995
1  4.17e+01  0.348360106  5.621922e-01 1.01299999999999999995
1  4.37e+01  0.348836179  5.621922e-01 1.01299999999999999995
1  4.57e+01  0.3486213801  5.621922e-01 1.01299999999999999995
1  4.79e+01  0.348470685  5.621922e-01 1.01299999999999999995
1  5.01e+01  0.3483342015  5.621922e-01 1.01299999999999999995
1  5.25e+01  0.3483479702  5.621922e-01 1.01299999999999999995
1  5.50e+01  0.348385744  5.621922e-01 1.01299999999999999995
1  5.75e+01  0.3482870204  5.621922e-01 1.01299999999999999995
1  6.03e+01  0.3483974201  5.621922e-01 1.01299999999999999995
1  6.31e+01  0.3483406563  5.621922e-01 1.01299999999999999995
1  6.61e+01  0.3483467995  5.621922e-01 1.01299999999999999995
1  6.92e+01  0.3483447688  5.621922e-01 1.01299999999999999995
1  7.24e+01  0.348329105  5.621922e-01 1.01299999999999999995
1  7.59e+01  0.348461144  5.621922e-01 1.01299999999999999995
1  7.94e+01  0.3483065776  5.621922e-01 1.01299999999999999995
1  8.32e+01  0.3483748316  5.621922e-01 1.01299999999999999995
1  8.71e+01  0.3483353947  5.621922e-01 1.01299999999999999995
1  9.12e+01  0.3483367512  5.621922e-01 1.01299999999999999995
1  9.55e+01  0.3482206483  5.621922e-01 1.01299999999999999995
1  1.00e+02  0.3482589359  5.621922e-01 1.01299999999999999995
1  1.05e+02  0.3483393721  5.621922e-01 1.01299999999999999995
1  1.10e+02  0.3483059893  5.621922e-01 1.01299999999999999995
1  1.15e+02  0.3483659204  5.621922e-01 1.01299999999999999995
1  1.20e+02  0.3483698389  5.621922e-01 1.01299999999999999995
1  1.26e+02  0.3484596077  5.621922e-01 1.01299999999999999995
1  1.32e+02  0.3483260056  5.621922e-01 1.01299999999999999995
1  1.38e+02  0.3484121708  5.621922e-01 1.01299999999999999995
1  1.45e+02  0.3483012449  5.621922e-01 1.01299999999999999995
1  1.51e+02  0.3484032033  5.621922e-01 1.01299999999999999995
1  1.58e+02  0.34853388  5.621922e-01 1.01299999999999999995
1  1.66e+02  0.3483298613  5.621922e-01 1.01299999999999999995
1  1.74e+02  0.3483473658  5.621922e-01 1.01299999999999999995
1  1.82e+02  0.3482832039  5.621922e-01 1.01299999999999999995
1  1.91e+02  0.3482546717  5.621922e-01 1.01299999999999999995
1  2.00e+02  0.3485161468  5.621922e-01 1.01299999999999999995
1  2.09e+02  0.3483021482  5.621922e-01 1.01299999999999999995
1  2.19e+02  0.3481982507  5.621922e-01 1.01299999999999999995
1  2.29e+02  0.3482664362  5.621922e-01 1.01299999999999999995
1  2.40e+02  0.3482477428  5.621922e-01 1.01299999999999999995
1  2.51e+02  0.3483885351  5.621922e-01 1.01299999999999999995
1  2.63e+02  0.3482280233  5.621922e-01 1.01299999999999999995
1  2.75e+02  0.3483265967  5.621922e-01 1.01299999999999999995
1  2.88e+02  0.3482963722  5.621922e-01 1.01299999999999999995
1  3.02e+02  0.3482904688  5.621922e-01 1.01299999999999999995
1  3.16e+02  0.3483898987  5.621922e-01 1.01299999999999999995
1  3.31e+02  0.3482253342  5.621922e-01 1.01299999999999999995
1  3.47e+02  0.3483153937  5.621922e-01 1.01299999999999999995
1  3.63e+02  0.3482613881  5.621922e-01 1.01299999999999999995
1  3.80e+02  0.3482508286  5.621922e-01 1.01299999999999999995
1  3.98e+02  0.3482986142  5.621922e-01 1.01299999999999999995
1  4.17e+02  0.3483369481  5.621922e-01 1.01299999999999999995
1  4.37e+02  0.3482755946  5.621922e-01 1.01299999999999999995
1  4.57e+02  0.3482376641  5.621922e-01 1.01299999999999999995
1  4.79e+02  0.3481408104  5.621922e-01 1.01299999999999999995
1  5.01e+02  0.3481687211  5.621922e-01 1.01299999999999999995
1  5.25e+02  0.3480513568  5.621922e-01 1.01299999999999999995
1  5.50e+02  0.3482534793  5.621922e-01 1.01299999999999999995
1  5.75e+02  0.348181821  5.621922e-01 1.01299999999999999995
1  6.03e+02  0.3483803549  5.621922e-01 1.01299999999999999995
1  6.31e+02  0.348143674  5.621922e-01 1.01299999999999999995
1  6.61e+02  0.3481202708  5.621922e-01 1.01299999999999999995
1  6.92e+02  0.3481414864  5.621922e-01 1.01299999999999999995
1  7.24e+02  0.3479844581  5.621922e-01 1.01299999999999999995
1  7.59e+02  0.3483954303  5.621922e-01 1.01299999999999999995
1  7.94e+02  0.3480302098  5.621922e-01 1.01299999999999999995
1  8.32e+02  0.3481687668  5.621922e-01 1.01299999999999999995
1  8.71e+02  0.3480364624  5.621922e-01 1.01299999999999999995
1  9.12e+02  0.3479482423  5.621922e-01 1.01299999999999999995
1  9.55e+02  0.3482408623  5.621922e-01 1.01299999999999999995
1  1.00e+03  0.3483276026  5.621922e-01 1.01299999999999999995
1  1.05e+03  0.3481320935  5.621922e-01 1.01299999999999999995
1  1.10e+03  0.3481644616  5.621922e-01 1.01299999999999999995
1  1.15e+03  0.348065194  5.621922e-01 1.01299999999999999995
1  1.20e+03  0.3480559511  5.621922e-01 1.01299999999999999995
1  1.26e+03  0.3479535252  5.621922e-01 1.01299999999999999995
1  1.32e+03  0.3487322836  5.621922e-01 1.01299999999999999995
1  1.38e+03  0.3488873005  5.621922e-01 1.01299999999999999995
1  1.45e+03  0.3475702398  5.621922e-01 1.01299999999999999995
1  1.51e+03  0.348195466  5.621922e-01 1.01299999999999999995
1  1.58e+03  0.3480567735  5.621922e-01 1.01299999999999999995
1  1.66e+03  0.3475071848  5.621922e-01 1.01299999999999999995
1  1.74e+03  0.348482373  5.621922e-01 1.01299999999999999995
1  1.82e+03  0.3496876013  5.621922e-01 1.01299999999999999995
1  1.91e+03  0.3477997957  5.621922e-01 1.01299999999999999995
1  2.00e+03  0.3511699322  5.621922e-01 1.01299999999999999995
1  2.09e+03  0.3509420726  5.621922e-01 1.01299999999999999995
1  2.19e+03  0.3477656718  5.621922e-01 1.01299999999999999995
1  2.29e+03  0.3458927449  5.621922e-01 1.01299999999999999995
1  2.40e+03  0.3453957633  5.621922e-01 1.01299999999999999995
1  2.51e+03  0.3483487302  5.621922e-01 1.01299999999999999995
1  2.63e+03  0.343868709  5.621922e-01 1.01299999999999999995
1  2.75e+03  0.3415048259  5.621922e-01 1.01299999999999999995
1  2.88e+03  0.3431081594  5.621922e-01 1.01299999999999999995
1  3.02e+03  0.3504761698  5.621922e-01 1.01299999999999999995
1  3.16e+03  0.3473112624  5.621922e-01 1.01299999999999999995
1  3.31e+03  0.3434388457  5.621922e-01 1.01299999999999999995
1  3.47e+03  0.3451902381  5.621922e-01 1.01299999999999999995
1  3.63e+03  0.3571031446  5.621922e-01 1.01299999999999999995
1  3.80e+03  0.3539654165  5.621922e-01 1.01299999999999999995
1  3.98e+03  0.3472192216  5.621922e-01 1.01299999999999999995
1  4.17e+03  0.3547016939  5.621922e-01 1.01299999999999999995
1  4.37e+03  0.3540112176  5.621922e-01 1.01299999999999999995
1  4.57e+03  0.3599429341  5.621922e-01 1.01299999999999999995
1  4.79e+03  0.3404322407  5.621922e-01 1.01299999999999999995
1  5.01e+03  0.3565565544  5.621922e-01 1.01299999999999999995
1  5.25e+03  0.3673520102  5.621922e-01 1.01299999999999999995
1  5.50e+03  0.3564158674  5.621922e-01 1.01299999999999999995
1  5.75e+03  0.3729393978  5.621922e-01 1.01299999999999999995
1  6.03e+03  0.3551387143  5.621922e-01 1.01299999999999999995
1  6.31e+03  0.3631036002  5.621922e-01 1.01299999999999999995
1  6.61e+03  0.3522037193  5.621922e-01 1.01299999999999999995
1  6.92e+03  0.3628562346  5.621922e-01 1.01299999999999999995
1  7.24e+03  0.3438055494  5.621922e-01 1.01299999999999999995
1  7.59e+03  0.3595594113  5.621922e-01 1.01299999999999999995
1  7.94e+03  0.3145214297  5.621922e-01 1.01299999999999999995
1  8.32e+03  0.3636677474  5.621922e-01 1.01299999999999999995
1  8.71e+03  0.3364992932  5.621922e-01 1.01299999999999999995
1  9.12e+03  0.367373529  5.621922e-01 1.01299999999999999995
1  9.55e+03  0.3695073193  5.621922e-01 1.01299999999999999995
1  1.00e+04  0.3079402055  5.621922e-01 1.01299999999999999995
1  1.05e+04  0.3166111293  5.621922e-01 1.01299999999999999995
1  1.10e+04  0.3646108855  5.621922e-01 1.01299999999999999995
1  1.15e+04  0.3649881813  5.621922e-01 1.01299999999999999995
1  1.20e+04  0.3255809224  5.621922e-01 1.01299999999999999995
1  1.26e+04  0.3656806345  5.621922e-01 1.01299999999999999995
1  1.32e+04  0.2943917821  5.621922e-01 1.01299999999999999995
1  1.38e+04  0.3554708039  5.621922e-01 1.01299999999999999995
1  1.45e+04  0.3024807695  5.621922e-01 1.01299999999999999995
1  1.51e+04  0.3554480356  5.621922e-01 1.01299999999999999995
1  1.58e+04  0.3404267202  5.621922e-01 1.01299999999999999995
1  1.66e+04  0.3581361533  5.621922e-01 1.01299999999999999995
1  1.74e+04  0.3475174404  5.621922e-01 1.01299999999999999995
1  1.82e+04  0.3004484637  5.621922e-01 1.01299999999999999995
1  1.91e+04  0.3428026294  5.621922e-01 1.01299999999999999995
1  2.00e+04  0.3310614031  5.621922e-01 1.01299999999999999995
1  2.09e+04  0.3458255936  5.621922e-01 1.01299999999999999995
1  2.19e+04  0.3396584253  5.621922e-01 1.01299999999999999995
1  2.29e+04  0.315233053  5.621922e-01 1.01299999999999999995
1  2.40e+04  0.343009283  5.621922e-01 1.01299999999999999995
1  2.51e+04  0.3221202073  5.621922e-01 1.01299999999999999995
1  2.63e+04  0.3528251755  5.621922e-01 1.01299999999999999995
1  2.75e+04  0.2908920874  5.621922e-01 1.01299999999999999995
1  2.88e+04  0.3197573471  5.621922e-01 1.01299999999999999995
1  3.02e+04  0.3258688267  5.621922e-01 1.01299999999999999995
1  3.16e+04  0.3391865213  5.621922e-01 1.01299999999999999995
1  3.31e+04  0.3281763166  5.621922e-01 1.01299999999999999995
1  3.47e+04  0.3260926385  5.621922e-01 1.01299999999999999995
1  3.63e+04  0.2812786312  5.621922e-01 1.01299999999999999995
1  3.80e+04  0.3461004229  5.621922e-01 1.01299999999999999995
1  3.98e+04  0.3016932861  5.621922e-01 1.01299999999999999995
1  4.17e+04  0.3541462662  5.621922e-01 1.01299999999999999995
1  4.37e+04  0.3272232673  5.621922e-01 1.01299999999999999995
1  4.57e+04  0.3115682945  5.621922e-01 1.01299999999999999995
1  4.79e+04  0.3548974973  5.621922e-01 1.01299999999999999995
1  5.01e+04  0.2796535777  5.621922e-01 1.01299999999999999995
1  5.25e+04  0.3033115615  5.621922e-01 1.01299999999999999995
1  5.50e+04  0.3524788967  5.621922e-01 1.01299999999999999995
1  5.75e+04  0.2988795596  5.621922e-01 1.01299999999999999995
1  6.03e+04  0.320371654  5.621922e-01 1.01299999999999999995
1  6.31e+04  0.3553117909  5.621922e-01 1.01299999999999999995
1  6.61e+04  0.3380274957  5.621922e-01 1.01299999999999999995
1  6.92e+04  0.3197231928  5.621922e-01 1.01299999999999999995
1  7.24e+04  0.3294848437  5.621922e-01 1.01299999999999999995
1  7.59e+04  0.3532632369  5.621922e-01 1.01299999999999999995
1  7.94e+04  0.3437354579  5.621922e-01 1.01299999999999999995
1  8.32e+04  0.3038136631  5.621922e-01 1.01299999999999999995
1  8.71e+04  0.2974197428  5.621922e-01 1.01299999999999999995
1  9.12e+04  0.3349508279  5.621922e-01 1.01299999999999999995
1  9.55e+04  0.3548253343  5.621922e-01 1.01299999999999999995
1  1.00e+05  0.3276401494  5.621922e-01 1.01299999999999999995
1  1.05e+05  0.2948484373  5.621922e-01 1.01299999999999999995
1  1.10e+05  0.299509559  5.621922e-01 1.01299999999999999995
1  1.15e+05  0.3319796246  5.621922e-01 1.01299999999999999995
1  1.20e+05  0.3541514524  5.621922e-01 1.01299999999999999995
1  1.26e+05  0.3479623553  5.621922e-01 1.01299999999999999995
1  1.32e+05  0.3272722987  5.621922e-01 1.01299999999999999995
1  1.38e+05  0.3149845675  5.621922e-01 1.01299999999999999995
1  1.45e+05  0.3204370867  5.621922e-01 1.01299999999999999995
1  1.51e+05  0.3366175499  5.621922e-01 1.01299999999999999995
1  1.58e+05  0.3511023641  5.621922e-01 1.01299999999999999995
1  1.66e+05  0.3564891423  5.621922e-01 1.01299999999999999995
1  1.74e+05  0.3531683204  5.621922e-01 1.01299999999999999995
1  1.82e+05  0.3460738465  5.621922e-01 1.01299999999999999995
1  1.91e+05  0.3402058077  5.621922e-01 1.01299999999999999995
1  2.00e+05  0.3380982902  5.621922e-01 1.01299999999999999995
1  2.09e+05  0.3396791386  5.621922e-01 1.01299999999999999995
1  2.19e+05  0.3434297375  5.621922e-01 1.01299999999999999995
1  2.29e+05  0.3476422288  5.621922e-01 1.01299999999999999995
1  2.40e+05  0.3511505077  5.621922e-01 1.01299999999999999995
1  2.51e+05  0.3534854926  5.621922e-01 1.01299999999999999995
1  2.63e+05  0.3546881121  5.621922e-01 1.01299999999999999995
1  2.75e+05  0.3550344796  5.621922e-01 1.01299999999999999995
1  2.88e+05  0.3548262776  5.621922e-01 1.01299999999999999995
1  3.02e+05  0.3542900568  5.621922e-01 1.01299999999999999995
1  3.16e+05  0.3535629039  5.621922e-01 1.01299999999999999995
1  3.31e+05  0.3527213444  5.621922e-01 1.01299999999999999995
1  3.47e+05  0.3518176704  5.621922e-01 1.01299999999999999995
1  3.63e+05  0.3509045564  5.621922e-01 1.01299999999999999995
1  3.80e+05  0.3500434284  5.621922e-01 1.01299999999999999995
1  3.98e+05  0.3493004819  5.621922e-01 1.01299999999999999995
1  4.17e+05  0.3487369323  5.621922e-01 1.01299999999999999995
1  4.37e+05  0.3483991952  5.621922e-01 1.01299999999999999995
1  4.57e+05  0.3483123982  5.621922e-01 1.01299999999999999995
1  4.79e+05  0.3484783488  5.621922e-01 1.01299999999999999995
1  5.01e+05  0.3488774841  5.621922e-01 1.01299999999999999995
1  5.25e+05  0.3494735299  5.621922e-01 1.01299999999999999995
1  5.50e+05  0.3502194335  5.621922e-01 1.01299999999999999995
1  5.75e+05  0.3510633478  5.621922e-01 1.01299999999999999995
1  6.03e+05  0.3519538338  5.621922e-01 1.01299999999999999995
1  6.31e+05  0.3528438338  5.621922e-01 1.01299999999999999995
1  6.61e+05  0.3537633283  5.621922e-01 1.01299999999999999995
1  6.92e+05  0.3546184024  5.621922e-01 1.01299999999999999995
1  7.24e+05  0.3553630575  5.621922e-01 1.01299999999999999995
1  7.59e+05  0.35596826  5.621922e-01 1.01299999999999999995
1  7.94e+05  0.3564199679  5.621922e-01 1.01299999999999999995
1  8.32e+05  0.3567163032  5.621922e-01 1.01299999999999999995
1  8.71e+05  0.3568644936  5.621922e-01 1.01299999999999999995
1  9.12e+05  0.3568792523  5.621922e-01 1.01299999999999999995
1  9.55e+05  0.356778805  5.621922e-01 1.01299999999999999995
1  1.00e+06  0.3565792953  5.621922e-01 1.01299999999999999995
1  1.05e+06  0.3562997945  5.621922e-01 1.01299999999999999995
1  1.10e+06  0.3559585634  5.621922e-01 1.01299999999999999995
1  1.15e+06  0.3555723513  5.621922e-01 1.01299999999999999995
1  1.20e+06  0.355155996  5.621922e-01 1.01299999999999999995
1  1.26e+06  0.3547222529  5.621922e-01 1.01299999999999999995
1  1.32e+06  0.3542817871  5.621922e-01 1.01299999999999999995
1  1.38e+06  0.353843276  5.621922e-01 1.01299999999999999995
1  1.45e+06  0.3534135786  5.621922e-01 1.01299999999999999995
1  1.51e+06  0.3529979415  5.621922e-01 1.01299999999999999995
1  1.58e+06  0.3526002168  5.621922e-01 1.01299999999999999995
1  1.66e+06  0.3522230781  5.621922e-01 1.01299999999999999995
1  1.74e+06  0.3518682231  5.621922e-01 1.01299999999999999995
1  1.82e+06  0.35155018  5.621922e-01 1.01299999999999999995
1  1.91e+06  0.3512412055  5.621922e-01 1.01299999999999999995
1  2.00e+06  0.3509554722  5.621922e-01 1.01299999999999999995
1  2.09e+06  0.3506924134  5.621922e-01 1.01299999999999999995
1  2.19e+06  0.3504511893  5.621922e-01 1.01299999999999999995
1  2.29e+06  0.3502307683  5.621922e-01 1.01299999999999999995
1  2.40e+06  0.3500299942  5.621922e-01 1.01299999999999999995
1  2.51e+06  0.349847638  5.621922e-01 1.01299999999999999995
1  2.63e+06  0.3496824396  5.621922e-01 1.01299999999999999995
1  2.75e+06  0.3495331395  5.621922e-01 1.01299999999999999995
1  2.88e+06  0.3493985021  5.621922e-01 1.01299999999999999995
1  3.02e+06  0.3492773334  5.621922e-01 1.01299999999999999995
1  3.16e+06  0.3491684926  5.621922e-01 1.01299999999999999995
1  3.31e+06  0.3490709003  5.621922e-01 1.01299999999999999995
1  3.47e+06  0.3489835431  5.621922e-01 1.01299999999999999995
1  3.63e+06  0.3489096413  5.621922e-01 1.01299999999999999995
1  3.80e+06  0.3488396213  5.621922e-01 1.01299999999999999995
1  3.98e+06  0.3487772347  5.621922e-01 1.01299999999999999995
1  4.17e+06  0.3487217355  5.621922e-01 1.01299999999999999995
1  4.37e+06  0.3486724401  5.621922e-01 1.01299999999999999995
1  4.57e+06  0.348628724  5.621922e-01 1.01299999999999999995
1  4.79e+06  0.3485900184  5.621922e-01 1.01299999999999999995
1  5.01e+06  0.3485558062  5.621922e-01 1.01299999999999999995
1  5.25e+06  0.3485256187  5.621922e-01 1.01299999999999999995
1  5.50e+06  0.3484990314  5.621922e-01 1.01299999999999999995
1  5.75e+06  0.3484756609  5.621922e-01 1.01299999999999999995
1  6.03e+06  0.3484551612  5.621922e-01 1.01299999999999999995
1  6.31e+06  0.3484372207  5.621922e-01 1.01299999999999999995
1  6.61e+06  0.348421559  5.621922e-01 1.01299999999999999995
1  6.92e+06  0.3484090244  5.621922e-01 1.01299999999999999995
1  7.24e+06  0.3483970877  5.621922e-01 1.01299999999999999995
1  7.59e+06  0.3483867581  5.621922e-01 1.01299999999999999995
1  7.94e+06  0.348377853  5.621922e-01 1.01299999999999999995
1  8.32e+06  0.3483702089  5.621922e-01 1.01299999999999999995
1  8.71e+06  0.3483636796  5.621922e-01 1.01299999999999999995
1  9.12e+06  0.3483581347  5.621922e-01 1.01299999999999999995
1  9.55e+06  0.3483534576  5.621922e-01 1.01299999999999999995
1  1.00e+07  0.3483495441  5.621922e-01 1.01299999999999999995
