1  1.00e-03  0.1758963823 71892.040000000008 1.08999999999999999992
1  1.05e-03  0.1758963821 71892.040000000008 1.08999999999999999992
1  1.10e-03  0.1758963843 71892.040000000008 1.08999999999999999992
1  1.15e-03  0.1758963839 71892.040000000008 1.08999999999999999992
1  1.20e-03  0.1758963854 71892.040000000008 1.08999999999999999992
1  1.26e-03  0.1758963843 71892.040000000008 1.08999999999999999992
1  1.32e-03  0.1758963856 71892.040000000008 1.08999999999999999992
1  1.38e-03  0.1758963833 71892.040000000008 1.08999999999999999992
1  1.45e-03  0.1758963823 71892.040000000008 1.08999999999999999992
1  1.51e-03  0.1758963858 71892.040000000008 1.08999999999999999992
1  1.58e-03  0.1758963814 71892.040000000008 1.08999999999999999992
1  1.66e-03  0.1758963839 71892.040000000008 1.08999999999999999992
1  1.74e-03  0.175896383 71892.040000000008 1.08999999999999999992
1  1.82e-03  0.1758964008 71892.040000000008 1.08999999999999999992
1  1.91e-03  0.1758963838 71892.040000000008 1.08999999999999999992
1  2.00e-03  0.1758963845 71892.040000000008 1.08999999999999999992
1  2.09e-03  0.1758963869 71892.040000000008 1.08999999999999999992
1  2.19e-03  0.1758963835 71892.040000000008 1.08999999999999999992
1  2.29e-03  0.1758963856 71892.040000000008 1.08999999999999999992
1  2.40e-03  0.175896384 71892.040000000008 1.08999999999999999992
1  2.51e-03  0.1758963876 71892.040000000008 1.08999999999999999992
1  2.63e-03  0.1758963888 71892.040000000008 1.08999999999999999992
1  2.75e-03  0.175896388 71892.040000000008 1.08999999999999999992
1  2.88e-03  0.1758963878 71892.040000000008 1.08999999999999999992
1  3.02e-03  0.1758963666 71892.040000000008 1.08999999999999999992
1  3.16e-03  0.175896386 71892.040000000008 1.08999999999999999992
1  3.31e-03  0.1758963847 71892.040000000008 1.08999999999999999992
1  3.47e-03  0.175896389 71892.040000000008 1.08999999999999999992
1  3.63e-03  0.1758963882 71892.040000000008 1.08999999999999999992
1  3.80e-03  0.1758963886 71892.040000000008 1.08999999999999999992
1  3.98e-03  0.1758963888 71892.040000000008 1.08999999999999999992
1  4.17e-03  0.1758963854 71892.040000000008 1.08999999999999999992
1  4.37e-03  0.1758963861 71892.040000000008 1.08999999999999999992
1  4.57e-03  0.1758963876 71892.040000000008 1.08999999999999999992
1  4.79e-03  0.1758963914 71892.040000000008 1.08999999999999999992
1  5.01e-03  0.1758963902 71892.040000000008 1.08999999999999999992
1  5.25e-03  0.1758963873 71892.040000000008 1.08999999999999999992
1  5.50e-03  0.1758963876 71892.040000000008 1.08999999999999999992
1  5.75e-03  0.1758963936 71892.040000000008 1.08999999999999999992
1  6.03e-03  0.1758963939 71892.040000000008 1.08999999999999999992
1  6.31e-03  0.1758963923 71892.040000000008 1.08999999999999999992
1  6.61e-03  0.1758963861 71892.040000000008 1.08999999999999999992
1  6.92e-03  0.1758963919 71892.040000000008 1.08999999999999999992
1  7.24e-03  0.1758963946 71892.040000000008 1.08999999999999999992
1  7.59e-03  0.175896391 71892.040000000008 1.08999999999999999992
1  7.94e-03  0.1758964027 71892.040000000008 1.08999999999999999992
1  8.32e-03  0.1758963944 71892.040000000008 1.08999999999999999992
1  8.71e-03  0.1758963914 71892.040000000008 1.08999999999999999992
1  9.12e-03  0.175896424 71892.040000000008 1.08999999999999999992
1  9.55e-03  0.1758964083 71892.040000000008 1.08999999999999999992
1  1.00e-02  0.1758963953 71892.040000000008 1.08999999999999999992
1  1.05e-02  0.1758964053 71892.040000000008 1.08999999999999999992
1  1.10e-02  0.1758964065 71892.040000000008 1.08999999999999999992
1  1.15e-02  0.1758964062 71892.040000000008 1.08999999999999999992
1  1.20e-02  0.1758963976 71892.040000000008 1.08999999999999999992
1  1.26e-02  0.1758963956 71892.040000000008 1.08999999999999999992
1  1.32e-02  0.1758964099 71892.040000000008 1.08999999999999999992
1  1.38e-02  0.1758964027 71892.040000000008 1.08999999999999999992
1  1.45e-02  0.1758964069 71892.040000000008 1.08999999999999999992
1  1.51e-02  0.1758964139 71892.040000000008 1.08999999999999999992
1  1.58e-02  0.1758964007 71892.040000000008 1.08999999999999999992
1  1.66e-02  0.175896391 71892.040000000008 1.08999999999999999992
1  1.74e-02  0.1758964155 71892.040000000008 1.08999999999999999992
1  1.82e-02  0.1758963956 71892.040000000008 1.08999999999999999992
1  1.91e-02  0.1758964238 71892.040000000008 1.08999999999999999992
1  2.00e-02  0.1758964309 71892.040000000008 1.08999999999999999992
1  2.09e-02  0.1758960268 71892.040000000008 1.08999999999999999992
1  2.19e-02  0.1758964094 71892.040000000008 1.08999999999999999992
1  2.29e-02  0.1758964102 71892.040000000008 1.08999999999999999992
1  2.40e-02  0.1758965121 71892.040000000008 1.08999999999999999992
1  2.51e-02  0.1758964186 71892.040000000008 1.08999999999999999992
1  2.63e-02  0.1758964193 71892.040000000008 1.08999999999999999992
1  2.75e-02  0.1758964871 71892.040000000008 1.08999999999999999992
1  2.88e-02  0.175896458 71892.040000000008 1.08999999999999999992
1  3.02e-02  0.1758963982 71892.040000000008 1.08999999999999999992
1  3.16e-02  0.1758963871 71892.040000000008 1.08999999999999999992
1  3.31e-02  0.1758963327 71892.040000000008 1.08999999999999999992
1  3.47e-02  0.1758964436 71892.040000000008 1.08999999999999999992
1  3.63e-02  0.1758970606 71892.040000000008 1.08999999999999999992
1  3.80e-02  0.1758970086 71892.040000000008 1.08999999999999999992
1  3.98e-02  0.1759154061 71892.040000000008 1.08999999999999999992
1  4.17e-02  0.1758972406 71892.040000000008 1.08999999999999999992
1  4.37e-02  0.1758965382 71892.040000000008 1.08999999999999999992
1  4.57e-02  0.1758965463 71892.040000000008 1.08999999999999999992
1  4.79e-02  0.1758966087 71892.040000000008 1.08999999999999999992
1  5.01e-02  0.1758965625 71892.040000000008 1.08999999999999999992
1  5.25e-02  0.1758968164 71892.040000000008 1.08999999999999999992
1  5.50e-02  0.1758965283 71892.040000000008 1.08999999999999999992
1  5.75e-02  0.1758965053 71892.040000000008 1.08999999999999999992
1  6.03e-02  0.1758964249 71892.040000000008 1.08999999999999999992
1  6.31e-02  0.1758964673 71892.040000000008 1.08999999999999999992
1  6.61e-02  0.1758964593 71892.040000000008 1.08999999999999999992
1  6.92e-02  0.1758965399 71892.040000000008 1.08999999999999999992
1  7.24e-02  0.1758964396 71892.040000000008 1.08999999999999999992
1  7.59e-02  0.1758966492 71892.040000000008 1.08999999999999999992
1  7.94e-02  0.175897213 71892.040000000008 1.08999999999999999992
1  8.32e-02  0.1758969558 71892.040000000008 1.08999999999999999992
1  8.71e-02  0.175896576 71892.040000000008 1.08999999999999999992
1  9.12e-02  0.1758966979 71892.040000000008 1.08999999999999999992
1  9.55e-02  0.1758965205 71892.040000000008 1.08999999999999999992
1  1.00e-01  0.1758965311 71892.040000000008 1.08999999999999999992
1  1.05e-01  0.1758966033 71892.040000000008 1.08999999999999999992
1  1.10e-01  0.1758965692 71892.040000000008 1.08999999999999999992
1  1.15e-01  0.1758965765 71892.040000000008 1.08999999999999999992
1  1.20e-01  0.1758965387 71892.040000000008 1.08999999999999999992
1  1.26e-01  0.1758966695 71892.040000000008 1.08999999999999999992
1  1.32e-01  0.1758964401 71892.040000000008 1.08999999999999999992
1  1.38e-01  0.1758964532 71892.040000000008 1.08999999999999999992
1  1.45e-01  0.1758970434 71892.040000000008 1.08999999999999999992
1  1.51e-01  0.1758966362 71892.040000000008 1.08999999999999999992
1  1.58e-01  0.1758967645 71892.040000000008 1.08999999999999999992
1  1.66e-01  0.1758966794 71892.040000000008 1.08999999999999999992
1  1.74e-01  0.1758968657 71892.040000000008 1.08999999999999999992
1  1.82e-01  0.1758967476 71892.040000000008 1.08999999999999999992
1  1.91e-01  0.175896713 71892.040000000008 1.08999999999999999992
1  2.00e-01  0.1758967637 71892.040000000008 1.08999999999999999992
1  2.09e-01  0.1758967372 71892.040000000008 1.08999999999999999992
1  2.19e-01  0.1758967938 71892.040000000008 1.08999999999999999992
1  2.29e-01  0.1758967968 71892.040000000008 1.08999999999999999992
1  2.40e-01  0.1758968407 71892.040000000008 1.08999999999999999992
1  2.51e-01  0.1758966549 71892.040000000008 1.08999999999999999992
1  2.63e-01  0.1758964533 71892.040000000008 1.08999999999999999992
1  2.75e-01  0.1758970853 71892.040000000008 1.08999999999999999992
1  2.88e-01  0.1758974367 71892.040000000008 1.08999999999999999992
1  3.02e-01  0.1758969398 71892.040000000008 1.08999999999999999992
1  3.16e-01  0.1758969147 71892.040000000008 1.08999999999999999992
1  3.31e-01  0.1758994351 71892.040000000008 1.08999999999999999992
1  3.47e-01  0.1758970675 71892.040000000008 1.08999999999999999992
1  3.63e-01  0.1758966961 71892.040000000008 1.08999999999999999992
1  3.80e-01  0.175896584 71892.040000000008 1.08999999999999999992
1  3.98e-01  0.1758970925 71892.040000000008 1.08999999999999999992
1  4.17e-01  0.1758970858 71892.040000000008 1.08999999999999999992
1  4.37e-01  0.1758970624 71892.040000000008 1.08999999999999999992
1  4.57e-01  0.1758964961 71892.040000000008 1.08999999999999999992
1  4.79e-01  0.1758968454 71892.040000000008 1.08999999999999999992
1  5.01e-01  0.1758966121 71892.040000000008 1.08999999999999999992
1  5.25e-01  0.1758971961 71892.040000000008 1.08999999999999999992
1  5.50e-01  0.1758967743 71892.040000000008 1.08999999999999999992
1  5.75e-01  0.1758949404 71892.040000000008 1.08999999999999999992
1  6.03e-01  0.1758972418 71892.040000000008 1.08999999999999999992
1  6.31e-01  0.1758977969 71892.040000000008 1.08999999999999999992
1  6.61e-01  0.1758983151 71892.040000000008 1.08999999999999999992
1  6.92e-01  0.1758966165 71892.040000000008 1.08999999999999999992
1  7.24e-01  0.1758964974 71892.040000000008 1.08999999999999999992
1  7.59e-01  0.1758964574 71892.040000000008 1.08999999999999999992
1  7.94e-01  0.1759112536 71892.040000000008 1.08999999999999999992
1  8.32e-01  0.1758971909 71892.040000000008 1.08999999999999999992
1  8.71e-01  0.1758969377 71892.040000000008 1.08999999999999999992
1  9.12e-01  0.1758968183 71892.040000000008 1.08999999999999999992
1  9.55e-01  0.175897899 71892.040000000008 1.08999999999999999992
1  1.00e+00  0.1758978887 71892.040000000008 1.08999999999999999992
1  1.05e+00  0.175897993 71892.040000000008 1.08999999999999999992
1  1.10e+00  0.1758975505 71892.040000000008 1.08999999999999999992
1  1.15e+00  0.1759055224 71892.040000000008 1.08999999999999999992
1  1.20e+00  0.1758985172 71892.040000000008 1.08999999999999999992
1  1.26e+00  0.1758982318 71892.040000000008 1.08999999999999999992
1  1.32e+00  0.1758988397 71892.040000000008 1.08999999999999999992
1  1.38e+00  0.17592253 71892.040000000008 1.08999999999999999992
1  1.45e+00  0.1758989026 71892.040000000008 1.08999999999999999992
1  1.51e+00  0.17589749 71892.040000000008 1.08999999999999999992
1  1.58e+00  0.1758966264 71892.040000000008 1.08999999999999999992
1  1.66e+00  0.1758987677 71892.040000000008 1.08999999999999999992
1  1.74e+00  0.1758975442 71892.040000000008 1.08999999999999999992
1  1.82e+00  0.1758966983 71892.040000000008 1.08999999999999999992
1  1.91e+00  0.1758993403 71892.040000000008 1.08999999999999999992
1  2.00e+00  0.1758973262 71892.040000000008 1.08999999999999999992
1  2.09e+00  0.175897452 71892.040000000008 1.08999999999999999992
1  2.19e+00  0.1758997875 71892.040000000008 1.08999999999999999992
1  2.29e+00  0.1758421226 71892.040000000008 1.08999999999999999992
1  2.40e+00  0.1758997903 71892.040000000008 1.08999999999999999992
1  2.51e+00  0.1758743829 71892.040000000008 1.08999999999999999992
1  2.63e+00  0.1758952675 71892.040000000008 1.08999999999999999992
1  2.75e+00  0.1758973767 71892.040000000008 1.08999999999999999992
1  2.88e+00  0.175888132 71892.040000000008 1.08999999999999999992
1  3.02e+00  0.1759011963 71892.040000000008 1.08999999999999999992
1  3.16e+00  0.1758644749 71892.040000000008 1.08999999999999999992
1  3.31e+00  0.1758786826 71892.040000000008 1.08999999999999999992
1  3.47e+00  0.1758982891 71892.040000000008 1.08999999999999999992
1  3.63e+00  0.1758872103 71892.040000000008 1.08999999999999999992
1  3.80e+00  0.1758995739 71892.040000000008 1.08999999999999999992
1  3.98e+00  0.1758972166 71892.040000000008 1.08999999999999999992
1  4.17e+00  0.1759038817 71892.040000000008 1.08999999999999999992
1  4.37e+00  0.1759043981 71892.040000000008 1.08999999999999999992
1  4.57e+00  0.1759072137 71892.040000000008 1.08999999999999999992
1  4.79e+00  0.1759025155 71892.040000000008 1.08999999999999999992
1  5.01e+00  0.1759007775 71892.040000000008 1.08999999999999999992
1  5.25e+00  0.175900497 71892.040000000008 1.08999999999999999992
1  5.50e+00  0.1759035006 71892.040000000008 1.08999999999999999992
1  5.75e+00  0.1758918498 71892.040000000008 1.08999999999999999992
1  6.03e+00  0.1759020325 71892.040000000008 1.08999999999999999992
1  6.31e+00  0.1759066912 71892.040000000008 1.08999999999999999992
1  6.61e+00  0.1759043797 71892.040000000008 1.08999999999999999992
1  6.92e+00  0.175999242 71892.040000000008 1.08999999999999999992
1  7.24e+00  0.176124707 71892.040000000008 1.08999999999999999992
1  7.59e+00  0.176098569 71892.040000000008 1.08999999999999999992
1  7.94e+00  0.1756083049 71892.040000000008 1.08999999999999999992
1  8.32e+00  0.1757418133 71892.040000000008 1.08999999999999999992
1  8.71e+00  0.1761175664 71892.040000000008 1.08999999999999999992
1  9.12e+00  0.1761310456 71892.040000000008 1.08999999999999999992
1  9.55e+00  0.1758552876 71892.040000000008 1.08999999999999999992
1  1.00e+01  0.1759112309 71892.040000000008 1.08999999999999999992
1  1.05e+01  0.1757823311 71892.040000000008 1.08999999999999999992
1  1.10e+01  0.1759222561 71892.040000000008 1.08999999999999999992
1  1.15e+01  0.1758822974 71892.040000000008 1.08999999999999999992
1  1.20e+01  0.1759587178 71892.040000000008 1.08999999999999999992
1  1.26e+01  0.1758893727 71892.040000000008 1.08999999999999999992
1  1.32e+01  0.1759016875 71892.040000000008 1.08999999999999999992
1  1.38e+01  0.1759050828 71892.040000000008 1.08999999999999999992
1  1.45e+01  0.1759098545 71892.040000000008 1.08999999999999999992
1  1.51e+01  0.175902946 71892.040000000008 1.08999999999999999992
1  1.58e+01  0.1758992114 71892.040000000008 1.08999999999999999992
1  1.66e+01  0.1759282768 71892.040000000008 1.08999999999999999992
1  1.74e+01  0.1757057847 71892.040000000008 1.08999999999999999992
1  1.82e+01  0.175572214 71892.040000000008 1.08999999999999999992
1  1.91e+01  0.1759255865 71892.040000000008 1.08999999999999999992
1  2.00e+01  0.1779294068 71892.040000000008 1.08999999999999999992
1  2.09e+01  0.1744084981 71892.040000000008 1.08999999999999999992
1  2.19e+01  0.1758198473 71892.040000000008 1.08999999999999999992
1  2.29e+01  0.1744970975 71892.040000000008 1.08999999999999999992
1  2.40e+01  0.1765548137 71892.040000000008 1.08999999999999999992
1  2.51e+01  0.1763887069 71892.040000000008 1.08999999999999999992
1  2.63e+01  0.1759766773 71892.040000000008 1.08999999999999999992
1  2.75e+01  0.1765666355 71892.040000000008 1.08999999999999999992
1  2.88e+01  0.1761842933 71892.040000000008 1.08999999999999999992
1  3.02e+01  0.1764272096 71892.040000000008 1.08999999999999999992
1  3.16e+01  0.1754900981 71892.040000000008 1.08999999999999999992
1  3.31e+01  0.1760409861 71892.040000000008 1.08999999999999999992
1  3.47e+01  0.1748372577 71892.040000000008 1.08999999999999999992
1  3.63e+01  0.1756836048 71892.040000000008 1.08999999999999999992
1  3.80e+01  0.175222307 71892.040000000008 1.08999999999999999992
1  3.98e+01  0.1758705514 71892.040000000008 1.08999999999999999992
1  4.17e+01  0.1760575711 71892.040000000008 1.08999999999999999992
1  4.37e+01  0.1757349727 71892.040000000008 1.08999999999999999992
1  4.57e+01  0.1767348634 71892.040000000008 1.08999999999999999992
1  4.79e+01  0.1767365105 71892.040000000008 1.08999999999999999992
1  5.01e+01  0.1758801132 71892.040000000008 1.08999999999999999992
1  5.25e+01  0.1759272534 71892.040000000008 1.08999999999999999992
1  5.50e+01  0.1761177333 71892.040000000008 1.08999999999999999992
1  5.75e+01  0.1753460272 71892.040000000008 1.08999999999999999992
1  6.03e+01  0.1747445798 71892.040000000008 1.08999999999999999992
1  6.31e+01  0.1758264986 71892.040000000008 1.08999999999999999992
1  6.61e+01  0.1759214124 71892.040000000008 1.08999999999999999992
1  6.92e+01  0.1760585043 71892.040000000008 1.08999999999999999992
1  7.24e+01  0.1763768496 71892.040000000008 1.08999999999999999992
1  7.59e+01  0.1760484572 71892.040000000008 1.08999999999999999992
1  7.94e+01  0.1755110968 71892.040000000008 1.08999999999999999992
1  8.32e+01  0.1760355272 71892.040000000008 1.08999999999999999992
1  8.71e+01  0.1760671433 71892.040000000008 1.08999999999999999992
1  9.12e+01  0.1759680065 71892.040000000008 1.08999999999999999992
1  9.55e+01  0.1760782029 71892.040000000008 1.08999999999999999992
1  1.00e+02  0.1751937382 71892.040000000008 1.08999999999999999992
1  1.05e+02  0.1759657393 71892.040000000008 1.08999999999999999992
1  1.10e+02  0.1754151398 71892.040000000008 1.08999999999999999992
1  1.15e+02  0.1761547054 71892.040000000008 1.08999999999999999992
1  1.20e+02  0.1759265066 71892.040000000008 1.08999999999999999992
1  1.26e+02  0.175277425 71892.040000000008 1.08999999999999999992
1  1.32e+02  0.1758049164 71892.040000000008 1.08999999999999999992
1  1.38e+02  0.1760660278 71892.040000000008 1.08999999999999999992
1  1.45e+02  0.1760618521 71892.040000000008 1.08999999999999999992
1  1.51e+02  0.1759754524 71892.040000000008 1.08999999999999999992
1  1.58e+02  0.1751921484 71892.040000000008 1.08999999999999999992
1  1.66e+02  0.1759517364 71892.040000000008 1.08999999999999999992
1  1.74e+02  0.1759821672 71892.040000000008 1.08999999999999999992
1  1.82e+02  0.1761014379 71892.040000000008 1.08999999999999999992
1  1.91e+02  0.1759498625 71892.040000000008 1.08999999999999999992
1  2.00e+02  0.1758800835 71892.040000000008 1.08999999999999999992
1  2.09e+02  0.1757037791 71892.040000000008 1.08999999999999999992
1  2.19e+02  0.1763059839 71892.040000000008 1.08999999999999999992
1  2.29e+02  0.1761348032 71892.040000000008 1.08999999999999999992
1  2.40e+02  0.1761256715 71892.040000000008 1.08999999999999999992
1  2.51e+02  0.1764319966 71892.040000000008 1.08999999999999999992
1  2.63e+02  0.1758100704 71892.040000000008 1.08999999999999999992
1  2.75e+02  0.1762495469 71892.040000000008 1.08999999999999999992
1  2.88e+02  0.1764641423 71892.040000000008 1.08999999999999999992
1  3.02e+02  0.1761532418 71892.040000000008 1.08999999999999999992
1  3.16e+02  0.1763351266 71892.040000000008 1.08999999999999999992
1  3.31e+02  0.1765972565 71892.040000000008 1.08999999999999999992
1  3.47e+02  0.1763971823 71892.040000000008 1.08999999999999999992
1  3.63e+02  0.1762339705 71892.040000000008 1.08999999999999999992
1  3.80e+02  0.1765699126 71892.040000000008 1.08999999999999999992
1  3.98e+02  0.1764363724 71892.040000000008 1.08999999999999999992
1  4.17e+02  0.1757768306 71892.040000000008 1.08999999999999999992
1  4.37e+02  0.1766683663 71892.040000000008 1.08999999999999999992
1  4.57e+02  0.1767574652 71892.040000000008 1.08999999999999999992
1  4.79e+02  0.1764411386 71892.040000000008 1.08999999999999999992
1  5.01e+02  0.1762316286 71892.040000000008 1.08999999999999999992
1  5.25e+02  0.1763678367 71892.040000000008 1.08999999999999999992
1  5.50e+02  0.1764980553 71892.040000000008 1.08999999999999999992
1  5.75e+02  0.1759379511 71892.040000000008 1.08999999999999999992
1  6.03e+02  0.1768037484 71892.040000000008 1.08999999999999999992
1  6.31e+02  0.1771940835 71892.040000000008 1.08999999999999999992
1  6.61e+02  0.1770313686 71892.040000000008 1.08999999999999999992
1  6.92e+02  0.1758231151 71892.040000000008 1.08999999999999999992
1  7.24e+02  0.176352315 71892.040000000008 1.08999999999999999992
1  7.59e+02  0.1760613989 71892.040000000008 1.08999999999999999992
1  7.94e+02  0.1769826066 71892.040000000008 1.08999999999999999992
1  8.32e+02  0.1764092766 71892.040000000008 1.08999999999999999992
1  8.71e+02  0.1772351985 71892.040000000008 1.08999999999999999992
1  9.12e+02  0.1775850935 71892.040000000008 1.08999999999999999992
1  9.55e+02  0.1756021395 71892.040000000008 1.08999999999999999992
1  1.00e+03  0.1762978604 71892.040000000008 1.08999999999999999992
1  1.05e+03  0.1754734771 71892.040000000008 1.08999999999999999992
1  1.10e+03  0.1763844924 71892.040000000008 1.08999999999999999992
1  1.15e+03  0.1765416877 71892.040000000008 1.08999999999999999992
1  1.20e+03  0.1789084729 71892.040000000008 1.08999999999999999992
1  1.26e+03  0.1763531059 71892.040000000008 1.08999999999999999992
1  1.32e+03  0.1752288657 71892.040000000008 1.08999999999999999992
1  1.38e+03  0.1776898682 71892.040000000008 1.08999999999999999992
1  1.45e+03  0.1774418938 71892.040000000008 1.08999999999999999992
1  1.51e+03  0.1778614142 71892.040000000008 1.08999999999999999992
1  1.58e+03  0.1795309824 71892.040000000008 1.08999999999999999992
1  1.66e+03  0.1853351776 71892.040000000008 1.08999999999999999992
1  1.74e+03  0.1825163459 71892.040000000008 1.08999999999999999992
1  1.82e+03  0.1759385978 71892.040000000008 1.08999999999999999992
1  1.91e+03  0.166642679 71892.040000000008 1.08999999999999999992
1  2.00e+03  0.1755563953 71892.040000000008 1.08999999999999999992
1  2.09e+03  0.1639856043 71892.040000000008 1.08999999999999999992
1  2.19e+03  0.1774281899 71892.040000000008 1.08999999999999999992
1  2.29e+03  0.1935788609 71892.040000000008 1.08999999999999999992
1  2.40e+03  0.2023751381 71892.040000000008 1.08999999999999999992
1  2.51e+03  0.1972782268 71892.040000000008 1.08999999999999999992
1  2.63e+03  0.1766137669 71892.040000000008 1.08999999999999999992
1  2.75e+03  0.2133700674 71892.040000000008 1.08999999999999999992
1  2.88e+03  0.1795786284 71892.040000000008 1.08999999999999999992
1  3.02e+03  0.2229888518 71892.040000000008 1.08999999999999999992
1  3.16e+03  0.1998531157 71892.040000000008 1.08999999999999999992
1  3.31e+03  0.1624655521 71892.040000000008 1.08999999999999999992
1  3.47e+03  0.1665071432 71892.040000000008 1.08999999999999999992
1  3.63e+03  0.160460824 71892.040000000008 1.08999999999999999992
1  3.80e+03  0.192737126 71892.040000000008 1.08999999999999999992
1  3.98e+03  0.1807203842 71892.040000000008 1.08999999999999999992
1  4.17e+03  0.1469731432 71892.040000000008 1.08999999999999999992
1  4.37e+03  0.1593130061 71892.040000000008 1.08999999999999999992
1  4.57e+03  0.1685845272 71892.040000000008 1.08999999999999999992
1  4.79e+03  0.1776037684 71892.040000000008 1.08999999999999999992
1  5.01e+03  0.1763622671 71892.040000000008 1.08999999999999999992
1  5.25e+03  0.1304779862 71892.040000000008 1.08999999999999999992
1  5.50e+03  0.218466721 71892.040000000008 1.08999999999999999992
1  5.75e+03  0.1969079842 71892.040000000008 1.08999999999999999992
1  6.03e+03  0.1811460982 71892.040000000008 1.08999999999999999992
1  6.31e+03  0.2810995016 71892.040000000008 1.08999999999999999992
1  6.61e+03  0.1394864833 71892.040000000008 1.08999999999999999992
1  6.92e+03  0.1450118631 71892.040000000008 1.08999999999999999992
1  7.24e+03  0.204734486 71892.040000000008 1.08999999999999999992
1  7.59e+03  0.1448850578 71892.040000000008 1.08999999999999999992
1  7.94e+03  0.1830435061 71892.040000000008 1.08999999999999999992
1  8.32e+03  0.1622047969 71892.040000000008 1.08999999999999999992
1  8.71e+03  0.1598609065 71892.040000000008 1.08999999999999999992
1  9.12e+03  0.2930121371 71892.040000000008 1.08999999999999999992
1  9.55e+03  0.2981126774 71892.040000000008 1.08999999999999999992
1  1.00e+04  0.21856714 71892.040000000008 1.08999999999999999992
1  1.05e+04  0.139989596 71892.040000000008 1.08999999999999999992
1  1.10e+04  0.4064797662 71892.040000000008 1.08999999999999999992
1  1.15e+04  0.2418340263 71892.040000000008 1.08999999999999999992
1  1.20e+04  0.184373587 71892.040000000008 1.08999999999999999992
1  1.26e+04  0.1680912527 71892.040000000008 1.08999999999999999992
1  1.32e+04  0.1954891498 71892.040000000008 1.08999999999999999992
1  1.38e+04  0.2328425372 71892.040000000008 1.08999999999999999992
1  1.45e+04  0.2035963271 71892.040000000008 1.08999999999999999992
1  1.51e+04  0.1960361176 71892.040000000008 1.08999999999999999992
1  1.58e+04  0.1910207707 71892.040000000008 1.08999999999999999992
1  1.66e+04  0.2006457062 71892.040000000008 1.08999999999999999992
1  1.74e+04  0.2614942307 71892.040000000008 1.08999999999999999992
1  1.82e+04  0.2752440461 71892.040000000008 1.08999999999999999992
1  1.91e+04  0.5668647318 71892.040000000008 1.08999999999999999992
1  2.00e+04  0.2076999625 71892.040000000008 1.08999999999999999992
1  2.09e+04  0.1884869693 71892.040000000008 1.08999999999999999992
1  2.19e+04  0.6427486428 71892.040000000008 1.08999999999999999992
1  2.29e+04  0.3199091705 71892.040000000008 1.08999999999999999992
1  2.40e+04  0.169755905 71892.040000000008 1.08999999999999999992
1  2.51e+04  0.4635552235 71892.040000000008 1.08999999999999999992
1  2.63e+04  0.2434865874 71892.040000000008 1.08999999999999999992
1  2.75e+04  0.3624648945 71892.040000000008 1.08999999999999999992
1  2.88e+04  0.2686431004 71892.040000000008 1.08999999999999999992
1  3.02e+04  0.2110449482 71892.040000000008 1.08999999999999999992
1  3.16e+04  0.4553707731 71892.040000000008 1.08999999999999999992
1  3.31e+04  0.3046436568 71892.040000000008 1.08999999999999999992
1  3.47e+04  0.4539264671 71892.040000000008 1.08999999999999999992
1  3.63e+04  0.2354612599 71892.040000000008 1.08999999999999999992
1  3.80e+04  0.2483972867 71892.040000000008 1.08999999999999999992
1  3.98e+04  0.3168984826 71892.040000000008 1.08999999999999999992
1  4.17e+04  0.1781275132 71892.040000000008 1.08999999999999999992
1  4.37e+04  0.587910714 71892.040000000008 1.08999999999999999992
1  4.57e+04  0.2903111585 71892.040000000008 1.08999999999999999992
1  4.79e+04  0.3233574496 71892.040000000008 1.08999999999999999992
1  5.01e+04  0.4621715749 71892.040000000008 1.08999999999999999992
1  5.25e+04  0.1830450568 71892.040000000008 1.08999999999999999992
1  5.50e+04  0.2502451921 71892.040000000008 1.08999999999999999992
1  5.75e+04  0.3177880972 71892.040000000008 1.08999999999999999992
1  6.03e+04  0.2297449272 71892.040000000008 1.08999999999999999992
1  6.31e+04  0.1905149729 71892.040000000008 1.08999999999999999992
1  6.61e+04  0.417025224 71892.040000000008 1.08999999999999999992
1  6.92e+04  0.4429371167 71892.040000000008 1.08999999999999999992
1  7.24e+04  0.2027340952 71892.040000000008 1.08999999999999999992
1  7.59e+04  0.2621185888 71892.040000000008 1.08999999999999999992
1  7.94e+04  0.4971534006 71892.040000000008 1.08999999999999999992
1  8.32e+04  0.4369869796 71892.040000000008 1.08999999999999999992
1  8.71e+04  0.2186028788 71892.040000000008 1.08999999999999999992
1  9.12e+04  0.1910187323 71892.040000000008 1.08999999999999999992
1  9.55e+04  0.3124102443 71892.040000000008 1.08999999999999999992
1  1.00e+05  0.3589300066 71892.040000000008 1.08999999999999999992
1  1.05e+05  0.2874104676 71892.040000000008 1.08999999999999999992
1  1.10e+05  0.202303704 71892.040000000008 1.08999999999999999992
1  1.15e+05  0.1751988105 71892.040000000008 1.08999999999999999992
1  1.20e+05  0.199993617 71892.040000000008 1.08999999999999999992
1  1.26e+05  0.2428431148 71892.040000000008 1.08999999999999999992
1  1.32e+05  0.2748967441 71892.040000000008 1.08999999999999999992
1  1.38e+05  0.2773964799 71892.040000000008 1.08999999999999999992
1  1.45e+05  0.2473421219 71892.040000000008 1.08999999999999999992
1  1.51e+05  0.2028230419 71892.040000000008 1.08999999999999999992
1  1.58e+05  0.1736078358 71892.040000000008 1.08999999999999999992
1  1.66e+05  0.1806204784 71892.040000000008 1.08999999999999999992
1  1.74e+05  0.2217834719 71892.040000000008 1.08999999999999999992
1  1.82e+05  0.2748800663 71892.040000000008 1.08999999999999999992
1  1.91e+05  0.3128039239 71892.040000000008 1.08999999999999999992
1  2.00e+05  0.3189007421 71892.040000000008 1.08999999999999999992
1  2.09e+05  0.2934413202 71892.040000000008 1.08999999999999999992
1  2.19e+05  0.2501900439 71892.040000000008 1.08999999999999999992
1  2.29e+05  0.2076894666 71892.040000000008 1.08999999999999999992
1  2.40e+05  0.1808938989 71892.040000000008 1.08999999999999999992
1  2.51e+05  0.1765857567 71892.040000000008 1.08999999999999999992
1  2.63e+05  0.1931102887 71892.040000000008 1.08999999999999999992
1  2.75e+05  0.2230391115 71892.040000000008 1.08999999999999999992
1  2.88e+05  0.2568237766 71892.040000000008 1.08999999999999999992
1  3.02e+05  0.2859210139 71892.040000000008 1.08999999999999999992
1  3.16e+05  0.304649198 71892.040000000008 1.08999999999999999992
1  3.31e+05  0.3107212456 71892.040000000008 1.08999999999999999992
1  3.47e+05  0.3048010786 71892.040000000008 1.08999999999999999992
1  3.63e+05  0.2895528458 71892.040000000008 1.08999999999999999992
1  3.80e+05  0.2685892645 71892.040000000008 1.08999999999999999992
1  3.98e+05  0.2455833235 71892.040000000008 1.08999999999999999992
1  4.17e+05  0.2236625819 71892.040000000008 1.08999999999999999992
1  4.37e+05  0.205096347 71892.040000000008 1.08999999999999999992
1  4.57e+05  0.1912229234 71892.040000000008 1.08999999999999999992
1  4.79e+05  0.1825400219 71892.040000000008 1.08999999999999999992
1  5.01e+05  0.1788833601 71892.040000000008 1.08999999999999999992
1  5.25e+05  0.1796338623 71892.040000000008 1.08999999999999999992
1  5.50e+05  0.1839133358 71892.040000000008 1.08999999999999999992
1  5.75e+05  0.1907464143 71892.040000000008 1.08999999999999999992
1  6.03e+05  0.2000121056 71892.040000000008 1.08999999999999999992
1  6.31e+05  0.2104315495 71892.040000000008 1.08999999999999999992
1  6.61e+05  0.2208593385 71892.040000000008 1.08999999999999999992
1  6.92e+05  0.230595524 71892.040000000008 1.08999999999999999992
1  7.24e+05  0.2391495183 71892.040000000008 1.08999999999999999992
1  7.59e+05  0.2462222161 71892.040000000008 1.08999999999999999992
1  7.94e+05  0.2516757344 71892.040000000008 1.08999999999999999992
1  8.32e+05  0.2554985095 71892.040000000008 1.08999999999999999992
1  8.71e+05  0.257770955 71892.040000000008 1.08999999999999999992
1  9.12e+05  0.2586347666 71892.040000000008 1.08999999999999999992
1  9.55e+05  0.2582673583 71892.040000000008 1.08999999999999999992
1  1.00e+06  0.2568618194 71892.040000000008 1.08999999999999999992
1  1.05e+06  0.2546120957 71892.040000000008 1.08999999999999999992
1  1.10e+06  0.2517027315 71892.040000000008 1.08999999999999999992
1  1.15e+06  0.2483330397 71892.040000000008 1.08999999999999999992
1  1.20e+06  0.2446031139 71892.040000000008 1.08999999999999999992
1  1.26e+06  0.2406565348 71892.040000000008 1.08999999999999999992
1  1.32e+06  0.2366011064 71892.040000000008 1.08999999999999999992
1  1.38e+06  0.232524968 71892.040000000008 1.08999999999999999992
1  1.45e+06  0.2284983212 71892.040000000008 1.08999999999999999992
1  1.51e+06  0.2245754754 71892.040000000008 1.08999999999999999992
1  1.58e+06  0.2207969978 71892.040000000008 1.08999999999999999992
1  1.66e+06  0.2171918235 71892.040000000008 1.08999999999999999992
1  1.74e+06  0.2137792312 71892.040000000008 1.08999999999999999992
1  1.82e+06  0.2105706345 71892.040000000008 1.08999999999999999992
1  1.91e+06  0.2075711631 71892.040000000008 1.08999999999999999992
1  2.00e+06  0.2047810293 71892.040000000008 1.08999999999999999992
1  2.09e+06  0.2021966881 71892.040000000008 1.08999999999999999992
1  2.19e+06  0.1998118047 71892.040000000008 1.08999999999999999992
1  2.29e+06  0.197664326 71892.040000000008 1.08999999999999999992
1  2.40e+06  0.1956488234 71892.040000000008 1.08999999999999999992
1  2.51e+06  0.1938043568 71892.040000000008 1.08999999999999999992
1  2.63e+06  0.1921200175 71892.040000000008 1.08999999999999999992
1  2.75e+06  0.1905847719 71892.040000000008 1.08999999999999999992
1  2.88e+06  0.1891876996 71892.040000000008 1.08999999999999999992
1  3.02e+06  0.1879181687 71892.040000000008 1.08999999999999999992
1  3.16e+06  0.1867659607 71892.040000000008 1.08999999999999999992
1  3.31e+06  0.1857213557 71892.040000000008 1.08999999999999999992
1  3.47e+06  0.1847751852 71892.040000000008 1.08999999999999999992
1  3.63e+06  0.1839188611 71892.040000000008 1.08999999999999999992
1  3.80e+06  0.1831443858 71892.040000000008 1.08999999999999999992
1  3.98e+06  0.1824443478 71892.040000000008 1.08999999999999999992
1  4.17e+06  0.1818119074 71892.040000000008 1.08999999999999999992
1  4.37e+06  0.1812407753 71892.040000000008 1.08999999999999999992
1  4.57e+06  0.1807379028 71892.040000000008 1.08999999999999999992
1  4.79e+06  0.1802714261 71892.040000000008 1.08999999999999999992
1  5.01e+06  0.1798505103 71892.040000000008 1.08999999999999999992
1  5.25e+06  0.1794707692 71892.040000000008 1.08999999999999999992
1  5.50e+06  0.1791282159 71892.040000000008 1.08999999999999999992
1  5.75e+06  0.1788192319 71892.040000000008 1.08999999999999999992
1  6.03e+06  0.1785405371 71892.040000000008 1.08999999999999999992
1  6.31e+06  0.1782891617 71892.040000000008 1.08999999999999999992
1  6.61e+06  0.1780624191 71892.040000000008 1.08999999999999999992
1  6.92e+06  0.1778578816 71892.040000000008 1.08999999999999999992
1  7.24e+06  0.1776733563 71892.040000000008 1.08999999999999999992
1  7.59e+06  0.1775068641 71892.040000000008 1.08999999999999999992
1  7.94e+06  0.1773566198 71892.040000000008 1.08999999999999999992
1  8.32e+06  0.1772210136 71892.040000000008 1.08999999999999999992
1  8.71e+06  0.1770985947 71892.040000000008 1.08999999999999999992
1  9.12e+06  0.1769909842 71892.040000000008 1.08999999999999999992
1  9.55e+06  0.1768908695 71892.040000000008 1.08999999999999999992
1  1.00e+07  0.176800423 71892.040000000008 1.08999999999999999992
