1  1.00e-03  0.1758963835 70968.656 1.07599999999999999996
1  1.05e-03  0.1758963802 70968.656 1.07599999999999999996
1  1.10e-03  0.1758963852 70968.656 1.07599999999999999996
1  1.15e-03  0.1758963831 70968.656 1.07599999999999999996
1  1.20e-03  0.1758963843 70968.656 1.07599999999999999996
1  1.26e-03  0.1758963856 70968.656 1.07599999999999999996
1  1.32e-03  0.1758963851 70968.656 1.07599999999999999996
1  1.38e-03  0.1758963815 70968.656 1.07599999999999999996
1  1.45e-03  0.1758963838 70968.656 1.07599999999999999996
1  1.51e-03  0.175896384 70968.656 1.07599999999999999996
1  1.58e-03  0.1758963816 70968.656 1.07599999999999999996
1  1.66e-03  0.1758963846 70968.656 1.07599999999999999996
1  1.74e-03  0.1758963849 70968.656 1.07599999999999999996
1  1.82e-03  0.1758963849 70968.656 1.07599999999999999996
1  1.91e-03  0.175896381 70968.656 1.07599999999999999996
1  2.00e-03  0.1758963821 70968.656 1.07599999999999999996
1  2.09e-03  0.1758963848 70968.656 1.07599999999999999996
1  2.19e-03  0.1758963849 70968.656 1.07599999999999999996
1  2.29e-03  0.1758963829 70968.656 1.07599999999999999996
1  2.40e-03  0.1758963882 70968.656 1.07599999999999999996
1  2.51e-03  0.1758963878 70968.656 1.07599999999999999996
1  2.63e-03  0.1758963885 70968.656 1.07599999999999999996
1  2.75e-03  0.1758963855 70968.656 1.07599999999999999996
1  2.88e-03  0.1758963846 70968.656 1.07599999999999999996
1  3.02e-03  0.1758963951 70968.656 1.07599999999999999996
1  3.16e-03  0.175896379 70968.656 1.07599999999999999996
1  3.31e-03  0.1758963857 70968.656 1.07599999999999999996
1  3.47e-03  0.1758963844 70968.656 1.07599999999999999996
1  3.63e-03  0.1758963848 70968.656 1.07599999999999999996
1  3.80e-03  0.1758963838 70968.656 1.07599999999999999996
1  3.98e-03  0.1758963891 70968.656 1.07599999999999999996
1  4.17e-03  0.1758963878 70968.656 1.07599999999999999996
1  4.37e-03  0.1758963914 70968.656 1.07599999999999999996
1  4.57e-03  0.1758963927 70968.656 1.07599999999999999996
1  4.79e-03  0.1758963872 70968.656 1.07599999999999999996
1  5.01e-03  0.1758963913 70968.656 1.07599999999999999996
1  5.25e-03  0.175896393 70968.656 1.07599999999999999996
1  5.50e-03  0.1758963824 70968.656 1.07599999999999999996
1  5.75e-03  0.1758963869 70968.656 1.07599999999999999996
1  6.03e-03  0.1758963984 70968.656 1.07599999999999999996
1  6.31e-03  0.1758932288 70968.656 1.07599999999999999996
1  6.61e-03  0.1758963931 70968.656 1.07599999999999999996
1  6.92e-03  0.1758963858 70968.656 1.07599999999999999996
1  7.24e-03  0.1758963865 70968.656 1.07599999999999999996
1  7.59e-03  0.1758963978 70968.656 1.07599999999999999996
1  7.94e-03  0.1758963963 70968.656 1.07599999999999999996
1  8.32e-03  0.175896397 70968.656 1.07599999999999999996
1  8.71e-03  0.1758964068 70968.656 1.07599999999999999996
1  9.12e-03  0.1758963954 70968.656 1.07599999999999999996
1  9.55e-03  0.1758963927 70968.656 1.07599999999999999996
1  1.00e-02  0.1758964083 70968.656 1.07599999999999999996
1  1.05e-02  0.1758963959 70968.656 1.07599999999999999996
1  1.10e-02  0.1758964203 70968.656 1.07599999999999999996
1  1.15e-02  0.1758964071 70968.656 1.07599999999999999996
1  1.20e-02  0.1758964002 70968.656 1.07599999999999999996
1  1.26e-02  0.1758963987 70968.656 1.07599999999999999996
1  1.32e-02  0.175896406 70968.656 1.07599999999999999996
1  1.38e-02  0.1758964131 70968.656 1.07599999999999999996
1  1.45e-02  0.175896412 70968.656 1.07599999999999999996
1  1.51e-02  0.1758964113 70968.656 1.07599999999999999996
1  1.58e-02  0.1758964224 70968.656 1.07599999999999999996
1  1.66e-02  0.1758964117 70968.656 1.07599999999999999996
1  1.74e-02  0.1758964126 70968.656 1.07599999999999999996
1  1.82e-02  0.175896411 70968.656 1.07599999999999999996
1  1.91e-02  0.1758964108 70968.656 1.07599999999999999996
1  2.00e-02  0.1758963972 70968.656 1.07599999999999999996
1  2.09e-02  0.1758964213 70968.656 1.07599999999999999996
1  2.19e-02  0.1758963952 70968.656 1.07599999999999999996
1  2.29e-02  0.1758964071 70968.656 1.07599999999999999996
1  2.40e-02  0.1758965186 70968.656 1.07599999999999999996
1  2.51e-02  0.1758963916 70968.656 1.07599999999999999996
1  2.63e-02  0.1758963944 70968.656 1.07599999999999999996
1  2.75e-02  0.1758964371 70968.656 1.07599999999999999996
1  2.88e-02  0.1758964669 70968.656 1.07599999999999999996
1  3.02e-02  0.175896421 70968.656 1.07599999999999999996
1  3.16e-02  0.1758963753 70968.656 1.07599999999999999996
1  3.31e-02  0.1758963556 70968.656 1.07599999999999999996
1  3.47e-02  0.1758964041 70968.656 1.07599999999999999996
1  3.63e-02  0.1758985707 70968.656 1.07599999999999999996
1  3.80e-02  0.1758976356 70968.656 1.07599999999999999996
1  3.98e-02  0.1758963405 70968.656 1.07599999999999999996
1  4.17e-02  0.1758752573 70968.656 1.07599999999999999996
1  4.37e-02  0.1758965043 70968.656 1.07599999999999999996
1  4.57e-02  0.1758964733 70968.656 1.07599999999999999996
1  4.79e-02  0.1758965265 70968.656 1.07599999999999999996
1  5.01e-02  0.1758965064 70968.656 1.07599999999999999996
1  5.25e-02  0.1758964917 70968.656 1.07599999999999999996
1  5.50e-02  0.1758964672 70968.656 1.07599999999999999996
1  5.75e-02  0.175896546 70968.656 1.07599999999999999996
1  6.03e-02  0.1758965161 70968.656 1.07599999999999999996
1  6.31e-02  0.1758964968 70968.656 1.07599999999999999996
1  6.61e-02  0.1758965258 70968.656 1.07599999999999999996
1  6.92e-02  0.1758964792 70968.656 1.07599999999999999996
1  7.24e-02  0.1758965517 70968.656 1.07599999999999999996
1  7.59e-02  0.1758966644 70968.656 1.07599999999999999996
1  7.94e-02  0.1758990549 70968.656 1.07599999999999999996
1  8.32e-02  0.1758966655 70968.656 1.07599999999999999996
1  8.71e-02  0.1758965506 70968.656 1.07599999999999999996
1  9.12e-02  0.1758967965 70968.656 1.07599999999999999996
1  9.55e-02  0.1758966126 70968.656 1.07599999999999999996
1  1.00e-01  0.1758966475 70968.656 1.07599999999999999996
1  1.05e-01  0.1758966321 70968.656 1.07599999999999999996
1  1.10e-01  0.1758966218 70968.656 1.07599999999999999996
1  1.15e-01  0.1758964948 70968.656 1.07599999999999999996
1  1.20e-01  0.1758967033 70968.656 1.07599999999999999996
1  1.26e-01  0.1758964757 70968.656 1.07599999999999999996
1  1.32e-01  0.1758966012 70968.656 1.07599999999999999996
1  1.38e-01  0.1758965086 70968.656 1.07599999999999999996
1  1.45e-01  0.1758965124 70968.656 1.07599999999999999996
1  1.51e-01  0.1758964959 70968.656 1.07599999999999999996
1  1.58e-01  0.1758969482 70968.656 1.07599999999999999996
1  1.66e-01  0.1758966338 70968.656 1.07599999999999999996
1  1.74e-01  0.1758970194 70968.656 1.07599999999999999996
1  1.82e-01  0.1758968613 70968.656 1.07599999999999999996
1  1.91e-01  0.1758967213 70968.656 1.07599999999999999996
1  2.00e-01  0.1758966059 70968.656 1.07599999999999999996
1  2.09e-01  0.1758971302 70968.656 1.07599999999999999996
1  2.19e-01  0.1758967741 70968.656 1.07599999999999999996
1  2.29e-01  0.1758967998 70968.656 1.07599999999999999996
1  2.40e-01  0.1758967991 70968.656 1.07599999999999999996
1  2.51e-01  0.1758967455 70968.656 1.07599999999999999996
1  2.63e-01  0.1758964031 70968.656 1.07599999999999999996
1  2.75e-01  0.1758984831 70968.656 1.07599999999999999996
1  2.88e-01  0.1758985865 70968.656 1.07599999999999999996
1  3.02e-01  0.1758969294 70968.656 1.07599999999999999996
1  3.16e-01  0.1758970017 70968.656 1.07599999999999999996
1  3.31e-01  0.1758877047 70968.656 1.07599999999999999996
1  3.47e-01  0.1758968335 70968.656 1.07599999999999999996
1  3.63e-01  0.1758965347 70968.656 1.07599999999999999996
1  3.80e-01  0.1758909215 70968.656 1.07599999999999999996
1  3.98e-01  0.1758964684 70968.656 1.07599999999999999996
1  4.17e-01  0.1758895978 70968.656 1.07599999999999999996
1  4.37e-01  0.1758975466 70968.656 1.07599999999999999996
1  4.57e-01  0.175897176 70968.656 1.07599999999999999996
1  4.79e-01  0.1758972046 70968.656 1.07599999999999999996
1  5.01e-01  0.1758965702 70968.656 1.07599999999999999996
1  5.25e-01  0.1758972079 70968.656 1.07599999999999999996
1  5.50e-01  0.1758964673 70968.656 1.07599999999999999996
1  5.75e-01  0.1758969335 70968.656 1.07599999999999999996
1  6.03e-01  0.1758975691 70968.656 1.07599999999999999996
1  6.31e-01  0.175897588 70968.656 1.07599999999999999996
1  6.61e-01  0.1758983977 70968.656 1.07599999999999999996
1  6.92e-01  0.175897639 70968.656 1.07599999999999999996
1  7.24e-01  0.1758974864 70968.656 1.07599999999999999996
1  7.59e-01  0.1759011089 70968.656 1.07599999999999999996
1  7.94e-01  0.1759236758 70968.656 1.07599999999999999996
1  8.32e-01  0.1758969304 70968.656 1.07599999999999999996
1  8.71e-01  0.1758966344 70968.656 1.07599999999999999996
1  9.12e-01  0.1758965749 70968.656 1.07599999999999999996
1  9.55e-01  0.1758971534 70968.656 1.07599999999999999996
1  1.00e+00  0.1758975118 70968.656 1.07599999999999999996
1  1.05e+00  0.1758966573 70968.656 1.07599999999999999996
1  1.10e+00  0.1758988398 70968.656 1.07599999999999999996
1  1.15e+00  0.1758972671 70968.656 1.07599999999999999996
1  1.20e+00  0.1758982286 70968.656 1.07599999999999999996
1  1.26e+00  0.1758967836 70968.656 1.07599999999999999996
1  1.32e+00  0.1758972998 70968.656 1.07599999999999999996
1  1.38e+00  0.1759014553 70968.656 1.07599999999999999996
1  1.45e+00  0.1758987838 70968.656 1.07599999999999999996
1  1.51e+00  0.1758953278 70968.656 1.07599999999999999996
1  1.58e+00  0.1758991179 70968.656 1.07599999999999999996
1  1.66e+00  0.1758966195 70968.656 1.07599999999999999996
1  1.74e+00  0.1758971695 70968.656 1.07599999999999999996
1  1.82e+00  0.1758964794 70968.656 1.07599999999999999996
1  1.91e+00  0.1758994115 70968.656 1.07599999999999999996
1  2.00e+00  0.1758991421 70968.656 1.07599999999999999996
1  2.09e+00  0.1758968672 70968.656 1.07599999999999999996
1  2.19e+00  0.1758988864 70968.656 1.07599999999999999996
1  2.29e+00  0.1758506374 70968.656 1.07599999999999999996
1  2.40e+00  0.1758994375 70968.656 1.07599999999999999996
1  2.51e+00  0.1758999612 70968.656 1.07599999999999999996
1  2.63e+00  0.1758971699 70968.656 1.07599999999999999996
1  2.75e+00  0.1758655301 70968.656 1.07599999999999999996
1  2.88e+00  0.1758952385 70968.656 1.07599999999999999996
1  3.02e+00  0.1758940466 70968.656 1.07599999999999999996
1  3.16e+00  0.1758928782 70968.656 1.07599999999999999996
1  3.31e+00  0.1759030023 70968.656 1.07599999999999999996
1  3.47e+00  0.1758873112 70968.656 1.07599999999999999996
1  3.63e+00  0.1759030669 70968.656 1.07599999999999999996
1  3.80e+00  0.1759023425 70968.656 1.07599999999999999996
1  3.98e+00  0.1759037924 70968.656 1.07599999999999999996
1  4.17e+00  0.1759019297 70968.656 1.07599999999999999996
1  4.37e+00  0.175900996 70968.656 1.07599999999999999996
1  4.57e+00  0.1758978148 70968.656 1.07599999999999999996
1  4.79e+00  0.1759005073 70968.656 1.07599999999999999996
1  5.01e+00  0.1758964409 70968.656 1.07599999999999999996
1  5.25e+00  0.1757784196 70968.656 1.07599999999999999996
1  5.50e+00  0.1759037736 70968.656 1.07599999999999999996
1  5.75e+00  0.1759106777 70968.656 1.07599999999999999996
1  6.03e+00  0.1759181389 70968.656 1.07599999999999999996
1  6.31e+00  0.1758982415 70968.656 1.07599999999999999996
1  6.61e+00  0.175895586 70968.656 1.07599999999999999996
1  6.92e+00  0.1759009992 70968.656 1.07599999999999999996
1  7.24e+00  0.1756739285 70968.656 1.07599999999999999996
1  7.59e+00  0.1759365268 70968.656 1.07599999999999999996
1  7.94e+00  0.1758015509 70968.656 1.07599999999999999996
1  8.32e+00  0.1759589264 70968.656 1.07599999999999999996
1  8.71e+00  0.1759994187 70968.656 1.07599999999999999996
1  9.12e+00  0.1757278545 70968.656 1.07599999999999999996
1  9.55e+00  0.1757021554 70968.656 1.07599999999999999996
1  1.00e+01  0.1759200802 70968.656 1.07599999999999999996
1  1.05e+01  0.1759390385 70968.656 1.07599999999999999996
1  1.10e+01  0.1759073906 70968.656 1.07599999999999999996
1  1.15e+01  0.175915612 70968.656 1.07599999999999999996
1  1.20e+01  0.175911376 70968.656 1.07599999999999999996
1  1.26e+01  0.1758930086 70968.656 1.07599999999999999996
1  1.32e+01  0.1759139243 70968.656 1.07599999999999999996
1  1.38e+01  0.1759087949 70968.656 1.07599999999999999996
1  1.45e+01  0.1759172397 70968.656 1.07599999999999999996
1  1.51e+01  0.1759208985 70968.656 1.07599999999999999996
1  1.58e+01  0.1758957609 70968.656 1.07599999999999999996
1  1.66e+01  0.1757816258 70968.656 1.07599999999999999996
1  1.74e+01  0.1771458661 70968.656 1.07599999999999999996
1  1.82e+01  0.1762174636 70968.656 1.07599999999999999996
1  1.91e+01  0.176125511 70968.656 1.07599999999999999996
1  2.00e+01  0.1750131643 70968.656 1.07599999999999999996
1  2.09e+01  0.1745746608 70968.656 1.07599999999999999996
1  2.19e+01  0.1759543564 70968.656 1.07599999999999999996
1  2.29e+01  0.175493826 70968.656 1.07599999999999999996
1  2.40e+01  0.1758528577 70968.656 1.07599999999999999996
1  2.51e+01  0.1764280371 70968.656 1.07599999999999999996
1  2.63e+01  0.1758903524 70968.656 1.07599999999999999996
1  2.75e+01  0.175245078 70968.656 1.07599999999999999996
1  2.88e+01  0.1762943683 70968.656 1.07599999999999999996
1  3.02e+01  0.1759807201 70968.656 1.07599999999999999996
1  3.16e+01  0.1755222271 70968.656 1.07599999999999999996
1  3.31e+01  0.1757442183 70968.656 1.07599999999999999996
1  3.47e+01  0.1767115907 70968.656 1.07599999999999999996
1  3.63e+01  0.1759610547 70968.656 1.07599999999999999996
1  3.80e+01  0.1751837687 70968.656 1.07599999999999999996
1  3.98e+01  0.175900874 70968.656 1.07599999999999999996
1  4.17e+01  0.175537905 70968.656 1.07599999999999999996
1  4.37e+01  0.1760666274 70968.656 1.07599999999999999996
1  4.57e+01  0.1763343335 70968.656 1.07599999999999999996
1  4.79e+01  0.1756235185 70968.656 1.07599999999999999996
1  5.01e+01  0.1759741531 70968.656 1.07599999999999999996
1  5.25e+01  0.1759807498 70968.656 1.07599999999999999996
1  5.50e+01  0.1760144315 70968.656 1.07599999999999999996
1  5.75e+01  0.1767249495 70968.656 1.07599999999999999996
1  6.03e+01  0.1756166718 70968.656 1.07599999999999999996
1  6.31e+01  0.1755194448 70968.656 1.07599999999999999996
1  6.61e+01  0.1759141882 70968.656 1.07599999999999999996
1  6.92e+01  0.1763813026 70968.656 1.07599999999999999996
1  7.24e+01  0.1759865512 70968.656 1.07599999999999999996
1  7.59e+01  0.1753927961 70968.656 1.07599999999999999996
1  7.94e+01  0.1765967488 70968.656 1.07599999999999999996
1  8.32e+01  0.1760032172 70968.656 1.07599999999999999996
1  8.71e+01  0.1757196839 70968.656 1.07599999999999999996
1  9.12e+01  0.1759890226 70968.656 1.07599999999999999996
1  9.55e+01  0.1762734668 70968.656 1.07599999999999999996
1  1.00e+02  0.1767968879 70968.656 1.07599999999999999996
1  1.05e+02  0.1758368075 70968.656 1.07599999999999999996
1  1.10e+02  0.1765861727 70968.656 1.07599999999999999996
1  1.15e+02  0.1760766089 70968.656 1.07599999999999999996
1  1.20e+02  0.175953358 70968.656 1.07599999999999999996
1  1.26e+02  0.1763112946 70968.656 1.07599999999999999996
1  1.32e+02  0.1761542811 70968.656 1.07599999999999999996
1  1.38e+02  0.1758325192 70968.656 1.07599999999999999996
1  1.45e+02  0.1759350363 70968.656 1.07599999999999999996
1  1.51e+02  0.1759306421 70968.656 1.07599999999999999996
1  1.58e+02  0.1755342795 70968.656 1.07599999999999999996
1  1.66e+02  0.1761846815 70968.656 1.07599999999999999996
1  1.74e+02  0.176104133 70968.656 1.07599999999999999996
1  1.82e+02  0.1761093757 70968.656 1.07599999999999999996
1  1.91e+02  0.176241552 70968.656 1.07599999999999999996
1  2.00e+02  0.1764373258 70968.656 1.07599999999999999996
1  2.09e+02  0.1758733164 70968.656 1.07599999999999999996
1  2.19e+02  0.1762370904 70968.656 1.07599999999999999996
1  2.29e+02  0.1760598587 70968.656 1.07599999999999999996
1  2.40e+02  0.1761292966 70968.656 1.07599999999999999996
1  2.51e+02  0.1762659832 70968.656 1.07599999999999999996
1  2.63e+02  0.1756968625 70968.656 1.07599999999999999996
1  2.75e+02  0.1760332195 70968.656 1.07599999999999999996
1  2.88e+02  0.1759654519 70968.656 1.07599999999999999996
1  3.02e+02  0.1763966448 70968.656 1.07599999999999999996
1  3.16e+02  0.1759888262 70968.656 1.07599999999999999996
1  3.31e+02  0.176333131 70968.656 1.07599999999999999996
1  3.47e+02  0.1762933276 70968.656 1.07599999999999999996
1  3.63e+02  0.1760050801 70968.656 1.07599999999999999996
1  3.80e+02  0.1763951258 70968.656 1.07599999999999999996
1  3.98e+02  0.1761260365 70968.656 1.07599999999999999996
1  4.17e+02  0.1762019238 70968.656 1.07599999999999999996
1  4.37e+02  0.175866294 70968.656 1.07599999999999999996
1  4.57e+02  0.1759039787 70968.656 1.07599999999999999996
1  4.79e+02  0.1767625107 70968.656 1.07599999999999999996
1  5.01e+02  0.1755193294 70968.656 1.07599999999999999996
1  5.25e+02  0.1758271242 70968.656 1.07599999999999999996
1  5.50e+02  0.1757471041 70968.656 1.07599999999999999996
1  5.75e+02  0.1769413886 70968.656 1.07599999999999999996
1  6.03e+02  0.1762688425 70968.656 1.07599999999999999996
1  6.31e+02  0.1761275813 70968.656 1.07599999999999999996
1  6.61e+02  0.1770249113 70968.656 1.07599999999999999996
1  6.92e+02  0.1763847708 70968.656 1.07599999999999999996
1  7.24e+02  0.1755319042 70968.656 1.07599999999999999996
1  7.59e+02  0.1764951951 70968.656 1.07599999999999999996
1  7.94e+02  0.1764444001 70968.656 1.07599999999999999996
1  8.32e+02  0.1761715825 70968.656 1.07599999999999999996
1  8.71e+02  0.1772497711 70968.656 1.07599999999999999996
1  9.12e+02  0.1760058997 70968.656 1.07599999999999999996
1  9.55e+02  0.1764869872 70968.656 1.07599999999999999996
1  1.00e+03  0.1763418507 70968.656 1.07599999999999999996
1  1.05e+03  0.1761936946 70968.656 1.07599999999999999996
1  1.10e+03  0.177236808 70968.656 1.07599999999999999996
1  1.15e+03  0.1797839916 70968.656 1.07599999999999999996
1  1.20e+03  0.1753383455 70968.656 1.07599999999999999996
1  1.26e+03  0.175613891 70968.656 1.07599999999999999996
1  1.32e+03  0.1740228901 70968.656 1.07599999999999999996
1  1.38e+03  0.1733707608 70968.656 1.07599999999999999996
1  1.45e+03  0.1773500439 70968.656 1.07599999999999999996
1  1.51e+03  0.1815084991 70968.656 1.07599999999999999996
1  1.58e+03  0.184180154 70968.656 1.07599999999999999996
1  1.66e+03  0.1767020385 70968.656 1.07599999999999999996
1  1.74e+03  0.1741635216 70968.656 1.07599999999999999996
1  1.82e+03  0.1753726111 70968.656 1.07599999999999999996
1  1.91e+03  0.1752913587 70968.656 1.07599999999999999996
1  2.00e+03  0.1641189009 70968.656 1.07599999999999999996
1  2.09e+03  0.1760352048 70968.656 1.07599999999999999996
1  2.19e+03  0.1831077689 70968.656 1.07599999999999999996
1  2.29e+03  0.1830342512 70968.656 1.07599999999999999996
1  2.40e+03  0.1908139421 70968.656 1.07599999999999999996
1  2.51e+03  0.2085799641 70968.656 1.07599999999999999996
1  2.63e+03  0.2043439366 70968.656 1.07599999999999999996
1  2.75e+03  0.1809496637 70968.656 1.07599999999999999996
1  2.88e+03  0.2127496481 70968.656 1.07599999999999999996
1  3.02e+03  0.1994034624 70968.656 1.07599999999999999996
1  3.16e+03  0.1703706565 70968.656 1.07599999999999999996
1  3.31e+03  0.1611127008 70968.656 1.07599999999999999996
1  3.47e+03  0.16494867 70968.656 1.07599999999999999996
1  3.63e+03  0.1531195816 70968.656 1.07599999999999999996
1  3.80e+03  0.1584827871 70968.656 1.07599999999999999996
1  3.98e+03  0.2011488756 70968.656 1.07599999999999999996
1  4.17e+03  0.1508957355 70968.656 1.07599999999999999996
1  4.37e+03  0.1728720041 70968.656 1.07599999999999999996
1  4.57e+03  0.1618297708 70968.656 1.07599999999999999996
1  4.79e+03  0.1994663932 70968.656 1.07599999999999999996
1  5.01e+03  0.138963741 70968.656 1.07599999999999999996
1  5.25e+03  0.1693387083 70968.656 1.07599999999999999996
1  5.50e+03  0.2320012784 70968.656 1.07599999999999999996
1  5.75e+03  0.1767690231 70968.656 1.07599999999999999996
1  6.03e+03  0.247086669 70968.656 1.07599999999999999996
1  6.31e+03  0.2408774776 70968.656 1.07599999999999999996
1  6.61e+03  0.2160498558 70968.656 1.07599999999999999996
1  6.92e+03  0.1401404401 70968.656 1.07599999999999999996
1  7.24e+03  0.151196717 70968.656 1.07599999999999999996
1  7.59e+03  0.2652738693 70968.656 1.07599999999999999996
1  7.94e+03  0.09931249678 70968.656 1.07599999999999999996
1  8.32e+03  0.2698620356 70968.656 1.07599999999999999996
1  8.71e+03  0.1378668106 70968.656 1.07599999999999999996
1  9.12e+03  0.2639729968 70968.656 1.07599999999999999996
1  9.55e+03  0.2921581884 70968.656 1.07599999999999999996
1  1.00e+04  0.1445086055 70968.656 1.07599999999999999996
1  1.05e+04  0.2989977084 70968.656 1.07599999999999999996
1  1.10e+04  0.1922860135 70968.656 1.07599999999999999996
1  1.15e+04  0.3833330501 70968.656 1.07599999999999999996
1  1.20e+04  0.1872985859 70968.656 1.07599999999999999996
1  1.26e+04  0.2657138315 70968.656 1.07599999999999999996
1  1.32e+04  0.1841343679 70968.656 1.07599999999999999996
1  1.38e+04  0.3121830477 70968.656 1.07599999999999999996
1  1.45e+04  0.1981615149 70968.656 1.07599999999999999996
1  1.51e+04  0.2959371822 70968.656 1.07599999999999999996
1  1.58e+04  0.299786234 70968.656 1.07599999999999999996
1  1.66e+04  0.3582768384 70968.656 1.07599999999999999996
1  1.74e+04  0.1891442783 70968.656 1.07599999999999999996
1  1.82e+04  0.4428942857 70968.656 1.07599999999999999996
1  1.91e+04  0.2949903045 70968.656 1.07599999999999999996
1  2.00e+04  0.4329615794 70968.656 1.07599999999999999996
1  2.09e+04  0.5329271402 70968.656 1.07599999999999999996
1  2.19e+04  0.3123487418 70968.656 1.07599999999999999996
1  2.29e+04  0.4608670617 70968.656 1.07599999999999999996
1  2.40e+04  0.5241014849 70968.656 1.07599999999999999996
1  2.51e+04  0.3452711829 70968.656 1.07599999999999999996
1  2.63e+04  0.3132277924 70968.656 1.07599999999999999996
1  2.75e+04  0.1814132344 70968.656 1.07599999999999999996
1  2.88e+04  0.4132889395 70968.656 1.07599999999999999996
1  3.02e+04  0.6028856966 70968.656 1.07599999999999999996
1  3.16e+04  0.1830099752 70968.656 1.07599999999999999996
1  3.31e+04  0.2744863312 70968.656 1.07599999999999999996
1  3.47e+04  0.4489380561 70968.656 1.07599999999999999996
1  3.63e+04  0.3274675888 70968.656 1.07599999999999999996
1  3.80e+04  0.4733817608 70968.656 1.07599999999999999996
1  3.98e+04  0.4311559418 70968.656 1.07599999999999999996
1  4.17e+04  0.3767322144 70968.656 1.07599999999999999996
1  4.37e+04  0.2374384926 70968.656 1.07599999999999999996
1  4.57e+04  0.2497654298 70968.656 1.07599999999999999996
1  4.79e+04  0.4588500917 70968.656 1.07599999999999999996
1  5.01e+04  0.224678983 70968.656 1.07599999999999999996
1  5.25e+04  0.4793402489 70968.656 1.07599999999999999996
1  5.50e+04  0.5623653451 70968.656 1.07599999999999999996
1  5.75e+04  0.2546510471 70968.656 1.07599999999999999996
1  6.03e+04  0.5883687302 70968.656 1.07599999999999999996
1  6.31e+04  0.3989508346 70968.656 1.07599999999999999996
1  6.61e+04  0.1777765797 70968.656 1.07599999999999999996
1  6.92e+04  0.3377368298 70968.656 1.07599999999999999996
1  7.24e+04  0.2982552764 70968.656 1.07599999999999999996
1  7.59e+04  0.2513723256 70968.656 1.07599999999999999996
1  7.94e+04  0.2819148207 70968.656 1.07599999999999999996
1  8.32e+04  0.1967094734 70968.656 1.07599999999999999996
1  8.71e+04  0.2173773705 70968.656 1.07599999999999999996
1  9.12e+04  0.427682336 70968.656 1.07599999999999999996
1  9.55e+04  0.4889009693 70968.656 1.07599999999999999996
1  1.00e+05  0.3093191778 70968.656 1.07599999999999999996
1  1.05e+05  0.2130927901 70968.656 1.07599999999999999996
1  1.10e+05  0.3727903258 70968.656 1.07599999999999999996
1  1.15e+05  0.5704103021 70968.656 1.07599999999999999996
1  1.20e+05  0.5590478815 70968.656 1.07599999999999999996
1  1.26e+05  0.3770366931 70968.656 1.07599999999999999996
1  1.32e+05  0.2413265686 70968.656 1.07599999999999999996
1  1.38e+05  0.2752507162 70968.656 1.07599999999999999996
1  1.45e+05  0.4127118725 70968.656 1.07599999999999999996
1  1.51e+05  0.5098647332 70968.656 1.07599999999999999996
1  1.58e+05  0.4879768051 70968.656 1.07599999999999999996
1  1.66e+05  0.3758387658 70968.656 1.07599999999999999996
1  1.74e+05  0.2571388056 70968.656 1.07599999999999999996
1  1.82e+05  0.1981681577 70968.656 1.07599999999999999996
1  1.91e+05  0.2125728188 70968.656 1.07599999999999999996
1  2.00e+05  0.2704619513 70968.656 1.07599999999999999996
1  2.09e+05  0.3284623356 70968.656 1.07599999999999999996
1  2.19e+05  0.3556137427 70968.656 1.07599999999999999996
1  2.29e+05  0.3435371463 70968.656 1.07599999999999999996
1  2.40e+05  0.3025341363 70968.656 1.07599999999999999996
1  2.51e+05  0.2512413296 70968.656 1.07599999999999999996
1  2.63e+05  0.2068914026 70968.656 1.07599999999999999996
1  2.75e+05  0.1797726865 70968.656 1.07599999999999999996
1  2.88e+05  0.1721847523 70968.656 1.07599999999999999996
1  3.02e+05  0.1803771785 70968.656 1.07599999999999999996
1  3.16e+05  0.1975971683 70968.656 1.07599999999999999996
1  3.31e+05  0.2168515267 70968.656 1.07599999999999999996
1  3.47e+05  0.2327048982 70968.656 1.07599999999999999996
1  3.63e+05  0.242023139 70968.656 1.07599999999999999996
1  3.80e+05  0.2439037931 70968.656 1.07599999999999999996
1  3.98e+05  0.2391411003 70968.656 1.07599999999999999996
1  4.17e+05  0.2295348169 70968.656 1.07599999999999999996
1  4.37e+05  0.2172530286 70968.656 1.07599999999999999996
1  4.57e+05  0.2043556161 70968.656 1.07599999999999999996
1  4.79e+05  0.1925052422 70968.656 1.07599999999999999996
1  5.01e+05  0.1828440023 70968.656 1.07599999999999999996
1  5.25e+05  0.1759920745 70968.656 1.07599999999999999996
1  5.50e+05  0.1721214519 70968.656 1.07599999999999999996
1  5.75e+05  0.1710648441 70968.656 1.07599999999999999996
1  6.03e+05  0.1725078068 70968.656 1.07599999999999999996
1  6.31e+05  0.1764374204 70968.656 1.07599999999999999996
1  6.61e+05  0.1818023671 70968.656 1.07599999999999999996
1  6.92e+05  0.1879647251 70968.656 1.07599999999999999996
1  7.24e+05  0.1943258236 70968.656 1.07599999999999999996
1  7.59e+05  0.2004230998 70968.656 1.07599999999999999996
1  7.94e+05  0.2059280952 70968.656 1.07599999999999999996
1  8.32e+05  0.2106324582 70968.656 1.07599999999999999996
1  8.71e+05  0.2144279648 70968.656 1.07599999999999999996
1  9.12e+05  0.217284792 70968.656 1.07599999999999999996
1  9.55e+05  0.2192307508 70968.656 1.07599999999999999996
1  1.00e+06  0.2203329972 70968.656 1.07599999999999999996
1  1.05e+06  0.2206828825 70968.656 1.07599999999999999996
1  1.10e+06  0.2204262953 70968.656 1.07599999999999999996
1  1.15e+06  0.2195977623 70968.656 1.07599999999999999996
1  1.20e+06  0.2183288751 70968.656 1.07599999999999999996
1  1.26e+06  0.2167170062 70968.656 1.07599999999999999996
1  1.32e+06  0.2148500458 70968.656 1.07599999999999999996
1  1.38e+06  0.212805167 70968.656 1.07599999999999999996
1  1.45e+06  0.2106485099 70968.656 1.07599999999999999996
1  1.51e+06  0.208435495 70968.656 1.07599999999999999996
1  1.58e+06  0.2062115398 70968.656 1.07599999999999999996
1  1.66e+06  0.2040130083 70968.656 1.07599999999999999996
1  1.74e+06  0.2018682683 70968.656 1.07599999999999999996
1  1.82e+06  0.1997987696 70968.656 1.07599999999999999996
1  1.91e+06  0.1978200852 70968.656 1.07599999999999999996
1  2.00e+06  0.1959428792 70968.656 1.07599999999999999996
1  2.09e+06  0.194173782 70968.656 1.07599999999999999996
1  2.19e+06  0.1925696226 70968.656 1.07599999999999999996
1  2.29e+06  0.1910205994 70968.656 1.07599999999999999996
1  2.40e+06  0.189582708 70968.656 1.07599999999999999996
1  2.51e+06  0.1882532182 70968.656 1.07599999999999999996
1  2.63e+06  0.187028262 70968.656 1.07599999999999999996
1  2.75e+06  0.1859031654 70968.656 1.07599999999999999996
1  2.88e+06  0.1848727184 70968.656 1.07599999999999999996
1  3.02e+06  0.1839313901 70968.656 1.07599999999999999996
1  3.16e+06  0.1830734997 70968.656 1.07599999999999999996
1  3.31e+06  0.1822933482 70968.656 1.07599999999999999996
1  3.47e+06  0.1815853198 70968.656 1.07599999999999999996
1  3.63e+06  0.1809439563 70968.656 1.07599999999999999996
1  3.80e+06  0.1803640114 70968.656 1.07599999999999999996
1  3.98e+06  0.1798404876 70968.656 1.07599999999999999996
1  4.17e+06  0.1793686598 70968.656 1.07599999999999999996
1  4.37e+06  0.1789589707 70968.656 1.07599999999999999996
1  4.57e+06  0.1785761659 70968.656 1.07599999999999999996
1  4.79e+06  0.1782327234 70968.656 1.07599999999999999996
1  5.01e+06  0.1779250582 70968.656 1.07599999999999999996
1  5.25e+06  0.1776498592 70968.656 1.07599999999999999996
1  5.50e+06  0.1774040781 70968.656 1.07599999999999999996
1  5.75e+06  0.1771849152 70968.656 1.07599999999999999996
1  6.03e+06  0.176989806 70968.656 1.07599999999999999996
1  6.31e+06  0.1768164058 70968.656 1.07599999999999999996
1  6.61e+06  0.1766625752 70968.656 1.07599999999999999996
1  6.92e+06  0.1765263653 70968.656 1.07599999999999999996
1  7.24e+06  0.1764060037 70968.656 1.07599999999999999996
1  7.59e+06  0.1762998806 70968.656 1.07599999999999999996
1  7.94e+06  0.1762065356 70968.656 1.07599999999999999996
1  8.32e+06  0.1761284892 70968.656 1.07599999999999999996
1  8.71e+06  0.176056497 70968.656 1.07599999999999999996
1  9.12e+06  0.175993714 70968.656 1.07599999999999999996
1  9.55e+06  0.1759391594 70968.656 1.07599999999999999996
1  1.00e+07  0.1758919486 70968.656 1.07599999999999999996
