1  1.00e-03  0.5477392297 71166.524 1.07900000000000000002
1  1.05e-03  0.5477392302 71166.524 1.07900000000000000002
1  1.10e-03  0.5477392223 71166.524 1.07900000000000000002
1  1.15e-03  0.5477392324 71166.524 1.07900000000000000002
1  1.20e-03  0.5477392341 71166.524 1.07900000000000000002
1  1.26e-03  0.5477392245 71166.524 1.07900000000000000002
1  1.32e-03  0.5477392297 71166.524 1.07900000000000000002
1  1.38e-03  0.5477392261 71166.524 1.07900000000000000002
1  1.45e-03  0.5477392246 71166.524 1.07900000000000000002
1  1.51e-03  0.5477392211 71166.524 1.07900000000000000002
1  1.58e-03  0.547739218 71166.524 1.07900000000000000002
1  1.66e-03  0.5477392248 71166.524 1.07900000000000000002
1  1.74e-03  0.5477392294 71166.524 1.07900000000000000002
1  1.82e-03  0.5477392309 71166.524 1.07900000000000000002
1  1.91e-03  0.5477392218 71166.524 1.07900000000000000002
1  2.00e-03  0.5477392196 71166.524 1.07900000000000000002
1  2.09e-03  0.547739229 71166.524 1.07900000000000000002
1  2.19e-03  0.5477392219 71166.524 1.07900000000000000002
1  2.29e-03  0.5477391378 71166.524 1.07900000000000000002
1  2.40e-03  0.5477392388 71166.524 1.07900000000000000002
1  2.51e-03  0.5477392287 71166.524 1.07900000000000000002
1  2.63e-03  0.5477392278 71166.524 1.07900000000000000002
1  2.75e-03  0.5477392288 71166.524 1.07900000000000000002
1  2.88e-03  0.5477392259 71166.524 1.07900000000000000002
1  3.02e-03  0.5477392339 71166.524 1.07900000000000000002
1  3.16e-03  0.5477392323 71166.524 1.07900000000000000002
1  3.31e-03  0.5477392207 71166.524 1.07900000000000000002
1  3.47e-03  0.5477619663 71166.524 1.07900000000000000002
1  3.63e-03  0.547739227 71166.524 1.07900000000000000002
1  3.80e-03  0.5477392251 71166.524 1.07900000000000000002
1  3.98e-03  0.5477392348 71166.524 1.07900000000000000002
1  4.17e-03  0.5477392155 71166.524 1.07900000000000000002
1  4.37e-03  0.5477392227 71166.524 1.07900000000000000002
1  4.57e-03  0.5477392275 71166.524 1.07900000000000000002
1  4.79e-03  0.5477392292 71166.524 1.07900000000000000002
1  5.01e-03  0.5477392442 71166.524 1.07900000000000000002
1  5.25e-03  0.5477392187 71166.524 1.07900000000000000002
1  5.50e-03  0.547739234 71166.524 1.07900000000000000002
1  5.75e-03  0.5477392167 71166.524 1.07900000000000000002
1  6.03e-03  0.5477392136 71166.524 1.07900000000000000002
1  6.31e-03  0.5477392402 71166.524 1.07900000000000000002
1  6.61e-03  0.5477392112 71166.524 1.07900000000000000002
1  6.92e-03  0.5477392397 71166.524 1.07900000000000000002
1  7.24e-03  0.5476587572 71166.524 1.07900000000000000002
1  7.59e-03  0.547739215 71166.524 1.07900000000000000002
1  7.94e-03  0.5477392513 71166.524 1.07900000000000000002
1  8.32e-03  0.5477392171 71166.524 1.07900000000000000002
1  8.71e-03  0.5477392229 71166.524 1.07900000000000000002
1  9.12e-03  0.5477392298 71166.524 1.07900000000000000002
1  9.55e-03  0.5477392373 71166.524 1.07900000000000000002
1  1.00e-02  0.5477393444 71166.524 1.07900000000000000002
1  1.05e-02  0.5477392573 71166.524 1.07900000000000000002
1  1.10e-02  0.5477392363 71166.524 1.07900000000000000002
1  1.15e-02  0.547739248 71166.524 1.07900000000000000002
1  1.20e-02  0.5477392404 71166.524 1.07900000000000000002
1  1.26e-02  0.5477392046 71166.524 1.07900000000000000002
1  1.32e-02  0.5477392598 71166.524 1.07900000000000000002
1  1.38e-02  0.5477392287 71166.524 1.07900000000000000002
1  1.45e-02  0.5477392468 71166.524 1.07900000000000000002
1  1.51e-02  0.5477392584 71166.524 1.07900000000000000002
1  1.58e-02  0.5477392755 71166.524 1.07900000000000000002
1  1.66e-02  0.5477392509 71166.524 1.07900000000000000002
1  1.74e-02  0.5477392627 71166.524 1.07900000000000000002
1  1.82e-02  0.5477391788 71166.524 1.07900000000000000002
1  1.91e-02  0.5477392475 71166.524 1.07900000000000000002
1  2.00e-02  0.5477392119 71166.524 1.07900000000000000002
1  2.09e-02  0.5477391693 71166.524 1.07900000000000000002
1  2.19e-02  0.5477391614 71166.524 1.07900000000000000002
1  2.29e-02  0.5477391605 71166.524 1.07900000000000000002
1  2.40e-02  0.5477392462 71166.524 1.07900000000000000002
1  2.51e-02  0.5477393783 71166.524 1.07900000000000000002
1  2.63e-02  0.5477394662 71166.524 1.07900000000000000002
1  2.75e-02  0.5477392905 71166.524 1.07900000000000000002
1  2.88e-02  0.5477390866 71166.524 1.07900000000000000002
1  3.02e-02  0.5477387792 71166.524 1.07900000000000000002
1  3.16e-02  0.5475452838 71166.524 1.07900000000000000002
1  3.31e-02  0.5477391837 71166.524 1.07900000000000000002
1  3.47e-02  0.5477391223 71166.524 1.07900000000000000002
1  3.63e-02  0.5477436139 71166.524 1.07900000000000000002
1  3.80e-02  0.5477393595 71166.524 1.07900000000000000002
1  3.98e-02  0.547743079 71166.524 1.07900000000000000002
1  4.17e-02  0.5477395869 71166.524 1.07900000000000000002
1  4.37e-02  0.5477393042 71166.524 1.07900000000000000002
1  4.57e-02  0.547739441 71166.524 1.07900000000000000002
1  4.79e-02  0.5477393446 71166.524 1.07900000000000000002
1  5.01e-02  0.5477393617 71166.524 1.07900000000000000002
1  5.25e-02  0.5477393614 71166.524 1.07900000000000000002
1  5.50e-02  0.5477394334 71166.524 1.07900000000000000002
1  5.75e-02  0.5477393605 71166.524 1.07900000000000000002
1  6.03e-02  0.5477390411 71166.524 1.07900000000000000002
1  6.31e-02  0.5477393963 71166.524 1.07900000000000000002
1  6.61e-02  0.5477392123 71166.524 1.07900000000000000002
1  6.92e-02  0.5477397508 71166.524 1.07900000000000000002
1  7.24e-02  0.5477394435 71166.524 1.07900000000000000002
1  7.59e-02  0.5477443273 71166.524 1.07900000000000000002
1  7.94e-02  0.5477405481 71166.524 1.07900000000000000002
1  8.32e-02  0.547739882 71166.524 1.07900000000000000002
1  8.71e-02  0.5477396197 71166.524 1.07900000000000000002
1  9.12e-02  0.5477394465 71166.524 1.07900000000000000002
1  9.55e-02  0.5477394121 71166.524 1.07900000000000000002
1  1.00e-01  0.5477392161 71166.524 1.07900000000000000002
1  1.05e-01  0.5477389848 71166.524 1.07900000000000000002
1  1.10e-01  0.547739027 71166.524 1.07900000000000000002
1  1.15e-01  0.5477393927 71166.524 1.07900000000000000002
1  1.20e-01  0.5477390295 71166.524 1.07900000000000000002
1  1.26e-01  0.5477391183 71166.524 1.07900000000000000002
1  1.32e-01  0.5477392544 71166.524 1.07900000000000000002
1  1.38e-01  0.5477394507 71166.524 1.07900000000000000002
1  1.45e-01  0.5477371349 71166.524 1.07900000000000000002
1  1.51e-01  0.5477393898 71166.524 1.07900000000000000002
1  1.58e-01  0.5477551659 71166.524 1.07900000000000000002
1  1.66e-01  0.5477404464 71166.524 1.07900000000000000002
1  1.74e-01  0.547738782 71166.524 1.07900000000000000002
1  1.82e-01  0.5477386863 71166.524 1.07900000000000000002
1  1.91e-01  0.5477387431 71166.524 1.07900000000000000002
1  2.00e-01  0.547738958 71166.524 1.07900000000000000002
1  2.09e-01  0.5477386965 71166.524 1.07900000000000000002
1  2.19e-01  0.5477387128 71166.524 1.07900000000000000002
1  2.29e-01  0.5477388317 71166.524 1.07900000000000000002
1  2.40e-01  0.5477387841 71166.524 1.07900000000000000002
1  2.51e-01  0.5477388954 71166.524 1.07900000000000000002
1  2.63e-01  0.5477393146 71166.524 1.07900000000000000002
1  2.75e-01  0.5477395321 71166.524 1.07900000000000000002
1  2.88e-01  0.5477389144 71166.524 1.07900000000000000002
1  3.02e-01  0.5477383069 71166.524 1.07900000000000000002
1  3.16e-01  0.5477383247 71166.524 1.07900000000000000002
1  3.31e-01  0.5477383953 71166.524 1.07900000000000000002
1  3.47e-01  0.5477385515 71166.524 1.07900000000000000002
1  3.63e-01  0.5477392868 71166.524 1.07900000000000000002
1  3.80e-01  0.5477391079 71166.524 1.07900000000000000002
1  3.98e-01  0.5477383795 71166.524 1.07900000000000000002
1  4.17e-01  0.5477393061 71166.524 1.07900000000000000002
1  4.37e-01  0.547742463 71166.524 1.07900000000000000002
1  4.57e-01  0.5477374032 71166.524 1.07900000000000000002
1  4.79e-01  0.5477376203 71166.524 1.07900000000000000002
1  5.01e-01  0.5477376959 71166.524 1.07900000000000000002
1  5.25e-01  0.547737787 71166.524 1.07900000000000000002
1  5.50e-01  0.5477386842 71166.524 1.07900000000000000002
1  5.75e-01  0.5477375006 71166.524 1.07900000000000000002
1  6.03e-01  0.5477392199 71166.524 1.07900000000000000002
1  6.31e-01  0.547737836 71166.524 1.07900000000000000002
1  6.61e-01  0.5477369565 71166.524 1.07900000000000000002
1  6.92e-01  0.547740595 71166.524 1.07900000000000000002
1  7.24e-01  0.5477381526 71166.524 1.07900000000000000002
1  7.59e-01  0.5477368046 71166.524 1.07900000000000000002
1  7.94e-01  0.547739809 71166.524 1.07900000000000000002
1  8.32e-01  0.5477361094 71166.524 1.07900000000000000002
1  8.71e-01  0.5477365273 71166.524 1.07900000000000000002
1  9.12e-01  0.5477368583 71166.524 1.07900000000000000002
1  9.55e-01  0.5477391417 71166.524 1.07900000000000000002
1  1.00e+00  0.5477753764 71166.524 1.07900000000000000002
1  1.05e+00  0.5477361683 71166.524 1.07900000000000000002
1  1.10e+00  0.5477376079 71166.524 1.07900000000000000002
1  1.15e+00  0.5477437179 71166.524 1.07900000000000000002
1  1.20e+00  0.5477387546 71166.524 1.07900000000000000002
1  1.26e+00  0.5477359334 71166.524 1.07900000000000000002
1  1.32e+00  0.5477390283 71166.524 1.07900000000000000002
1  1.38e+00  0.5477335137 71166.524 1.07900000000000000002
1  1.45e+00  0.5477355939 71166.524 1.07900000000000000002
1  1.51e+00  0.5477363557 71166.524 1.07900000000000000002
1  1.58e+00  0.5477384941 71166.524 1.07900000000000000002
1  1.66e+00  0.5477334633 71166.524 1.07900000000000000002
1  1.74e+00  0.5477320919 71166.524 1.07900000000000000002
1  1.82e+00  0.5477317752 71166.524 1.07900000000000000002
1  1.91e+00  0.5477383756 71166.524 1.07900000000000000002
1  2.00e+00  0.5477354039 71166.524 1.07900000000000000002
1  2.09e+00  0.5477227787 71166.524 1.07900000000000000002
1  2.19e+00  0.5477399628 71166.524 1.07900000000000000002
1  2.29e+00  0.5477332388 71166.524 1.07900000000000000002
1  2.40e+00  0.5477282807 71166.524 1.07900000000000000002
1  2.51e+00  0.5477439335 71166.524 1.07900000000000000002
1  2.63e+00  0.5477385361 71166.524 1.07900000000000000002
1  2.75e+00  0.5477235796 71166.524 1.07900000000000000002
1  2.88e+00  0.5477398822 71166.524 1.07900000000000000002
1  3.02e+00  0.547735812 71166.524 1.07900000000000000002
1  3.16e+00  0.5477277393 71166.524 1.07900000000000000002
1  3.31e+00  0.5477390749 71166.524 1.07900000000000000002
1  3.47e+00  0.5477386026 71166.524 1.07900000000000000002
1  3.63e+00  0.5477391072 71166.524 1.07900000000000000002
1  3.80e+00  0.5477366316 71166.524 1.07900000000000000002
1  3.98e+00  0.5477535269 71166.524 1.07900000000000000002
1  4.17e+00  0.5477348338 71166.524 1.07900000000000000002
1  4.37e+00  0.5477213316 71166.524 1.07900000000000000002
1  4.57e+00  0.5477369791 71166.524 1.07900000000000000002
1  4.79e+00  0.5477288503 71166.524 1.07900000000000000002
1  5.01e+00  0.547749959 71166.524 1.07900000000000000002
1  5.25e+00  0.5477405132 71166.524 1.07900000000000000002
1  5.50e+00  0.5477201536 71166.524 1.07900000000000000002
1  5.75e+00  0.5477530498 71166.524 1.07900000000000000002
1  6.03e+00  0.5477141133 71166.524 1.07900000000000000002
1  6.31e+00  0.5477127991 71166.524 1.07900000000000000002
1  6.61e+00  0.5476730312 71166.524 1.07900000000000000002
1  6.92e+00  0.5477382192 71166.524 1.07900000000000000002
1  7.24e+00  0.5477163837 71166.524 1.07900000000000000002
1  7.59e+00  0.5477062705 71166.524 1.07900000000000000002
1  7.94e+00  0.5477323252 71166.524 1.07900000000000000002
1  8.32e+00  0.5476051941 71166.524 1.07900000000000000002
1  8.71e+00  0.5476811465 71166.524 1.07900000000000000002
1  9.12e+00  0.5476730421 71166.524 1.07900000000000000002
1  9.55e+00  0.5477116412 71166.524 1.07900000000000000002
1  1.00e+01  0.5477388782 71166.524 1.07900000000000000002
1  1.05e+01  0.5476952858 71166.524 1.07900000000000000002
1  1.10e+01  0.5477007744 71166.524 1.07900000000000000002
1  1.15e+01  0.5477124417 71166.524 1.07900000000000000002
1  1.20e+01  0.5477312865 71166.524 1.07900000000000000002
1  1.26e+01  0.5477286636 71166.524 1.07900000000000000002
1  1.32e+01  0.5477318087 71166.524 1.07900000000000000002
1  1.38e+01  0.5477329196 71166.524 1.07900000000000000002
1  1.45e+01  0.5476876375 71166.524 1.07900000000000000002
1  1.51e+01  0.5476766358 71166.524 1.07900000000000000002
1  1.58e+01  0.5477061843 71166.524 1.07900000000000000002
1  1.66e+01  0.5476647414 71166.524 1.07900000000000000002
1  1.74e+01  0.5476816965 71166.524 1.07900000000000000002
1  1.82e+01  0.5476930208 71166.524 1.07900000000000000002
1  1.91e+01  0.5477206237 71166.524 1.07900000000000000002
1  2.00e+01  0.5478287225 71166.524 1.07900000000000000002
1  2.09e+01  0.5473722472 71166.524 1.07900000000000000002
1  2.19e+01  0.547597451 71166.524 1.07900000000000000002
1  2.29e+01  0.5473771546 71166.524 1.07900000000000000002
1  2.40e+01  0.5476941954 71166.524 1.07900000000000000002
1  2.51e+01  0.5477320782 71166.524 1.07900000000000000002
1  2.63e+01  0.547432405 71166.524 1.07900000000000000002
1  2.75e+01  0.5476549893 71166.524 1.07900000000000000002
1  2.88e+01  0.5476936367 71166.524 1.07900000000000000002
1  3.02e+01  0.5475418971 71166.524 1.07900000000000000002
1  3.16e+01  0.5477882406 71166.524 1.07900000000000000002
1  3.31e+01  0.547624935 71166.524 1.07900000000000000002
1  3.47e+01  0.5473981424 71166.524 1.07900000000000000002
1  3.63e+01  0.547695535 71166.524 1.07900000000000000002
1  3.80e+01  0.5477069177 71166.524 1.07900000000000000002
1  3.98e+01  0.5477547872 71166.524 1.07900000000000000002
1  4.17e+01  0.5478042247 71166.524 1.07900000000000000002
1  4.37e+01  0.5479100271 71166.524 1.07900000000000000002
1  4.57e+01  0.5473008176 71166.524 1.07900000000000000002
1  4.79e+01  0.547728645 71166.524 1.07900000000000000002
1  5.01e+01  0.5476390532 71166.524 1.07900000000000000002
1  5.25e+01  0.5474729468 71166.524 1.07900000000000000002
1  5.50e+01  0.5473008485 71166.524 1.07900000000000000002
1  5.75e+01  0.5475362761 71166.524 1.07900000000000000002
1  6.03e+01  0.5476425278 71166.524 1.07900000000000000002
1  6.31e+01  0.5477022969 71166.524 1.07900000000000000002
1  6.61e+01  0.5474191669 71166.524 1.07900000000000000002
1  6.92e+01  0.5477068505 71166.524 1.07900000000000000002
1  7.24e+01  0.5471941703 71166.524 1.07900000000000000002
1  7.59e+01  0.5474791548 71166.524 1.07900000000000000002
1  7.94e+01  0.5477402659 71166.524 1.07900000000000000002
1  8.32e+01  0.5474344592 71166.524 1.07900000000000000002
1  8.71e+01  0.5472356062 71166.524 1.07900000000000000002
1  9.12e+01  0.5474570228 71166.524 1.07900000000000000002
1  9.55e+01  0.547359209 71166.524 1.07900000000000000002
1  1.00e+02  0.5475339264 71166.524 1.07900000000000000002
1  1.05e+02  0.5474245671 71166.524 1.07900000000000000002
1  1.10e+02  0.5475398003 71166.524 1.07900000000000000002
1  1.15e+02  0.5476592872 71166.524 1.07900000000000000002
1  1.20e+02  0.5474532994 71166.524 1.07900000000000000002
1  1.26e+02  0.5469689385 71166.524 1.07900000000000000002
1  1.32e+02  0.5471745744 71166.524 1.07900000000000000002
1  1.38e+02  0.5475839242 71166.524 1.07900000000000000002
1  1.45e+02  0.5477589088 71166.524 1.07900000000000000002
1  1.51e+02  0.5473806884 71166.524 1.07900000000000000002
1  1.58e+02  0.5469740322 71166.524 1.07900000000000000002
1  1.66e+02  0.5477015008 71166.524 1.07900000000000000002
1  1.74e+02  0.5471337481 71166.524 1.07900000000000000002
1  1.82e+02  0.5471047002 71166.524 1.07900000000000000002
1  1.91e+02  0.5472925615 71166.524 1.07900000000000000002
1  2.00e+02  0.5470541894 71166.524 1.07900000000000000002
1  2.09e+02  0.5471258264 71166.524 1.07900000000000000002
1  2.19e+02  0.5474663323 71166.524 1.07900000000000000002
1  2.29e+02  0.5477266762 71166.524 1.07900000000000000002
1  2.40e+02  0.5475988353 71166.524 1.07900000000000000002
1  2.51e+02  0.5473980716 71166.524 1.07900000000000000002
1  2.63e+02  0.5470033389 71166.524 1.07900000000000000002
1  2.75e+02  0.5465023635 71166.524 1.07900000000000000002
1  2.88e+02  0.5465388291 71166.524 1.07900000000000000002
1  3.02e+02  0.5476137609 71166.524 1.07900000000000000002
1  3.16e+02  0.5464248574 71166.524 1.07900000000000000002
1  3.31e+02  0.54630142 71166.524 1.07900000000000000002
1  3.47e+02  0.5470188846 71166.524 1.07900000000000000002
1  3.63e+02  0.5468131938 71166.524 1.07900000000000000002
1  3.80e+02  0.547612078 71166.524 1.07900000000000000002
1  3.98e+02  0.5471290957 71166.524 1.07900000000000000002
1  4.17e+02  0.5464115454 71166.524 1.07900000000000000002
1  4.37e+02  0.5462063059 71166.524 1.07900000000000000002
1  4.57e+02  0.5460266722 71166.524 1.07900000000000000002
1  4.79e+02  0.5463344636 71166.524 1.07900000000000000002
1  5.01e+02  0.5464622499 71166.524 1.07900000000000000002
1  5.25e+02  0.5470535942 71166.524 1.07900000000000000002
1  5.50e+02  0.5459629866 71166.524 1.07900000000000000002
1  5.75e+02  0.546926353 71166.524 1.07900000000000000002
1  6.03e+02  0.5452877954 71166.524 1.07900000000000000002
1  6.31e+02  0.5451206429 71166.524 1.07900000000000000002
1  6.61e+02  0.5469610293 71166.524 1.07900000000000000002
1  6.92e+02  0.5454841257 71166.524 1.07900000000000000002
1  7.24e+02  0.5471053475 71166.524 1.07900000000000000002
1  7.59e+02  0.5462279171 71166.524 1.07900000000000000002
1  7.94e+02  0.5448175744 71166.524 1.07900000000000000002
1  8.32e+02  0.5475767112 71166.524 1.07900000000000000002
1  8.71e+02  0.5475124823 71166.524 1.07900000000000000002
1  9.12e+02  0.5478448405 71166.524 1.07900000000000000002
1  9.55e+02  0.5446355625 71166.524 1.07900000000000000002
1  1.00e+03  0.5471585616 71166.524 1.07900000000000000002
1  1.05e+03  0.5447205039 71166.524 1.07900000000000000002
1  1.10e+03  0.5405298121 71166.524 1.07900000000000000002
1  1.15e+03  0.5397724763 71166.524 1.07900000000000000002
1  1.20e+03  0.5469329672 71166.524 1.07900000000000000002
1  1.26e+03  0.5495681849 71166.524 1.07900000000000000002
1  1.32e+03  0.5526504282 71166.524 1.07900000000000000002
1  1.38e+03  0.5533990725 71166.524 1.07900000000000000002
1  1.45e+03  0.5367020678 71166.524 1.07900000000000000002
1  1.51e+03  0.5416390827 71166.524 1.07900000000000000002
1  1.58e+03  0.5207955211 71166.524 1.07900000000000000002
1  1.66e+03  0.537377295 71166.524 1.07900000000000000002
1  1.74e+03  0.5464792722 71166.524 1.07900000000000000002
1  1.82e+03  0.5439036139 71166.524 1.07900000000000000002
1  1.91e+03  0.5552129063 71166.524 1.07900000000000000002
1  2.00e+03  0.574305042 71166.524 1.07900000000000000002
1  2.09e+03  0.5605464334 71166.524 1.07900000000000000002
1  2.19e+03  0.5238978421 71166.524 1.07900000000000000002
1  2.29e+03  0.5167188234 71166.524 1.07900000000000000002
1  2.40e+03  0.4964107668 71166.524 1.07900000000000000002
1  2.51e+03  0.4633587147 71166.524 1.07900000000000000002
1  2.63e+03  0.5047114522 71166.524 1.07900000000000000002
1  2.75e+03  0.5227015006 71166.524 1.07900000000000000002
1  2.88e+03  0.4720393415 71166.524 1.07900000000000000002
1  3.02e+03  0.4774204506 71166.524 1.07900000000000000002
1  3.16e+03  0.5685070371 71166.524 1.07900000000000000002
1  3.31e+03  0.5878701141 71166.524 1.07900000000000000002
1  3.47e+03  0.596189715 71166.524 1.07900000000000000002
1  3.63e+03  0.6244269026 71166.524 1.07900000000000000002
1  3.80e+03  0.6069395974 71166.524 1.07900000000000000002
1  3.98e+03  0.5323510888 71166.524 1.07900000000000000002
1  4.17e+03  0.6115930804 71166.524 1.07900000000000000002
1  4.37e+03  0.6104910175 71166.524 1.07900000000000000002
1  4.57e+03  0.6060461162 71166.524 1.07900000000000000002
1  4.79e+03  0.5671704681 71166.524 1.07900000000000000002
1  5.01e+03  0.6565716541 71166.524 1.07900000000000000002
1  5.25e+03  0.6247361775 71166.524 1.07900000000000000002
1  5.50e+03  0.5383042683 71166.524 1.07900000000000000002
1  5.75e+03  0.5029272258 71166.524 1.07900000000000000002
1  6.03e+03  0.4828660297 71166.524 1.07900000000000000002
1  6.31e+03  0.4978111837 71166.524 1.07900000000000000002
1  6.61e+03  0.6082238671 71166.524 1.07900000000000000002
1  6.92e+03  0.6465077536 71166.524 1.07900000000000000002
1  7.24e+03  0.4221967957 71166.524 1.07900000000000000002
1  7.59e+03  0.4627477525 71166.524 1.07900000000000000002
1  7.94e+03  0.6193341935 71166.524 1.07900000000000000002
1  8.32e+03  0.3405161259 71166.524 1.07900000000000000002
1  8.71e+03  0.6182455666 71166.524 1.07900000000000000002
1  9.12e+03  0.3632622948 71166.524 1.07900000000000000002
1  9.55e+03  0.4377729592 71166.524 1.07900000000000000002
1  1.00e+04  0.6189313753 71166.524 1.07900000000000000002
1  1.05e+04  0.3842013341 71166.524 1.07900000000000000002
1  1.10e+04  0.2295204681 71166.524 1.07900000000000000002
1  1.15e+04  0.4769519667 71166.524 1.07900000000000000002
1  1.20e+04  0.5655499126 71166.524 1.07900000000000000002
1  1.26e+04  0.6259206892 71166.524 1.07900000000000000002
1  1.32e+04  0.6099220774 71166.524 1.07900000000000000002
1  1.38e+04  0.5914261955 71166.524 1.07900000000000000002
1  1.45e+04  0.5988445149 71166.524 1.07900000000000000002
1  1.51e+04  0.6116252007 71166.524 1.07900000000000000002
1  1.58e+04  0.5722265593 71166.524 1.07900000000000000002
1  1.66e+04  0.5048342978 71166.524 1.07900000000000000002
1  1.74e+04  0.1912122826 71166.524 1.07900000000000000002
1  1.82e+04  0.1737591598 71166.524 1.07900000000000000002
1  1.91e+04  0.3261856036 71166.524 1.07900000000000000002
1  2.00e+04  0.5913063612 71166.524 1.07900000000000000002
1  2.09e+04  0.3930119365 71166.524 1.07900000000000000002
1  2.19e+04  0.07970539236 71166.524 1.07900000000000000002
1  2.29e+04  0.5685452884 71166.524 1.07900000000000000002
1  2.40e+04  0.3443195592 71166.524 1.07900000000000000002
1  2.51e+04  0.1041584762 71166.524 1.07900000000000000002
1  2.63e+04  0.5841939321 71166.524 1.07900000000000000002
1  2.75e+04  0.05037673321 71166.524 1.07900000000000000002
1  2.88e+04  0.5420682062 71166.524 1.07900000000000000002
1  3.02e+04  0.2154419523 71166.524 1.07900000000000000002
1  3.16e+04  0.3756640212 71166.524 1.07900000000000000002
1  3.31e+04  0.1891563811 71166.524 1.07900000000000000002
1  3.47e+04  0.5174359874 71166.524 1.07900000000000000002
1  3.63e+04  0.051306009 71166.524 1.07900000000000000002
1  3.80e+04  0.5643264094 71166.524 1.07900000000000000002
1  3.98e+04  0.03549886713 71166.524 1.07900000000000000002
1  4.17e+04  0.5506995546 71166.524 1.07900000000000000002
1  4.37e+04  0.2205300021 71166.524 1.07900000000000000002
1  4.57e+04  0.1853280672 71166.524 1.07900000000000000002
1  4.79e+04  0.5625989957 71166.524 1.07900000000000000002
1  5.01e+04  0.2198529753 71166.524 1.07900000000000000002
1  5.25e+04  0.1515451836 71166.524 1.07900000000000000002
1  5.50e+04  0.5619165163 71166.524 1.07900000000000000002
1  5.75e+04  0.1759822839 71166.524 1.07900000000000000002
1  6.03e+04  0.1508412072 71166.524 1.07900000000000000002
1  6.31e+04  0.5586319218 71166.524 1.07900000000000000002
1  6.61e+04  0.3318945503 71166.524 1.07900000000000000002
1  6.92e+04  0.1167577537 71166.524 1.07900000000000000002
1  7.24e+04  0.3724116648 71166.524 1.07900000000000000002
1  7.59e+04  0.5583309531 71166.524 1.07900000000000000002
1  7.94e+04  0.4325210307 71166.524 1.07900000000000000002
1  8.32e+04  0.2421701246 71166.524 1.07900000000000000002
1  8.71e+04  0.2418344493 71166.524 1.07900000000000000002
1  9.12e+04  0.4323793571 71166.524 1.07900000000000000002
1  9.55e+04  0.5629853894 71166.524 1.07900000000000000002
1  1.00e+05  0.4465533551 71166.524 1.07900000000000000002
1  1.05e+05  0.2232533062 71166.524 1.07900000000000000002
1  1.10e+05  0.1705913612 71166.524 1.07900000000000000002
1  1.15e+05  0.3411662492 71166.524 1.07900000000000000002
1  1.20e+05  0.5258286699 71166.524 1.07900000000000000002
1  1.26e+05  0.5271329782 71166.524 1.07900000000000000002
1  1.32e+05  0.3624792067 71166.524 1.07900000000000000002
1  1.38e+05  0.2030895662 71166.524 1.07900000000000000002
1  1.45e+05  0.1857092423 71166.524 1.07900000000000000002
1  1.51e+05  0.30727421 71166.524 1.07900000000000000002
1  1.58e+05  0.4631360462 71166.524 1.07900000000000000002
1  1.66e+05  0.5486384911 71166.524 1.07900000000000000002
1  1.74e+05  0.5281067838 71166.524 1.07900000000000000002
1  1.82e+05  0.4365314485 71166.524 1.07900000000000000002
1  1.91e+05  0.3387553747 71166.524 1.07900000000000000002
1  2.00e+05  0.2863980201 71166.524 1.07900000000000000002
1  2.09e+05  0.2968978066 71166.524 1.07900000000000000002
1  2.19e+05  0.3564130578 71166.524 1.07900000000000000002
1  2.29e+05  0.4355488313 71166.524 1.07900000000000000002
1  2.40e+05  0.5057104225 71166.524 1.07900000000000000002
1  2.51e+05  0.5490676026 71166.524 1.07900000000000000002
1  2.63e+05  0.5609267418 71166.524 1.07900000000000000002
1  2.75e+05  0.5468147131 71166.524 1.07900000000000000002
1  2.88e+05  0.5174740719 71166.524 1.07900000000000000002
1  3.02e+05  0.4842367978 71166.524 1.07900000000000000002
1  3.16e+05  0.4559993059 71166.524 1.07900000000000000002
1  3.31e+05  0.4379752049 71166.524 1.07900000000000000002
1  3.47e+05  0.4318085895 71166.524 1.07900000000000000002
1  3.63e+05  0.4364489101 71166.524 1.07900000000000000002
1  3.80e+05  0.4492634268 71166.524 1.07900000000000000002
1  3.98e+05  0.4670420198 71166.524 1.07900000000000000002
1  4.17e+05  0.486729422 71166.524 1.07900000000000000002
1  4.37e+05  0.5058535453 71166.524 1.07900000000000000002
1  4.57e+05  0.5226955946 71166.524 1.07900000000000000002
1  4.79e+05  0.5362781643 71166.524 1.07900000000000000002
1  5.01e+05  0.5462478257 71166.524 1.07900000000000000002
1  5.25e+05  0.5527137916 71166.524 1.07900000000000000002
1  5.50e+05  0.5560847198 71166.524 1.07900000000000000002
1  5.75e+05  0.5569277271 71166.524 1.07900000000000000002
1  6.03e+05  0.5558197493 71166.524 1.07900000000000000002
1  6.31e+05  0.5533618168 71166.524 1.07900000000000000002
1  6.61e+05  0.5501182896 71166.524 1.07900000000000000002
1  6.92e+05  0.5465176247 71166.524 1.07900000000000000002
1  7.24e+05  0.5428902853 71166.524 1.07900000000000000002
1  7.59e+05  0.5394742973 71166.524 1.07900000000000000002
1  7.94e+05  0.5364269095 71166.524 1.07900000000000000002
1  8.32e+05  0.5338389076 71166.524 1.07900000000000000002
1  8.71e+05  0.5317492568 71166.524 1.07900000000000000002
1  9.12e+05  0.5301586554 71166.524 1.07900000000000000002
1  9.55e+05  0.5290412555 71166.524 1.07900000000000000002
1  1.00e+06  0.5283542739 71166.524 1.07900000000000000002
1  1.05e+06  0.528045514 71166.524 1.07900000000000000002
1  1.10e+06  0.5280589952 71166.524 1.07900000000000000002
1  1.15e+06  0.5283389624 71166.524 1.07900000000000000002
1  1.20e+06  0.5288325788 71166.524 1.07900000000000000002
1  1.26e+06  0.5294915841 71166.524 1.07900000000000000002
1  1.32e+06  0.5302779551 71166.524 1.07900000000000000002
1  1.38e+06  0.5311446972 71166.524 1.07900000000000000002
1  1.45e+06  0.5320657186 71166.524 1.07900000000000000002
1  1.51e+06  0.5330150842 71166.524 1.07900000000000000002
1  1.58e+06  0.5339717722 71166.524 1.07900000000000000002
1  1.66e+06  0.5349191258 71166.524 1.07900000000000000002
1  1.74e+06  0.5358442833 71166.524 1.07900000000000000002
1  1.82e+06  0.5367376203 71166.524 1.07900000000000000002
1  1.91e+06  0.5375922276 71166.524 1.07900000000000000002
1  2.00e+06  0.5384034364 71166.524 1.07900000000000000002
1  2.09e+06  0.5391683969 71166.524 1.07900000000000000002
1  2.19e+06  0.5398857121 71166.524 1.07900000000000000002
1  2.29e+06  0.5405551246 71166.524 1.07900000000000000002
1  2.40e+06  0.5411772519 71166.524 1.07900000000000000002
1  2.51e+06  0.5417546951 71166.524 1.07900000000000000002
1  2.63e+06  0.5422864264 71166.524 1.07900000000000000002
1  2.75e+06  0.5427759769 71166.524 1.07900000000000000002
1  2.88e+06  0.5432256311 71166.524 1.07900000000000000002
1  3.02e+06  0.543637791 71166.524 1.07900000000000000002
1  3.16e+06  0.5440149046 71166.524 1.07900000000000000002
1  3.31e+06  0.5443594103 71166.524 1.07900000000000000002
1  3.47e+06  0.5446736963 71166.524 1.07900000000000000002
1  3.63e+06  0.5449600702 71166.524 1.07900000000000000002
1  3.80e+06  0.5452207382 71166.524 1.07900000000000000002
1  3.98e+06  0.5454577921 71166.524 1.07900000000000000002
1  4.17e+06  0.5456732006 71166.524 1.07900000000000000002
1  4.37e+06  0.5458688056 71166.524 1.07900000000000000002
1  4.57e+06  0.5460463221 71166.524 1.07900000000000000002
1  4.79e+06  0.5462073402 71166.524 1.07900000000000000002
1  5.01e+06  0.5463536567 71166.524 1.07900000000000000002
1  5.25e+06  0.5464859388 71166.524 1.07900000000000000002
1  5.50e+06  0.5466057891 71166.524 1.07900000000000000002
1  5.75e+06  0.5467143457 71166.524 1.07900000000000000002
1  6.03e+06  0.5468126499 71166.524 1.07900000000000000002
1  6.31e+06  0.5469016523 71166.524 1.07900000000000000002
1  6.61e+06  0.5469822196 71166.524 1.07900000000000000002
1  6.92e+06  0.547055141 71166.524 1.07900000000000000002
1  7.24e+06  0.5471211342 71166.524 1.07900000000000000002
1  7.59e+06  0.5471808517 71166.524 1.07900000000000000002
1  7.94e+06  0.5472348856 71166.524 1.07900000000000000002
1  8.32e+06  0.5472837733 71166.524 1.07900000000000000002
1  8.71e+06  0.5473280023 71166.524 1.07900000000000000002
1  9.12e+06  0.5473680141 71166.524 1.07900000000000000002
1  9.55e+06  0.5474042091 71166.524 1.07900000000000000002
1  1.00e+07  0.5474370301 71166.524 1.07900000000000000002
