1  1.00e-03  0.1494327745  5.011447e-01 0.90299999999999999999
1  1.05e-03  0.1494327723  5.011447e-01 0.90299999999999999999
1  1.10e-03  0.1494327761  5.011447e-01 0.90299999999999999999
1  1.15e-03  0.1494327735  5.011447e-01 0.90299999999999999999
1  1.20e-03  0.1494327754  5.011447e-01 0.90299999999999999999
1  1.26e-03  0.1494327771  5.011447e-01 0.90299999999999999999
1  1.32e-03  0.1494327763  5.011447e-01 0.90299999999999999999
1  1.38e-03  0.1494327758  5.011447e-01 0.90299999999999999999
1  1.45e-03  0.1494327771  5.011447e-01 0.90299999999999999999
1  1.51e-03  0.1494327773  5.011447e-01 0.90299999999999999999
1  1.58e-03  0.1494327744  5.011447e-01 0.90299999999999999999
1  1.66e-03  0.1494327773  5.011447e-01 0.90299999999999999999
1  1.74e-03  0.1494327775  5.011447e-01 0.90299999999999999999
1  1.82e-03  0.1494327771  5.011447e-01 0.90299999999999999999
1  1.91e-03  0.149432775  5.011447e-01 0.90299999999999999999
1  2.00e-03  0.1494327743  5.011447e-01 0.90299999999999999999
1  2.09e-03  0.1494327761  5.011447e-01 0.90299999999999999999
1  2.19e-03  0.1494327794  5.011447e-01 0.90299999999999999999
1  2.29e-03  0.1494327752  5.011447e-01 0.90299999999999999999
1  2.40e-03  0.1494327785  5.011447e-01 0.90299999999999999999
1  2.51e-03  0.1494327813  5.011447e-01 0.90299999999999999999
1  2.63e-03  0.1494327799  5.011447e-01 0.90299999999999999999
1  2.75e-03  0.1494327764  5.011447e-01 0.90299999999999999999
1  2.88e-03  0.1494327803  5.011447e-01 0.90299999999999999999
1  3.02e-03  0.1494327777  5.011447e-01 0.90299999999999999999
1  3.16e-03  0.1494327787  5.011447e-01 0.90299999999999999999
1  3.31e-03  0.1494327795  5.011447e-01 0.90299999999999999999
1  3.47e-03  0.1494327752  5.011447e-01 0.90299999999999999999
1  3.63e-03  0.1494327768  5.011447e-01 0.90299999999999999999
1  3.80e-03  0.1494327765  5.011447e-01 0.90299999999999999999
1  3.98e-03  0.1494327778  5.011447e-01 0.90299999999999999999
1  4.17e-03  0.1494327823  5.011447e-01 0.90299999999999999999
1  4.37e-03  0.1494327822  5.011447e-01 0.90299999999999999999
1  4.57e-03  0.1494327822  5.011447e-01 0.90299999999999999999
1  4.79e-03  0.1494327795  5.011447e-01 0.90299999999999999999
1  5.01e-03  0.1494327799  5.011447e-01 0.90299999999999999999
1  5.25e-03  0.1494327856  5.011447e-01 0.90299999999999999999
1  5.50e-03  0.1494327834  5.011447e-01 0.90299999999999999999
1  5.75e-03  0.1494327825  5.011447e-01 0.90299999999999999999
1  6.03e-03  0.1494327874  5.011447e-01 0.90299999999999999999
1  6.31e-03  0.149432779  5.011447e-01 0.90299999999999999999
1  6.61e-03  0.149432786  5.011447e-01 0.90299999999999999999
1  6.92e-03  0.1494327812  5.011447e-01 0.90299999999999999999
1  7.24e-03  0.1494327847  5.011447e-01 0.90299999999999999999
1  7.59e-03  0.1494327947  5.011447e-01 0.90299999999999999999
1  7.94e-03  0.1494327819  5.011447e-01 0.90299999999999999999
1  8.32e-03  0.1494327964  5.011447e-01 0.90299999999999999999
1  8.71e-03  0.1494327929  5.011447e-01 0.90299999999999999999
1  9.12e-03  0.1494327976  5.011447e-01 0.90299999999999999999
1  9.55e-03  0.1494327912  5.011447e-01 0.90299999999999999999
1  1.00e-02  0.1494327978  5.011447e-01 0.90299999999999999999
1  1.05e-02  0.1494327903  5.011447e-01 0.90299999999999999999
1  1.10e-02  0.1494328144  5.011447e-01 0.90299999999999999999
1  1.15e-02  0.1494327831  5.011447e-01 0.90299999999999999999
1  1.20e-02  0.1494327869  5.011447e-01 0.90299999999999999999
1  1.26e-02  0.1494328024  5.011447e-01 0.90299999999999999999
1  1.32e-02  0.1494327865  5.011447e-01 0.90299999999999999999
1  1.38e-02  0.149432786  5.011447e-01 0.90299999999999999999
1  1.45e-02  0.1494327832  5.011447e-01 0.90299999999999999999
1  1.51e-02  0.1494327868  5.011447e-01 0.90299999999999999999
1  1.58e-02  0.1494327904  5.011447e-01 0.90299999999999999999
1  1.66e-02  0.1494327993  5.011447e-01 0.90299999999999999999
1  1.74e-02  0.1494327965  5.011447e-01 0.90299999999999999999
1  1.82e-02  0.1494328022  5.011447e-01 0.90299999999999999999
1  1.91e-02  0.1494328072  5.011447e-01 0.90299999999999999999
1  2.00e-02  0.1494449623  5.011447e-01 0.90299999999999999999
1  2.09e-02  0.1494327866  5.011447e-01 0.90299999999999999999
1  2.19e-02  0.1494328123  5.011447e-01 0.90299999999999999999
1  2.29e-02  0.1494328098  5.011447e-01 0.90299999999999999999
1  2.40e-02  0.1494328199  5.011447e-01 0.90299999999999999999
1  2.51e-02  0.1494328024  5.011447e-01 0.90299999999999999999
1  2.63e-02  0.1494330234  5.011447e-01 0.90299999999999999999
1  2.75e-02  0.1494327954  5.011447e-01 0.90299999999999999999
1  2.88e-02  0.1494328652  5.011447e-01 0.90299999999999999999
1  3.02e-02  0.1494328238  5.011447e-01 0.90299999999999999999
1  3.16e-02  0.1494327782  5.011447e-01 0.90299999999999999999
1  3.31e-02  0.149432763  5.011447e-01 0.90299999999999999999
1  3.47e-02  0.1494328176  5.011447e-01 0.90299999999999999999
1  3.63e-02  0.1494328477  5.011447e-01 0.90299999999999999999
1  3.80e-02  0.1494327842  5.011447e-01 0.90299999999999999999
1  3.98e-02  0.1494328041  5.011447e-01 0.90299999999999999999
1  4.17e-02  0.1494327441  5.011447e-01 0.90299999999999999999
1  4.37e-02  0.1494329939  5.011447e-01 0.90299999999999999999
1  4.57e-02  0.1494329498  5.011447e-01 0.90299999999999999999
1  4.79e-02  0.1494334832  5.011447e-01 0.90299999999999999999
1  5.01e-02  0.1494329886  5.011447e-01 0.90299999999999999999
1  5.25e-02  0.1494329251  5.011447e-01 0.90299999999999999999
1  5.50e-02  0.1494329035  5.011447e-01 0.90299999999999999999
1  5.75e-02  0.1494328878  5.011447e-01 0.90299999999999999999
1  6.03e-02  0.1494328542  5.011447e-01 0.90299999999999999999
1  6.31e-02  0.1494329258  5.011447e-01 0.90299999999999999999
1  6.61e-02  0.1494329389  5.011447e-01 0.90299999999999999999
1  6.92e-02  0.1494328598  5.011447e-01 0.90299999999999999999
1  7.24e-02  0.1494329469  5.011447e-01 0.90299999999999999999
1  7.59e-02  0.1494327334  5.011447e-01 0.90299999999999999999
1  7.94e-02  0.1494329402  5.011447e-01 0.90299999999999999999
1  8.32e-02  0.1494328384  5.011447e-01 0.90299999999999999999
1  8.71e-02  0.1494329472  5.011447e-01 0.90299999999999999999
1  9.12e-02  0.149433051  5.011447e-01 0.90299999999999999999
1  9.55e-02  0.1494329778  5.011447e-01 0.90299999999999999999
1  1.00e-01  0.1494329629  5.011447e-01 0.90299999999999999999
1  1.05e-01  0.1494329621  5.011447e-01 0.90299999999999999999
1  1.10e-01  0.1494329669  5.011447e-01 0.90299999999999999999
1  1.15e-01  0.1494342025  5.011447e-01 0.90299999999999999999
1  1.20e-01  0.1494330732  5.011447e-01 0.90299999999999999999
1  1.26e-01  0.1494330169  5.011447e-01 0.90299999999999999999
1  1.32e-01  0.1494329194  5.011447e-01 0.90299999999999999999
1  1.38e-01  0.1494330392  5.011447e-01 0.90299999999999999999
1  1.45e-01  0.1494328519  5.011447e-01 0.90299999999999999999
1  1.51e-01  0.1494328557  5.011447e-01 0.90299999999999999999
1  1.58e-01  0.1494329647  5.011447e-01 0.90299999999999999999
1  1.66e-01  0.1494730033  5.011447e-01 0.90299999999999999999
1  1.74e-01  0.1494330364  5.011447e-01 0.90299999999999999999
1  1.82e-01  0.1494333224  5.011447e-01 0.90299999999999999999
1  1.91e-01  0.1494330644  5.011447e-01 0.90299999999999999999
1  2.00e-01  0.1494332839  5.011447e-01 0.90299999999999999999
1  2.09e-01  0.1494329318  5.011447e-01 0.90299999999999999999
1  2.19e-01  0.1494328861  5.011447e-01 0.90299999999999999999
1  2.29e-01  0.149433266  5.011447e-01 0.90299999999999999999
1  2.40e-01  0.1494332719  5.011447e-01 0.90299999999999999999
1  2.51e-01  0.1494329652  5.011447e-01 0.90299999999999999999
1  2.63e-01  0.1494329763  5.011447e-01 0.90299999999999999999
1  2.75e-01  0.1494328706  5.011447e-01 0.90299999999999999999
1  2.88e-01  0.1494330381  5.011447e-01 0.90299999999999999999
1  3.02e-01  0.1494332315  5.011447e-01 0.90299999999999999999
1  3.16e-01  0.1494335398  5.011447e-01 0.90299999999999999999
1  3.31e-01  0.1494331966  5.011447e-01 0.90299999999999999999
1  3.47e-01  0.1494333272  5.011447e-01 0.90299999999999999999
1  3.63e-01  0.1494335963  5.011447e-01 0.90299999999999999999
1  3.80e-01  0.1494329854  5.011447e-01 0.90299999999999999999
1  3.98e-01  0.1494330589  5.011447e-01 0.90299999999999999999
1  4.17e-01  0.1494328072  5.011447e-01 0.90299999999999999999
1  4.37e-01  0.1494334164  5.011447e-01 0.90299999999999999999
1  4.57e-01  0.1494334456  5.011447e-01 0.90299999999999999999
1  4.79e-01  0.1494332347  5.011447e-01 0.90299999999999999999
1  5.01e-01  0.1494332217  5.011447e-01 0.90299999999999999999
1  5.25e-01  0.1494328443  5.011447e-01 0.90299999999999999999
1  5.50e-01  0.1494329725  5.011447e-01 0.90299999999999999999
1  5.75e-01  0.1494340265  5.011447e-01 0.90299999999999999999
1  6.03e-01  0.1494338099  5.011447e-01 0.90299999999999999999
1  6.31e-01  0.149435776  5.011447e-01 0.90299999999999999999
1  6.61e-01  0.1494340685  5.011447e-01 0.90299999999999999999
1  6.92e-01  0.1494331326  5.011447e-01 0.90299999999999999999
1  7.24e-01  0.1494274999  5.011447e-01 0.90299999999999999999
1  7.59e-01  0.149432902  5.011447e-01 0.90299999999999999999
1  7.94e-01  0.1493972501  5.011447e-01 0.90299999999999999999
1  8.32e-01  0.1494331791  5.011447e-01 0.90299999999999999999
1  8.71e-01  0.1494336499  5.011447e-01 0.90299999999999999999
1  9.12e-01  0.1494332999  5.011447e-01 0.90299999999999999999
1  9.55e-01  0.1494343514  5.011447e-01 0.90299999999999999999
1  1.00e+00  0.1494343126  5.011447e-01 0.90299999999999999999
1  1.05e+00  0.1494331476  5.011447e-01 0.90299999999999999999
1  1.10e+00  0.1494344522  5.011447e-01 0.90299999999999999999
1  1.15e+00  0.1494406541  5.011447e-01 0.90299999999999999999
1  1.20e+00  0.1494341107  5.011447e-01 0.90299999999999999999
1  1.26e+00  0.1494343163  5.011447e-01 0.90299999999999999999
1  1.32e+00  0.1494343547  5.011447e-01 0.90299999999999999999
1  1.38e+00  0.1494334419  5.011447e-01 0.90299999999999999999
1  1.45e+00  0.1494333379  5.011447e-01 0.90299999999999999999
1  1.51e+00  0.1494352727  5.011447e-01 0.90299999999999999999
1  1.58e+00  0.149433284  5.011447e-01 0.90299999999999999999
1  1.66e+00  0.1494351717  5.011447e-01 0.90299999999999999999
1  1.74e+00  0.1494268866  5.011447e-01 0.90299999999999999999
1  1.82e+00  0.1494342863  5.011447e-01 0.90299999999999999999
1  1.91e+00  0.1494352879  5.011447e-01 0.90299999999999999999
1  2.00e+00  0.1494356717  5.011447e-01 0.90299999999999999999
1  2.09e+00  0.1494341058  5.011447e-01 0.90299999999999999999
1  2.19e+00  0.1494361559  5.011447e-01 0.90299999999999999999
1  2.29e+00  0.1494382773  5.011447e-01 0.90299999999999999999
1  2.40e+00  0.1494363063  5.011447e-01 0.90299999999999999999
1  2.51e+00  0.1494366322  5.011447e-01 0.90299999999999999999
1  2.63e+00  0.1494383843  5.011447e-01 0.90299999999999999999
1  2.75e+00  0.1494384188  5.011447e-01 0.90299999999999999999
1  2.88e+00  0.1494192098  5.011447e-01 0.90299999999999999999
1  3.02e+00  0.1494862568  5.011447e-01 0.90299999999999999999
1  3.16e+00  0.1493967019  5.011447e-01 0.90299999999999999999
1  3.31e+00  0.149442814  5.011447e-01 0.90299999999999999999
1  3.47e+00  0.1494395313  5.011447e-01 0.90299999999999999999
1  3.63e+00  0.1494331916  5.011447e-01 0.90299999999999999999
1  3.80e+00  0.1494358461  5.011447e-01 0.90299999999999999999
1  3.98e+00  0.1494364323  5.011447e-01 0.90299999999999999999
1  4.17e+00  0.1494375388  5.011447e-01 0.90299999999999999999
1  4.37e+00  0.1494333723  5.011447e-01 0.90299999999999999999
1  4.57e+00  0.1494381452  5.011447e-01 0.90299999999999999999
1  4.79e+00  0.1494379223  5.011447e-01 0.90299999999999999999
1  5.01e+00  0.1494394625  5.011447e-01 0.90299999999999999999
1  5.25e+00  0.149434227  5.011447e-01 0.90299999999999999999
1  5.50e+00  0.1492348955  5.011447e-01 0.90299999999999999999
1  5.75e+00  0.1494181948  5.011447e-01 0.90299999999999999999
1  6.03e+00  0.1494372491  5.011447e-01 0.90299999999999999999
1  6.31e+00  0.1494365629  5.011447e-01 0.90299999999999999999
1  6.61e+00  0.1494362259  5.011447e-01 0.90299999999999999999
1  6.92e+00  0.1494426892  5.011447e-01 0.90299999999999999999
1  7.24e+00  0.149430757  5.011447e-01 0.90299999999999999999
1  7.59e+00  0.1494364373  5.011447e-01 0.90299999999999999999
1  7.94e+00  0.1494342568  5.011447e-01 0.90299999999999999999
1  8.32e+00  0.1494414842  5.011447e-01 0.90299999999999999999
1  8.71e+00  0.1494308194  5.011447e-01 0.90299999999999999999
1  9.12e+00  0.1492778422  5.011447e-01 0.90299999999999999999
1  9.55e+00  0.1494565415  5.011447e-01 0.90299999999999999999
1  1.00e+01  0.149359435  5.011447e-01 0.90299999999999999999
1  1.05e+01  0.149585043  5.011447e-01 0.90299999999999999999
1  1.10e+01  0.1492590067  5.011447e-01 0.90299999999999999999
1  1.15e+01  0.1494416003  5.011447e-01 0.90299999999999999999
1  1.20e+01  0.1494486461  5.011447e-01 0.90299999999999999999
1  1.26e+01  0.1494513748  5.011447e-01 0.90299999999999999999
1  1.32e+01  0.149444993  5.011447e-01 0.90299999999999999999
1  1.38e+01  0.1494425161  5.011447e-01 0.90299999999999999999
1  1.45e+01  0.1494402513  5.011447e-01 0.90299999999999999999
1  1.51e+01  0.1494362873  5.011447e-01 0.90299999999999999999
1  1.58e+01  0.1494513589  5.011447e-01 0.90299999999999999999
1  1.66e+01  0.149432942  5.011447e-01 0.90299999999999999999
1  1.74e+01  0.1486296208  5.011447e-01 0.90299999999999999999
1  1.82e+01  0.1495020679  5.011447e-01 0.90299999999999999999
1  1.91e+01  0.1494340608  5.011447e-01 0.90299999999999999999
1  2.00e+01  0.1494643318  5.011447e-01 0.90299999999999999999
1  2.09e+01  0.1496485807  5.011447e-01 0.90299999999999999999
1  2.19e+01  0.1489127254  5.011447e-01 0.90299999999999999999
1  2.29e+01  0.1500073202  5.011447e-01 0.90299999999999999999
1  2.40e+01  0.1498910332  5.011447e-01 0.90299999999999999999
1  2.51e+01  0.1490514572  5.011447e-01 0.90299999999999999999
1  2.63e+01  0.1497996553  5.011447e-01 0.90299999999999999999
1  2.75e+01  0.1500045558  5.011447e-01 0.90299999999999999999
1  2.88e+01  0.1492041437  5.011447e-01 0.90299999999999999999
1  3.02e+01  0.1490879737  5.011447e-01 0.90299999999999999999
1  3.16e+01  0.1490878927  5.011447e-01 0.90299999999999999999
1  3.31e+01  0.149631158  5.011447e-01 0.90299999999999999999
1  3.47e+01  0.1494806052  5.011447e-01 0.90299999999999999999
1  3.63e+01  0.1495312794  5.011447e-01 0.90299999999999999999
1  3.80e+01  0.1497267194  5.011447e-01 0.90299999999999999999
1  3.98e+01  0.1497267207  5.011447e-01 0.90299999999999999999
1  4.17e+01  0.1494220104  5.011447e-01 0.90299999999999999999
1  4.37e+01  0.1489504702  5.011447e-01 0.90299999999999999999
1  4.57e+01  0.1488709341  5.011447e-01 0.90299999999999999999
1  4.79e+01  0.1492577369  5.011447e-01 0.90299999999999999999
1  5.01e+01  0.1497565429  5.011447e-01 0.90299999999999999999
1  5.25e+01  0.1495122153  5.011447e-01 0.90299999999999999999
1  5.50e+01  0.1493219851  5.011447e-01 0.90299999999999999999
1  5.75e+01  0.1494064045  5.011447e-01 0.90299999999999999999
1  6.03e+01  0.1499857668  5.011447e-01 0.90299999999999999999
1  6.31e+01  0.1489140453  5.011447e-01 0.90299999999999999999
1  6.61e+01  0.1494601602  5.011447e-01 0.90299999999999999999
1  6.92e+01  0.1495365506  5.011447e-01 0.90299999999999999999
1  7.24e+01  0.1496076848  5.011447e-01 0.90299999999999999999
1  7.59e+01  0.1492785925  5.011447e-01 0.90299999999999999999
1  7.94e+01  0.1498233252  5.011447e-01 0.90299999999999999999
1  8.32e+01  0.1496162896  5.011447e-01 0.90299999999999999999
1  8.71e+01  0.1496189416  5.011447e-01 0.90299999999999999999
1  9.12e+01  0.1494145669  5.011447e-01 0.90299999999999999999
1  9.55e+01  0.1495711189  5.011447e-01 0.90299999999999999999
1  1.00e+02  0.1498213401  5.011447e-01 0.90299999999999999999
1  1.05e+02  0.1492796818  5.011447e-01 0.90299999999999999999
1  1.10e+02  0.1495665497  5.011447e-01 0.90299999999999999999
1  1.15e+02  0.1495088544  5.011447e-01 0.90299999999999999999
1  1.20e+02  0.1494756314  5.011447e-01 0.90299999999999999999
1  1.26e+02  0.1497078693  5.011447e-01 0.90299999999999999999
1  1.32e+02  0.1495016505  5.011447e-01 0.90299999999999999999
1  1.38e+02  0.1495997028  5.011447e-01 0.90299999999999999999
1  1.45e+02  0.1495448144  5.011447e-01 0.90299999999999999999
1  1.51e+02  0.1495258958  5.011447e-01 0.90299999999999999999
1  1.58e+02  0.1490628232  5.011447e-01 0.90299999999999999999
1  1.66e+02  0.1494437312  5.011447e-01 0.90299999999999999999
1  1.74e+02  0.1496389095  5.011447e-01 0.90299999999999999999
1  1.82e+02  0.1497745303  5.011447e-01 0.90299999999999999999
1  1.91e+02  0.1496470946  5.011447e-01 0.90299999999999999999
1  2.00e+02  0.1493536767  5.011447e-01 0.90299999999999999999
1  2.09e+02  0.1499730932  5.011447e-01 0.90299999999999999999
1  2.19e+02  0.149552205  5.011447e-01 0.90299999999999999999
1  2.29e+02  0.1493828504  5.011447e-01 0.90299999999999999999
1  2.40e+02  0.1494671586  5.011447e-01 0.90299999999999999999
1  2.51e+02  0.1497653163  5.011447e-01 0.90299999999999999999
1  2.63e+02  0.1500977239  5.011447e-01 0.90299999999999999999
1  2.75e+02  0.1497000235  5.011447e-01 0.90299999999999999999
1  2.88e+02  0.1496167568  5.011447e-01 0.90299999999999999999
1  3.02e+02  0.1499421727  5.011447e-01 0.90299999999999999999
1  3.16e+02  0.1496451722  5.011447e-01 0.90299999999999999999
1  3.31e+02  0.1492828546  5.011447e-01 0.90299999999999999999
1  3.47e+02  0.1500921417  5.011447e-01 0.90299999999999999999
1  3.63e+02  0.1499039812  5.011447e-01 0.90299999999999999999
1  3.80e+02  0.1494964226  5.011447e-01 0.90299999999999999999
1  3.98e+02  0.1495726447  5.011447e-01 0.90299999999999999999
1  4.17e+02  0.1495469411  5.011447e-01 0.90299999999999999999
1  4.37e+02  0.1495145225  5.011447e-01 0.90299999999999999999
1  4.57e+02  0.1500311154  5.011447e-01 0.90299999999999999999
1  4.79e+02  0.1504584476  5.011447e-01 0.90299999999999999999
1  5.01e+02  0.1499366444  5.011447e-01 0.90299999999999999999
1  5.25e+02  0.1494583359  5.011447e-01 0.90299999999999999999
1  5.50e+02  0.1499224195  5.011447e-01 0.90299999999999999999
1  5.75e+02  0.1505008762  5.011447e-01 0.90299999999999999999
1  6.03e+02  0.1498078016  5.011447e-01 0.90299999999999999999
1  6.31e+02  0.1489986753  5.011447e-01 0.90299999999999999999
1  6.61e+02  0.1500337664  5.011447e-01 0.90299999999999999999
1  6.92e+02  0.1500400141  5.011447e-01 0.90299999999999999999
1  7.24e+02  0.1504956505  5.011447e-01 0.90299999999999999999
1  7.59e+02  0.1495916515  5.011447e-01 0.90299999999999999999
1  7.94e+02  0.1497423602  5.011447e-01 0.90299999999999999999
1  8.32e+02  0.1498118557  5.011447e-01 0.90299999999999999999
1  8.71e+02  0.1513548072  5.011447e-01 0.90299999999999999999
1  9.12e+02  0.1495345805  5.011447e-01 0.90299999999999999999
1  9.55e+02  0.1505177451  5.011447e-01 0.90299999999999999999
1  1.00e+03  0.148582696  5.011447e-01 0.90299999999999999999
1  1.05e+03  0.1472076742  5.011447e-01 0.90299999999999999999
1  1.10e+03  0.1537742192  5.011447e-01 0.90299999999999999999
1  1.15e+03  0.149963036  5.011447e-01 0.90299999999999999999
1  1.20e+03  0.1539101367  5.011447e-01 0.90299999999999999999
1  1.26e+03  0.1507926683  5.011447e-01 0.90299999999999999999
1  1.32e+03  0.1453798221  5.011447e-01 0.90299999999999999999
1  1.38e+03  0.1428366808  5.011447e-01 0.90299999999999999999
1  1.45e+03  0.158190211  5.011447e-01 0.90299999999999999999
1  1.51e+03  0.153099908  5.011447e-01 0.90299999999999999999
1  1.58e+03  0.1494913678  5.011447e-01 0.90299999999999999999
1  1.66e+03  0.1483023701  5.011447e-01 0.90299999999999999999
1  1.74e+03  0.144873182  5.011447e-01 0.90299999999999999999
1  1.82e+03  0.1552417029  5.011447e-01 0.90299999999999999999
1  1.91e+03  0.1369263846  5.011447e-01 0.90299999999999999999
1  2.00e+03  0.1468140948  5.011447e-01 0.90299999999999999999
1  2.09e+03  0.131041844  5.011447e-01 0.90299999999999999999
1  2.19e+03  0.1341319136  5.011447e-01 0.90299999999999999999
1  2.29e+03  0.1396827713  5.011447e-01 0.90299999999999999999
1  2.40e+03  0.1411746639  5.011447e-01 0.90299999999999999999
1  2.51e+03  0.1849901872  5.011447e-01 0.90299999999999999999
1  2.63e+03  0.202461294  5.011447e-01 0.90299999999999999999
1  2.75e+03  0.1687455113  5.011447e-01 0.90299999999999999999
1  2.88e+03  0.1801441887  5.011447e-01 0.90299999999999999999
1  3.02e+03  0.2346091965  5.011447e-01 0.90299999999999999999
1  3.16e+03  0.2195262013  5.011447e-01 0.90299999999999999999
1  3.31e+03  0.1968870927  5.011447e-01 0.90299999999999999999
1  3.47e+03  0.1905966937  5.011447e-01 0.90299999999999999999
1  3.63e+03  0.2114437184  5.011447e-01 0.90299999999999999999
1  3.80e+03  0.1399124398  5.011447e-01 0.90299999999999999999
1  3.98e+03  0.1292796353  5.011447e-01 0.90299999999999999999
1  4.17e+03  0.1675837441  5.011447e-01 0.90299999999999999999
1  4.37e+03  0.1328945901  5.011447e-01 0.90299999999999999999
1  4.57e+03  0.1522351271  5.011447e-01 0.90299999999999999999
1  4.79e+03  0.1200940003  5.011447e-01 0.90299999999999999999
1  5.01e+03  0.1903272786  5.011447e-01 0.90299999999999999999
1  5.25e+03  0.1871917727  5.011447e-01 0.90299999999999999999
1  5.50e+03  0.2055408859  5.011447e-01 0.90299999999999999999
1  5.75e+03  0.2345114435  5.011447e-01 0.90299999999999999999
1  6.03e+03  0.2430083863  5.011447e-01 0.90299999999999999999
1  6.31e+03  0.1899165929  5.011447e-01 0.90299999999999999999
1  6.61e+03  0.1441317537  5.011447e-01 0.90299999999999999999
1  6.92e+03  0.2097863933  5.011447e-01 0.90299999999999999999
1  7.24e+03  0.2694423054  5.011447e-01 0.90299999999999999999
1  7.59e+03  0.2096713789  5.011447e-01 0.90299999999999999999
1  7.94e+03  0.1746082216  5.011447e-01 0.90299999999999999999
1  8.32e+03  0.2563728988  5.011447e-01 0.90299999999999999999
1  8.71e+03  0.2580761896  5.011447e-01 0.90299999999999999999
1  9.12e+03  0.190524316  5.011447e-01 0.90299999999999999999
1  9.55e+03  0.3107719087  5.011447e-01 0.90299999999999999999
1  1.00e+04  0.3264581349  5.011447e-01 0.90299999999999999999
1  1.05e+04  0.1422363493  5.011447e-01 0.90299999999999999999
1  1.10e+04  0.1931810813  5.011447e-01 0.90299999999999999999
1  1.15e+04  0.2448314645  5.011447e-01 0.90299999999999999999
1  1.20e+04  0.2629477015  5.011447e-01 0.90299999999999999999
1  1.26e+04  0.4750681536  5.011447e-01 0.90299999999999999999
1  1.32e+04  0.232376469  5.011447e-01 0.90299999999999999999
1  1.38e+04  0.4639126139  5.011447e-01 0.90299999999999999999
1  1.45e+04  0.2528467462  5.011447e-01 0.90299999999999999999
1  1.51e+04  0.4147031926  5.011447e-01 0.90299999999999999999
1  1.58e+04  0.2631724537  5.011447e-01 0.90299999999999999999
1  1.66e+04  0.1574253306  5.011447e-01 0.90299999999999999999
1  1.74e+04  0.2814518424  5.011447e-01 0.90299999999999999999
1  1.82e+04  0.4180418693  5.011447e-01 0.90299999999999999999
1  1.91e+04  0.5450181308  5.011447e-01 0.90299999999999999999
1  2.00e+04  0.2249630935  5.011447e-01 0.90299999999999999999
1  2.09e+04  0.2951701689  5.011447e-01 0.90299999999999999999
1  2.19e+04  0.5306751405  5.011447e-01 0.90299999999999999999
1  2.29e+04  0.2104510229  5.011447e-01 0.90299999999999999999
1  2.40e+04  0.3934993692  5.011447e-01 0.90299999999999999999
1  2.51e+04  0.678742475  5.011447e-01 0.90299999999999999999
1  2.63e+04  0.2297940451  5.011447e-01 0.90299999999999999999
1  2.75e+04  0.274103131  5.011447e-01 0.90299999999999999999
1  2.88e+04  0.1828295809  5.011447e-01 0.90299999999999999999
1  3.02e+04  0.5292455188  5.011447e-01 0.90299999999999999999
1  3.16e+04  0.4710544755  5.011447e-01 0.90299999999999999999
1  3.31e+04  0.2670821979  5.011447e-01 0.90299999999999999999
1  3.47e+04  0.2190235831  5.011447e-01 0.90299999999999999999
1  3.63e+04  0.3973755295  5.011447e-01 0.90299999999999999999
1  3.80e+04  0.2288248174  5.011447e-01 0.90299999999999999999
1  3.98e+04  0.6837009767  5.011447e-01 0.90299999999999999999
1  4.17e+04  0.2073622303  5.011447e-01 0.90299999999999999999
1  4.37e+04  0.526309686  5.011447e-01 0.90299999999999999999
1  4.57e+04  0.2792249638  5.011447e-01 0.90299999999999999999
1  4.79e+04  0.2264632889  5.011447e-01 0.90299999999999999999
1  5.01e+04  0.1738767941  5.011447e-01 0.90299999999999999999
1  5.25e+04  0.465955333  5.011447e-01 0.90299999999999999999
1  5.50e+04  0.2649090048  5.011447e-01 0.90299999999999999999
1  5.75e+04  0.3864531216  5.011447e-01 0.90299999999999999999
1  6.03e+04  0.6765878308  5.011447e-01 0.90299999999999999999
1  6.31e+04  0.2517918963  5.011447e-01 0.90299999999999999999
1  6.61e+04  0.3728465883  5.011447e-01 0.90299999999999999999
1  6.92e+04  0.5977341325  5.011447e-01 0.90299999999999999999
1  7.24e+04  0.2778623269  5.011447e-01 0.90299999999999999999
1  7.59e+04  0.154397534  5.011447e-01 0.90299999999999999999
1  7.94e+04  0.2740030307  5.011447e-01 0.90299999999999999999
1  8.32e+04  0.244550585  5.011447e-01 0.90299999999999999999
1  8.71e+04  0.2196228526  5.011447e-01 0.90299999999999999999
1  9.12e+04  0.2835450663  5.011447e-01 0.90299999999999999999
1  9.55e+04  0.2421117433  5.011447e-01 0.90299999999999999999
1  1.00e+05  0.1454878127  5.011447e-01 0.90299999999999999999
1  1.05e+05  0.2183586856  5.011447e-01 0.90299999999999999999
1  1.10e+05  0.4169992489  5.011447e-01 0.90299999999999999999
1  1.15e+05  0.4887081262  5.011447e-01 0.90299999999999999999
1  1.20e+05  0.3586448645  5.011447e-01 0.90299999999999999999
1  1.26e+05  0.2125038048  5.011447e-01 0.90299999999999999999
1  1.32e+05  0.2345401577  5.011447e-01 0.90299999999999999999
1  1.38e+05  0.4035391282  5.011447e-01 0.90299999999999999999
1  1.45e+05  0.5537828609  5.011447e-01 0.90299999999999999999
1  1.51e+05  0.5596860179  5.011447e-01 0.90299999999999999999
1  1.58e+05  0.4339227352  5.011447e-01 0.90299999999999999999
1  1.66e+05  0.2841951331  5.011447e-01 0.90299999999999999999
1  1.74e+05  0.2115478906  5.011447e-01 0.90299999999999999999
1  1.82e+05  0.2451767123  5.011447e-01 0.90299999999999999999
1  1.91e+05  0.3444563227  5.011447e-01 0.90299999999999999999
1  2.00e+05  0.4418694424  5.011447e-01 0.90299999999999999999
1  2.09e+05  0.4863293465  5.011447e-01 0.90299999999999999999
1  2.19e+05  0.463274616  5.011447e-01 0.90299999999999999999
1  2.29e+05  0.3904296811  5.011447e-01 0.90299999999999999999
1  2.40e+05  0.300768563  5.011447e-01 0.90299999999999999999
1  2.51e+05  0.2252045454  5.011447e-01 0.90299999999999999999
1  2.63e+05  0.1821964932  5.011447e-01 0.90299999999999999999
1  2.75e+05  0.1754849394  5.011447e-01 0.90299999999999999999
1  2.88e+05  0.1975145821  5.011447e-01 0.90299999999999999999
1  3.02e+05  0.2351202044  5.011447e-01 0.90299999999999999999
1  3.16e+05  0.2747882015  5.011447e-01 0.90299999999999999999
1  3.31e+05  0.3061201553  5.011447e-01 0.90299999999999999999
1  3.47e+05  0.3232656703  5.011447e-01 0.90299999999999999999
1  3.63e+05  0.3247667663  5.011447e-01 0.90299999999999999999
1  3.80e+05  0.3124858514  5.011447e-01 0.90299999999999999999
1  3.98e+05  0.2902271043  5.011447e-01 0.90299999999999999999
1  4.17e+05  0.2624695464  5.011447e-01 0.90299999999999999999
1  4.37e+05  0.233424612  5.011447e-01 0.90299999999999999999
1  4.57e+05  0.2064709139  5.011447e-01 0.90299999999999999999
1  4.79e+05  0.1839207821  5.011447e-01 0.90299999999999999999
1  5.01e+05  0.1670294611  5.011447e-01 0.90299999999999999999
1  5.25e+05  0.1561518156  5.011447e-01 0.90299999999999999999
1  5.50e+05  0.1509661434  5.011447e-01 0.90299999999999999999
1  5.75e+05  0.1507073341  5.011447e-01 0.90299999999999999999
1  6.03e+05  0.1543740807  5.011447e-01 0.90299999999999999999
1  6.31e+05  0.1608931462  5.011447e-01 0.90299999999999999999
1  6.61e+05  0.1694723612  5.011447e-01 0.90299999999999999999
1  6.92e+05  0.1793951215  5.011447e-01 0.90299999999999999999
1  7.24e+05  0.1892845003  5.011447e-01 0.90299999999999999999
1  7.59e+05  0.1986653917  5.011447e-01 0.90299999999999999999
1  7.94e+05  0.2068273941  5.011447e-01 0.90299999999999999999
1  8.32e+05  0.2136108317  5.011447e-01 0.90299999999999999999
1  8.71e+05  0.2188886288  5.011447e-01 0.90299999999999999999
1  9.12e+05  0.2226576315  5.011447e-01 0.90299999999999999999
1  9.55e+05  0.2250060546  5.011447e-01 0.90299999999999999999
1  1.00e+06  0.2260404972  5.011447e-01 0.90299999999999999999
1  1.05e+06  0.2259218026  5.011447e-01 0.90299999999999999999
1  1.10e+06  0.2248248635  5.011447e-01 0.90299999999999999999
1  1.15e+06  0.2229254705  5.011447e-01 0.90299999999999999999
1  1.20e+06  0.2203912775  5.011447e-01 0.90299999999999999999
1  1.26e+06  0.2173760776  5.011447e-01 0.90299999999999999999
1  1.32e+06  0.2140166257  5.011447e-01 0.90299999999999999999
1  1.38e+06  0.2104313416  5.011447e-01 0.90299999999999999999
1  1.45e+06  0.2067203345  5.011447e-01 0.90299999999999999999
1  1.51e+06  0.202966306  5.011447e-01 0.90299999999999999999
1  1.58e+06  0.1992359893  5.011447e-01 0.90299999999999999999
1  1.66e+06  0.1955818714  5.011447e-01 0.90299999999999999999
1  1.74e+06  0.192044018  5.011447e-01 0.90299999999999999999
1  1.82e+06  0.1886518782  5.011447e-01 0.90299999999999999999
1  1.91e+06  0.1854259882  5.011447e-01 0.90299999999999999999
1  2.00e+06  0.1824672453  5.011447e-01 0.90299999999999999999
1  2.09e+06  0.1796017628  5.011447e-01 0.90299999999999999999
1  2.19e+06  0.1769254779  5.011447e-01 0.90299999999999999999
1  2.29e+06  0.174437206  5.011447e-01 0.90299999999999999999
1  2.40e+06  0.1721329129  5.011447e-01 0.90299999999999999999
1  2.51e+06  0.1700064509  5.011447e-01 0.90299999999999999999
1  2.63e+06  0.1680501648  5.011447e-01 0.90299999999999999999
1  2.75e+06  0.1662553841  5.011447e-01 0.90299999999999999999
1  2.88e+06  0.1646128173  5.011447e-01 0.90299999999999999999
1  3.02e+06  0.1631128632  5.011447e-01 0.90299999999999999999
1  3.16e+06  0.1617458531  5.011447e-01 0.90299999999999999999
1  3.31e+06  0.1605022347  5.011447e-01 0.90299999999999999999
1  3.47e+06  0.1593727098  5.011447e-01 0.90299999999999999999
1  3.63e+06  0.1583483327  5.011447e-01 0.90299999999999999999
1  3.80e+06  0.1574205785  5.011447e-01 0.90299999999999999999
1  3.98e+06  0.1566066971  5.011447e-01 0.90299999999999999999
1  4.17e+06  0.1558462427  5.011447e-01 0.90299999999999999999
1  4.37e+06  0.1551598919  5.011447e-01 0.90299999999999999999
1  4.57e+06  0.1545410539  5.011447e-01 0.90299999999999999999
1  4.79e+06  0.1539836246  5.011447e-01 0.90299999999999999999
1  5.01e+06  0.1534819703  5.011447e-01 0.90299999999999999999
1  5.25e+06  0.1530309074  5.011447e-01 0.90299999999999999999
1  5.50e+06  0.152625679  5.011447e-01 0.90299999999999999999
1  5.75e+06  0.1522619302  5.011447e-01 0.90299999999999999999
1  6.03e+06  0.1519356824  5.011447e-01 0.90299999999999999999
1  6.31e+06  0.151643307  5.011447e-01 0.90299999999999999999
1  6.61e+06  0.1513815005  5.011447e-01 0.90299999999999999999
1  6.92e+06  0.1511472594  5.011447e-01 0.90299999999999999999
1  7.24e+06  0.1509378568  5.011447e-01 0.90299999999999999999
1  7.59e+06  0.1507508195  5.011447e-01 0.90299999999999999999
1  7.94e+06  0.1505899172  5.011447e-01 0.90299999999999999999
1  8.32e+06  0.150440542  5.011447e-01 0.90299999999999999999
1  8.71e+06  0.1503074816  5.011447e-01 0.90299999999999999999
1  9.12e+06  0.1501890746  5.011447e-01 0.90299999999999999999
1  9.55e+06  0.1500838207  5.011447e-01 0.90299999999999999999
1  1.00e+07  0.1499903661  5.011447e-01 0.90299999999999999999
