1  1.00e-03  0.4517844672  5.455429e-01 0.98299999999999999997
1  1.05e-03  0.4517844732  5.455429e-01 0.98299999999999999997
1  1.10e-03  0.4517844723  5.455429e-01 0.98299999999999999997
1  1.15e-03  0.4517844647  5.455429e-01 0.98299999999999999997
1  1.20e-03  0.4517844712  5.455429e-01 0.98299999999999999997
1  1.26e-03  0.4517844736  5.455429e-01 0.98299999999999999997
1  1.32e-03  0.4517844703  5.455429e-01 0.98299999999999999997
1  1.38e-03  0.4517844694  5.455429e-01 0.98299999999999999997
1  1.45e-03  0.4517844672  5.455429e-01 0.98299999999999999997
1  1.51e-03  0.4517844727  5.455429e-01 0.98299999999999999997
1  1.58e-03  0.4517844703  5.455429e-01 0.98299999999999999997
1  1.66e-03  0.4517844721  5.455429e-01 0.98299999999999999997
1  1.74e-03  0.4517844743  5.455429e-01 0.98299999999999999997
1  1.82e-03  0.4517844729  5.455429e-01 0.98299999999999999997
1  1.91e-03  0.4517844671  5.455429e-01 0.98299999999999999997
1  2.00e-03  0.4517844685  5.455429e-01 0.98299999999999999997
1  2.09e-03  0.4517844733  5.455429e-01 0.98299999999999999997
1  2.19e-03  0.4517844723  5.455429e-01 0.98299999999999999997
1  2.29e-03  0.4517844671  5.455429e-01 0.98299999999999999997
1  2.40e-03  0.4517844663  5.455429e-01 0.98299999999999999997
1  2.51e-03  0.4517844721  5.455429e-01 0.98299999999999999997
1  2.63e-03  0.4517844743  5.455429e-01 0.98299999999999999997
1  2.75e-03  0.4517844712  5.455429e-01 0.98299999999999999997
1  2.88e-03  0.4517844675  5.455429e-01 0.98299999999999999997
1  3.02e-03  0.4517844711  5.455429e-01 0.98299999999999999997
1  3.16e-03  0.4517844717  5.455429e-01 0.98299999999999999997
1  3.31e-03  0.4517844687  5.455429e-01 0.98299999999999999997
1  3.47e-03  0.451784472  5.455429e-01 0.98299999999999999997
1  3.63e-03  0.4517844687  5.455429e-01 0.98299999999999999997
1  3.80e-03  0.4517844689  5.455429e-01 0.98299999999999999997
1  3.98e-03  0.4517844749  5.455429e-01 0.98299999999999999997
1  4.17e-03  0.4517844656  5.455429e-01 0.98299999999999999997
1  4.37e-03  0.4517844703  5.455429e-01 0.98299999999999999997
1  4.57e-03  0.4517844733  5.455429e-01 0.98299999999999999997
1  4.79e-03  0.4517844685  5.455429e-01 0.98299999999999999997
1  5.01e-03  0.4517844718  5.455429e-01 0.98299999999999999997
1  5.25e-03  0.4517844699  5.455429e-01 0.98299999999999999997
1  5.50e-03  0.4517844498  5.455429e-01 0.98299999999999999997
1  5.75e-03  0.4517844662  5.455429e-01 0.98299999999999999997
1  6.03e-03  0.451784463  5.455429e-01 0.98299999999999999997
1  6.31e-03  0.4517844665  5.455429e-01 0.98299999999999999997
1  6.61e-03  0.4517844694  5.455429e-01 0.98299999999999999997
1  6.92e-03  0.4517844634  5.455429e-01 0.98299999999999999997
1  7.24e-03  0.4517844649  5.455429e-01 0.98299999999999999997
1  7.59e-03  0.4517844636  5.455429e-01 0.98299999999999999997
1  7.94e-03  0.4517844636  5.455429e-01 0.98299999999999999997
1  8.32e-03  0.4517844613  5.455429e-01 0.98299999999999999997
1  8.71e-03  0.4517844686  5.455429e-01 0.98299999999999999997
1  9.12e-03  0.4517844539  5.455429e-01 0.98299999999999999997
1  9.55e-03  0.4517844542  5.455429e-01 0.98299999999999999997
1  1.00e-02  0.4517844646  5.455429e-01 0.98299999999999999997
1  1.05e-02  0.4517844557  5.455429e-01 0.98299999999999999997
1  1.10e-02  0.4517844199  5.455429e-01 0.98299999999999999997
1  1.15e-02  0.4517844668  5.455429e-01 0.98299999999999999997
1  1.20e-02  0.4517844506  5.455429e-01 0.98299999999999999997
1  1.26e-02  0.4517844582  5.455429e-01 0.98299999999999999997
1  1.32e-02  0.4517844883  5.455429e-01 0.98299999999999999997
1  1.38e-02  0.4517844661  5.455429e-01 0.98299999999999999997
1  1.45e-02  0.4517844624  5.455429e-01 0.98299999999999999997
1  1.51e-02  0.451784458  5.455429e-01 0.98299999999999999997
1  1.58e-02  0.4517844644  5.455429e-01 0.98299999999999999997
1  1.66e-02  0.4517844658  5.455429e-01 0.98299999999999999997
1  1.74e-02  0.4517844523  5.455429e-01 0.98299999999999999997
1  1.82e-02  0.4517844619  5.455429e-01 0.98299999999999999997
1  1.91e-02  0.4517844429  5.455429e-01 0.98299999999999999997
1  2.00e-02  0.4517844328  5.455429e-01 0.98299999999999999997
1  2.09e-02  0.4517844593  5.455429e-01 0.98299999999999999997
1  2.19e-02  0.4517844418  5.455429e-01 0.98299999999999999997
1  2.29e-02  0.4517844545  5.455429e-01 0.98299999999999999997
1  2.40e-02  0.4517694562  5.455429e-01 0.98299999999999999997
1  2.51e-02  0.4517844603  5.455429e-01 0.98299999999999999997
1  2.63e-02  0.4517844617  5.455429e-01 0.98299999999999999997
1  2.75e-02  0.4517844085  5.455429e-01 0.98299999999999999997
1  2.88e-02  0.4517844166  5.455429e-01 0.98299999999999999997
1  3.02e-02  0.4517844387  5.455429e-01 0.98299999999999999997
1  3.16e-02  0.4517844772  5.455429e-01 0.98299999999999999997
1  3.31e-02  0.4517844869  5.455429e-01 0.98299999999999999997
1  3.47e-02  0.4517844419  5.455429e-01 0.98299999999999999997
1  3.63e-02  0.4517844709  5.455429e-01 0.98299999999999999997
1  3.80e-02  0.4517844117  5.455429e-01 0.98299999999999999997
1  3.98e-02  0.4517844692  5.455429e-01 0.98299999999999999997
1  4.17e-02  0.4517844202  5.455429e-01 0.98299999999999999997
1  4.37e-02  0.4517843617  5.455429e-01 0.98299999999999999997
1  4.57e-02  0.4517843774  5.455429e-01 0.98299999999999999997
1  4.79e-02  0.4517840148  5.455429e-01 0.98299999999999999997
1  5.01e-02  0.4517843507  5.455429e-01 0.98299999999999999997
1  5.25e-02  0.4517843942  5.455429e-01 0.98299999999999999997
1  5.50e-02  0.4517844068  5.455429e-01 0.98299999999999999997
1  5.75e-02  0.4517843964  5.455429e-01 0.98299999999999999997
1  6.03e-02  0.451784372  5.455429e-01 0.98299999999999999997
1  6.31e-02  0.4517844187  5.455429e-01 0.98299999999999999997
1  6.61e-02  0.451784415  5.455429e-01 0.98299999999999999997
1  6.92e-02  0.4517843215  5.455429e-01 0.98299999999999999997
1  7.24e-02  0.4517844319  5.455429e-01 0.98299999999999999997
1  7.59e-02  0.451789525  5.455429e-01 0.98299999999999999997
1  7.94e-02  0.4517843114  5.455429e-01 0.98299999999999999997
1  8.32e-02  0.4517842442  5.455429e-01 0.98299999999999999997
1  8.71e-02  0.4517842482  5.455429e-01 0.98299999999999999997
1  9.12e-02  0.4517844821  5.455429e-01 0.98299999999999999997
1  9.55e-02  0.4517842103  5.455429e-01 0.98299999999999999997
1  1.00e-01  0.4517835811  5.455429e-01 0.98299999999999999997
1  1.05e-01  0.4517842138  5.455429e-01 0.98299999999999999997
1  1.10e-01  0.4517838683  5.455429e-01 0.98299999999999999997
1  1.15e-01  0.451784696  5.455429e-01 0.98299999999999999997
1  1.20e-01  0.4517843355  5.455429e-01 0.98299999999999999997
1  1.26e-01  0.4517842343  5.455429e-01 0.98299999999999999997
1  1.32e-01  0.4517843586  5.455429e-01 0.98299999999999999997
1  1.38e-01  0.4517842481  5.455429e-01 0.98299999999999999997
1  1.45e-01  0.4517844144  5.455429e-01 0.98299999999999999997
1  1.51e-01  0.4517843809  5.455429e-01 0.98299999999999999997
1  1.58e-01  0.4517844916  5.455429e-01 0.98299999999999999997
1  1.66e-01  0.4517833627  5.455429e-01 0.98299999999999999997
1  1.74e-01  0.4517840822  5.455429e-01 0.98299999999999999997
1  1.82e-01  0.4517839958  5.455429e-01 0.98299999999999999997
1  1.91e-01  0.4517843396  5.455429e-01 0.98299999999999999997
1  2.00e-01  0.4517824157  5.455429e-01 0.98299999999999999997
1  2.09e-01  0.4517842007  5.455429e-01 0.98299999999999999997
1  2.19e-01  0.4517841705  5.455429e-01 0.98299999999999999997
1  2.29e-01  0.4517842666  5.455429e-01 0.98299999999999999997
1  2.40e-01  0.4517842373  5.455429e-01 0.98299999999999999997
1  2.51e-01  0.451784305  5.455429e-01 0.98299999999999999997
1  2.63e-01  0.4517842857  5.455429e-01 0.98299999999999999997
1  2.75e-01  0.4517842945  5.455429e-01 0.98299999999999999997
1  2.88e-01  0.4517842054  5.455429e-01 0.98299999999999999997
1  3.02e-01  0.4517843854  5.455429e-01 0.98299999999999999997
1  3.16e-01  0.4517840619  5.455429e-01 0.98299999999999999997
1  3.31e-01  0.4517840896  5.455429e-01 0.98299999999999999997
1  3.47e-01  0.4517843757  5.455429e-01 0.98299999999999999997
1  3.63e-01  0.4517839372  5.455429e-01 0.98299999999999999997
1  3.80e-01  0.4517843287  5.455429e-01 0.98299999999999999997
1  3.98e-01  0.4517843648  5.455429e-01 0.98299999999999999997
1  4.17e-01  0.4517839105  5.455429e-01 0.98299999999999999997
1  4.37e-01  0.4517844219  5.455429e-01 0.98299999999999999997
1  4.57e-01  0.4517842381  5.455429e-01 0.98299999999999999997
1  4.79e-01  0.4517843769  5.455429e-01 0.98299999999999999997
1  5.01e-01  0.4517843422  5.455429e-01 0.98299999999999999997
1  5.25e-01  0.4517844487  5.455429e-01 0.98299999999999999997
1  5.50e-01  0.4517844272  5.455429e-01 0.98299999999999999997
1  5.75e-01  0.451783002  5.455429e-01 0.98299999999999999997
1  6.03e-01  0.4517837793  5.455429e-01 0.98299999999999999997
1  6.31e-01  0.4517848005  5.455429e-01 0.98299999999999999997
1  6.61e-01  0.4517837399  5.455429e-01 0.98299999999999999997
1  6.92e-01  0.451781527  5.455429e-01 0.98299999999999999997
1  7.24e-01  0.4517851026  5.455429e-01 0.98299999999999999997
1  7.59e-01  0.451783197  5.455429e-01 0.98299999999999999997
1  7.94e-01  0.4517925934  5.455429e-01 0.98299999999999999997
1  8.32e-01  0.4517842605  5.455429e-01 0.98299999999999999997
1  8.71e-01  0.4517836023  5.455429e-01 0.98299999999999999997
1  9.12e-01  0.4517834638  5.455429e-01 0.98299999999999999997
1  9.55e-01  0.4517843466  5.455429e-01 0.98299999999999999997
1  1.00e+00  0.4517841426  5.455429e-01 0.98299999999999999997
1  1.05e+00  0.4517842058  5.455429e-01 0.98299999999999999997
1  1.10e+00  0.451783051  5.455429e-01 0.98299999999999999997
1  1.15e+00  0.451783648  5.455429e-01 0.98299999999999999997
1  1.20e+00  0.4517828494  5.455429e-01 0.98299999999999999997
1  1.26e+00  0.4517828352  5.455429e-01 0.98299999999999999997
1  1.32e+00  0.4517843739  5.455429e-01 0.98299999999999999997
1  1.38e+00  0.4517829862  5.455429e-01 0.98299999999999999997
1  1.45e+00  0.4517828146  5.455429e-01 0.98299999999999999997
1  1.51e+00  0.4517842371  5.455429e-01 0.98299999999999999997
1  1.58e+00  0.4517832303  5.455429e-01 0.98299999999999999997
1  1.66e+00  0.4517822999  5.455429e-01 0.98299999999999999997
1  1.74e+00  0.4517829375  5.455429e-01 0.98299999999999999997
1  1.82e+00  0.4517732221  5.455429e-01 0.98299999999999999997
1  1.91e+00  0.4517835748  5.455429e-01 0.98299999999999999997
1  2.00e+00  0.4517839381  5.455429e-01 0.98299999999999999997
1  2.09e+00  0.4517835645  5.455429e-01 0.98299999999999999997
1  2.19e+00  0.4517828646  5.455429e-01 0.98299999999999999997
1  2.29e+00  0.4517838711  5.455429e-01 0.98299999999999999997
1  2.40e+00  0.45178514  5.455429e-01 0.98299999999999999997
1  2.51e+00  0.4517842301  5.455429e-01 0.98299999999999999997
1  2.63e+00  0.4517820472  5.455429e-01 0.98299999999999999997
1  2.75e+00  0.4517831282  5.455429e-01 0.98299999999999999997
1  2.88e+00  0.4517840876  5.455429e-01 0.98299999999999999997
1  3.02e+00  0.4517687246  5.455429e-01 0.98299999999999999997
1  3.16e+00  0.4517680475  5.455429e-01 0.98299999999999999997
1  3.31e+00  0.4518186832  5.455429e-01 0.98299999999999999997
1  3.47e+00  0.4517689684  5.455429e-01 0.98299999999999999997
1  3.63e+00  0.4518157507  5.455429e-01 0.98299999999999999997
1  3.80e+00  0.4517802125  5.455429e-01 0.98299999999999999997
1  3.98e+00  0.4517795899  5.455429e-01 0.98299999999999999997
1  4.17e+00  0.4517788381  5.455429e-01 0.98299999999999999997
1  4.37e+00  0.4517784059  5.455429e-01 0.98299999999999999997
1  4.57e+00  0.4517831199  5.455429e-01 0.98299999999999999997
1  4.79e+00  0.4517816187  5.455429e-01 0.98299999999999999997
1  5.01e+00  0.4517845682  5.455429e-01 0.98299999999999999997
1  5.25e+00  0.4517851807  5.455429e-01 0.98299999999999999997
1  5.50e+00  0.451915608  5.455429e-01 0.98299999999999999997
1  5.75e+00  0.4517850984  5.455429e-01 0.98299999999999999997
1  6.03e+00  0.4517884075  5.455429e-01 0.98299999999999999997
1  6.31e+00  0.4517794668  5.455429e-01 0.98299999999999999997
1  6.61e+00  0.4517819804  5.455429e-01 0.98299999999999999997
1  6.92e+00  0.4517817363  5.455429e-01 0.98299999999999999997
1  7.24e+00  0.4517810423  5.455429e-01 0.98299999999999999997
1  7.59e+00  0.451779507  5.455429e-01 0.98299999999999999997
1  7.94e+00  0.4517531247  5.455429e-01 0.98299999999999999997
1  8.32e+00  0.451781618  5.455429e-01 0.98299999999999999997
1  8.71e+00  0.4518163843  5.455429e-01 0.98299999999999999997
1  9.12e+00  0.4517783466  5.455429e-01 0.98299999999999999997
1  9.55e+00  0.4517665687  5.455429e-01 0.98299999999999999997
1  1.00e+01  0.4517366849  5.455429e-01 0.98299999999999999997
1  1.05e+01  0.4518438382  5.455429e-01 0.98299999999999999997
1  1.10e+01  0.4517080635  5.455429e-01 0.98299999999999999997
1  1.15e+01  0.4517798456  5.455429e-01 0.98299999999999999997
1  1.20e+01  0.4518053133  5.455429e-01 0.98299999999999999997
1  1.26e+01  0.4517762111  5.455429e-01 0.98299999999999999997
1  1.32e+01  0.4517777311  5.455429e-01 0.98299999999999999997
1  1.38e+01  0.4517819935  5.455429e-01 0.98299999999999999997
1  1.45e+01  0.4517840349  5.455429e-01 0.98299999999999999997
1  1.51e+01  0.4517756197  5.455429e-01 0.98299999999999999997
1  1.58e+01  0.4517783653  5.455429e-01 0.98299999999999999997
1  1.66e+01  0.4517702047  5.455429e-01 0.98299999999999999997
1  1.74e+01  0.4514804228  5.455429e-01 0.98299999999999999997
1  1.82e+01  0.4516945959  5.455429e-01 0.98299999999999999997
1  1.91e+01  0.4521210216  5.455429e-01 0.98299999999999999997
1  2.00e+01  0.4517812588  5.455429e-01 0.98299999999999999997
1  2.09e+01  0.45185239  5.455429e-01 0.98299999999999999997
1  2.19e+01  0.4519848994  5.455429e-01 0.98299999999999999997
1  2.29e+01  0.4517498034  5.455429e-01 0.98299999999999999997
1  2.40e+01  0.4519272147  5.455429e-01 0.98299999999999999997
1  2.51e+01  0.4519141146  5.455429e-01 0.98299999999999999997
1  2.63e+01  0.4517344455  5.455429e-01 0.98299999999999999997
1  2.75e+01  0.451151996  5.455429e-01 0.98299999999999999997
1  2.88e+01  0.4517701505  5.455429e-01 0.98299999999999999997
1  3.02e+01  0.4518294693  5.455429e-01 0.98299999999999999997
1  3.16e+01  0.4516785948  5.455429e-01 0.98299999999999999997
1  3.31e+01  0.4520745677  5.455429e-01 0.98299999999999999997
1  3.47e+01  0.4523927644  5.455429e-01 0.98299999999999999997
1  3.63e+01  0.4516870137  5.455429e-01 0.98299999999999999997
1  3.80e+01  0.4522688748  5.455429e-01 0.98299999999999999997
1  3.98e+01  0.4517394905  5.455429e-01 0.98299999999999999997
1  4.17e+01  0.4520462171  5.455429e-01 0.98299999999999999997
1  4.37e+01  0.4517224503  5.455429e-01 0.98299999999999999997
1  4.57e+01  0.4519468689  5.455429e-01 0.98299999999999999997
1  4.79e+01  0.4522537074  5.455429e-01 0.98299999999999999997
1  5.01e+01  0.4518414905  5.455429e-01 0.98299999999999999997
1  5.25e+01  0.451736611  5.455429e-01 0.98299999999999999997
1  5.50e+01  0.451576663  5.455429e-01 0.98299999999999999997
1  5.75e+01  0.4520472235  5.455429e-01 0.98299999999999999997
1  6.03e+01  0.4516395193  5.455429e-01 0.98299999999999999997
1  6.31e+01  0.4517378627  5.455429e-01 0.98299999999999999997
1  6.61e+01  0.4516805248  5.455429e-01 0.98299999999999999997
1  6.92e+01  0.4516948444  5.455429e-01 0.98299999999999999997
1  7.24e+01  0.4517359642  5.455429e-01 0.98299999999999999997
1  7.59e+01  0.4515144351  5.455429e-01 0.98299999999999999997
1  7.94e+01  0.4512936533  5.455429e-01 0.98299999999999999997
1  8.32e+01  0.4517254186  5.455429e-01 0.98299999999999999997
1  8.71e+01  0.4520682733  5.455429e-01 0.98299999999999999997
1  9.12e+01  0.45165639  5.455429e-01 0.98299999999999999997
1  9.55e+01  0.4522133842  5.455429e-01 0.98299999999999999997
1  1.00e+02  0.4515901072  5.455429e-01 0.98299999999999999997
1  1.05e+02  0.4516919393  5.455429e-01 0.98299999999999999997
1  1.10e+02  0.4516237428  5.455429e-01 0.98299999999999999997
1  1.15e+02  0.451692772  5.455429e-01 0.98299999999999999997
1  1.20e+02  0.4516448086  5.455429e-01 0.98299999999999999997
1  1.26e+02  0.4522413943  5.455429e-01 0.98299999999999999997
1  1.32e+02  0.4517121722  5.455429e-01 0.98299999999999999997
1  1.38e+02  0.4519483902  5.455429e-01 0.98299999999999999997
1  1.45e+02  0.4517161059  5.455429e-01 0.98299999999999999997
1  1.51e+02  0.4517295414  5.455429e-01 0.98299999999999999997
1  1.58e+02  0.4516494228  5.455429e-01 0.98299999999999999997
1  1.66e+02  0.4517545871  5.455429e-01 0.98299999999999999997
1  1.74e+02  0.4516897851  5.455429e-01 0.98299999999999999997
1  1.82e+02  0.4515872907  5.455429e-01 0.98299999999999999997
1  1.91e+02  0.4516319687  5.455429e-01 0.98299999999999999997
1  2.00e+02  0.4516468148  5.455429e-01 0.98299999999999999997
1  2.09e+02  0.4516658295  5.455429e-01 0.98299999999999999997
1  2.19e+02  0.4515633315  5.455429e-01 0.98299999999999999997
1  2.29e+02  0.4517476664  5.455429e-01 0.98299999999999999997
1  2.40e+02  0.4518182868  5.455429e-01 0.98299999999999999997
1  2.51e+02  0.4518023585  5.455429e-01 0.98299999999999999997
1  2.63e+02  0.4520496217  5.455429e-01 0.98299999999999999997
1  2.75e+02  0.4515993477  5.455429e-01 0.98299999999999999997
1  2.88e+02  0.4514401397  5.455429e-01 0.98299999999999999997
1  3.02e+02  0.4514682111  5.455429e-01 0.98299999999999999997
1  3.16e+02  0.451692736  5.455429e-01 0.98299999999999999997
1  3.31e+02  0.4516309557  5.455429e-01 0.98299999999999999997
1  3.47e+02  0.4516383276  5.455429e-01 0.98299999999999999997
1  3.63e+02  0.451526645  5.455429e-01 0.98299999999999999997
1  3.80e+02  0.4514184165  5.455429e-01 0.98299999999999999997
1  3.98e+02  0.4515186674  5.455429e-01 0.98299999999999999997
1  4.17e+02  0.4515606559  5.455429e-01 0.98299999999999999997
1  4.37e+02  0.4513299063  5.455429e-01 0.98299999999999999997
1  4.57e+02  0.4516278544  5.455429e-01 0.98299999999999999997
1  4.79e+02  0.4513389842  5.455429e-01 0.98299999999999999997
1  5.01e+02  0.4511923963  5.455429e-01 0.98299999999999999997
1  5.25e+02  0.4513829654  5.455429e-01 0.98299999999999999997
1  5.50e+02  0.4509641545  5.455429e-01 0.98299999999999999997
1  5.75e+02  0.4513014643  5.455429e-01 0.98299999999999999997
1  6.03e+02  0.4516206009  5.455429e-01 0.98299999999999999997
1  6.31e+02  0.4512292322  5.455429e-01 0.98299999999999999997
1  6.61e+02  0.4512074378  5.455429e-01 0.98299999999999999997
1  6.92e+02  0.4517642409  5.455429e-01 0.98299999999999999997
1  7.24e+02  0.4516551246  5.455429e-01 0.98299999999999999997
1  7.59e+02  0.4504543966  5.455429e-01 0.98299999999999999997
1  7.94e+02  0.4514128651  5.455429e-01 0.98299999999999999997
1  8.32e+02  0.4515856503  5.455429e-01 0.98299999999999999997
1  8.71e+02  0.4518530071  5.455429e-01 0.98299999999999999997
1  9.12e+02  0.4513703984  5.455429e-01 0.98299999999999999997
1  9.55e+02  0.4511543868  5.455429e-01 0.98299999999999999997
1  1.00e+03  0.4513828254  5.455429e-01 0.98299999999999999997
1  1.05e+03  0.4521133122  5.455429e-01 0.98299999999999999997
1  1.10e+03  0.4499181799  5.455429e-01 0.98299999999999999997
1  1.15e+03  0.4506943085  5.455429e-01 0.98299999999999999997
1  1.20e+03  0.448380946  5.455429e-01 0.98299999999999999997
1  1.26e+03  0.4510712539  5.455429e-01 0.98299999999999999997
1  1.32e+03  0.4516391203  5.455429e-01 0.98299999999999999997
1  1.38e+03  0.4537100436  5.455429e-01 0.98299999999999999997
1  1.45e+03  0.4506009413  5.455429e-01 0.98299999999999999997
1  1.51e+03  0.4513498177  5.455429e-01 0.98299999999999999997
1  1.58e+03  0.4437568402  5.455429e-01 0.98299999999999999997
1  1.66e+03  0.4423336652  5.455429e-01 0.98299999999999999997
1  1.74e+03  0.4465693363  5.455429e-01 0.98299999999999999997
1  1.82e+03  0.4567791748  5.455429e-01 0.98299999999999999997
1  1.91e+03  0.4531900902  5.455429e-01 0.98299999999999999997
1  2.00e+03  0.4614329776  5.455429e-01 0.98299999999999999997
1  2.09e+03  0.4512577771  5.455429e-01 0.98299999999999999997
1  2.19e+03  0.4460890479  5.455429e-01 0.98299999999999999997
1  2.29e+03  0.4405543191  5.455429e-01 0.98299999999999999997
1  2.40e+03  0.4306228017  5.455429e-01 0.98299999999999999997
1  2.51e+03  0.4359013287  5.455429e-01 0.98299999999999999997
1  2.63e+03  0.4520228019  5.455429e-01 0.98299999999999999997
1  2.75e+03  0.4143662392  5.455429e-01 0.98299999999999999997
1  2.88e+03  0.4444518698  5.455429e-01 0.98299999999999999997
1  3.02e+03  0.4441464854  5.455429e-01 0.98299999999999999997
1  3.16e+03  0.4214394446  5.455429e-01 0.98299999999999999997
1  3.31e+03  0.4226170244  5.455429e-01 0.98299999999999999997
1  3.47e+03  0.4373868849  5.455429e-01 0.98299999999999999997
1  3.63e+03  0.4463708056  5.455429e-01 0.98299999999999999997
1  3.80e+03  0.4764717579  5.455429e-01 0.98299999999999999997
1  3.98e+03  0.4512202955  5.455429e-01 0.98299999999999999997
1  4.17e+03  0.4585782599  5.455429e-01 0.98299999999999999997
1  4.37e+03  0.4639555704  5.455429e-01 0.98299999999999999997
1  4.57e+03  0.4589209062  5.455429e-01 0.98299999999999999997
1  4.79e+03  0.475006148  5.455429e-01 0.98299999999999999997
1  5.01e+03  0.4540026274  5.455429e-01 0.98299999999999999997
1  5.25e+03  0.4632547446  5.455429e-01 0.98299999999999999997
1  5.50e+03  0.4550949659  5.455429e-01 0.98299999999999999997
1  5.75e+03  0.4347267695  5.455429e-01 0.98299999999999999997
1  6.03e+03  0.4491920907  5.455429e-01 0.98299999999999999997
1  6.31e+03  0.4780119857  5.455429e-01 0.98299999999999999997
1  6.61e+03  0.4484865077  5.455429e-01 0.98299999999999999997
1  6.92e+03  0.3587581639  5.455429e-01 0.98299999999999999997
1  7.24e+03  0.4161647357  5.455429e-01 0.98299999999999999997
1  7.59e+03  0.4526808718  5.455429e-01 0.98299999999999999997
1  7.94e+03  0.4228309214  5.455429e-01 0.98299999999999999997
1  8.32e+03  0.4413797735  5.455429e-01 0.98299999999999999997
1  8.71e+03  0.3631856534  5.455429e-01 0.98299999999999999997
1  9.12e+03  0.3978368319  5.455429e-01 0.98299999999999999997
1  9.55e+03  0.4002228998  5.455429e-01 0.98299999999999999997
1  1.00e+04  0.3428087408  5.455429e-01 0.98299999999999999997
1  1.05e+04  0.4694921043  5.455429e-01 0.98299999999999999997
1  1.10e+04  0.4394399398  5.455429e-01 0.98299999999999999997
1  1.15e+04  0.4308422092  5.455429e-01 0.98299999999999999997
1  1.20e+04  0.4082490045  5.455429e-01 0.98299999999999999997
1  1.26e+04  0.2555900339  5.455429e-01 0.98299999999999999997
1  1.32e+04  0.4171308363  5.455429e-01 0.98299999999999999997
1  1.38e+04  0.2389442152  5.455429e-01 0.98299999999999999997
1  1.45e+04  0.4050933702  5.455429e-01 0.98299999999999999997
1  1.51e+04  0.2969806634  5.455429e-01 0.98299999999999999997
1  1.58e+04  0.4004415312  5.455429e-01 0.98299999999999999997
1  1.66e+04  0.4591431266  5.455429e-01 0.98299999999999999997
1  1.74e+04  0.3908484326  5.455429e-01 0.98299999999999999997
1  1.82e+04  0.2874638395  5.455429e-01 0.98299999999999999997
1  1.91e+04  0.1715214031  5.455429e-01 0.98299999999999999997
1  2.00e+04  0.4097846772  5.455429e-01 0.98299999999999999997
1  2.09e+04  0.3607611268  5.455429e-01 0.98299999999999999997
1  2.19e+04  0.1645509497  5.455429e-01 0.98299999999999999997
1  2.29e+04  0.4103541107  5.455429e-01 0.98299999999999999997
1  2.40e+04  0.3067505662  5.455429e-01 0.98299999999999999997
1  2.51e+04  0.1035559508  5.455429e-01 0.98299999999999999997
1  2.63e+04  0.4144154846  5.455429e-01 0.98299999999999999997
1  2.75e+04  0.3747791395  5.455429e-01 0.98299999999999999997
1  2.88e+04  0.4303643665  5.455429e-01 0.98299999999999999997
1  3.02e+04  0.1959609964  5.455429e-01 0.98299999999999999997
1  3.16e+04  0.2607109126  5.455429e-01 0.98299999999999999997
1  3.31e+04  0.3567848933  5.455429e-01 0.98299999999999999997
1  3.47e+04  0.4055684791  5.455429e-01 0.98299999999999999997
1  3.63e+04  0.3024834154  5.455429e-01 0.98299999999999999997
1  3.80e+04  0.3936518158  5.455429e-01 0.98299999999999999997
1  3.98e+04  0.1065089629  5.455429e-01 0.98299999999999999997
1  4.17e+04  0.4046480337  5.455429e-01 0.98299999999999999997
1  4.37e+04  0.2179725002  5.455429e-01 0.98299999999999999997
1  4.57e+04  0.3561894723  5.455429e-01 0.98299999999999999997
1  4.79e+04  0.3994172553  5.455429e-01 0.98299999999999999997
1  5.01e+04  0.4414750431  5.455429e-01 0.98299999999999999997
1  5.25e+04  0.2423913556  5.455429e-01 0.98299999999999999997
1  5.50e+04  0.3594370888  5.455429e-01 0.98299999999999999997
1  5.75e+04  0.3081924162  5.455429e-01 0.98299999999999999997
1  6.03e+04  0.09368099098  5.455429e-01 0.98299999999999999997
1  6.31e+04  0.3727774072  5.455429e-01 0.98299999999999999997
1  6.61e+04  0.3230131462  5.455429e-01 0.98299999999999999997
1  6.92e+04  0.1604615892  5.455429e-01 0.98299999999999999997
1  7.24e+04  0.3578575428  5.455429e-01 0.98299999999999999997
1  7.59e+04  0.4504960124  5.455429e-01 0.98299999999999999997
1  7.94e+04  0.3778727219  5.455429e-01 0.98299999999999999997
1  8.32e+04  0.3960320038  5.455429e-01 0.98299999999999999997
1  8.71e+04  0.4067221734  5.455429e-01 0.98299999999999999997
1  9.12e+04  0.3526495098  5.455429e-01 0.98299999999999999997
1  9.55e+04  0.3754589677  5.455429e-01 0.98299999999999999997
1  1.00e+05  0.4501563825  5.455429e-01 0.98299999999999999997
1  1.05e+05  0.4118931262  5.455429e-01 0.98299999999999999997
1  1.10e+05  0.2731105899  5.455429e-01 0.98299999999999999997
1  1.15e+05  0.2091906867  5.455429e-01 0.98299999999999999997
1  1.20e+05  0.2896733153  5.455429e-01 0.98299999999999999997
1  1.26e+05  0.3974679954  5.455429e-01 0.98299999999999999997
1  1.32e+05  0.3980782519  5.455429e-01 0.98299999999999999997
1  1.38e+05  0.2911212967  5.455429e-01 0.98299999999999999997
1  1.45e+05  0.1839491034  5.455429e-01 0.98299999999999999997
1  1.51e+05  0.1684804858  5.455429e-01 0.98299999999999999997
1  1.58e+05  0.2462897788  5.455429e-01 0.98299999999999999997
1  1.66e+05  0.3495203547  5.455429e-01 0.98299999999999999997
1  1.74e+05  0.4076846772  5.455429e-01 0.98299999999999999997
1  1.82e+05  0.3951269745  5.455429e-01 0.98299999999999999997
1  1.91e+05  0.3341606632  5.455429e-01 0.98299999999999999997
1  2.00e+05  0.2685514459  5.455429e-01 0.98299999999999999997
1  2.09e+05  0.2341397779  5.455429e-01 0.98299999999999999997
1  2.19e+05  0.2436622349  5.455429e-01 0.98299999999999999997
1  2.29e+05  0.287896025  5.455429e-01 0.98299999999999999997
1  2.40e+05  0.3461483119  5.455429e-01 0.98299999999999999997
1  2.51e+05  0.3977652846  5.455429e-01 0.98299999999999999997
1  2.63e+05  0.4295269495  5.455429e-01 0.98299999999999999997
1  2.75e+05  0.437738035  5.455429e-01 0.98299999999999999997
1  2.88e+05  0.4263949864  5.455429e-01 0.98299999999999999997
1  3.02e+05  0.4036231512  5.455429e-01 0.98299999999999999997
1  3.16e+05  0.3782012418  5.455429e-01 0.98299999999999999997
1  3.31e+05  0.3571629752  5.455429e-01 0.98299999999999999997
1  3.47e+05  0.3447065995  5.455429e-01 0.98299999999999999997
1  3.63e+05  0.3421709316  5.455429e-01 0.98299999999999999997
1  3.80e+05  0.3486568955  5.455429e-01 0.98299999999999999997
1  3.98e+05  0.3618941653  5.455429e-01 0.98299999999999999997
1  4.17e+05  0.379067928  5.455429e-01 0.98299999999999999997
1  4.37e+05  0.3974529162  5.455429e-01 0.98299999999999999997
1  4.57e+05  0.414808622  5.455429e-01 0.98299999999999999997
1  4.79e+05  0.4295574361  5.455429e-01 0.98299999999999999997
1  5.01e+05  0.4407996274  5.455429e-01 0.98299999999999999997
1  5.25e+05  0.448225798  5.455429e-01 0.98299999999999999997
1  5.50e+05  0.4519795628  5.455429e-01 0.98299999999999999997
1  5.75e+05  0.4525093052  5.455429e-01 0.98299999999999999997
1  6.03e+05  0.4504334525  5.455429e-01 0.98299999999999999997
1  6.31e+05  0.4464316821  5.455429e-01 0.98299999999999999997
1  6.61e+05  0.4409389592  5.455429e-01 0.98299999999999999997
1  6.92e+05  0.4346419737  5.455429e-01 0.98299999999999999997
1  7.24e+05  0.4281350748  5.455429e-01 0.98299999999999999997
1  7.59e+05  0.4220601773  5.455429e-01 0.98299999999999999997
1  7.94e+05  0.4166553647  5.455429e-01 0.98299999999999999997
1  8.32e+05  0.4121171909  5.455429e-01 0.98299999999999999997
1  8.71e+05  0.408555759  5.455429e-01 0.98299999999999999997
1  9.12e+05  0.4059355372  5.455429e-01 0.98299999999999999997
1  9.55e+05  0.4042516472  5.455429e-01 0.98299999999999999997
1  1.00e+06  0.4034257781  5.455429e-01 0.98299999999999999997
1  1.05e+06  0.4033571447  5.455429e-01 0.98299999999999999997
1  1.10e+06  0.4039344962  5.455429e-01 0.98299999999999999997
1  1.15e+06  0.4050449439  5.455429e-01 0.98299999999999999997
1  1.20e+06  0.4065800819  5.455429e-01 0.98299999999999999997
1  1.26e+06  0.4084399236  5.455429e-01 0.98299999999999999997
1  1.32e+06  0.4105351419  5.455429e-01 0.98299999999999999997
1  1.38e+06  0.4127880543  5.455429e-01 0.98299999999999999997
1  1.45e+06  0.4151327159  5.455429e-01 0.98299999999999999997
1  1.51e+06  0.4175144151  5.455429e-01 0.98299999999999999997
1  1.58e+06  0.4198887982  5.455429e-01 0.98299999999999999997
1  1.66e+06  0.4222207919  5.455429e-01 0.98299999999999999997
1  1.74e+06  0.4244834453  5.455429e-01 0.98299999999999999997
1  1.82e+06  0.4265910173  5.455429e-01 0.98299999999999999997
1  1.91e+06  0.4286645875  5.455429e-01 0.98299999999999999997
1  2.00e+06  0.4306255396  5.455429e-01 0.98299999999999999997
1  2.09e+06  0.4324685008  5.455429e-01 0.98299999999999999997
1  2.19e+06  0.4341912794  5.455429e-01 0.98299999999999999997
1  2.29e+06  0.435794181  5.455429e-01 0.98299999999999999997
1  2.40e+06  0.4372794286  5.455429e-01 0.98299999999999999997
1  2.51e+06  0.4386506775  5.455429e-01 0.98299999999999999997
1  2.63e+06  0.4399126153  5.455429e-01 0.98299999999999999997
1  2.75e+06  0.4410706355  5.455429e-01 0.98299999999999999997
1  2.88e+06  0.4421305754  5.455429e-01 0.98299999999999999997
1  3.02e+06  0.4430985084  5.455429e-01 0.98299999999999999997
1  3.16e+06  0.4439805815  5.455429e-01 0.98299999999999999997
1  3.31e+06  0.4447828914  5.455429e-01 0.98299999999999999997
1  3.47e+06  0.4455113913  5.455429e-01 0.98299999999999999997
1  3.63e+06  0.4461515621  5.455429e-01 0.98299999999999999997
1  3.80e+06  0.4467511858  5.455429e-01 0.98299999999999999997
1  3.98e+06  0.4472932771  5.455429e-01 0.98299999999999999997
1  4.17e+06  0.4477827321  5.455429e-01 0.98299999999999999997
1  4.37e+06  0.4482241319  5.455429e-01 0.98299999999999999997
1  4.57e+06  0.4486217412  5.455429e-01 0.98299999999999999997
1  4.79e+06  0.4489795144  5.455429e-01 0.98299999999999999997
1  5.01e+06  0.449301104  5.455429e-01 0.98299999999999999997
1  5.25e+06  0.4495898737  5.455429e-01 0.98299999999999999997
1  5.50e+06  0.4498489123  5.455429e-01 0.98299999999999999997
1  5.75e+06  0.4500810495  5.455429e-01 0.98299999999999999997
1  6.03e+06  0.450288872  5.455429e-01 0.98299999999999999997
1  6.31e+06  0.4504747397  5.455429e-01 0.98299999999999999997
1  6.61e+06  0.4506408021  5.455429e-01 0.98299999999999999997
1  6.92e+06  0.4507890142  5.455429e-01 0.98299999999999999997
1  7.24e+06  0.4509162874  5.455429e-01 0.98299999999999999997
1  7.59e+06  0.4510344123  5.455429e-01 0.98299999999999999997
1  7.94e+06  0.4511394906  5.455429e-01 0.98299999999999999997
1  8.32e+06  0.4512328469  5.455429e-01 0.98299999999999999997
1  8.71e+06  0.451315679  5.455429e-01 0.98299999999999999997
1  9.12e+06  0.4513890693  5.455429e-01 0.98299999999999999997
1  9.55e+06  0.4514539948  5.455429e-01 0.98299999999999999997
1  1.00e+07  0.4515113373  5.455429e-01 0.98299999999999999997
