1  1.00e-03  0.4495007855 -10.508379999999999 0.99699999999999999999
1  1.05e-03  0.4495007954 -10.508379999999999 0.99699999999999999999
1  1.10e-03  0.4495007882 -10.508379999999999 0.99699999999999999999
1  1.15e-03  0.4495007953 -10.508379999999999 0.99699999999999999999
1  1.20e-03  0.44950079 -10.508379999999999 0.99699999999999999999
1  1.26e-03  0.4495007922 -10.508379999999999 0.99699999999999999999
1  1.32e-03  0.4495007951 -10.508379999999999 0.99699999999999999999
1  1.38e-03  0.4495007964 -10.508379999999999 0.99699999999999999999
1  1.45e-03  0.4495007878 -10.508379999999999 0.99699999999999999999
1  1.51e-03  0.4495007939 -10.508379999999999 0.99699999999999999999
1  1.58e-03  0.449500786 -10.508379999999999 0.99699999999999999999
1  1.66e-03  0.4495007873 -10.508379999999999 0.99699999999999999999
1  1.74e-03  0.4495007939 -10.508379999999999 0.99699999999999999999
1  1.82e-03  0.449500789 -10.508379999999999 0.99699999999999999999
1  1.91e-03  0.4495007881 -10.508379999999999 0.99699999999999999999
1  2.00e-03  0.4495007936 -10.508379999999999 0.99699999999999999999
1  2.09e-03  0.4495007929 -10.508379999999999 0.99699999999999999999
1  2.19e-03  0.4495007919 -10.508379999999999 0.99699999999999999999
1  2.29e-03  0.4495007903 -10.508379999999999 0.99699999999999999999
1  2.40e-03  0.449500785 -10.508379999999999 0.99699999999999999999
1  2.51e-03  0.4495007928 -10.508379999999999 0.99699999999999999999
1  2.63e-03  0.4495007915 -10.508379999999999 0.99699999999999999999
1  2.75e-03  0.4495007926 -10.508379999999999 0.99699999999999999999
1  2.88e-03  0.449500793 -10.508379999999999 0.99699999999999999999
1  3.02e-03  0.449500793 -10.508379999999999 0.99699999999999999999
1  3.16e-03  0.4495007929 -10.508379999999999 0.99699999999999999999
1  3.31e-03  0.4495007901 -10.508379999999999 0.99699999999999999999
1  3.47e-03  0.4495007946 -10.508379999999999 0.99699999999999999999
1  3.63e-03  0.4495007931 -10.508379999999999 0.99699999999999999999
1  3.80e-03  0.4495007918 -10.508379999999999 0.99699999999999999999
1  3.98e-03  0.4495007929 -10.508379999999999 0.99699999999999999999
1  4.17e-03  0.4495007863 -10.508379999999999 0.99699999999999999999
1  4.37e-03  0.4495007858 -10.508379999999999 0.99699999999999999999
1  4.57e-03  0.4495007883 -10.508379999999999 0.99699999999999999999
1  4.79e-03  0.4495007943 -10.508379999999999 0.99699999999999999999
1  5.01e-03  0.44950079 -10.508379999999999 0.99699999999999999999
1  5.25e-03  0.4495007843 -10.508379999999999 0.99699999999999999999
1  5.50e-03  0.449500791 -10.508379999999999 0.99699999999999999999
1  5.75e-03  0.4495007911 -10.508379999999999 0.99699999999999999999
1  6.03e-03  0.4495007863 -10.508379999999999 0.99699999999999999999
1  6.31e-03  0.4495007918 -10.508379999999999 0.99699999999999999999
1  6.61e-03  0.4495007876 -10.508379999999999 0.99699999999999999999
1  6.92e-03  0.4495007922 -10.508379999999999 0.99699999999999999999
1  7.24e-03  0.4495007896 -10.508379999999999 0.99699999999999999999
1  7.59e-03  0.4495007816 -10.508379999999999 0.99699999999999999999
1  7.94e-03  0.4495007892 -10.508379999999999 0.99699999999999999999
1  8.32e-03  0.4495007774 -10.508379999999999 0.99699999999999999999
1  8.71e-03  0.449500777 -10.508379999999999 0.99699999999999999999
1  9.12e-03  0.4495007848 -10.508379999999999 0.99699999999999999999
1  9.55e-03  0.4495007874 -10.508379999999999 0.99699999999999999999
1  1.00e-02  0.4495007736 -10.508379999999999 0.99699999999999999999
1  1.05e-02  0.4495003647 -10.508379999999999 0.99699999999999999999
1  1.10e-02  0.4495007802 -10.508379999999999 0.99699999999999999999
1  1.15e-02  0.4495007815 -10.508379999999999 0.99699999999999999999
1  1.20e-02  0.449500779 -10.508379999999999 0.99699999999999999999
1  1.26e-02  0.4495007742 -10.508379999999999 0.99699999999999999999
1  1.32e-02  0.4495007865 -10.508379999999999 0.99699999999999999999
1  1.38e-02  0.4495007783 -10.508379999999999 0.99699999999999999999
1  1.45e-02  0.4495007845 -10.508379999999999 0.99699999999999999999
1  1.51e-02  0.4495007869 -10.508379999999999 0.99699999999999999999
1  1.58e-02  0.4495007775 -10.508379999999999 0.99699999999999999999
1  1.66e-02  0.4495007657 -10.508379999999999 0.99699999999999999999
1  1.74e-02  0.4495007885 -10.508379999999999 0.99699999999999999999
1  1.82e-02  0.4495007399 -10.508379999999999 0.99699999999999999999
1  1.91e-02  0.4495006313 -10.508379999999999 0.99699999999999999999
1  2.00e-02  0.4495007734 -10.508379999999999 0.99699999999999999999
1  2.09e-02  0.4495007755 -10.508379999999999 0.99699999999999999999
1  2.19e-02  0.4495007652 -10.508379999999999 0.99699999999999999999
1  2.29e-02  0.4495007577 -10.508379999999999 0.99699999999999999999
1  2.40e-02  0.4495007809 -10.508379999999999 0.99699999999999999999
1  2.51e-02  0.449500757 -10.508379999999999 0.99699999999999999999
1  2.63e-02  0.4495007546 -10.508379999999999 0.99699999999999999999
1  2.75e-02  0.4495007544 -10.508379999999999 0.99699999999999999999
1  2.88e-02  0.4495007222 -10.508379999999999 0.99699999999999999999
1  3.02e-02  0.4495007953 -10.508379999999999 0.99699999999999999999
1  3.16e-02  0.4495009004 -10.508379999999999 0.99699999999999999999
1  3.31e-02  0.4495007722 -10.508379999999999 0.99699999999999999999
1  3.47e-02  0.4495007277 -10.508379999999999 0.99699999999999999999
1  3.63e-02  0.449500866 -10.508379999999999 0.99699999999999999999
1  3.80e-02  0.4495008541 -10.508379999999999 0.99699999999999999999
1  3.98e-02  0.4494998661 -10.508379999999999 0.99699999999999999999
1  4.17e-02  0.4495007524 -10.508379999999999 0.99699999999999999999
1  4.37e-02  0.4495006815 -10.508379999999999 0.99699999999999999999
1  4.57e-02  0.4495006717 -10.508379999999999 0.99699999999999999999
1  4.79e-02  0.4495005343 -10.508379999999999 0.99699999999999999999
1  5.01e-02  0.4495006396 -10.508379999999999 0.99699999999999999999
1  5.25e-02  0.4495006586 -10.508379999999999 0.99699999999999999999
1  5.50e-02  0.4495006879 -10.508379999999999 0.99699999999999999999
1  5.75e-02  0.4495006524 -10.508379999999999 0.99699999999999999999
1  6.03e-02  0.4495006963 -10.508379999999999 0.99699999999999999999
1  6.31e-02  0.449500671 -10.508379999999999 0.99699999999999999999
1  6.61e-02  0.4495006489 -10.508379999999999 0.99699999999999999999
1  6.92e-02  0.4495007365 -10.508379999999999 0.99699999999999999999
1  7.24e-02  0.4495006478 -10.508379999999999 0.99699999999999999999
1  7.59e-02  0.4495004284 -10.508379999999999 0.99699999999999999999
1  7.94e-02  0.4495006898 -10.508379999999999 0.99699999999999999999
1  8.32e-02  0.4494994783 -10.508379999999999 0.99699999999999999999
1  8.71e-02  0.4495006875 -10.508379999999999 0.99699999999999999999
1  9.12e-02  0.4494999529 -10.508379999999999 0.99699999999999999999
1  9.55e-02  0.4495006633 -10.508379999999999 0.99699999999999999999
1  1.00e-01  0.4495007687 -10.508379999999999 0.99699999999999999999
1  1.05e-01  0.4495006783 -10.508379999999999 0.99699999999999999999
1  1.10e-01  0.4495007111 -10.508379999999999 0.99699999999999999999
1  1.15e-01  0.449500553 -10.508379999999999 0.99699999999999999999
1  1.20e-01  0.4495006085 -10.508379999999999 0.99699999999999999999
1  1.26e-01  0.4495021622 -10.508379999999999 0.99699999999999999999
1  1.32e-01  0.4495006084 -10.508379999999999 0.99699999999999999999
1  1.38e-01  0.449500692 -10.508379999999999 0.99699999999999999999
1  1.45e-01  0.4495005879 -10.508379999999999 0.99699999999999999999
1  1.51e-01  0.4495005844 -10.508379999999999 0.99699999999999999999
1  1.58e-01  0.4495072424 -10.508379999999999 0.99699999999999999999
1  1.66e-01  0.4495002416 -10.508379999999999 0.99699999999999999999
1  1.74e-01  0.4494997254 -10.508379999999999 0.99699999999999999999
1  1.82e-01  0.4495005543 -10.508379999999999 0.99699999999999999999
1  1.91e-01  0.4495006204 -10.508379999999999 0.99699999999999999999
1  2.00e-01  0.4495005933 -10.508379999999999 0.99699999999999999999
1  2.09e-01  0.4495005442 -10.508379999999999 0.99699999999999999999
1  2.19e-01  0.4495005669 -10.508379999999999 0.99699999999999999999
1  2.29e-01  0.4495007509 -10.508379999999999 0.99699999999999999999
1  2.40e-01  0.4495000603 -10.508379999999999 0.99699999999999999999
1  2.51e-01  0.449500416 -10.508379999999999 0.99699999999999999999
1  2.63e-01  0.4495007181 -10.508379999999999 0.99699999999999999999
1  2.75e-01  0.4495007878 -10.508379999999999 0.99699999999999999999
1  2.88e-01  0.4495004663 -10.508379999999999 0.99699999999999999999
1  3.02e-01  0.449498373 -10.508379999999999 0.99699999999999999999
1  3.16e-01  0.449501919 -10.508379999999999 0.99699999999999999999
1  3.31e-01  0.4495003925 -10.508379999999999 0.99699999999999999999
1  3.47e-01  0.4495019506 -10.508379999999999 0.99699999999999999999
1  3.63e-01  0.4495004471 -10.508379999999999 0.99699999999999999999
1  3.80e-01  0.4495006069 -10.508379999999999 0.99699999999999999999
1  3.98e-01  0.4495006388 -10.508379999999999 0.99699999999999999999
1  4.17e-01  0.4495002082 -10.508379999999999 0.99699999999999999999
1  4.37e-01  0.4495007336 -10.508379999999999 0.99699999999999999999
1  4.57e-01  0.4494995812 -10.508379999999999 0.99699999999999999999
1  4.79e-01  0.4495007058 -10.508379999999999 0.99699999999999999999
1  5.01e-01  0.4495005574 -10.508379999999999 0.99699999999999999999
1  5.25e-01  0.4495004403 -10.508379999999999 0.99699999999999999999
1  5.50e-01  0.449500464 -10.508379999999999 0.99699999999999999999
1  5.75e-01  0.4494999888 -10.508379999999999 0.99699999999999999999
1  6.03e-01  0.4495044093 -10.508379999999999 0.99699999999999999999
1  6.31e-01  0.449499971 -10.508379999999999 0.99699999999999999999
1  6.61e-01  0.4495002134 -10.508379999999999 0.99699999999999999999
1  6.92e-01  0.449500009 -10.508379999999999 0.99699999999999999999
1  7.24e-01  0.4495000529 -10.508379999999999 0.99699999999999999999
1  7.59e-01  0.4495005549 -10.508379999999999 0.99699999999999999999
1  7.94e-01  0.4494998204 -10.508379999999999 0.99699999999999999999
1  8.32e-01  0.4495000376 -10.508379999999999 0.99699999999999999999
1  8.71e-01  0.4495003188 -10.508379999999999 0.99699999999999999999
1  9.12e-01  0.4495009023 -10.508379999999999 0.99699999999999999999
1  9.55e-01  0.4495151955 -10.508379999999999 0.99699999999999999999
1  1.00e+00  0.4494858448 -10.508379999999999 0.99699999999999999999
1  1.05e+00  0.4494993359 -10.508379999999999 0.99699999999999999999
1  1.10e+00  0.4494998867 -10.508379999999999 0.99699999999999999999
1  1.15e+00  0.4495004959 -10.508379999999999 0.99699999999999999999
1  1.20e+00  0.44949993 -10.508379999999999 0.99699999999999999999
1  1.26e+00  0.4495010343 -10.508379999999999 0.99699999999999999999
1  1.32e+00  0.4494993623 -10.508379999999999 0.99699999999999999999
1  1.38e+00  0.4494999625 -10.508379999999999 0.99699999999999999999
1  1.45e+00  0.4495367684 -10.508379999999999 0.99699999999999999999
1  1.51e+00  0.4494698435 -10.508379999999999 0.99699999999999999999
1  1.58e+00  0.4495012222 -10.508379999999999 0.99699999999999999999
1  1.66e+00  0.4494992767 -10.508379999999999 0.99699999999999999999
1  1.74e+00  0.4495010255 -10.508379999999999 0.99699999999999999999
1  1.82e+00  0.4494982279 -10.508379999999999 0.99699999999999999999
1  1.91e+00  0.4494983807 -10.508379999999999 0.99699999999999999999
1  2.00e+00  0.4494998293 -10.508379999999999 0.99699999999999999999
1  2.09e+00  0.4494983522 -10.508379999999999 0.99699999999999999999
1  2.19e+00  0.4494983024 -10.508379999999999 0.99699999999999999999
1  2.29e+00  0.449500767 -10.508379999999999 0.99699999999999999999
1  2.40e+00  0.449468064 -10.508379999999999 0.99699999999999999999
1  2.51e+00  0.4495003896 -10.508379999999999 0.99699999999999999999
1  2.63e+00  0.4494983172 -10.508379999999999 0.99699999999999999999
1  2.75e+00  0.4494751269 -10.508379999999999 0.99699999999999999999
1  2.88e+00  0.4494926069 -10.508379999999999 0.99699999999999999999
1  3.02e+00  0.44950268 -10.508379999999999 0.99699999999999999999
1  3.16e+00  0.4494945656 -10.508379999999999 0.99699999999999999999
1  3.31e+00  0.4495004335 -10.508379999999999 0.99699999999999999999
1  3.47e+00  0.4494592846 -10.508379999999999 0.99699999999999999999
1  3.63e+00  0.4495004086 -10.508379999999999 0.99699999999999999999
1  3.80e+00  0.4494965142 -10.508379999999999 0.99699999999999999999
1  3.98e+00  0.4494981679 -10.508379999999999 0.99699999999999999999
1  4.17e+00  0.4494999416 -10.508379999999999 0.99699999999999999999
1  4.37e+00  0.4495009692 -10.508379999999999 0.99699999999999999999
1  4.57e+00  0.4495002981 -10.508379999999999 0.99699999999999999999
1  4.79e+00  0.4494996541 -10.508379999999999 0.99699999999999999999
1  5.01e+00  0.4494966272 -10.508379999999999 0.99699999999999999999
1  5.25e+00  0.4494946622 -10.508379999999999 0.99699999999999999999
1  5.50e+00  0.44949934 -10.508379999999999 0.99699999999999999999
1  5.75e+00  0.4494955221 -10.508379999999999 0.99699999999999999999
1  6.03e+00  0.4494429151 -10.508379999999999 0.99699999999999999999
1  6.31e+00  0.4495360896 -10.508379999999999 0.99699999999999999999
1  6.61e+00  0.449500574 -10.508379999999999 0.99699999999999999999
1  6.92e+00  0.4494999828 -10.508379999999999 0.99699999999999999999
1  7.24e+00  0.4494994887 -10.508379999999999 0.99699999999999999999
1  7.59e+00  0.4494948698 -10.508379999999999 0.99699999999999999999
1  7.94e+00  0.4494176382 -10.508379999999999 0.99699999999999999999
1  8.32e+00  0.4493585989 -10.508379999999999 0.99699999999999999999
1  8.71e+00  0.4494821815 -10.508379999999999 0.99699999999999999999
1  9.12e+00  0.449468383 -10.508379999999999 0.99699999999999999999
1  9.55e+00  0.4496660679 -10.508379999999999 0.99699999999999999999
1  1.00e+01  0.4496203662 -10.508379999999999 0.99699999999999999999
1  1.05e+01  0.4494735589 -10.508379999999999 0.99699999999999999999
1  1.10e+01  0.4494635203 -10.508379999999999 0.99699999999999999999
1  1.15e+01  0.4494912107 -10.508379999999999 0.99699999999999999999
1  1.20e+01  0.4495094105 -10.508379999999999 0.99699999999999999999
1  1.26e+01  0.449482582 -10.508379999999999 0.99699999999999999999
1  1.32e+01  0.4494691562 -10.508379999999999 0.99699999999999999999
1  1.38e+01  0.4494964502 -10.508379999999999 0.99699999999999999999
1  1.45e+01  0.4494991644 -10.508379999999999 0.99699999999999999999
1  1.51e+01  0.4494847171 -10.508379999999999 0.99699999999999999999
1  1.58e+01  0.449477569 -10.508379999999999 0.99699999999999999999
1  1.66e+01  0.4494853347 -10.508379999999999 0.99699999999999999999
1  1.74e+01  0.4503106289 -10.508379999999999 0.99699999999999999999
1  1.82e+01  0.4494908186 -10.508379999999999 0.99699999999999999999
1  1.91e+01  0.4494937835 -10.508379999999999 0.99699999999999999999
1  2.00e+01  0.4493708652 -10.508379999999999 0.99699999999999999999
1  2.09e+01  0.449597615 -10.508379999999999 0.99699999999999999999
1  2.19e+01  0.4497404581 -10.508379999999999 0.99699999999999999999
1  2.29e+01  0.4494654179 -10.508379999999999 0.99699999999999999999
1  2.40e+01  0.4491088851 -10.508379999999999 0.99699999999999999999
1  2.51e+01  0.4491827619 -10.508379999999999 0.99699999999999999999
1  2.63e+01  0.4503539198 -10.508379999999999 0.99699999999999999999
1  2.75e+01  0.4494980244 -10.508379999999999 0.99699999999999999999
1  2.88e+01  0.4493314541 -10.508379999999999 0.99699999999999999999
1  3.02e+01  0.449295293 -10.508379999999999 0.99699999999999999999
1  3.16e+01  0.449136025 -10.508379999999999 0.99699999999999999999
1  3.31e+01  0.4491857718 -10.508379999999999 0.99699999999999999999
1  3.47e+01  0.4489524799 -10.508379999999999 0.99699999999999999999
1  3.63e+01  0.4494121676 -10.508379999999999 0.99699999999999999999
1  3.80e+01  0.4494233014 -10.508379999999999 0.99699999999999999999
1  3.98e+01  0.4494481919 -10.508379999999999 0.99699999999999999999
1  4.17e+01  0.4494895893 -10.508379999999999 0.99699999999999999999
1  4.37e+01  0.4494613642 -10.508379999999999 0.99699999999999999999
1  4.57e+01  0.449074258 -10.508379999999999 0.99699999999999999999
1  4.79e+01  0.4494147953 -10.508379999999999 0.99699999999999999999
1  5.01e+01  0.4497353096 -10.508379999999999 0.99699999999999999999
1  5.25e+01  0.4494355768 -10.508379999999999 0.99699999999999999999
1  5.50e+01  0.4493421868 -10.508379999999999 0.99699999999999999999
1  5.75e+01  0.4489695995 -10.508379999999999 0.99699999999999999999
1  6.03e+01  0.4492979591 -10.508379999999999 0.99699999999999999999
1  6.31e+01  0.4490357482 -10.508379999999999 0.99699999999999999999
1  6.61e+01  0.4494754088 -10.508379999999999 0.99699999999999999999
1  6.92e+01  0.4494844327 -10.508379999999999 0.99699999999999999999
1  7.24e+01  0.4494604951 -10.508379999999999 0.99699999999999999999
1  7.59e+01  0.4498808694 -10.508379999999999 0.99699999999999999999
1  7.94e+01  0.4489990262 -10.508379999999999 0.99699999999999999999
1  8.32e+01  0.4494196476 -10.508379999999999 0.99699999999999999999
1  8.71e+01  0.4494601197 -10.508379999999999 0.99699999999999999999
1  9.12e+01  0.449405383 -10.508379999999999 0.99699999999999999999
1  9.55e+01  0.449485063 -10.508379999999999 0.99699999999999999999
1  1.00e+02  0.4488855981 -10.508379999999999 0.99699999999999999999
1  1.05e+02  0.4494223311 -10.508379999999999 0.99699999999999999999
1  1.10e+02  0.449445646 -10.508379999999999 0.99699999999999999999
1  1.15e+02  0.4495028389 -10.508379999999999 0.99699999999999999999
1  1.20e+02  0.4494313107 -10.508379999999999 0.99699999999999999999
1  1.26e+02  0.4493321627 -10.508379999999999 0.99699999999999999999
1  1.32e+02  0.4493194536 -10.508379999999999 0.99699999999999999999
1  1.38e+02  0.4494341412 -10.508379999999999 0.99699999999999999999
1  1.45e+02  0.4492993561 -10.508379999999999 0.99699999999999999999
1  1.51e+02  0.4493906641 -10.508379999999999 0.99699999999999999999
1  1.58e+02  0.4492146803 -10.508379999999999 0.99699999999999999999
1  1.66e+02  0.4494796545 -10.508379999999999 0.99699999999999999999
1  1.74e+02  0.4492354998 -10.508379999999999 0.99699999999999999999
1  1.82e+02  0.4493127172 -10.508379999999999 0.99699999999999999999
1  1.91e+02  0.4493824184 -10.508379999999999 0.99699999999999999999
1  2.00e+02  0.4495474522 -10.508379999999999 0.99699999999999999999
1  2.09e+02  0.4492508947 -10.508379999999999 0.99699999999999999999
1  2.19e+02  0.4494648595 -10.508379999999999 0.99699999999999999999
1  2.29e+02  0.4492752267 -10.508379999999999 0.99699999999999999999
1  2.40e+02  0.4495109813 -10.508379999999999 0.99699999999999999999
1  2.51e+02  0.4494226315 -10.508379999999999 0.99699999999999999999
1  2.63e+02  0.4490633413 -10.508379999999999 0.99699999999999999999
1  2.75e+02  0.4493777791 -10.508379999999999 0.99699999999999999999
1  2.88e+02  0.4491442809 -10.508379999999999 0.99699999999999999999
1  3.02e+02  0.4491466385 -10.508379999999999 0.99699999999999999999
1  3.16e+02  0.4492894264 -10.508379999999999 0.99699999999999999999
1  3.31e+02  0.4493300675 -10.508379999999999 0.99699999999999999999
1  3.47e+02  0.4493578431 -10.508379999999999 0.99699999999999999999
1  3.63e+02  0.4495027737 -10.508379999999999 0.99699999999999999999
1  3.80e+02  0.449224593 -10.508379999999999 0.99699999999999999999
1  3.98e+02  0.4494442209 -10.508379999999999 0.99699999999999999999
1  4.17e+02  0.449185444 -10.508379999999999 0.99699999999999999999
1  4.37e+02  0.4494005733 -10.508379999999999 0.99699999999999999999
1  4.57e+02  0.4493001412 -10.508379999999999 0.99699999999999999999
1  4.79e+02  0.4493888723 -10.508379999999999 0.99699999999999999999
1  5.01e+02  0.4496431595 -10.508379999999999 0.99699999999999999999
1  5.25e+02  0.4494250573 -10.508379999999999 0.99699999999999999999
1  5.50e+02  0.4493692559 -10.508379999999999 0.99699999999999999999
1  5.75e+02  0.4487124037 -10.508379999999999 0.99699999999999999999
1  6.03e+02  0.448918183 -10.508379999999999 0.99699999999999999999
1  6.31e+02  0.4490869102 -10.508379999999999 0.99699999999999999999
1  6.61e+02  0.4485989161 -10.508379999999999 0.99699999999999999999
1  6.92e+02  0.4493545478 -10.508379999999999 0.99699999999999999999
1  7.24e+02  0.4492154172 -10.508379999999999 0.99699999999999999999
1  7.59e+02  0.4484123635 -10.508379999999999 0.99699999999999999999
1  7.94e+02  0.4495483835 -10.508379999999999 0.99699999999999999999
1  8.32e+02  0.448934213 -10.508379999999999 0.99699999999999999999
1  8.71e+02  0.4487301345 -10.508379999999999 0.99699999999999999999
1  9.12e+02  0.4492194076 -10.508379999999999 0.99699999999999999999
1  9.55e+02  0.4481865988 -10.508379999999999 0.99699999999999999999
1  1.00e+03  0.449351343 -10.508379999999999 0.99699999999999999999
1  1.05e+03  0.4495972705 -10.508379999999999 0.99699999999999999999
1  1.10e+03  0.4496460053 -10.508379999999999 0.99699999999999999999
1  1.15e+03  0.4468292093 -10.508379999999999 0.99699999999999999999
1  1.20e+03  0.4490164322 -10.508379999999999 0.99699999999999999999
1  1.26e+03  0.4502456414 -10.508379999999999 0.99699999999999999999
1  1.32e+03  0.4505810996 -10.508379999999999 0.99699999999999999999
1  1.38e+03  0.4483298473 -10.508379999999999 0.99699999999999999999
1  1.45e+03  0.450719137 -10.508379999999999 0.99699999999999999999
1  1.51e+03  0.4427341247 -10.508379999999999 0.99699999999999999999
1  1.58e+03  0.4463602338 -10.508379999999999 0.99699999999999999999
1  1.66e+03  0.4489571293 -10.508379999999999 0.99699999999999999999
1  1.74e+03  0.4491887595 -10.508379999999999 0.99699999999999999999
1  1.82e+03  0.4464825009 -10.508379999999999 0.99699999999999999999
1  1.91e+03  0.4548696451 -10.508379999999999 0.99699999999999999999
1  2.00e+03  0.4511428156 -10.508379999999999 0.99699999999999999999
1  2.09e+03  0.4590133755 -10.508379999999999 0.99699999999999999999
1  2.19e+03  0.4560235982 -10.508379999999999 0.99699999999999999999
1  2.29e+03  0.4505418781 -10.508379999999999 0.99699999999999999999
1  2.40e+03  0.4512201356 -10.508379999999999 0.99699999999999999999
1  2.51e+03  0.4480637002 -10.508379999999999 0.99699999999999999999
1  2.63e+03  0.4187522907 -10.508379999999999 0.99699999999999999999
1  2.75e+03  0.4459754003 -10.508379999999999 0.99699999999999999999
1  2.88e+03  0.4124018476 -10.508379999999999 0.99699999999999999999
1  3.02e+03  0.4416951985 -10.508379999999999 0.99699999999999999999
1  3.16e+03  0.4535671573 -10.508379999999999 0.99699999999999999999
1  3.31e+03  0.453709241 -10.508379999999999 0.99699999999999999999
1  3.47e+03  0.4675457344 -10.508379999999999 0.99699999999999999999
1  3.63e+03  0.4602263616 -10.508379999999999 0.99699999999999999999
1  3.80e+03  0.4512875677 -10.508379999999999 0.99699999999999999999
1  3.98e+03  0.4475331043 -10.508379999999999 0.99699999999999999999
1  4.17e+03  0.4625049391 -10.508379999999999 0.99699999999999999999
1  4.37e+03  0.4490029538 -10.508379999999999 0.99699999999999999999
1  4.57e+03  0.4566287306 -10.508379999999999 0.99699999999999999999
1  4.79e+03  0.4720077019 -10.508379999999999 0.99699999999999999999
1  5.01e+03  0.4469759525 -10.508379999999999 0.99699999999999999999
1  5.25e+03  0.4631235178 -10.508379999999999 0.99699999999999999999
1  5.50e+03  0.4730229422 -10.508379999999999 0.99699999999999999999
1  5.75e+03  0.4582031663 -10.508379999999999 0.99699999999999999999
1  6.03e+03  0.4814739641 -10.508379999999999 0.99699999999999999999
1  6.31e+03  0.4657735028 -10.508379999999999 0.99699999999999999999
1  6.61e+03  0.4049986949 -10.508379999999999 0.99699999999999999999
1  6.92e+03  0.3326806623 -10.508379999999999 0.99699999999999999999
1  7.24e+03  0.4713854494 -10.508379999999999 0.99699999999999999999
1  7.59e+03  0.4300135303 -10.508379999999999 0.99699999999999999999
1  7.94e+03  0.4304654157 -10.508379999999999 0.99699999999999999999
1  8.32e+03  0.4505766664 -10.508379999999999 0.99699999999999999999
1  8.71e+03  0.3576336794 -10.508379999999999 0.99699999999999999999
1  9.12e+03  0.3573095889 -10.508379999999999 0.99699999999999999999
1  9.55e+03  0.4181615653 -10.508379999999999 0.99699999999999999999
1  1.00e+04  0.400661124 -10.508379999999999 0.99699999999999999999
1  1.05e+04  0.4226748246 -10.508379999999999 0.99699999999999999999
1  1.10e+04  0.4466042542 -10.508379999999999 0.99699999999999999999
1  1.15e+04  0.441324411 -10.508379999999999 0.99699999999999999999
1  1.20e+04  0.4562471147 -10.508379999999999 0.99699999999999999999
1  1.26e+04  0.2391714499 -10.508379999999999 0.99699999999999999999
1  1.32e+04  0.4671837969 -10.508379999999999 0.99699999999999999999
1  1.38e+04  0.1744852474 -10.508379999999999 0.99699999999999999999
1  1.45e+04  0.4618982576 -10.508379999999999 0.99699999999999999999
1  1.51e+04  0.2396628979 -10.508379999999999 0.99699999999999999999
1  1.58e+04  0.46109065 -10.508379999999999 0.99699999999999999999
1  1.66e+04  0.4440790155 -10.508379999999999 0.99699999999999999999
1  1.74e+04  0.4407454458 -10.508379999999999 0.99699999999999999999
1  1.82e+04  0.4165447887 -10.508379999999999 0.99699999999999999999
1  1.91e+04  0.08638373837 -10.508379999999999 0.99699999999999999999
1  2.00e+04  0.4148991687 -10.508379999999999 0.99699999999999999999
1  2.09e+04  0.4549987785 -10.508379999999999 0.99699999999999999999
1  2.19e+04  0.1718982886 -10.508379999999999 0.99699999999999999999
1  2.29e+04  0.3073881725 -10.508379999999999 0.99699999999999999999
1  2.40e+04  0.4519457489 -10.508379999999999 0.99699999999999999999
1  2.51e+04  0.2255926823 -10.508379999999999 0.99699999999999999999
1  2.63e+04  0.3302638992 -10.508379999999999 0.99699999999999999999
1  2.75e+04  0.3662026912 -10.508379999999999 0.99699999999999999999
1  2.88e+04  0.4263617078 -10.508379999999999 0.99699999999999999999
1  3.02e+04  0.3995839075 -10.508379999999999 0.99699999999999999999
1  3.16e+04  0.186648676 -10.508379999999999 0.99699999999999999999
1  3.31e+04  0.3923408307 -10.508379999999999 0.99699999999999999999
1  3.47e+04  0.2727318212 -10.508379999999999 0.99699999999999999999
1  3.63e+04  0.4051016355 -10.508379999999999 0.99699999999999999999
1  3.80e+04  0.4422069616 -10.508379999999999 0.99699999999999999999
1  3.98e+04  0.2741757895 -10.508379999999999 0.99699999999999999999
1  4.17e+04  0.4450796823 -10.508379999999999 0.99699999999999999999
1  4.37e+04  0.1088305947 -10.508379999999999 0.99699999999999999999
1  4.57e+04  0.3769785598 -10.508379999999999 0.99699999999999999999
1  4.79e+04  0.3659444385 -10.508379999999999 0.99699999999999999999
1  5.01e+04  0.3128342333 -10.508379999999999 0.99699999999999999999
1  5.25e+04  0.4176345145 -10.508379999999999 0.99699999999999999999
1  5.50e+04  0.4489418244 -10.508379999999999 0.99699999999999999999
1  5.75e+04  0.3277363874 -10.508379999999999 0.99699999999999999999
1  6.03e+04  0.3225393136 -10.508379999999999 0.99699999999999999999
1  6.31e+04  0.4431666978 -10.508379999999999 0.99699999999999999999
1  6.61e+04  0.2387410614 -10.508379999999999 0.99699999999999999999
1  6.92e+04  0.1791878127 -10.508379999999999 0.99699999999999999999
1  7.24e+04  0.408147814 -10.508379999999999 0.99699999999999999999
1  7.59e+04  0.4016419752 -10.508379999999999 0.99699999999999999999
1  7.94e+04  0.2460150825 -10.508379999999999 0.99699999999999999999
1  8.32e+04  0.288542203 -10.508379999999999 0.99699999999999999999
1  8.71e+04  0.4200797517 -10.508379999999999 0.99699999999999999999
1  9.12e+04  0.4457891919 -10.508379999999999 0.99699999999999999999
1  9.55e+04  0.4113311004 -10.508379999999999 0.99699999999999999999
1  1.00e+05  0.3963810698 -10.508379999999999 0.99699999999999999999
1  1.05e+05  0.3905313756 -10.508379999999999 0.99699999999999999999
1  1.10e+05  0.387874721 -10.508379999999999 0.99699999999999999999
1  1.15e+05  0.4116027159 -10.508379999999999 0.99699999999999999999
1  1.20e+05  0.4479731809 -10.508379999999999 0.99699999999999999999
1  1.26e+05  0.4469697215 -10.508379999999999 0.99699999999999999999
1  1.32e+05  0.3917567846 -10.508379999999999 0.99699999999999999999
1  1.38e+05  0.3260388703 -10.508379999999999 0.99699999999999999999
1  1.45e+05  0.3065591123 -10.508379999999999 0.99699999999999999999
1  1.51e+05  0.346355556 -10.508379999999999 0.99699999999999999999
1  1.58e+05  0.4080919416 -10.508379999999999 0.99699999999999999999
1  1.66e+05  0.4416870826 -10.508379999999999 0.99699999999999999999
1  1.74e+05  0.4234634927 -10.508379999999999 0.99699999999999999999
1  1.82e+05  0.366934226 -10.508379999999999 0.99699999999999999999
1  1.91e+05  0.3065106706 -10.508379999999999 0.99699999999999999999
1  2.00e+05  0.2732113883 -10.508379999999999 0.99699999999999999999
1  2.09e+05  0.2792842344 -10.508379999999999 0.99699999999999999999
1  2.19e+05  0.3169991347 -10.508379999999999 0.99699999999999999999
1  2.29e+05  0.3672086535 -10.508379999999999 0.99699999999999999999
1  2.40e+05  0.4101687588 -10.508379999999999 0.99699999999999999999
1  2.51e+05  0.4331109881 -10.508379999999999 0.99699999999999999999
1  2.63e+05  0.4327258008 -10.508379999999999 0.99699999999999999999
1  2.75e+05  0.4135374109 -10.508379999999999 0.99699999999999999999
1  2.88e+05  0.3842949685 -10.508379999999999 0.99699999999999999999
1  3.02e+05  0.3543152915 -10.508379999999999 0.99699999999999999999
1  3.16e+05  0.3309124207 -10.508379999999999 0.99699999999999999999
1  3.31e+05  0.318230403 -10.508379999999999 0.99699999999999999999
1  3.47e+05  0.3172506312 -10.508379999999999 0.99699999999999999999
1  3.63e+05  0.3265183409 -10.508379999999999 0.99699999999999999999
1  3.80e+05  0.3431392332 -10.508379999999999 0.99699999999999999999
1  3.98e+05  0.3637211884 -10.508379999999999 0.99699999999999999999
1  4.17e+05  0.3850860098 -10.508379999999999 0.99699999999999999999
1  4.37e+05  0.4047000026 -10.508379999999999 0.99699999999999999999
1  4.57e+05  0.4208515773 -10.508379999999999 0.99699999999999999999
1  4.79e+05  0.4326415349 -10.508379999999999 0.99699999999999999999
1  5.01e+05  0.4398588633 -10.508379999999999 0.99699999999999999999
1  5.25e+05  0.442804667 -10.508379999999999 0.99699999999999999999
1  5.50e+05  0.4421096039 -10.508379999999999 0.99699999999999999999
1  5.75e+05  0.4385726048 -10.508379999999999 0.99699999999999999999
1  6.03e+05  0.4330341449 -10.508379999999999 0.99699999999999999999
1  6.31e+05  0.426287057 -10.508379999999999 0.99699999999999999999
1  6.61e+05  0.41849896 -10.508379999999999 0.99699999999999999999
1  6.92e+05  0.4106040996 -10.508379999999999 0.99699999999999999999
1  7.24e+05  0.4033002423 -10.508379999999999 0.99699999999999999999
1  7.59e+05  0.3968142144 -10.508379999999999 0.99699999999999999999
1  7.94e+05  0.391651058 -10.508379999999999 0.99699999999999999999
1  8.32e+05  0.3877431149 -10.508379999999999 0.99699999999999999999
1  8.71e+05  0.3851438742 -10.508379999999999 0.99699999999999999999
1  9.12e+05  0.3836379809 -10.508379999999999 0.99699999999999999999
1  9.55e+05  0.3831958761 -10.508379999999999 0.99699999999999999999
1  1.00e+06  0.3836786551 -10.508379999999999 0.99699999999999999999
1  1.05e+06  0.3849376397 -10.508379999999999 0.99699999999999999999
1  1.10e+06  0.386825027 -10.508379999999999 0.99699999999999999999
1  1.15e+06  0.3892011435 -10.508379999999999 0.99699999999999999999
1  1.20e+06  0.391938959 -10.508379999999999 0.99699999999999999999
1  1.26e+06  0.3949264929 -10.508379999999999 0.99699999999999999999
1  1.32e+06  0.398067671 -10.508379999999999 0.99699999999999999999
1  1.38e+06  0.4012821026 -10.508379999999999 0.99699999999999999999
1  1.45e+06  0.4045041503 -10.508379999999999 0.99699999999999999999
1  1.51e+06  0.4076815818 -10.508379999999999 0.99699999999999999999
1  1.58e+06  0.4107740123 -10.508379999999999 0.99699999999999999999
1  1.66e+06  0.4137512899 -10.508379999999999 0.99699999999999999999
1  1.74e+06  0.4165919222 -10.508379999999999 0.99699999999999999999
1  1.82e+06  0.4192816089 -10.508379999999999 0.99699999999999999999
1  1.91e+06  0.4218119142 -10.508379999999999 0.99699999999999999999
1  2.00e+06  0.4241790962 -10.508379999999999 0.99699999999999999999
1  2.09e+06  0.4263830947 -10.508379999999999 0.99699999999999999999
1  2.19e+06  0.4283802341 -10.508379999999999 0.99699999999999999999
1  2.29e+06  0.4302714317 -10.508379999999999 0.99699999999999999999
1  2.40e+06  0.4320133614 -10.508379999999999 0.99699999999999999999
1  2.51e+06  0.433613399 -10.508379999999999 0.99699999999999999999
1  2.63e+06  0.4350795714 -10.508379999999999 0.99699999999999999999
1  2.75e+06  0.4364202511 -10.508379999999999 0.99699999999999999999
1  2.88e+06  0.4376439183 -10.508379999999999 0.99699999999999999999
1  3.02e+06  0.4387589803 -10.508379999999999 0.99699999999999999999
1  3.16e+06  0.4397736373 -10.508379999999999 0.99699999999999999999
1  3.31e+06  0.4406957859 -10.508379999999999 0.99699999999999999999
1  3.47e+06  0.4415329528 -10.508379999999999 0.99699999999999999999
1  3.63e+06  0.442292252 -10.508379999999999 0.99699999999999999999
1  3.80e+06  0.4429803609 -10.508379999999999 0.99699999999999999999
1  3.98e+06  0.4436035112 -10.508379999999999 0.99699999999999999999
1  4.17e+06  0.4441674895 -10.508379999999999 0.99699999999999999999
1  4.37e+06  0.4446776472 -10.508379999999999 0.99699999999999999999
1  4.57e+06  0.4451389153 -10.508379999999999 0.99699999999999999999
1  4.79e+06  0.4455558233 -10.508379999999999 0.99699999999999999999
1  5.01e+06  0.4459325211 -10.508379999999999 0.99699999999999999999
1  5.25e+06  0.4462639588 -10.508379999999999 0.99699999999999999999
1  5.50e+06  0.4465720945 -10.508379999999999 0.99699999999999999999
1  5.75e+06  0.446850352 -10.508379999999999 0.99699999999999999999
1  6.03e+06  0.447101602 -10.508379999999999 0.99699999999999999999
1  6.31e+06  0.4473284513 -10.508379999999999 0.99699999999999999999
1  6.61e+06  0.447533264 -10.508379999999999 0.99699999999999999999
1  6.92e+06  0.4477181826 -10.508379999999999 0.99699999999999999999
1  7.24e+06  0.4478851462 -10.508379999999999 0.99699999999999999999
1  7.59e+06  0.4480359092 -10.508379999999999 0.99699999999999999999
1  7.94e+06  0.4481720572 -10.508379999999999 0.99699999999999999999
1  8.32e+06  0.4482950228 -10.508379999999999 0.99699999999999999999
1  8.71e+06  0.4484060996 -10.508379999999999 0.99699999999999999999
1  9.12e+06  0.4485064551 -10.508379999999999 0.99699999999999999999
1  9.55e+06  0.4485971427 -10.508379999999999 0.99699999999999999999
1  1.00e+07  0.4486791125 -10.508379999999999 0.99699999999999999999
