1  1.00e-03  0.5477392289 -10.16056 0.96399999999999999996
1  1.05e-03  0.5477392301 -10.16056 0.96399999999999999996
1  1.10e-03  0.5477392599 -10.16056 0.96399999999999999996
1  1.15e-03  0.5477392158 -10.16056 0.96399999999999999996
1  1.20e-03  0.5477392194 -10.16056 0.96399999999999999996
1  1.26e-03  0.5477392142 -10.16056 0.96399999999999999996
1  1.32e-03  0.5477392203 -10.16056 0.96399999999999999996
1  1.38e-03  0.547739225 -10.16056 0.96399999999999999996
1  1.45e-03  0.5477392213 -10.16056 0.96399999999999999996
1  1.51e-03  0.547739236 -10.16056 0.96399999999999999996
1  1.58e-03  0.547739243 -10.16056 0.96399999999999999996
1  1.66e-03  0.547739226 -10.16056 0.96399999999999999996
1  1.74e-03  0.5477392239 -10.16056 0.96399999999999999996
1  1.82e-03  0.5477392233 -10.16056 0.96399999999999999996
1  1.91e-03  0.5477392334 -10.16056 0.96399999999999999996
1  2.00e-03  0.5477392372 -10.16056 0.96399999999999999996
1  2.09e-03  0.5477392278 -10.16056 0.96399999999999999996
1  2.19e-03  0.5477392227 -10.16056 0.96399999999999999996
1  2.29e-03  0.5477392243 -10.16056 0.96399999999999999996
1  2.40e-03  0.5477392132 -10.16056 0.96399999999999999996
1  2.51e-03  0.5477392209 -10.16056 0.96399999999999999996
1  2.63e-03  0.5477392162 -10.16056 0.96399999999999999996
1  2.75e-03  0.5477392308 -10.16056 0.96399999999999999996
1  2.88e-03  0.5477392362 -10.16056 0.96399999999999999996
1  3.02e-03  0.5477392264 -10.16056 0.96399999999999999996
1  3.16e-03  0.5477392289 -10.16056 0.96399999999999999996
1  3.31e-03  0.5477392332 -10.16056 0.96399999999999999996
1  3.47e-03  0.5477392296 -10.16056 0.96399999999999999996
1  3.63e-03  0.5477392355 -10.16056 0.96399999999999999996
1  3.80e-03  0.5477392335 -10.16056 0.96399999999999999996
1  3.98e-03  0.5477392125 -10.16056 0.96399999999999999996
1  4.17e-03  0.547739231 -10.16056 0.96399999999999999996
1  4.37e-03  0.5477392136 -10.16056 0.96399999999999999996
1  4.57e-03  0.5477392103 -10.16056 0.96399999999999999996
1  4.79e-03  0.5477392282 -10.16056 0.96399999999999999996
1  5.01e-03  0.5477391971 -10.16056 0.96399999999999999996
1  5.25e-03  0.5477392094 -10.16056 0.96399999999999999996
1  5.50e-03  0.5477392388 -10.16056 0.96399999999999999996
1  5.75e-03  0.5477392437 -10.16056 0.96399999999999999996
1  6.03e-03  0.547739218 -10.16056 0.96399999999999999996
1  6.31e-03  0.5477887509 -10.16056 0.96399999999999999996
1  6.61e-03  0.5477392269 -10.16056 0.96399999999999999996
1  6.92e-03  0.5477392528 -10.16056 0.96399999999999999996
1  7.24e-03  0.5477392504 -10.16056 0.96399999999999999996
1  7.59e-03  0.5477392134 -10.16056 0.96399999999999999996
1  7.94e-03  0.5477392273 -10.16056 0.96399999999999999996
1  8.32e-03  0.5477392301 -10.16056 0.96399999999999999996
1  8.71e-03  0.5477392035 -10.16056 0.96399999999999999996
1  9.12e-03  0.54773924 -10.16056 0.96399999999999999996
1  9.55e-03  0.5477392524 -10.16056 0.96399999999999999996
1  1.00e-02  0.5477392041 -10.16056 0.96399999999999999996
1  1.05e-02  0.5477392273 -10.16056 0.96399999999999999996
1  1.10e-02  0.5477392551 -10.16056 0.96399999999999999996
1  1.15e-02  0.547739205 -10.16056 0.96399999999999999996
1  1.20e-02  0.547739201 -10.16056 0.96399999999999999996
1  1.26e-02  0.5477392233 -10.16056 0.96399999999999999996
1  1.32e-02  0.5477392141 -10.16056 0.96399999999999999996
1  1.38e-02  0.5477392076 -10.16056 0.96399999999999999996
1  1.45e-02  0.5477391858 -10.16056 0.96399999999999999996
1  1.51e-02  0.5477392065 -10.16056 0.96399999999999999996
1  1.58e-02  0.5477391734 -10.16056 0.96399999999999999996
1  1.66e-02  0.5477391706 -10.16056 0.96399999999999999996
1  1.74e-02  0.5477392186 -10.16056 0.96399999999999999996
1  1.82e-02  0.547739154 -10.16056 0.96399999999999999996
1  1.91e-02  0.5477392637 -10.16056 0.96399999999999999996
1  2.00e-02  0.5477392491 -10.16056 0.96399999999999999996
1  2.09e-02  0.5477391281 -10.16056 0.96399999999999999996
1  2.19e-02  0.5477392009 -10.16056 0.96399999999999999996
1  2.29e-02  0.5477390911 -10.16056 0.96399999999999999996
1  2.40e-02  0.5477391347 -10.16056 0.96399999999999999996
1  2.51e-02  0.5477392003 -10.16056 0.96399999999999999996
1  2.63e-02  0.5477391626 -10.16056 0.96399999999999999996
1  2.75e-02  0.5477397156 -10.16056 0.96399999999999999996
1  2.88e-02  0.5477393472 -10.16056 0.96399999999999999996
1  3.02e-02  0.5477393568 -10.16056 0.96399999999999999996
1  3.16e-02  0.5477392151 -10.16056 0.96399999999999999996
1  3.31e-02  0.5477392444 -10.16056 0.96399999999999999996
1  3.47e-02  0.5477392586 -10.16056 0.96399999999999999996
1  3.63e-02  0.5477393506 -10.16056 0.96399999999999999996
1  3.80e-02  0.5477393499 -10.16056 0.96399999999999999996
1  3.98e-02  0.5477391402 -10.16056 0.96399999999999999996
1  4.17e-02  0.5477393413 -10.16056 0.96399999999999999996
1  4.37e-02  0.5477390742 -10.16056 0.96399999999999999996
1  4.57e-02  0.5477391017 -10.16056 0.96399999999999999996
1  4.79e-02  0.5477396789 -10.16056 0.96399999999999999996
1  5.01e-02  0.5477392798 -10.16056 0.96399999999999999996
1  5.25e-02  0.5477393081 -10.16056 0.96399999999999999996
1  5.50e-02  0.5477456209 -10.16056 0.96399999999999999996
1  5.75e-02  0.547739466 -10.16056 0.96399999999999999996
1  6.03e-02  0.5477394854 -10.16056 0.96399999999999999996
1  6.31e-02  0.5477391638 -10.16056 0.96399999999999999996
1  6.61e-02  0.5477393551 -10.16056 0.96399999999999999996
1  6.92e-02  0.5477391966 -10.16056 0.96399999999999999996
1  7.24e-02  0.5477393043 -10.16056 0.96399999999999999996
1  7.59e-02  0.5477394707 -10.16056 0.96399999999999999996
1  7.94e-02  0.5477393221 -10.16056 0.96399999999999999996
1  8.32e-02  0.547739341 -10.16056 0.96399999999999999996
1  8.71e-02  0.5477399358 -10.16056 0.96399999999999999996
1  9.12e-02  0.5477390984 -10.16056 0.96399999999999999996
1  9.55e-02  0.5477389552 -10.16056 0.96399999999999999996
1  1.00e-01  0.5477388045 -10.16056 0.96399999999999999996
1  1.05e-01  0.5477392178 -10.16056 0.96399999999999999996
1  1.10e-01  0.5477386613 -10.16056 0.96399999999999999996
1  1.15e-01  0.5477397905 -10.16056 0.96399999999999999996
1  1.20e-01  0.5477391514 -10.16056 0.96399999999999999996
1  1.26e-01  0.5477388775 -10.16056 0.96399999999999999996
1  1.32e-01  0.5477574323 -10.16056 0.96399999999999999996
1  1.38e-01  0.5477390083 -10.16056 0.96399999999999999996
1  1.45e-01  0.5477391022 -10.16056 0.96399999999999999996
1  1.51e-01  0.5477388491 -10.16056 0.96399999999999999996
1  1.58e-01  0.5477388884 -10.16056 0.96399999999999999996
1  1.66e-01  0.547737733 -10.16056 0.96399999999999999996
1  1.74e-01  0.547739762 -10.16056 0.96399999999999999996
1  1.82e-01  0.5477384064 -10.16056 0.96399999999999999996
1  1.91e-01  0.5477383468 -10.16056 0.96399999999999999996
1  2.00e-01  0.547739087 -10.16056 0.96399999999999999996
1  2.09e-01  0.5477391916 -10.16056 0.96399999999999999996
1  2.19e-01  0.5477391755 -10.16056 0.96399999999999999996
1  2.29e-01  0.5477401279 -10.16056 0.96399999999999999996
1  2.40e-01  0.5477395361 -10.16056 0.96399999999999999996
1  2.51e-01  0.5477380422 -10.16056 0.96399999999999999996
1  2.63e-01  0.5477396318 -10.16056 0.96399999999999999996
1  2.75e-01  0.5477392385 -10.16056 0.96399999999999999996
1  2.88e-01  0.5477428003 -10.16056 0.96399999999999999996
1  3.02e-01  0.5477393448 -10.16056 0.96399999999999999996
1  3.16e-01  0.5477390624 -10.16056 0.96399999999999999996
1  3.31e-01  0.5477373886 -10.16056 0.96399999999999999996
1  3.47e-01  0.547738196 -10.16056 0.96399999999999999996
1  3.63e-01  0.547737603 -10.16056 0.96399999999999999996
1  3.80e-01  0.5477374704 -10.16056 0.96399999999999999996
1  3.98e-01  0.5477389223 -10.16056 0.96399999999999999996
1  4.17e-01  0.547739402 -10.16056 0.96399999999999999996
1  4.37e-01  0.5477378327 -10.16056 0.96399999999999999996
1  4.57e-01  0.5477395967 -10.16056 0.96399999999999999996
1  4.79e-01  0.5477388078 -10.16056 0.96399999999999999996
1  5.01e-01  0.5477388321 -10.16056 0.96399999999999999996
1  5.25e-01  0.5477385044 -10.16056 0.96399999999999999996
1  5.50e-01  0.547737134 -10.16056 0.96399999999999999996
1  5.75e-01  0.5477386488 -10.16056 0.96399999999999999996
1  6.03e-01  0.5477368224 -10.16056 0.96399999999999999996
1  6.31e-01  0.5477367225 -10.16056 0.96399999999999999996
1  6.61e-01  0.5477381046 -10.16056 0.96399999999999999996
1  6.92e-01  0.5477392962 -10.16056 0.96399999999999999996
1  7.24e-01  0.5477373036 -10.16056 0.96399999999999999996
1  7.59e-01  0.5477398391 -10.16056 0.96399999999999999996
1  7.94e-01  0.5477358449 -10.16056 0.96399999999999999996
1  8.32e-01  0.547737086 -10.16056 0.96399999999999999996
1  8.71e-01  0.5477376828 -10.16056 0.96399999999999999996
1  9.12e-01  0.5477341302 -10.16056 0.96399999999999999996
1  9.55e-01  0.5477371903 -10.16056 0.96399999999999999996
1  1.00e+00  0.5477375948 -10.16056 0.96399999999999999996
1  1.05e+00  0.5477339926 -10.16056 0.96399999999999999996
1  1.10e+00  0.5477330871 -10.16056 0.96399999999999999996
1  1.15e+00  0.5477337935 -10.16056 0.96399999999999999996
1  1.20e+00  0.5477380739 -10.16056 0.96399999999999999996
1  1.26e+00  0.5477370299 -10.16056 0.96399999999999999996
1  1.32e+00  0.547739125 -10.16056 0.96399999999999999996
1  1.38e+00  0.547733257 -10.16056 0.96399999999999999996
1  1.45e+00  0.5477393638 -10.16056 0.96399999999999999996
1  1.51e+00  0.5477311044 -10.16056 0.96399999999999999996
1  1.58e+00  0.5477361248 -10.16056 0.96399999999999999996
1  1.66e+00  0.5477237906 -10.16056 0.96399999999999999996
1  1.74e+00  0.5477393114 -10.16056 0.96399999999999999996
1  1.82e+00  0.5477418457 -10.16056 0.96399999999999999996
1  1.91e+00  0.5477285357 -10.16056 0.96399999999999999996
1  2.00e+00  0.5477382767 -10.16056 0.96399999999999999996
1  2.09e+00  0.5477344404 -10.16056 0.96399999999999999996
1  2.19e+00  0.5477389757 -10.16056 0.96399999999999999996
1  2.29e+00  0.5477348195 -10.16056 0.96399999999999999996
1  2.40e+00  0.5477276981 -10.16056 0.96399999999999999996
1  2.51e+00  0.5477306656 -10.16056 0.96399999999999999996
1  2.63e+00  0.5477241017 -10.16056 0.96399999999999999996
1  2.75e+00  0.5477384451 -10.16056 0.96399999999999999996
1  2.88e+00  0.5477247007 -10.16056 0.96399999999999999996
1  3.02e+00  0.5477237642 -10.16056 0.96399999999999999996
1  3.16e+00  0.5477370776 -10.16056 0.96399999999999999996
1  3.31e+00  0.5477203953 -10.16056 0.96399999999999999996
1  3.47e+00  0.547713363 -10.16056 0.96399999999999999996
1  3.63e+00  0.5477355383 -10.16056 0.96399999999999999996
1  3.80e+00  0.5477227071 -10.16056 0.96399999999999999996
1  3.98e+00  0.547728048 -10.16056 0.96399999999999999996
1  4.17e+00  0.5477216753 -10.16056 0.96399999999999999996
1  4.37e+00  0.5476621476 -10.16056 0.96399999999999999996
1  4.57e+00  0.5477371433 -10.16056 0.96399999999999999996
1  4.79e+00  0.5477196647 -10.16056 0.96399999999999999996
1  5.01e+00  0.5477280617 -10.16056 0.96399999999999999996
1  5.25e+00  0.547739196 -10.16056 0.96399999999999999996
1  5.50e+00  0.547739215 -10.16056 0.96399999999999999996
1  5.75e+00  0.5477108361 -10.16056 0.96399999999999999996
1  6.03e+00  0.5477201406 -10.16056 0.96399999999999999996
1  6.31e+00  0.547727994 -10.16056 0.96399999999999999996
1  6.61e+00  0.5477185646 -10.16056 0.96399999999999999996
1  6.92e+00  0.5476886584 -10.16056 0.96399999999999999996
1  7.24e+00  0.5477362083 -10.16056 0.96399999999999999996
1  7.59e+00  0.5476843454 -10.16056 0.96399999999999999996
1  7.94e+00  0.5477464278 -10.16056 0.96399999999999999996
1  8.32e+00  0.5476783587 -10.16056 0.96399999999999999996
1  8.71e+00  0.5477249702 -10.16056 0.96399999999999999996
1  9.12e+00  0.5477247962 -10.16056 0.96399999999999999996
1  9.55e+00  0.5477211966 -10.16056 0.96399999999999999996
1  1.00e+01  0.5477771008 -10.16056 0.96399999999999999996
1  1.05e+01  0.5476979307 -10.16056 0.96399999999999999996
1  1.10e+01  0.5476797251 -10.16056 0.96399999999999999996
1  1.15e+01  0.5476440379 -10.16056 0.96399999999999999996
1  1.20e+01  0.5476602268 -10.16056 0.96399999999999999996
1  1.26e+01  0.5476872069 -10.16056 0.96399999999999999996
1  1.32e+01  0.5477723273 -10.16056 0.96399999999999999996
1  1.38e+01  0.5477338639 -10.16056 0.96399999999999999996
1  1.45e+01  0.5477679797 -10.16056 0.96399999999999999996
1  1.51e+01  0.5477492754 -10.16056 0.96399999999999999996
1  1.58e+01  0.5476557566 -10.16056 0.96399999999999999996
1  1.66e+01  0.5477413806 -10.16056 0.96399999999999999996
1  1.74e+01  0.5477237958 -10.16056 0.96399999999999999996
1  1.82e+01  0.5476949383 -10.16056 0.96399999999999999996
1  1.91e+01  0.5476530331 -10.16056 0.96399999999999999996
1  2.00e+01  0.5475861058 -10.16056 0.96399999999999999996
1  2.09e+01  0.5479721795 -10.16056 0.96399999999999999996
1  2.19e+01  0.5478837865 -10.16056 0.96399999999999999996
1  2.29e+01  0.5476107416 -10.16056 0.96399999999999999996
1  2.40e+01  0.5475464862 -10.16056 0.96399999999999999996
1  2.51e+01  0.547867206 -10.16056 0.96399999999999999996
1  2.63e+01  0.5476530168 -10.16056 0.96399999999999999996
1  2.75e+01  0.5474986963 -10.16056 0.96399999999999999996
1  2.88e+01  0.5477322915 -10.16056 0.96399999999999999996
1  3.02e+01  0.5475012334 -10.16056 0.96399999999999999996
1  3.16e+01  0.5475904518 -10.16056 0.96399999999999999996
1  3.31e+01  0.5474211961 -10.16056 0.96399999999999999996
1  3.47e+01  0.5473723964 -10.16056 0.96399999999999999996
1  3.63e+01  0.5478247322 -10.16056 0.96399999999999999996
1  3.80e+01  0.5476611923 -10.16056 0.96399999999999999996
1  3.98e+01  0.547595657 -10.16056 0.96399999999999999996
1  4.17e+01  0.5473797312 -10.16056 0.96399999999999999996
1  4.37e+01  0.5479531119 -10.16056 0.96399999999999999996
1  4.57e+01  0.5479630942 -10.16056 0.96399999999999999996
1  4.79e+01  0.5477301423 -10.16056 0.96399999999999999996
1  5.01e+01  0.5477763806 -10.16056 0.96399999999999999996
1  5.25e+01  0.5475569943 -10.16056 0.96399999999999999996
1  5.50e+01  0.5476413091 -10.16056 0.96399999999999999996
1  5.75e+01  0.5478002954 -10.16056 0.96399999999999999996
1  6.03e+01  0.5476748661 -10.16056 0.96399999999999999996
1  6.31e+01  0.5474340434 -10.16056 0.96399999999999999996
1  6.61e+01  0.5474273438 -10.16056 0.96399999999999999996
1  6.92e+01  0.5476147947 -10.16056 0.96399999999999999996
1  7.24e+01  0.5472801859 -10.16056 0.96399999999999999996
1  7.59e+01  0.5475679507 -10.16056 0.96399999999999999996
1  7.94e+01  0.5473994676 -10.16056 0.96399999999999999996
1  8.32e+01  0.5474686879 -10.16056 0.96399999999999999996
1  8.71e+01  0.547215373 -10.16056 0.96399999999999999996
1  9.12e+01  0.5478902062 -10.16056 0.96399999999999999996
1  9.55e+01  0.5479703456 -10.16056 0.96399999999999999996
1  1.00e+02  0.5471891869 -10.16056 0.96399999999999999996
1  1.05e+02  0.5475279625 -10.16056 0.96399999999999999996
1  1.10e+02  0.5475095009 -10.16056 0.96399999999999999996
1  1.15e+02  0.5470178452 -10.16056 0.96399999999999999996
1  1.20e+02  0.5475555545 -10.16056 0.96399999999999999996
1  1.26e+02  0.547110015 -10.16056 0.96399999999999999996
1  1.32e+02  0.5471459672 -10.16056 0.96399999999999999996
1  1.38e+02  0.5475185662 -10.16056 0.96399999999999999996
1  1.45e+02  0.5477014881 -10.16056 0.96399999999999999996
1  1.51e+02  0.5479252807 -10.16056 0.96399999999999999996
1  1.58e+02  0.5472497068 -10.16056 0.96399999999999999996
1  1.66e+02  0.5468579719 -10.16056 0.96399999999999999996
1  1.74e+02  0.5471109934 -10.16056 0.96399999999999999996
1  1.82e+02  0.5477259942 -10.16056 0.96399999999999999996
1  1.91e+02  0.5466148013 -10.16056 0.96399999999999999996
1  2.00e+02  0.5474166446 -10.16056 0.96399999999999999996
1  2.09e+02  0.5476596924 -10.16056 0.96399999999999999996
1  2.19e+02  0.5476244453 -10.16056 0.96399999999999999996
1  2.29e+02  0.5476826016 -10.16056 0.96399999999999999996
1  2.40e+02  0.5464061055 -10.16056 0.96399999999999999996
1  2.51e+02  0.5476727277 -10.16056 0.96399999999999999996
1  2.63e+02  0.5474646887 -10.16056 0.96399999999999999996
1  2.75e+02  0.5477778204 -10.16056 0.96399999999999999996
1  2.88e+02  0.5467496483 -10.16056 0.96399999999999999996
1  3.02e+02  0.5473934064 -10.16056 0.96399999999999999996
1  3.16e+02  0.5465885571 -10.16056 0.96399999999999999996
1  3.31e+02  0.5470380778 -10.16056 0.96399999999999999996
1  3.47e+02  0.546801009 -10.16056 0.96399999999999999996
1  3.63e+02  0.5476864094 -10.16056 0.96399999999999999996
1  3.80e+02  0.5472691976 -10.16056 0.96399999999999999996
1  3.98e+02  0.547611595 -10.16056 0.96399999999999999996
1  4.17e+02  0.5454812376 -10.16056 0.96399999999999999996
1  4.37e+02  0.5454119054 -10.16056 0.96399999999999999996
1  4.57e+02  0.5450680862 -10.16056 0.96399999999999999996
1  4.79e+02  0.5471545508 -10.16056 0.96399999999999999996
1  5.01e+02  0.5446587558 -10.16056 0.96399999999999999996
1  5.25e+02  0.5450762765 -10.16056 0.96399999999999999996
1  5.50e+02  0.5448207967 -10.16056 0.96399999999999999996
1  5.75e+02  0.5475976806 -10.16056 0.96399999999999999996
1  6.03e+02  0.5463792492 -10.16056 0.96399999999999999996
1  6.31e+02  0.5463885884 -10.16056 0.96399999999999999996
1  6.61e+02  0.5476719782 -10.16056 0.96399999999999999996
1  6.92e+02  0.5441172915 -10.16056 0.96399999999999999996
1  7.24e+02  0.5435936829 -10.16056 0.96399999999999999996
1  7.59e+02  0.5432713565 -10.16056 0.96399999999999999996
1  7.94e+02  0.5456712601 -10.16056 0.96399999999999999996
1  8.32e+02  0.5454295735 -10.16056 0.96399999999999999996
1  8.71e+02  0.547591805 -10.16056 0.96399999999999999996
1  9.12e+02  0.5473366624 -10.16056 0.96399999999999999996
1  9.55e+02  0.5447901016 -10.16056 0.96399999999999999996
1  1.00e+03  0.5449834627 -10.16056 0.96399999999999999996
1  1.05e+03  0.5408271231 -10.16056 0.96399999999999999996
1  1.10e+03  0.5391449521 -10.16056 0.96399999999999999996
1  1.15e+03  0.5388186767 -10.16056 0.96399999999999999996
1  1.20e+03  0.5483749459 -10.16056 0.96399999999999999996
1  1.26e+03  0.5481969599 -10.16056 0.96399999999999999996
1  1.32e+03  0.5499160388 -10.16056 0.96399999999999999996
1  1.38e+03  0.5485564598 -10.16056 0.96399999999999999996
1  1.45e+03  0.5483835047 -10.16056 0.96399999999999999996
1  1.51e+03  0.524248613 -10.16056 0.96399999999999999996
1  1.58e+03  0.5489786388 -10.16056 0.96399999999999999996
1  1.66e+03  0.5409347342 -10.16056 0.96399999999999999996
1  1.74e+03  0.5449964581 -10.16056 0.96399999999999999996
1  1.82e+03  0.5588762277 -10.16056 0.96399999999999999996
1  1.91e+03  0.5696371494 -10.16056 0.96399999999999999996
1  2.00e+03  0.5394120319 -10.16056 0.96399999999999999996
1  2.09e+03  0.5710673956 -10.16056 0.96399999999999999996
1  2.19e+03  0.5227791187 -10.16056 0.96399999999999999996
1  2.29e+03  0.4891134435 -10.16056 0.96399999999999999996
1  2.40e+03  0.4763471648 -10.16056 0.96399999999999999996
1  2.51e+03  0.4603525098 -10.16056 0.96399999999999999996
1  2.63e+03  0.4923902186 -10.16056 0.96399999999999999996
1  2.75e+03  0.5488360839 -10.16056 0.96399999999999999996
1  2.88e+03  0.4591717087 -10.16056 0.96399999999999999996
1  3.02e+03  0.5595344203 -10.16056 0.96399999999999999996
1  3.16e+03  0.5552725912 -10.16056 0.96399999999999999996
1  3.31e+03  0.5142937531 -10.16056 0.96399999999999999996
1  3.47e+03  0.5126047638 -10.16056 0.96399999999999999996
1  3.63e+03  0.5322927094 -10.16056 0.96399999999999999996
1  3.80e+03  0.5735040736 -10.16056 0.96399999999999999996
1  3.98e+03  0.6435826762 -10.16056 0.96399999999999999996
1  4.17e+03  0.6050039708 -10.16056 0.96399999999999999996
1  4.37e+03  0.5643708941 -10.16056 0.96399999999999999996
1  4.57e+03  0.6458820396 -10.16056 0.96399999999999999996
1  4.79e+03  0.5667472738 -10.16056 0.96399999999999999996
1  5.01e+03  0.5462726301 -10.16056 0.96399999999999999996
1  5.25e+03  0.6525036129 -10.16056 0.96399999999999999996
1  5.50e+03  0.6398361787 -10.16056 0.96399999999999999996
1  5.75e+03  0.5830274882 -10.16056 0.96399999999999999996
1  6.03e+03  0.5612093179 -10.16056 0.96399999999999999996
1  6.31e+03  0.5834960183 -10.16056 0.96399999999999999996
1  6.61e+03  0.6492997419 -10.16056 0.96399999999999999996
1  6.92e+03  0.6173514605 -10.16056 0.96399999999999999996
1  7.24e+03  0.3831630508 -10.16056 0.96399999999999999996
1  7.59e+03  0.4265855496 -10.16056 0.96399999999999999996
1  7.94e+03  0.6170363061 -10.16056 0.96399999999999999996
1  8.32e+03  0.2932110985 -10.16056 0.96399999999999999996
1  8.71e+03  0.6447101049 -10.16056 0.96399999999999999996
1  9.12e+03  0.2942926477 -10.16056 0.96399999999999999996
1  9.55e+03  0.5493665676 -10.16056 0.96399999999999999996
1  1.00e+04  0.4676300373 -10.16056 0.96399999999999999996
1  1.05e+04  0.2490168376 -10.16056 0.96399999999999999996
1  1.10e+04  0.4885472386 -10.16056 0.96399999999999999996
1  1.15e+04  0.5219068878 -10.16056 0.96399999999999999996
1  1.20e+04  0.5157951439 -10.16056 0.96399999999999999996
1  1.26e+04  0.4068784567 -10.16056 0.96399999999999999996
1  1.32e+04  0.2929794092 -10.16056 0.96399999999999999996
1  1.38e+04  0.3234046761 -10.16056 0.96399999999999999996
1  1.45e+04  0.2479215399 -10.16056 0.96399999999999999996
1  1.51e+04  0.3456307887 -10.16056 0.96399999999999999996
1  1.58e+04  0.3428975818 -10.16056 0.96399999999999999996
1  1.66e+04  0.4534653483 -10.16056 0.96399999999999999996
1  1.74e+04  0.5083332326 -10.16056 0.96399999999999999996
1  1.82e+04  0.413682104 -10.16056 0.96399999999999999996
1  1.91e+04  0.1784192089 -10.16056 0.96399999999999999996
1  2.00e+04  0.2447294039 -10.16056 0.96399999999999999996
1  2.09e+04  0.4404355554 -10.16056 0.96399999999999999996
1  2.19e+04  0.3007780943 -10.16056 0.96399999999999999996
1  2.29e+04  0.1863483718 -10.16056 0.96399999999999999996
1  2.40e+04  0.3715686582 -10.16056 0.96399999999999999996
1  2.51e+04  0.3508301101 -10.16056 0.96399999999999999996
1  2.63e+04  0.1525455216 -10.16056 0.96399999999999999996
1  2.75e+04  0.4650802578 -10.16056 0.96399999999999999996
1  2.88e+04  0.1385006082 -10.16056 0.96399999999999999996
1  3.02e+04  0.4154976433 -10.16056 0.96399999999999999996
1  3.16e+04  0.1152722386 -10.16056 0.96399999999999999996
1  3.31e+04  0.4497158509 -10.16056 0.96399999999999999996
1  3.47e+04  0.06755620742 -10.16056 0.96399999999999999996
1  3.63e+04  0.4680489142 -10.16056 0.96399999999999999996
1  3.80e+04  0.07202228135 -10.16056 0.96399999999999999996
1  3.98e+04  0.5113843838 -10.16056 0.96399999999999999996
1  4.17e+04  0.05969593986 -10.16056 0.96399999999999999996
1  4.37e+04  0.336674338 -10.16056 0.96399999999999999996
1  4.57e+04  0.4124633298 -10.16056 0.96399999999999999996
1  4.79e+04  0.03716663743 -10.16056 0.96399999999999999996
1  5.01e+04  0.4204654523 -10.16056 0.96399999999999999996
1  5.25e+04  0.3035691061 -10.16056 0.96399999999999999996
1  5.50e+04  0.0612838626 -10.16056 0.96399999999999999996
1  5.75e+04  0.4901905689 -10.16056 0.96399999999999999996
1  6.03e+04  0.2726316069 -10.16056 0.96399999999999999996
1  6.31e+04  0.07584148108 -10.16056 0.96399999999999999996
1  6.61e+04  0.4229042716 -10.16056 0.96399999999999999996
1  6.92e+04  0.4835375446 -10.16056 0.96399999999999999996
1  7.24e+04  0.2324449555 -10.16056 0.96399999999999999996
1  7.59e+04  0.1775891716 -10.16056 0.96399999999999999996
1  7.94e+04  0.3809523545 -10.16056 0.96399999999999999996
1  8.32e+04  0.5231399406 -10.16056 0.96399999999999999996
1  8.71e+04  0.3824066839 -10.16056 0.96399999999999999996
1  9.12e+04  0.1616422173 -10.16056 0.96399999999999999996
1  9.55e+04  0.1956323409 -10.16056 0.96399999999999999996
1  1.00e+05  0.4322205693 -10.16056 0.96399999999999999996
1  1.05e+05  0.525561071 -10.16056 0.96399999999999999996
1  1.10e+05  0.3520922234 -10.16056 0.96399999999999999996
1  1.15e+05  0.1474554698 -10.16056 0.96399999999999999996
1  1.20e+05  0.1570433306 -10.16056 0.96399999999999999996
1  1.26e+05  0.3506338209 -10.16056 0.96399999999999999996
1  1.32e+05  0.5121634407 -10.16056 0.96399999999999999996
1  1.38e+05  0.4973751768 -10.16056 0.96399999999999999996
1  1.45e+05  0.3494859411 -10.16056 0.96399999999999999996
1  1.51e+05  0.2139135405 -10.16056 0.96399999999999999996
1  1.58e+05  0.1953796932 -10.16056 0.96399999999999999996
1  1.66e+05  0.2923610554 -10.16056 0.96399999999999999996
1  1.74e+05  0.4286711148 -10.16056 0.96399999999999999996
1  1.82e+05  0.5233135964 -10.16056 0.96399999999999999996
1  1.91e+05  0.5388633774 -10.16056 0.96399999999999999996
1  2.00e+05  0.4879702941 -10.16056 0.96399999999999999996
1  2.09e+05  0.4111946068 -10.16056 0.96399999999999999996
1  2.19e+05  0.3493365236 -10.16056 0.96399999999999999996
1  2.29e+05  0.325918417 -10.16056 0.96399999999999999996
1  2.40e+05  0.3435336715 -10.16056 0.96399999999999999996
1  2.51e+05  0.3898228547 -10.16056 0.96399999999999999996
1  2.63e+05  0.4466803986 -10.16056 0.96399999999999999996
1  2.75e+05  0.4979262168 -10.16056 0.96399999999999999996
1  2.88e+05  0.5334302798 -10.16056 0.96399999999999999996
1  3.02e+05  0.5498481468 -10.16056 0.96399999999999999996
1  3.16e+05  0.5491763331 -10.16056 0.96399999999999999996
1  3.31e+05  0.5364637184 -10.16056 0.96399999999999999996
1  3.47e+05  0.5176525962 -10.16056 0.96399999999999999996
1  3.63e+05  0.4980423898 -10.16056 0.96399999999999999996
1  3.80e+05  0.4814809447 -10.16056 0.96399999999999999996
1  3.98e+05  0.4701599753 -10.16056 0.96399999999999999996
1  4.17e+05  0.4648051265 -10.16056 0.96399999999999999996
1  4.37e+05  0.4650577542 -10.16056 0.96399999999999999996
1  4.57e+05  0.4698961686 -10.16056 0.96399999999999999996
1  4.79e+05  0.4780042254 -10.16056 0.96399999999999999996
1  5.01e+05  0.4880461209 -10.16056 0.96399999999999999996
1  5.25e+05  0.4988413905 -10.16056 0.96399999999999999996
1  5.50e+05  0.5094539034 -10.16056 0.96399999999999999996
1  5.75e+05  0.5192166895 -10.16056 0.96399999999999999996
1  6.03e+05  0.5277149545 -10.16056 0.96399999999999999996
1  6.31e+05  0.53474621 -10.16056 0.96399999999999999996
1  6.61e+05  0.5402326226 -10.16056 0.96399999999999999996
1  6.92e+05  0.5442748511 -10.16056 0.96399999999999999996
1  7.24e+05  0.5470590834 -10.16056 0.96399999999999999996
1  7.59e+05  0.5487589819 -10.16056 0.96399999999999999996
1  7.94e+05  0.5495739396 -10.16056 0.96399999999999999996
1  8.32e+05  0.5496983433 -10.16056 0.96399999999999999996
1  8.71e+05  0.5493041584 -10.16056 0.96399999999999999996
1  9.12e+05  0.5485595303 -10.16056 0.96399999999999999996
1  9.55e+05  0.5475879143 -10.16056 0.96399999999999999996
1  1.00e+06  0.5464945688 -10.16056 0.96399999999999999996
1  1.05e+06  0.5453614602 -10.16056 0.96399999999999999996
1  1.10e+06  0.5442499046 -10.16056 0.96399999999999999996
1  1.15e+06  0.5432036031 -10.16056 0.96399999999999999996
1  1.20e+06  0.5422517205 -10.16056 0.96399999999999999996
1  1.26e+06  0.541411789 -10.16056 0.96399999999999999996
1  1.32e+06  0.5406923089 -10.16056 0.96399999999999999996
1  1.38e+06  0.5400949943 -10.16056 0.96399999999999999996
1  1.45e+06  0.5396166494 -10.16056 0.96399999999999999996
1  1.51e+06  0.539249051 -10.16056 0.96399999999999999996
1  1.58e+06  0.5389868925 -10.16056 0.96399999999999999996
1  1.66e+06  0.538818381 -10.16056 0.96399999999999999996
1  1.74e+06  0.538733009 -10.16056 0.96399999999999999996
1  1.82e+06  0.5387202551 -10.16056 0.96399999999999999996
1  1.91e+06  0.538769946 -10.16056 0.96399999999999999996
1  2.00e+06  0.5388724978 -10.16056 0.96399999999999999996
1  2.09e+06  0.5390190645 -10.16056 0.96399999999999999996
1  2.19e+06  0.5392016157 -10.16056 0.96399999999999999996
1  2.29e+06  0.5394129646 -10.16056 0.96399999999999999996
1  2.40e+06  0.5396467582 -10.16056 0.96399999999999999996
1  2.51e+06  0.5398974432 -10.16056 0.96399999999999999996
1  2.63e+06  0.5401602157 -10.16056 0.96399999999999999996
1  2.75e+06  0.5404304558 -10.16056 0.96399999999999999996
1  2.88e+06  0.5407057294 -10.16056 0.96399999999999999996
1  3.02e+06  0.5409825577 -10.16056 0.96399999999999999996
1  3.16e+06  0.5412585111 -10.16056 0.96399999999999999996
1  3.31e+06  0.5415315971 -10.16056 0.96399999999999999996
1  3.47e+06  0.5418002043 -10.16056 0.96399999999999999996
1  3.63e+06  0.5420630505 -10.16056 0.96399999999999999996
1  3.80e+06  0.5423191366 -10.16056 0.96399999999999999996
1  3.98e+06  0.5425677048 -10.16056 0.96399999999999999996
1  4.17e+06  0.5428082014 -10.16056 0.96399999999999999996
1  4.37e+06  0.5430402445 -10.16056 0.96399999999999999996
1  4.57e+06  0.5432635958 -10.16056 0.96399999999999999996
1  4.79e+06  0.5434779553 -10.16056 0.96399999999999999996
1  5.01e+06  0.5436836753 -10.16056 0.96399999999999999996
1  5.25e+06  0.5438806165 -10.16056 0.96399999999999999996
1  5.50e+06  0.544068899 -10.16056 0.96399999999999999996
1  5.75e+06  0.544248693 -10.16056 0.96399999999999999996
1  6.03e+06  0.5444202077 -10.16056 0.96399999999999999996
1  6.31e+06  0.544583682 -10.16056 0.96399999999999999996
1  6.61e+06  0.5447393759 -10.16056 0.96399999999999999996
1  6.92e+06  0.5448875649 -10.16056 0.96399999999999999996
1  7.24e+06  0.5450285337 -10.16056 0.96399999999999999996
1  7.59e+06  0.5451625725 -10.16056 0.96399999999999999996
1  7.94e+06  0.5452899727 -10.16056 0.96399999999999999996
1  8.32e+06  0.5454110243 -10.16056 0.96399999999999999996
1  8.71e+06  0.5455259554 -10.16056 0.96399999999999999996
1  9.12e+06  0.5456351685 -10.16056 0.96399999999999999996
1  9.55e+06  0.5457388735 -10.16056 0.96399999999999999996
1  1.00e+07  0.5458373364 -10.16056 0.96399999999999999996
