1  1.00e-03  0.3746028178 -10.424059999999999 0.98899999999999999999
1  1.05e-03  0.3746028182 -10.424059999999999 0.98899999999999999999
1  1.10e-03  0.3746028175 -10.424059999999999 0.98899999999999999999
1  1.15e-03  0.3746028144 -10.424059999999999 0.98899999999999999999
1  1.20e-03  0.3746028174 -10.424059999999999 0.98899999999999999999
1  1.26e-03  0.3746028195 -10.424059999999999 0.98899999999999999999
1  1.32e-03  0.3746028151 -10.424059999999999 0.98899999999999999999
1  1.38e-03  0.3746028149 -10.424059999999999 0.98899999999999999999
1  1.45e-03  0.3746028149 -10.424059999999999 0.98899999999999999999
1  1.51e-03  0.3746028167 -10.424059999999999 0.98899999999999999999
1  1.58e-03  0.3746028164 -10.424059999999999 0.98899999999999999999
1  1.66e-03  0.3746028171 -10.424059999999999 0.98899999999999999999
1  1.74e-03  0.3746028161 -10.424059999999999 0.98899999999999999999
1  1.82e-03  0.3746028152 -10.424059999999999 0.98899999999999999999
1  1.91e-03  0.3746028111 -10.424059999999999 0.98899999999999999999
1  2.00e-03  0.3746028149 -10.424059999999999 0.98899999999999999999
1  2.09e-03  0.374602815 -10.424059999999999 0.98899999999999999999
1  2.19e-03  0.3746028153 -10.424059999999999 0.98899999999999999999
1  2.29e-03  0.3746028089 -10.424059999999999 0.98899999999999999999
1  2.40e-03  0.3746028136 -10.424059999999999 0.98899999999999999999
1  2.51e-03  0.374602813 -10.424059999999999 0.98899999999999999999
1  2.63e-03  0.3746028157 -10.424059999999999 0.98899999999999999999
1  2.75e-03  0.3746028105 -10.424059999999999 0.98899999999999999999
1  2.88e-03  0.3746028109 -10.424059999999999 0.98899999999999999999
1  3.02e-03  0.3746028125 -10.424059999999999 0.98899999999999999999
1  3.16e-03  0.3746028118 -10.424059999999999 0.98899999999999999999
1  3.31e-03  0.37460281 -10.424059999999999 0.98899999999999999999
1  3.47e-03  0.3746028107 -10.424059999999999 0.98899999999999999999
1  3.63e-03  0.3746028066 -10.424059999999999 0.98899999999999999999
1  3.80e-03  0.374602808 -10.424059999999999 0.98899999999999999999
1  3.98e-03  0.3746028198 -10.424059999999999 0.98899999999999999999
1  4.17e-03  0.3746028094 -10.424059999999999 0.98899999999999999999
1  4.37e-03  0.3746028156 -10.424059999999999 0.98899999999999999999
1  4.57e-03  0.3746028165 -10.424059999999999 0.98899999999999999999
1  4.79e-03  0.3746028041 -10.424059999999999 0.98899999999999999999
1  5.01e-03  0.3746028163 -10.424059999999999 0.98899999999999999999
1  5.25e-03  0.3746028057 -10.424059999999999 0.98899999999999999999
1  5.50e-03  0.3746028057 -10.424059999999999 0.98899999999999999999
1  5.75e-03  0.3746028002 -10.424059999999999 0.98899999999999999999
1  6.03e-03  0.3746028047 -10.424059999999999 0.98899999999999999999
1  6.31e-03  0.3746028051 -10.424059999999999 0.98899999999999999999
1  6.61e-03  0.3746028085 -10.424059999999999 0.98899999999999999999
1  6.92e-03  0.3746027668 -10.424059999999999 0.98899999999999999999
1  7.24e-03  0.3746027985 -10.424059999999999 0.98899999999999999999
1  7.59e-03  0.3746028045 -10.424059999999999 0.98899999999999999999
1  7.94e-03  0.3746028006 -10.424059999999999 0.98899999999999999999
1  8.32e-03  0.3746027971 -10.424059999999999 0.98899999999999999999
1  8.71e-03  0.3746028063 -10.424059999999999 0.98899999999999999999
1  9.12e-03  0.3746027858 -10.424059999999999 0.98899999999999999999
1  9.55e-03  0.3746027886 -10.424059999999999 0.98899999999999999999
1  1.00e-02  0.3746027998 -10.424059999999999 0.98899999999999999999
1  1.05e-02  0.3746028151 -10.424059999999999 0.98899999999999999999
1  1.10e-02  0.3746027803 -10.424059999999999 0.98899999999999999999
1  1.15e-02  0.3746028009 -10.424059999999999 0.98899999999999999999
1  1.20e-02  0.3746028059 -10.424059999999999 0.98899999999999999999
1  1.26e-02  0.3746027912 -10.424059999999999 0.98899999999999999999
1  1.32e-02  0.3746027895 -10.424059999999999 0.98899999999999999999
1  1.38e-02  0.374602803 -10.424059999999999 0.98899999999999999999
1  1.45e-02  0.374602799 -10.424059999999999 0.98899999999999999999
1  1.51e-02  0.3746027904 -10.424059999999999 0.98899999999999999999
1  1.58e-02  0.3746027959 -10.424059999999999 0.98899999999999999999
1  1.66e-02  0.3746027905 -10.424059999999999 0.98899999999999999999
1  1.74e-02  0.3746027831 -10.424059999999999 0.98899999999999999999
1  1.82e-02  0.3746028141 -10.424059999999999 0.98899999999999999999
1  1.91e-02  0.3746027632 -10.424059999999999 0.98899999999999999999
1  2.00e-02  0.374602774 -10.424059999999999 0.98899999999999999999
1  2.09e-02  0.3746028096 -10.424059999999999 0.98899999999999999999
1  2.19e-02  0.3746027872 -10.424059999999999 0.98899999999999999999
1  2.29e-02  0.3746027928 -10.424059999999999 0.98899999999999999999
1  2.40e-02  0.3746027527 -10.424059999999999 0.98899999999999999999
1  2.51e-02  0.374602786 -10.424059999999999 0.98899999999999999999
1  2.63e-02  0.374602792 -10.424059999999999 0.98899999999999999999
1  2.75e-02  0.3746028013 -10.424059999999999 0.98899999999999999999
1  2.88e-02  0.3746027268 -10.424059999999999 0.98899999999999999999
1  3.02e-02  0.3746027852 -10.424059999999999 0.98899999999999999999
1  3.16e-02  0.3746028932 -10.424059999999999 0.98899999999999999999
1  3.31e-02  0.3746155839 -10.424059999999999 0.98899999999999999999
1  3.47e-02  0.3746027607 -10.424059999999999 0.98899999999999999999
1  3.63e-02  0.3746026123 -10.424059999999999 0.98899999999999999999
1  3.80e-02  0.3746025193 -10.424059999999999 0.98899999999999999999
1  3.98e-02  0.3746024132 -10.424059999999999 0.98899999999999999999
1  4.17e-02  0.3746021367 -10.424059999999999 0.98899999999999999999
1  4.37e-02  0.3746027183 -10.424059999999999 0.98899999999999999999
1  4.57e-02  0.3746027462 -10.424059999999999 0.98899999999999999999
1  4.79e-02  0.3746022368 -10.424059999999999 0.98899999999999999999
1  5.01e-02  0.3746026263 -10.424059999999999 0.98899999999999999999
1  5.25e-02  0.3746027183 -10.424059999999999 0.98899999999999999999
1  5.50e-02  0.3746027396 -10.424059999999999 0.98899999999999999999
1  5.75e-02  0.3746026626 -10.424059999999999 0.98899999999999999999
1  6.03e-02  0.3746026701 -10.424059999999999 0.98899999999999999999
1  6.31e-02  0.374602738 -10.424059999999999 0.98899999999999999999
1  6.61e-02  0.3746027245 -10.424059999999999 0.98899999999999999999
1  6.92e-02  0.3746025827 -10.424059999999999 0.98899999999999999999
1  7.24e-02  0.3746027099 -10.424059999999999 0.98899999999999999999
1  7.59e-02  0.3746025431 -10.424059999999999 0.98899999999999999999
1  7.94e-02  0.374600725 -10.424059999999999 0.98899999999999999999
1  8.32e-02  0.3746022973 -10.424059999999999 0.98899999999999999999
1  8.71e-02  0.374602464 -10.424059999999999 0.98899999999999999999
1  9.12e-02  0.3746025253 -10.424059999999999 0.98899999999999999999
1  9.55e-02  0.3746024706 -10.424059999999999 0.98899999999999999999
1  1.00e-01  0.3746024973 -10.424059999999999 0.98899999999999999999
1  1.05e-01  0.3746025496 -10.424059999999999 0.98899999999999999999
1  1.10e-01  0.3746025944 -10.424059999999999 0.98899999999999999999
1  1.15e-01  0.374602655 -10.424059999999999 0.98899999999999999999
1  1.20e-01  0.3746023766 -10.424059999999999 0.98899999999999999999
1  1.26e-01  0.3746025633 -10.424059999999999 0.98899999999999999999
1  1.32e-01  0.3746027486 -10.424059999999999 0.98899999999999999999
1  1.38e-01  0.3746020822 -10.424059999999999 0.98899999999999999999
1  1.45e-01  0.3746024563 -10.424059999999999 0.98899999999999999999
1  1.51e-01  0.3746024539 -10.424059999999999 0.98899999999999999999
1  1.58e-01  0.374602128 -10.424059999999999 0.98899999999999999999
1  1.66e-01  0.3746023095 -10.424059999999999 0.98899999999999999999
1  1.74e-01  0.3745825194 -10.424059999999999 0.98899999999999999999
1  1.82e-01  0.3745979931 -10.424059999999999 0.98899999999999999999
1  1.91e-01  0.3746022313 -10.424059999999999 0.98899999999999999999
1  2.00e-01  0.3746020799 -10.424059999999999 0.98899999999999999999
1  2.09e-01  0.3746026754 -10.424059999999999 0.98899999999999999999
1  2.19e-01  0.374602712 -10.424059999999999 0.98899999999999999999
1  2.29e-01  0.3746023623 -10.424059999999999 0.98899999999999999999
1  2.40e-01  0.3746024292 -10.424059999999999 0.98899999999999999999
1  2.51e-01  0.3746023171 -10.424059999999999 0.98899999999999999999
1  2.63e-01  0.3746023978 -10.424059999999999 0.98899999999999999999
1  2.75e-01  0.3746023374 -10.424059999999999 0.98899999999999999999
1  2.88e-01  0.3746018908 -10.424059999999999 0.98899999999999999999
1  3.02e-01  0.3746021202 -10.424059999999999 0.98899999999999999999
1  3.16e-01  0.3746019742 -10.424059999999999 0.98899999999999999999
1  3.31e-01  0.3746027821 -10.424059999999999 0.98899999999999999999
1  3.47e-01  0.3746022607 -10.424059999999999 0.98899999999999999999
1  3.63e-01  0.3745986826 -10.424059999999999 0.98899999999999999999
1  3.80e-01  0.3746021235 -10.424059999999999 0.98899999999999999999
1  3.98e-01  0.3746021443 -10.424059999999999 0.98899999999999999999
1  4.17e-01  0.3746021595 -10.424059999999999 0.98899999999999999999
1  4.37e-01  0.3746104127 -10.424059999999999 0.98899999999999999999
1  4.57e-01  0.3746025951 -10.424059999999999 0.98899999999999999999
1  4.79e-01  0.3746024088 -10.424059999999999 0.98899999999999999999
1  5.01e-01  0.3746027381 -10.424059999999999 0.98899999999999999999
1  5.25e-01  0.3746026085 -10.424059999999999 0.98899999999999999999
1  5.50e-01  0.3746020249 -10.424059999999999 0.98899999999999999999
1  5.75e-01  0.3746024028 -10.424059999999999 0.98899999999999999999
1  6.03e-01  0.3746025827 -10.424059999999999 0.98899999999999999999
1  6.31e-01  0.3746018608 -10.424059999999999 0.98899999999999999999
1  6.61e-01  0.3746015394 -10.424059999999999 0.98899999999999999999
1  6.92e-01  0.3746015124 -10.424059999999999 0.98899999999999999999
1  7.24e-01  0.3746014447 -10.424059999999999 0.98899999999999999999
1  7.59e-01  0.3746021632 -10.424059999999999 0.98899999999999999999
1  7.94e-01  0.3746009566 -10.424059999999999 0.98899999999999999999
1  8.32e-01  0.3746012424 -10.424059999999999 0.98899999999999999999
1  8.71e-01  0.3746022486 -10.424059999999999 0.98899999999999999999
1  9.12e-01  0.3746027743 -10.424059999999999 0.98899999999999999999
1  9.55e-01  0.3746008761 -10.424059999999999 0.98899999999999999999
1  1.00e+00  0.3746010792 -10.424059999999999 0.98899999999999999999
1  1.05e+00  0.3746004339 -10.424059999999999 0.98899999999999999999
1  1.10e+00  0.3746009387 -10.424059999999999 0.98899999999999999999
1  1.15e+00  0.3746032666 -10.424059999999999 0.98899999999999999999
1  1.20e+00  0.3746002516 -10.424059999999999 0.98899999999999999999
1  1.26e+00  0.3746110479 -10.424059999999999 0.98899999999999999999
1  1.32e+00  0.3746024682 -10.424059999999999 0.98899999999999999999
1  1.38e+00  0.3745994708 -10.424059999999999 0.98899999999999999999
1  1.45e+00  0.3745995005 -10.424059999999999 0.98899999999999999999
1  1.51e+00  0.3746015841 -10.424059999999999 0.98899999999999999999
1  1.58e+00  0.3746007624 -10.424059999999999 0.98899999999999999999
1  1.66e+00  0.3745988465 -10.424059999999999 0.98899999999999999999
1  1.74e+00  0.3745989689 -10.424059999999999 0.98899999999999999999
1  1.82e+00  0.3746028016 -10.424059999999999 0.98899999999999999999
1  1.91e+00  0.3746012166 -10.424059999999999 0.98899999999999999999
1  2.00e+00  0.3746004084 -10.424059999999999 0.98899999999999999999
1  2.09e+00  0.3746025619 -10.424059999999999 0.98899999999999999999
1  2.19e+00  0.3746026249 -10.424059999999999 0.98899999999999999999
1  2.29e+00  0.3746013673 -10.424059999999999 0.98899999999999999999
1  2.40e+00  0.374598479 -10.424059999999999 0.98899999999999999999
1  2.51e+00  0.3745798919 -10.424059999999999 0.98899999999999999999
1  2.63e+00  0.3745999894 -10.424059999999999 0.98899999999999999999
1  2.75e+00  0.3745975702 -10.424059999999999 0.98899999999999999999
1  2.88e+00  0.3746043815 -10.424059999999999 0.98899999999999999999
1  3.02e+00  0.3746026207 -10.424059999999999 0.98899999999999999999
1  3.16e+00  0.3746023088 -10.424059999999999 0.98899999999999999999
1  3.31e+00  0.3745992101 -10.424059999999999 0.98899999999999999999
1  3.47e+00  0.3746128749 -10.424059999999999 0.98899999999999999999
1  3.63e+00  0.3745964688 -10.424059999999999 0.98899999999999999999
1  3.80e+00  0.374597729 -10.424059999999999 0.98899999999999999999
1  3.98e+00  0.3746015344 -10.424059999999999 0.98899999999999999999
1  4.17e+00  0.3745801751 -10.424059999999999 0.98899999999999999999
1  4.37e+00  0.3745990186 -10.424059999999999 0.98899999999999999999
1  4.57e+00  0.3745980064 -10.424059999999999 0.98899999999999999999
1  4.79e+00  0.3746028175 -10.424059999999999 0.98899999999999999999
1  5.01e+00  0.3746024092 -10.424059999999999 0.98899999999999999999
1  5.25e+00  0.3745958073 -10.424059999999999 0.98899999999999999999
1  5.50e+00  0.3745944169 -10.424059999999999 0.98899999999999999999
1  5.75e+00  0.374599446 -10.424059999999999 0.98899999999999999999
1  6.03e+00  0.3746016058 -10.424059999999999 0.98899999999999999999
1  6.31e+00  0.3746020166 -10.424059999999999 0.98899999999999999999
1  6.61e+00  0.3746005202 -10.424059999999999 0.98899999999999999999
1  6.92e+00  0.3744076683 -10.424059999999999 0.98899999999999999999
1  7.24e+00  0.3745795119 -10.424059999999999 0.98899999999999999999
1  7.59e+00  0.3746032318 -10.424059999999999 0.98899999999999999999
1  7.94e+00  0.3746199559 -10.424059999999999 0.98899999999999999999
1  8.32e+00  0.3747304409 -10.424059999999999 0.98899999999999999999
1  8.71e+00  0.3747521869 -10.424059999999999 0.98899999999999999999
1  9.12e+00  0.3747056826 -10.424059999999999 0.98899999999999999999
1  9.55e+00  0.3745010308 -10.424059999999999 0.98899999999999999999
1  1.00e+01  0.37458606 -10.424059999999999 0.98899999999999999999
1  1.05e+01  0.374499197 -10.424059999999999 0.98899999999999999999
1  1.10e+01  0.3745129404 -10.424059999999999 0.98899999999999999999
1  1.15e+01  0.3745863711 -10.424059999999999 0.98899999999999999999
1  1.20e+01  0.3746044605 -10.424059999999999 0.98899999999999999999
1  1.26e+01  0.3745787866 -10.424059999999999 0.98899999999999999999
1  1.32e+01  0.3745997159 -10.424059999999999 0.98899999999999999999
1  1.38e+01  0.3745722244 -10.424059999999999 0.98899999999999999999
1  1.45e+01  0.3745666845 -10.424059999999999 0.98899999999999999999
1  1.51e+01  0.3745815552 -10.424059999999999 0.98899999999999999999
1  1.58e+01  0.3747202953 -10.424059999999999 0.98899999999999999999
1  1.66e+01  0.3744830237 -10.424059999999999 0.98899999999999999999
1  1.74e+01  0.3745719375 -10.424059999999999 0.98899999999999999999
1  1.82e+01  0.3745805998 -10.424059999999999 0.98899999999999999999
1  1.91e+01  0.3745617212 -10.424059999999999 0.98899999999999999999
1  2.00e+01  0.3745864053 -10.424059999999999 0.98899999999999999999
1  2.09e+01  0.374769747 -10.424059999999999 0.98899999999999999999
1  2.19e+01  0.3745285047 -10.424059999999999 0.98899999999999999999
1  2.29e+01  0.3741606152 -10.424059999999999 0.98899999999999999999
1  2.40e+01  0.3746588872 -10.424059999999999 0.98899999999999999999
1  2.51e+01  0.3749895922 -10.424059999999999 0.98899999999999999999
1  2.63e+01  0.3753042175 -10.424059999999999 0.98899999999999999999
1  2.75e+01  0.3748290402 -10.424059999999999 0.98899999999999999999
1  2.88e+01  0.374694234 -10.424059999999999 0.98899999999999999999
1  3.02e+01  0.3745003004 -10.424059999999999 0.98899999999999999999
1  3.16e+01  0.374526117 -10.424059999999999 0.98899999999999999999
1  3.31e+01  0.3744293629 -10.424059999999999 0.98899999999999999999
1  3.47e+01  0.3749730325 -10.424059999999999 0.98899999999999999999
1  3.63e+01  0.3746925651 -10.424059999999999 0.98899999999999999999
1  3.80e+01  0.3752860791 -10.424059999999999 0.98899999999999999999
1  3.98e+01  0.374335801 -10.424059999999999 0.98899999999999999999
1  4.17e+01  0.3744887836 -10.424059999999999 0.98899999999999999999
1  4.37e+01  0.3743880746 -10.424059999999999 0.98899999999999999999
1  4.57e+01  0.3748734292 -10.424059999999999 0.98899999999999999999
1  4.79e+01  0.3745232725 -10.424059999999999 0.98899999999999999999
1  5.01e+01  0.3745186078 -10.424059999999999 0.98899999999999999999
1  5.25e+01  0.3745895453 -10.424059999999999 0.98899999999999999999
1  5.50e+01  0.3743230421 -10.424059999999999 0.98899999999999999999
1  5.75e+01  0.374755313 -10.424059999999999 0.98899999999999999999
1  6.03e+01  0.3741672142 -10.424059999999999 0.98899999999999999999
1  6.31e+01  0.3745471186 -10.424059999999999 0.98899999999999999999
1  6.61e+01  0.3746192449 -10.424059999999999 0.98899999999999999999
1  6.92e+01  0.3742719374 -10.424059999999999 0.98899999999999999999
1  7.24e+01  0.374371742 -10.424059999999999 0.98899999999999999999
1  7.59e+01  0.3746823961 -10.424059999999999 0.98899999999999999999
1  7.94e+01  0.3745833714 -10.424059999999999 0.98899999999999999999
1  8.32e+01  0.3746009896 -10.424059999999999 0.98899999999999999999
1  8.71e+01  0.3747252612 -10.424059999999999 0.98899999999999999999
1  9.12e+01  0.3743861479 -10.424059999999999 0.98899999999999999999
1  9.55e+01  0.3743556387 -10.424059999999999 0.98899999999999999999
1  1.00e+02  0.3740612734 -10.424059999999999 0.98899999999999999999
1  1.05e+02  0.3745038108 -10.424059999999999 0.98899999999999999999
1  1.10e+02  0.3747302062 -10.424059999999999 0.98899999999999999999
1  1.15e+02  0.3744104488 -10.424059999999999 0.98899999999999999999
1  1.20e+02  0.3746399519 -10.424059999999999 0.98899999999999999999
1  1.26e+02  0.3744558387 -10.424059999999999 0.98899999999999999999
1  1.32e+02  0.3743904568 -10.424059999999999 0.98899999999999999999
1  1.38e+02  0.3742603465 -10.424059999999999 0.98899999999999999999
1  1.45e+02  0.3746743468 -10.424059999999999 0.98899999999999999999
1  1.51e+02  0.3740722753 -10.424059999999999 0.98899999999999999999
1  1.58e+02  0.3742680461 -10.424059999999999 0.98899999999999999999
1  1.66e+02  0.3742740662 -10.424059999999999 0.98899999999999999999
1  1.74e+02  0.374566998 -10.424059999999999 0.98899999999999999999
1  1.82e+02  0.3743769456 -10.424059999999999 0.98899999999999999999
1  1.91e+02  0.3741048416 -10.424059999999999 0.98899999999999999999
1  2.00e+02  0.3742076544 -10.424059999999999 0.98899999999999999999
1  2.09e+02  0.3740582062 -10.424059999999999 0.98899999999999999999
1  2.19e+02  0.3743294947 -10.424059999999999 0.98899999999999999999
1  2.29e+02  0.3742835432 -10.424059999999999 0.98899999999999999999
1  2.40e+02  0.3745850789 -10.424059999999999 0.98899999999999999999
1  2.51e+02  0.3745503779 -10.424059999999999 0.98899999999999999999
1  2.63e+02  0.3747513105 -10.424059999999999 0.98899999999999999999
1  2.75e+02  0.3740937498 -10.424059999999999 0.98899999999999999999
1  2.88e+02  0.374538573 -10.424059999999999 0.98899999999999999999
1  3.02e+02  0.3743517058 -10.424059999999999 0.98899999999999999999
1  3.16e+02  0.374615972 -10.424059999999999 0.98899999999999999999
1  3.31e+02  0.3741432354 -10.424059999999999 0.98899999999999999999
1  3.47e+02  0.3746878282 -10.424059999999999 0.98899999999999999999
1  3.63e+02  0.3746717773 -10.424059999999999 0.98899999999999999999
1  3.80e+02  0.3741764203 -10.424059999999999 0.98899999999999999999
1  3.98e+02  0.3740255413 -10.424059999999999 0.98899999999999999999
1  4.17e+02  0.373545983 -10.424059999999999 0.98899999999999999999
1  4.37e+02  0.3736421297 -10.424059999999999 0.98899999999999999999
1  4.57e+02  0.3741945421 -10.424059999999999 0.98899999999999999999
1  4.79e+02  0.373537988 -10.424059999999999 0.98899999999999999999
1  5.01e+02  0.3739094697 -10.424059999999999 0.98899999999999999999
1  5.25e+02  0.3734063398 -10.424059999999999 0.98899999999999999999
1  5.50e+02  0.3741805508 -10.424059999999999 0.98899999999999999999
1  5.75e+02  0.3734961218 -10.424059999999999 0.98899999999999999999
1  6.03e+02  0.3735728997 -10.424059999999999 0.98899999999999999999
1  6.31e+02  0.3741615622 -10.424059999999999 0.98899999999999999999
1  6.61e+02  0.3733212634 -10.424059999999999 0.98899999999999999999
1  6.92e+02  0.3745614779 -10.424059999999999 0.98899999999999999999
1  7.24e+02  0.3746378584 -10.424059999999999 0.98899999999999999999
1  7.59e+02  0.3729900562 -10.424059999999999 0.98899999999999999999
1  7.94e+02  0.3741116423 -10.424059999999999 0.98899999999999999999
1  8.32e+02  0.3733190536 -10.424059999999999 0.98899999999999999999
1  8.71e+02  0.3722270028 -10.424059999999999 0.98899999999999999999
1  9.12e+02  0.3727524886 -10.424059999999999 0.98899999999999999999
1  9.55e+02  0.3739594231 -10.424059999999999 0.98899999999999999999
1  1.00e+03  0.3738527833 -10.424059999999999 0.98899999999999999999
1  1.05e+03  0.3725025082 -10.424059999999999 0.98899999999999999999
1  1.10e+03  0.3708084805 -10.424059999999999 0.98899999999999999999
1  1.15e+03  0.3746477734 -10.424059999999999 0.98899999999999999999
1  1.20e+03  0.3702876391 -10.424059999999999 0.98899999999999999999
1  1.26e+03  0.3735021256 -10.424059999999999 0.98899999999999999999
1  1.32e+03  0.3746126778 -10.424059999999999 0.98899999999999999999
1  1.38e+03  0.3754654213 -10.424059999999999 0.98899999999999999999
1  1.45e+03  0.3756650666 -10.424059999999999 0.98899999999999999999
1  1.51e+03  0.3653879043 -10.424059999999999 0.98899999999999999999
1  1.58e+03  0.3645911458 -10.424059999999999 0.98899999999999999999
1  1.66e+03  0.371412412 -10.424059999999999 0.98899999999999999999
1  1.74e+03  0.3736952061 -10.424059999999999 0.98899999999999999999
1  1.82e+03  0.3709953199 -10.424059999999999 0.98899999999999999999
1  1.91e+03  0.3846131509 -10.424059999999999 0.98899999999999999999
1  2.00e+03  0.3778092993 -10.424059999999999 0.98899999999999999999
1  2.09e+03  0.3925277174 -10.424059999999999 0.98899999999999999999
1  2.19e+03  0.3789794112 -10.424059999999999 0.98899999999999999999
1  2.29e+03  0.3639138103 -10.424059999999999 0.98899999999999999999
1  2.40e+03  0.3616425665 -10.424059999999999 0.98899999999999999999
1  2.51e+03  0.3750025037 -10.424059999999999 0.98899999999999999999
1  2.63e+03  0.3562752074 -10.424059999999999 0.98899999999999999999
1  2.75e+03  0.3340249354 -10.424059999999999 0.98899999999999999999
1  2.88e+03  0.3584302969 -10.424059999999999 0.98899999999999999999
1  3.02e+03  0.3719491313 -10.424059999999999 0.98899999999999999999
1  3.16e+03  0.3407075557 -10.424059999999999 0.98899999999999999999
1  3.31e+03  0.3352574529 -10.424059999999999 0.98899999999999999999
1  3.47e+03  0.3491345553 -10.424059999999999 0.98899999999999999999
1  3.63e+03  0.3600885774 -10.424059999999999 0.98899999999999999999
1  3.80e+03  0.4042333041 -10.424059999999999 0.98899999999999999999
1  3.98e+03  0.4342366459 -10.424059999999999 0.98899999999999999999
1  4.17e+03  0.3687929831 -10.424059999999999 0.98899999999999999999
1  4.37e+03  0.4523375057 -10.424059999999999 0.98899999999999999999
1  4.57e+03  0.3742861631 -10.424059999999999 0.98899999999999999999
1  4.79e+03  0.449294992 -10.424059999999999 0.98899999999999999999
1  5.01e+03  0.4168048566 -10.424059999999999 0.98899999999999999999
1  5.25e+03  0.3959797676 -10.424059999999999 0.98899999999999999999
1  5.50e+03  0.3525638689 -10.424059999999999 0.98899999999999999999
1  5.75e+03  0.3500877073 -10.424059999999999 0.98899999999999999999
1  6.03e+03  0.3327393911 -10.424059999999999 0.98899999999999999999
1  6.31e+03  0.3385154531 -10.424059999999999 0.98899999999999999999
1  6.61e+03  0.4252945141 -10.424059999999999 0.98899999999999999999
1  6.92e+03  0.4189179503 -10.424059999999999 0.98899999999999999999
1  7.24e+03  0.3595009152 -10.424059999999999 0.98899999999999999999
1  7.59e+03  0.2796448664 -10.424059999999999 0.98899999999999999999
1  7.94e+03  0.4224057129 -10.424059999999999 0.98899999999999999999
1  8.32e+03  0.2676364284 -10.424059999999999 0.98899999999999999999
1  8.71e+03  0.4021772509 -10.424059999999999 0.98899999999999999999
1  9.12e+03  0.3592596972 -10.424059999999999 0.98899999999999999999
1  9.55e+03  0.3286790627 -10.424059999999999 0.98899999999999999999
1  1.00e+04  0.4062771862 -10.424059999999999 0.98899999999999999999
1  1.05e+04  0.2180459369 -10.424059999999999 0.98899999999999999999
1  1.10e+04  0.3132584033 -10.424059999999999 0.98899999999999999999
1  1.15e+04  0.3525377973 -10.424059999999999 0.98899999999999999999
1  1.20e+04  0.4153641435 -10.424059999999999 0.98899999999999999999
1  1.26e+04  0.3736224288 -10.424059999999999 0.98899999999999999999
1  1.32e+04  0.3554712481 -10.424059999999999 0.98899999999999999999
1  1.38e+04  0.3919231274 -10.424059999999999 0.98899999999999999999
1  1.45e+04  0.337917959 -10.424059999999999 0.98899999999999999999
1  1.51e+04  0.346907861 -10.424059999999999 0.98899999999999999999
1  1.58e+04  0.4169724526 -10.424059999999999 0.98899999999999999999
1  1.66e+04  0.3088685325 -10.424059999999999 0.98899999999999999999
1  1.74e+04  0.3216246449 -10.424059999999999 0.98899999999999999999
1  1.82e+04  0.2012341907 -10.424059999999999 0.98899999999999999999
1  1.91e+04  0.3934066587 -10.424059999999999 0.98899999999999999999
1  2.00e+04  0.3941163367 -10.424059999999999 0.98899999999999999999
1  2.09e+04  0.3569185112 -10.424059999999999 0.98899999999999999999
1  2.19e+04  0.4034429732 -10.424059999999999 0.98899999999999999999
1  2.29e+04  0.3757533204 -10.424059999999999 0.98899999999999999999
1  2.40e+04  0.3863533211 -10.424059999999999 0.98899999999999999999
1  2.51e+04  0.2417209305 -10.424059999999999 0.98899999999999999999
1  2.63e+04  0.2730240495 -10.424059999999999 0.98899999999999999999
1  2.75e+04  0.3276641032 -10.424059999999999 0.98899999999999999999
1  2.88e+04  0.2593604423 -10.424059999999999 0.98899999999999999999
1  3.02e+04  0.3425254589 -10.424059999999999 0.98899999999999999999
1  3.16e+04  0.1893330279 -10.424059999999999 0.98899999999999999999
1  3.31e+04  0.3685776063 -10.424059999999999 0.98899999999999999999
1  3.47e+04  0.3760018591 -10.424059999999999 0.98899999999999999999
1  3.63e+04  0.3018650671 -10.424059999999999 0.98899999999999999999
1  3.80e+04  0.2586448945 -10.424059999999999 0.98899999999999999999
1  3.98e+04  0.2286309842 -10.424059999999999 0.98899999999999999999
1  4.17e+04  0.2436093285 -10.424059999999999 0.98899999999999999999
1  4.37e+04  0.3024048568 -10.424059999999999 0.98899999999999999999
1  4.57e+04  0.380337206 -10.424059999999999 0.98899999999999999999
1  4.79e+04  0.3773211231 -10.424059999999999 0.98899999999999999999
1  5.01e+04  0.2960300958 -10.424059999999999 0.98899999999999999999
1  5.25e+04  0.3701920748 -10.424059999999999 0.98899999999999999999
1  5.50e+04  0.3004619704 -10.424059999999999 0.98899999999999999999
1  5.75e+04  0.1157729488 -10.424059999999999 0.98899999999999999999
1  6.03e+04  0.3563245863 -10.424059999999999 0.98899999999999999999
1  6.31e+04  0.2206831905 -10.424059999999999 0.98899999999999999999
1  6.61e+04  0.166331461 -10.424059999999999 0.98899999999999999999
1  6.92e+04  0.3908794763 -10.424059999999999 0.98899999999999999999
1  7.24e+04  0.3548140309 -10.424059999999999 0.98899999999999999999
1  7.59e+04  0.2950688068 -10.424059999999999 0.98899999999999999999
1  7.94e+04  0.3854747406 -10.424059999999999 0.98899999999999999999
1  8.32e+04  0.3949176056 -10.424059999999999 0.98899999999999999999
1  8.71e+04  0.3663126576 -10.424059999999999 0.98899999999999999999
1  9.12e+04  0.4104323231 -10.424059999999999 0.98899999999999999999
1  9.55e+04  0.4022713225 -10.424059999999999 0.98899999999999999999
1  1.00e+05  0.2962249688 -10.424059999999999 0.98899999999999999999
1  1.05e+05  0.2500082128 -10.424059999999999 0.98899999999999999999
1  1.10e+05  0.3298811479 -10.424059999999999 0.98899999999999999999
1  1.15e+05  0.3998246555 -10.424059999999999 0.98899999999999999999
1  1.20e+05  0.3430163484 -10.424059999999999 0.98899999999999999999
1  1.26e+05  0.2192715761 -10.424059999999999 0.98899999999999999999
1  1.32e+05  0.1646409486 -10.424059999999999 0.98899999999999999999
1  1.38e+05  0.2247664029 -10.424059999999999 0.98899999999999999999
1  1.45e+05  0.3264933135 -10.424059999999999 0.98899999999999999999
1  1.51e+05  0.3735617335 -10.424059999999999 0.98899999999999999999
1  1.58e+05  0.3356424553 -10.424059999999999 0.98899999999999999999
1  1.66e+05  0.2556425458 -10.424059999999999 0.98899999999999999999
1  1.74e+05  0.1983097213 -10.424059999999999 0.98899999999999999999
1  1.82e+05  0.199776993 -10.424059999999999 0.98899999999999999999
1  1.91e+05  0.2526142584 -10.424059999999999 0.98899999999999999999
1  2.00e+05  0.3225801604 -10.424059999999999 0.98899999999999999999
1  2.09e+05  0.3749054307 -10.424059999999999 0.98899999999999999999
1  2.19e+05  0.39178857 -10.424059999999999 0.98899999999999999999
1  2.29e+05  0.3754842338 -10.424059999999999 0.98899999999999999999
1  2.40e+05  0.3411839748 -10.424059999999999 0.98899999999999999999
1  2.51e+05  0.3069530058 -10.424059999999999 0.98899999999999999999
1  2.63e+05  0.2861301786 -10.424059999999999 0.98899999999999999999
1  2.75e+05  0.2841902514 -10.424059999999999 0.98899999999999999999
1  2.88e+05  0.2994294393 -10.424059999999999 0.98899999999999999999
1  3.02e+05  0.3257015398 -10.424059999999999 0.98899999999999999999
1  3.16e+05  0.3554988228 -10.424059999999999 0.98899999999999999999
1  3.31e+05  0.3823086785 -10.424059999999999 0.98899999999999999999
1  3.47e+05  0.4018684938 -10.424059999999999 0.98899999999999999999
1  3.63e+05  0.412425272 -10.424059999999999 0.98899999999999999999
1  3.80e+05  0.4143314766 -10.424059999999999 0.98899999999999999999
1  3.98e+05  0.4093352312 -10.424059999999999 0.98899999999999999999
1  4.17e+05  0.3998422136 -10.424059999999999 0.98899999999999999999
1  4.37e+05  0.3883136318 -10.424059999999999 0.98899999999999999999
1  4.57e+05  0.3768647744 -10.424059999999999 0.98899999999999999999
1  4.79e+05  0.3670600868 -10.424059999999999 0.98899999999999999999
1  5.01e+05  0.3598643686 -10.424059999999999 0.98899999999999999999
1  5.25e+05  0.3556980629 -10.424059999999999 0.98899999999999999999
1  5.50e+05  0.3545482814 -10.424059999999999 0.98899999999999999999
1  5.75e+05  0.3560981183 -10.424059999999999 0.98899999999999999999
1  6.03e+05  0.3598494058 -10.424059999999999 0.98899999999999999999
1  6.31e+05  0.3652252208 -10.424059999999999 0.98899999999999999999
1  6.61e+05  0.3719265872 -10.424059999999999 0.98899999999999999999
1  6.92e+05  0.3804753107 -10.424059999999999 0.98899999999999999999
1  7.24e+05  0.3883569351 -10.424059999999999 0.98899999999999999999
1  7.59e+05  0.3957126885 -10.424059999999999 0.98899999999999999999
1  7.94e+05  0.402447978 -10.424059999999999 0.98899999999999999999
1  8.32e+05  0.4079719622 -10.424059999999999 0.98899999999999999999
1  8.71e+05  0.4124333619 -10.424059999999999 0.98899999999999999999
1  9.12e+05  0.4158305982 -10.424059999999999 0.98899999999999999999
1  9.55e+05  0.4182150201 -10.424059999999999 0.98899999999999999999
1  1.00e+06  0.419673124 -10.424059999999999 0.98899999999999999999
1  1.05e+06  0.4203119745 -10.424059999999999 0.98899999999999999999
1  1.10e+06  0.420247865 -10.424059999999999 0.98899999999999999999
1  1.15e+06  0.4195979492 -10.424059999999999 0.98899999999999999999
1  1.20e+06  0.4184744193 -10.424059999999999 0.98899999999999999999
1  1.26e+06  0.4169807585 -10.424059999999999 0.98899999999999999999
1  1.32e+06  0.4152096083 -10.424059999999999 0.98899999999999999999
1  1.38e+06  0.4132418396 -10.424059999999999 0.98899999999999999999
1  1.45e+06  0.4111464823 -10.424059999999999 0.98899999999999999999
1  1.51e+06  0.4090240305 -10.424059999999999 0.98899999999999999999
1  1.58e+06  0.4068371427 -10.424059999999999 0.98899999999999999999
1  1.66e+06  0.4046645239 -10.424059999999999 0.98899999999999999999
1  1.74e+06  0.4025359369 -10.424059999999999 0.98899999999999999999
1  1.82e+06  0.4004740047 -10.424059999999999 0.98899999999999999999
1  1.91e+06  0.3984953022 -10.424059999999999 0.98899999999999999999
1  2.00e+06  0.396611363 -10.424059999999999 0.98899999999999999999
1  2.09e+06  0.394829583 -10.424059999999999 0.98899999999999999999
1  2.19e+06  0.3931540158 -10.424059999999999 0.98899999999999999999
1  2.29e+06  0.3915860595 -10.424059999999999 0.98899999999999999999
1  2.40e+06  0.3901250427 -10.424059999999999 0.98899999999999999999
1  2.51e+06  0.388768716 -10.424059999999999 0.98899999999999999999
1  2.63e+06  0.3875136603 -10.424059999999999 0.98899999999999999999
1  2.75e+06  0.3863556218 -10.424059999999999 0.98899999999999999999
1  2.88e+06  0.385289783 -10.424059999999999 0.98899999999999999999
1  3.02e+06  0.3843109796 -10.424059999999999 0.98899999999999999999
1  3.16e+06  0.3834138719 -10.424059999999999 0.98899999999999999999
1  3.31e+06  0.3825930777 -10.424059999999999 0.98899999999999999999
1  3.47e+06  0.3818432735 -10.424059999999999 0.98899999999999999999
1  3.63e+06  0.3811592705 -10.424059999999999 0.98899999999999999999
1  3.80e+06  0.380536069 -10.424059999999999 0.98899999999999999999
1  3.98e+06  0.3799688966 -10.424059999999999 0.98899999999999999999
1  4.17e+06  0.3794532323 -10.424059999999999 0.98899999999999999999
1  4.37e+06  0.3789848206 -10.424059999999999 0.98899999999999999999
1  4.57e+06  0.3785596778 -10.424059999999999 0.98899999999999999999
1  4.79e+06  0.3781740911 -10.424059999999999 0.98899999999999999999
1  5.01e+06  0.3778246141 -10.424059999999999 0.98899999999999999999
1  5.25e+06  0.3775080582 -10.424059999999999 0.98899999999999999999
1  5.50e+06  0.3772214823 -10.424059999999999 0.98899999999999999999
1  5.75e+06  0.3769621798 -10.424059999999999 0.98899999999999999999
1  6.03e+06  0.3767276662 -10.424059999999999 0.98899999999999999999
1  6.31e+06  0.3765156646 -10.424059999999999 0.98899999999999999999
1  6.61e+06  0.3763240925 -10.424059999999999 0.98899999999999999999
1  6.92e+06  0.3761510478 -10.424059999999999 0.98899999999999999999
1  7.24e+06  0.3759947952 -10.424059999999999 0.98899999999999999999
1  7.59e+06  0.3758537541 -10.424059999999999 0.98899999999999999999
1  7.94e+06  0.3757264858 -10.424059999999999 0.98899999999999999999
1  8.32e+06  0.3756116821 -10.424059999999999 0.98899999999999999999
1  8.71e+06  0.3755081546 -10.424059999999999 0.98899999999999999999
1  9.12e+06  0.3754148242 -10.424059999999999 0.98899999999999999999
1  9.55e+06  0.3753307121 -10.424059999999999 0.98899999999999999999
1  1.00e+07  0.3752549308 -10.424059999999999 0.98899999999999999999
