1  1.00e-03  0.3746028138 -11.372659999999998 1.07900000000000000002
1  1.05e-03  0.3746028161 -11.372659999999998 1.07900000000000000002
1  1.10e-03  0.3746028181 -11.372659999999998 1.07900000000000000002
1  1.15e-03  0.3746028186 -11.372659999999998 1.07900000000000000002
1  1.20e-03  0.3746028182 -11.372659999999998 1.07900000000000000002
1  1.26e-03  0.374602811 -11.372659999999998 1.07900000000000000002
1  1.32e-03  0.3746028204 -11.372659999999998 1.07900000000000000002
1  1.38e-03  0.3746028176 -11.372659999999998 1.07900000000000000002
1  1.45e-03  0.3746028151 -11.372659999999998 1.07900000000000000002
1  1.51e-03  0.3746028154 -11.372659999999998 1.07900000000000000002
1  1.58e-03  0.3746028196 -11.372659999999998 1.07900000000000000002
1  1.66e-03  0.3746028188 -11.372659999999998 1.07900000000000000002
1  1.74e-03  0.3746028187 -11.372659999999998 1.07900000000000000002
1  1.82e-03  0.3746028183 -11.372659999999998 1.07900000000000000002
1  1.91e-03  0.3746028186 -11.372659999999998 1.07900000000000000002
1  2.00e-03  0.3746028156 -11.372659999999998 1.07900000000000000002
1  2.09e-03  0.3746028185 -11.372659999999998 1.07900000000000000002
1  2.19e-03  0.3746028131 -11.372659999999998 1.07900000000000000002
1  2.29e-03  0.3746028182 -11.372659999999998 1.07900000000000000002
1  2.40e-03  0.3746028162 -11.372659999999998 1.07900000000000000002
1  2.51e-03  0.3746028178 -11.372659999999998 1.07900000000000000002
1  2.63e-03  0.3746028161 -11.372659999999998 1.07900000000000000002
1  2.75e-03  0.374602815 -11.372659999999998 1.07900000000000000002
1  2.88e-03  0.3746028159 -11.372659999999998 1.07900000000000000002
1  3.02e-03  0.3746028164 -11.372659999999998 1.07900000000000000002
1  3.16e-03  0.3746028175 -11.372659999999998 1.07900000000000000002
1  3.31e-03  0.3746028165 -11.372659999999998 1.07900000000000000002
1  3.47e-03  0.3746028208 -11.372659999999998 1.07900000000000000002
1  3.63e-03  0.3746028196 -11.372659999999998 1.07900000000000000002
1  3.80e-03  0.3746028233 -11.372659999999998 1.07900000000000000002
1  3.98e-03  0.3746028115 -11.372659999999998 1.07900000000000000002
1  4.17e-03  0.374602814 -11.372659999999998 1.07900000000000000002
1  4.37e-03  0.3746028166 -11.372659999999998 1.07900000000000000002
1  4.57e-03  0.3746028159 -11.372659999999998 1.07900000000000000002
1  4.79e-03  0.3746028157 -11.372659999999998 1.07900000000000000002
1  5.01e-03  0.3746028121 -11.372659999999998 1.07900000000000000002
1  5.25e-03  0.3746028107 -11.372659999999998 1.07900000000000000002
1  5.50e-03  0.3746028136 -11.372659999999998 1.07900000000000000002
1  5.75e-03  0.3746028149 -11.372659999999998 1.07900000000000000002
1  6.03e-03  0.3746028109 -11.372659999999998 1.07900000000000000002
1  6.31e-03  0.3746028129 -11.372659999999998 1.07900000000000000002
1  6.61e-03  0.3746028 -11.372659999999998 1.07900000000000000002
1  6.92e-03  0.374602816 -11.372659999999998 1.07900000000000000002
1  7.24e-03  0.3746028091 -11.372659999999998 1.07900000000000000002
1  7.59e-03  0.374602808 -11.372659999999998 1.07900000000000000002
1  7.94e-03  0.3746028167 -11.372659999999998 1.07900000000000000002
1  8.32e-03  0.3746028071 -11.372659999999998 1.07900000000000000002
1  8.71e-03  0.3746028042 -11.372659999999998 1.07900000000000000002
1  9.12e-03  0.3746028058 -11.372659999999998 1.07900000000000000002
1  9.55e-03  0.3746028115 -11.372659999999998 1.07900000000000000002
1  1.00e-02  0.3746028012 -11.372659999999998 1.07900000000000000002
1  1.05e-02  0.374602799 -11.372659999999998 1.07900000000000000002
1  1.10e-02  0.3746028089 -11.372659999999998 1.07900000000000000002
1  1.15e-02  0.3746028173 -11.372659999999998 1.07900000000000000002
1  1.20e-02  0.3746028052 -11.372659999999998 1.07900000000000000002
1  1.26e-02  0.3746027966 -11.372659999999998 1.07900000000000000002
1  1.32e-02  0.3746028086 -11.372659999999998 1.07900000000000000002
1  1.38e-02  0.3746028031 -11.372659999999998 1.07900000000000000002
1  1.45e-02  0.3746028002 -11.372659999999998 1.07900000000000000002
1  1.51e-02  0.3746027983 -11.372659999999998 1.07900000000000000002
1  1.58e-02  0.3746027365 -11.372659999999998 1.07900000000000000002
1  1.66e-02  0.3746027927 -11.372659999999998 1.07900000000000000002
1  1.74e-02  0.3746028113 -11.372659999999998 1.07900000000000000002
1  1.82e-02  0.374602786 -11.372659999999998 1.07900000000000000002
1  1.91e-02  0.3746028009 -11.372659999999998 1.07900000000000000002
1  2.00e-02  0.3746027893 -11.372659999999998 1.07900000000000000002
1  2.09e-02  0.3746027997 -11.372659999999998 1.07900000000000000002
1  2.19e-02  0.3746027872 -11.372659999999998 1.07900000000000000002
1  2.29e-02  0.3746028035 -11.372659999999998 1.07900000000000000002
1  2.40e-02  0.3746028335 -11.372659999999998 1.07900000000000000002
1  2.51e-02  0.3746025708 -11.372659999999998 1.07900000000000000002
1  2.63e-02  0.3746027053 -11.372659999999998 1.07900000000000000002
1  2.75e-02  0.3746026092 -11.372659999999998 1.07900000000000000002
1  2.88e-02  0.374602371 -11.372659999999998 1.07900000000000000002
1  3.02e-02  0.3746027329 -11.372659999999998 1.07900000000000000002
1  3.16e-02  0.3746027633 -11.372659999999998 1.07900000000000000002
1  3.31e-02  0.3746030074 -11.372659999999998 1.07900000000000000002
1  3.47e-02  0.3746027233 -11.372659999999998 1.07900000000000000002
1  3.63e-02  0.3746027688 -11.372659999999998 1.07900000000000000002
1  3.80e-02  0.3746027516 -11.372659999999998 1.07900000000000000002
1  3.98e-02  0.3746027666 -11.372659999999998 1.07900000000000000002
1  4.17e-02  0.3746027285 -11.372659999999998 1.07900000000000000002
1  4.37e-02  0.3746026169 -11.372659999999998 1.07900000000000000002
1  4.57e-02  0.3746026583 -11.372659999999998 1.07900000000000000002
1  4.79e-02  0.3746027917 -11.372659999999998 1.07900000000000000002
1  5.01e-02  0.3746028207 -11.372659999999998 1.07900000000000000002
1  5.25e-02  0.3746026846 -11.372659999999998 1.07900000000000000002
1  5.50e-02  0.3746027077 -11.372659999999998 1.07900000000000000002
1  5.75e-02  0.3746024786 -11.372659999999998 1.07900000000000000002
1  6.03e-02  0.3746027038 -11.372659999999998 1.07900000000000000002
1  6.31e-02  0.3746027129 -11.372659999999998 1.07900000000000000002
1  6.61e-02  0.3746026681 -11.372659999999998 1.07900000000000000002
1  6.92e-02  0.3746026129 -11.372659999999998 1.07900000000000000002
1  7.24e-02  0.374602669 -11.372659999999998 1.07900000000000000002
1  7.59e-02  0.3746027615 -11.372659999999998 1.07900000000000000002
1  7.94e-02  0.3746027078 -11.372659999999998 1.07900000000000000002
1  8.32e-02  0.3746026883 -11.372659999999998 1.07900000000000000002
1  8.71e-02  0.3746025727 -11.372659999999998 1.07900000000000000002
1  9.12e-02  0.3746026783 -11.372659999999998 1.07900000000000000002
1  9.55e-02  0.374601743 -11.372659999999998 1.07900000000000000002
1  1.00e-01  0.3746012675 -11.372659999999998 1.07900000000000000002
1  1.05e-01  0.3746026689 -11.372659999999998 1.07900000000000000002
1  1.10e-01  0.3746026428 -11.372659999999998 1.07900000000000000002
1  1.15e-01  0.3746025646 -11.372659999999998 1.07900000000000000002
1  1.20e-01  0.3746024278 -11.372659999999998 1.07900000000000000002
1  1.26e-01  0.3746025101 -11.372659999999998 1.07900000000000000002
1  1.32e-01  0.3746025931 -11.372659999999998 1.07900000000000000002
1  1.38e-01  0.3746026782 -11.372659999999998 1.07900000000000000002
1  1.45e-01  0.3746025625 -11.372659999999998 1.07900000000000000002
1  1.51e-01  0.3746025753 -11.372659999999998 1.07900000000000000002
1  1.58e-01  0.3746026219 -11.372659999999998 1.07900000000000000002
1  1.66e-01  0.3746025392 -11.372659999999998 1.07900000000000000002
1  1.74e-01  0.3746026137 -11.372659999999998 1.07900000000000000002
1  1.82e-01  0.3746025382 -11.372659999999998 1.07900000000000000002
1  1.91e-01  0.374602492 -11.372659999999998 1.07900000000000000002
1  2.00e-01  0.3746025522 -11.372659999999998 1.07900000000000000002
1  2.09e-01  0.3746026369 -11.372659999999998 1.07900000000000000002
1  2.19e-01  0.3746025995 -11.372659999999998 1.07900000000000000002
1  2.29e-01  0.3746025153 -11.372659999999998 1.07900000000000000002
1  2.40e-01  0.3746024386 -11.372659999999998 1.07900000000000000002
1  2.51e-01  0.374605972 -11.372659999999998 1.07900000000000000002
1  2.63e-01  0.3746026785 -11.372659999999998 1.07900000000000000002
1  2.75e-01  0.374602692 -11.372659999999998 1.07900000000000000002
1  2.88e-01  0.3746025822 -11.372659999999998 1.07900000000000000002
1  3.02e-01  0.3746024134 -11.372659999999998 1.07900000000000000002
1  3.16e-01  0.3746022939 -11.372659999999998 1.07900000000000000002
1  3.31e-01  0.3746025994 -11.372659999999998 1.07900000000000000002
1  3.47e-01  0.3746023581 -11.372659999999998 1.07900000000000000002
1  3.63e-01  0.3746024702 -11.372659999999998 1.07900000000000000002
1  3.80e-01  0.3746017096 -11.372659999999998 1.07900000000000000002
1  3.98e-01  0.374602634 -11.372659999999998 1.07900000000000000002
1  4.17e-01  0.3746024758 -11.372659999999998 1.07900000000000000002
1  4.37e-01  0.3746025273 -11.372659999999998 1.07900000000000000002
1  4.57e-01  0.3746027356 -11.372659999999998 1.07900000000000000002
1  4.79e-01  0.3746023574 -11.372659999999998 1.07900000000000000002
1  5.01e-01  0.3746088143 -11.372659999999998 1.07900000000000000002
1  5.25e-01  0.3746030105 -11.372659999999998 1.07900000000000000002
1  5.50e-01  0.3746027308 -11.372659999999998 1.07900000000000000002
1  5.75e-01  0.3746021044 -11.372659999999998 1.07900000000000000002
1  6.03e-01  0.374601335 -11.372659999999998 1.07900000000000000002
1  6.31e-01  0.3745690591 -11.372659999999998 1.07900000000000000002
1  6.61e-01  0.3746021943 -11.372659999999998 1.07900000000000000002
1  6.92e-01  0.3746025131 -11.372659999999998 1.07900000000000000002
1  7.24e-01  0.3746027034 -11.372659999999998 1.07900000000000000002
1  7.59e-01  0.3746025246 -11.372659999999998 1.07900000000000000002
1  7.94e-01  0.3746020337 -11.372659999999998 1.07900000000000000002
1  8.32e-01  0.3746022725 -11.372659999999998 1.07900000000000000002
1  8.71e-01  0.3746024406 -11.372659999999998 1.07900000000000000002
1  9.12e-01  0.3746019878 -11.372659999999998 1.07900000000000000002
1  9.55e-01  0.3746029142 -11.372659999999998 1.07900000000000000002
1  1.00e+00  0.374602387 -11.372659999999998 1.07900000000000000002
1  1.05e+00  0.374602902 -11.372659999999998 1.07900000000000000002
1  1.10e+00  0.3746017766 -11.372659999999998 1.07900000000000000002
1  1.15e+00  0.3746014093 -11.372659999999998 1.07900000000000000002
1  1.20e+00  0.3746017735 -11.372659999999998 1.07900000000000000002
1  1.26e+00  0.3746024314 -11.372659999999998 1.07900000000000000002
1  1.32e+00  0.3746030216 -11.372659999999998 1.07900000000000000002
1  1.38e+00  0.3746023096 -11.372659999999998 1.07900000000000000002
1  1.45e+00  0.3746013236 -11.372659999999998 1.07900000000000000002
1  1.51e+00  0.3746020579 -11.372659999999998 1.07900000000000000002
1  1.58e+00  0.3746014668 -11.372659999999998 1.07900000000000000002
1  1.66e+00  0.3746004507 -11.372659999999998 1.07900000000000000002
1  1.74e+00  0.3745901961 -11.372659999999998 1.07900000000000000002
1  1.82e+00  0.374600119 -11.372659999999998 1.07900000000000000002
1  1.91e+00  0.374601409 -11.372659999999998 1.07900000000000000002
1  2.00e+00  0.3746003404 -11.372659999999998 1.07900000000000000002
1  2.09e+00  0.3746022591 -11.372659999999998 1.07900000000000000002
1  2.19e+00  0.3746022606 -11.372659999999998 1.07900000000000000002
1  2.29e+00  0.3746016828 -11.372659999999998 1.07900000000000000002
1  2.40e+00  0.3746019257 -11.372659999999998 1.07900000000000000002
1  2.51e+00  0.3746025323 -11.372659999999998 1.07900000000000000002
1  2.63e+00  0.3746009996 -11.372659999999998 1.07900000000000000002
1  2.75e+00  0.3746003044 -11.372659999999998 1.07900000000000000002
1  2.88e+00  0.3745996764 -11.372659999999998 1.07900000000000000002
1  3.02e+00  0.3745974922 -11.372659999999998 1.07900000000000000002
1  3.16e+00  0.3745968922 -11.372659999999998 1.07900000000000000002
1  3.31e+00  0.3746006318 -11.372659999999998 1.07900000000000000002
1  3.47e+00  0.3745988381 -11.372659999999998 1.07900000000000000002
1  3.63e+00  0.3746031219 -11.372659999999998 1.07900000000000000002
1  3.80e+00  0.3746008836 -11.372659999999998 1.07900000000000000002
1  3.98e+00  0.3746008426 -11.372659999999998 1.07900000000000000002
1  4.17e+00  0.3746019773 -11.372659999999998 1.07900000000000000002
1  4.37e+00  0.3745987328 -11.372659999999998 1.07900000000000000002
1  4.57e+00  0.3745994008 -11.372659999999998 1.07900000000000000002
1  4.79e+00  0.3745989278 -11.372659999999998 1.07900000000000000002
1  5.01e+00  0.374603237 -11.372659999999998 1.07900000000000000002
1  5.25e+00  0.3745980794 -11.372659999999998 1.07900000000000000002
1  5.50e+00  0.3746012877 -11.372659999999998 1.07900000000000000002
1  5.75e+00  0.3744264076 -11.372659999999998 1.07900000000000000002
1  6.03e+00  0.374595342 -11.372659999999998 1.07900000000000000002
1  6.31e+00  0.3745978758 -11.372659999999998 1.07900000000000000002
1  6.61e+00  0.3745941132 -11.372659999999998 1.07900000000000000002
1  6.92e+00  0.3745963507 -11.372659999999998 1.07900000000000000002
1  7.24e+00  0.3746026213 -11.372659999999998 1.07900000000000000002
1  7.59e+00  0.374603996 -11.372659999999998 1.07900000000000000002
1  7.94e+00  0.3745761445 -11.372659999999998 1.07900000000000000002
1  8.32e+00  0.3746011323 -11.372659999999998 1.07900000000000000002
1  8.71e+00  0.3745963593 -11.372659999999998 1.07900000000000000002
1  9.12e+00  0.3745991364 -11.372659999999998 1.07900000000000000002
1  9.55e+00  0.3745989331 -11.372659999999998 1.07900000000000000002
1  1.00e+01  0.374598373 -11.372659999999998 1.07900000000000000002
1  1.05e+01  0.3746957236 -11.372659999999998 1.07900000000000000002
1  1.10e+01  0.3746025517 -11.372659999999998 1.07900000000000000002
1  1.15e+01  0.3746084658 -11.372659999999998 1.07900000000000000002
1  1.20e+01  0.3745962666 -11.372659999999998 1.07900000000000000002
1  1.26e+01  0.3746001497 -11.372659999999998 1.07900000000000000002
1  1.32e+01  0.3744504441 -11.372659999999998 1.07900000000000000002
1  1.38e+01  0.3745859938 -11.372659999999998 1.07900000000000000002
1  1.45e+01  0.3746034111 -11.372659999999998 1.07900000000000000002
1  1.51e+01  0.3745900207 -11.372659999999998 1.07900000000000000002
1  1.58e+01  0.3745916062 -11.372659999999998 1.07900000000000000002
1  1.66e+01  0.3745956654 -11.372659999999998 1.07900000000000000002
1  1.74e+01  0.3750327589 -11.372659999999998 1.07900000000000000002
1  1.82e+01  0.3746058463 -11.372659999999998 1.07900000000000000002
1  1.91e+01  0.3745966469 -11.372659999999998 1.07900000000000000002
1  2.00e+01  0.3747506482 -11.372659999999998 1.07900000000000000002
1  2.09e+01  0.3747876735 -11.372659999999998 1.07900000000000000002
1  2.19e+01  0.3748251216 -11.372659999999998 1.07900000000000000002
1  2.29e+01  0.3746167723 -11.372659999999998 1.07900000000000000002
1  2.40e+01  0.3746995459 -11.372659999999998 1.07900000000000000002
1  2.51e+01  0.3745229133 -11.372659999999998 1.07900000000000000002
1  2.63e+01  0.3752158832 -11.372659999999998 1.07900000000000000002
1  2.75e+01  0.3747506255 -11.372659999999998 1.07900000000000000002
1  2.88e+01  0.3742930609 -11.372659999999998 1.07900000000000000002
1  3.02e+01  0.37486757 -11.372659999999998 1.07900000000000000002
1  3.16e+01  0.3747658282 -11.372659999999998 1.07900000000000000002
1  3.31e+01  0.3747711437 -11.372659999999998 1.07900000000000000002
1  3.47e+01  0.3751500644 -11.372659999999998 1.07900000000000000002
1  3.63e+01  0.374976433 -11.372659999999998 1.07900000000000000002
1  3.80e+01  0.3743120476 -11.372659999999998 1.07900000000000000002
1  3.98e+01  0.3744167063 -11.372659999999998 1.07900000000000000002
1  4.17e+01  0.3743610149 -11.372659999999998 1.07900000000000000002
1  4.37e+01  0.3744491124 -11.372659999999998 1.07900000000000000002
1  4.57e+01  0.3746962853 -11.372659999999998 1.07900000000000000002
1  4.79e+01  0.3746282665 -11.372659999999998 1.07900000000000000002
1  5.01e+01  0.3745067507 -11.372659999999998 1.07900000000000000002
1  5.25e+01  0.3745459713 -11.372659999999998 1.07900000000000000002
1  5.50e+01  0.3741125313 -11.372659999999998 1.07900000000000000002
1  5.75e+01  0.3747644227 -11.372659999999998 1.07900000000000000002
1  6.03e+01  0.3743899537 -11.372659999999998 1.07900000000000000002
1  6.31e+01  0.3743864904 -11.372659999999998 1.07900000000000000002
1  6.61e+01  0.3746095799 -11.372659999999998 1.07900000000000000002
1  6.92e+01  0.3746311366 -11.372659999999998 1.07900000000000000002
1  7.24e+01  0.3745255663 -11.372659999999998 1.07900000000000000002
1  7.59e+01  0.3751039542 -11.372659999999998 1.07900000000000000002
1  7.94e+01  0.3745289004 -11.372659999999998 1.07900000000000000002
1  8.32e+01  0.3745838423 -11.372659999999998 1.07900000000000000002
1  8.71e+01  0.3745663886 -11.372659999999998 1.07900000000000000002
1  9.12e+01  0.374555771 -11.372659999999998 1.07900000000000000002
1  9.55e+01  0.3749099026 -11.372659999999998 1.07900000000000000002
1  1.00e+02  0.3749217457 -11.372659999999998 1.07900000000000000002
1  1.05e+02  0.3745715726 -11.372659999999998 1.07900000000000000002
1  1.10e+02  0.3745756829 -11.372659999999998 1.07900000000000000002
1  1.15e+02  0.374444737 -11.372659999999998 1.07900000000000000002
1  1.20e+02  0.3746336128 -11.372659999999998 1.07900000000000000002
1  1.26e+02  0.3741135711 -11.372659999999998 1.07900000000000000002
1  1.32e+02  0.3746879482 -11.372659999999998 1.07900000000000000002
1  1.38e+02  0.3744357619 -11.372659999999998 1.07900000000000000002
1  1.45e+02  0.374553607 -11.372659999999998 1.07900000000000000002
1  1.51e+02  0.3745960094 -11.372659999999998 1.07900000000000000002
1  1.58e+02  0.3740296083 -11.372659999999998 1.07900000000000000002
1  1.66e+02  0.3744910509 -11.372659999999998 1.07900000000000000002
1  1.74e+02  0.3744430863 -11.372659999999998 1.07900000000000000002
1  1.82e+02  0.3744753816 -11.372659999999998 1.07900000000000000002
1  1.91e+02  0.3744253522 -11.372659999999998 1.07900000000000000002
1  2.00e+02  0.3745672324 -11.372659999999998 1.07900000000000000002
1  2.09e+02  0.3745628808 -11.372659999999998 1.07900000000000000002
1  2.19e+02  0.3744834048 -11.372659999999998 1.07900000000000000002
1  2.29e+02  0.3744738798 -11.372659999999998 1.07900000000000000002
1  2.40e+02  0.3746894662 -11.372659999999998 1.07900000000000000002
1  2.51e+02  0.3745409588 -11.372659999999998 1.07900000000000000002
1  2.63e+02  0.3741719403 -11.372659999999998 1.07900000000000000002
1  2.75e+02  0.3745151244 -11.372659999999998 1.07900000000000000002
1  2.88e+02  0.3745135003 -11.372659999999998 1.07900000000000000002
1  3.02e+02  0.3744170657 -11.372659999999998 1.07900000000000000002
1  3.16e+02  0.374257424 -11.372659999999998 1.07900000000000000002
1  3.31e+02  0.3747616023 -11.372659999999998 1.07900000000000000002
1  3.47e+02  0.3744363747 -11.372659999999998 1.07900000000000000002
1  3.63e+02  0.3743513141 -11.372659999999998 1.07900000000000000002
1  3.80e+02  0.3742920589 -11.372659999999998 1.07900000000000000002
1  3.98e+02  0.374494121 -11.372659999999998 1.07900000000000000002
1  4.17e+02  0.3743348926 -11.372659999999998 1.07900000000000000002
1  4.37e+02  0.3744245438 -11.372659999999998 1.07900000000000000002
1  4.57e+02  0.3741574411 -11.372659999999998 1.07900000000000000002
1  4.79e+02  0.3745549262 -11.372659999999998 1.07900000000000000002
1  5.01e+02  0.3739089607 -11.372659999999998 1.07900000000000000002
1  5.25e+02  0.3743028858 -11.372659999999998 1.07900000000000000002
1  5.50e+02  0.3738099841 -11.372659999999998 1.07900000000000000002
1  5.75e+02  0.3746036098 -11.372659999999998 1.07900000000000000002
1  6.03e+02  0.3745017957 -11.372659999999998 1.07900000000000000002
1  6.31e+02  0.3739608171 -11.372659999999998 1.07900000000000000002
1  6.61e+02  0.374702513 -11.372659999999998 1.07900000000000000002
1  6.92e+02  0.3743485976 -11.372659999999998 1.07900000000000000002
1  7.24e+02  0.3745817303 -11.372659999999998 1.07900000000000000002
1  7.59e+02  0.3746294437 -11.372659999999998 1.07900000000000000002
1  7.94e+02  0.3742719873 -11.372659999999998 1.07900000000000000002
1  8.32e+02  0.3747180376 -11.372659999999998 1.07900000000000000002
1  8.71e+02  0.3743699433 -11.372659999999998 1.07900000000000000002
1  9.12e+02  0.3749961942 -11.372659999999998 1.07900000000000000002
1  9.55e+02  0.3744102728 -11.372659999999998 1.07900000000000000002
1  1.00e+03  0.37172363 -11.372659999999998 1.07900000000000000002
1  1.05e+03  0.3748154591 -11.372659999999998 1.07900000000000000002
1  1.10e+03  0.376463811 -11.372659999999998 1.07900000000000000002
1  1.15e+03  0.3776461315 -11.372659999999998 1.07900000000000000002
1  1.20e+03  0.3761660848 -11.372659999999998 1.07900000000000000002
1  1.26e+03  0.3685698508 -11.372659999999998 1.07900000000000000002
1  1.32e+03  0.373521989 -11.372659999999998 1.07900000000000000002
1  1.38e+03  0.3703271354 -11.372659999999998 1.07900000000000000002
1  1.45e+03  0.375600992 -11.372659999999998 1.07900000000000000002
1  1.51e+03  0.3764497978 -11.372659999999998 1.07900000000000000002
1  1.58e+03  0.3695125901 -11.372659999999998 1.07900000000000000002
1  1.66e+03  0.37154639 -11.372659999999998 1.07900000000000000002
1  1.74e+03  0.3689626866 -11.372659999999998 1.07900000000000000002
1  1.82e+03  0.3651644069 -11.372659999999998 1.07900000000000000002
1  1.91e+03  0.3553933797 -11.372659999999998 1.07900000000000000002
1  2.00e+03  0.3668255918 -11.372659999999998 1.07900000000000000002
1  2.09e+03  0.3753448321 -11.372659999999998 1.07900000000000000002
1  2.19e+03  0.3737119398 -11.372659999999998 1.07900000000000000002
1  2.29e+03  0.3874644603 -11.372659999999998 1.07900000000000000002
1  2.40e+03  0.4063623484 -11.372659999999998 1.07900000000000000002
1  2.51e+03  0.3623203567 -11.372659999999998 1.07900000000000000002
1  2.63e+03  0.3848597728 -11.372659999999998 1.07900000000000000002
1  2.75e+03  0.3814466835 -11.372659999999998 1.07900000000000000002
1  2.88e+03  0.3428997513 -11.372659999999998 1.07900000000000000002
1  3.02e+03  0.3274850209 -11.372659999999998 1.07900000000000000002
1  3.16e+03  0.3303370303 -11.372659999999998 1.07900000000000000002
1  3.31e+03  0.3556351394 -11.372659999999998 1.07900000000000000002
1  3.47e+03  0.3827436006 -11.372659999999998 1.07900000000000000002
1  3.63e+03  0.3322171476 -11.372659999999998 1.07900000000000000002
1  3.80e+03  0.3664100886 -11.372659999999998 1.07900000000000000002
1  3.98e+03  0.368739388 -11.372659999999998 1.07900000000000000002
1  4.17e+03  0.4134347326 -11.372659999999998 1.07900000000000000002
1  4.37e+03  0.3315806449 -11.372659999999998 1.07900000000000000002
1  4.57e+03  0.3655892898 -11.372659999999998 1.07900000000000000002
1  4.79e+03  0.4359463861 -11.372659999999998 1.07900000000000000002
1  5.01e+03  0.458792197 -11.372659999999998 1.07900000000000000002
1  5.25e+03  0.4392931685 -11.372659999999998 1.07900000000000000002
1  5.50e+03  0.4363533204 -11.372659999999998 1.07900000000000000002
1  5.75e+03  0.4680864107 -11.372659999999998 1.07900000000000000002
1  6.03e+03  0.337276385 -11.372659999999998 1.07900000000000000002
1  6.31e+03  0.3979877068 -11.372659999999998 1.07900000000000000002
1  6.61e+03  0.4627551039 -11.372659999999998 1.07900000000000000002
1  6.92e+03  0.3413077571 -11.372659999999998 1.07900000000000000002
1  7.24e+03  0.3567614776 -11.372659999999998 1.07900000000000000002
1  7.59e+03  0.4496146131 -11.372659999999998 1.07900000000000000002
1  7.94e+03  0.332554691 -11.372659999999998 1.07900000000000000002
1  8.32e+03  0.4536319585 -11.372659999999998 1.07900000000000000002
1  8.71e+03  0.4010475548 -11.372659999999998 1.07900000000000000002
1  9.12e+03  0.3007163971 -11.372659999999998 1.07900000000000000002
1  9.55e+03  0.3421632627 -11.372659999999998 1.07900000000000000002
1  1.00e+04  0.3356374496 -11.372659999999998 1.07900000000000000002
1  1.05e+04  0.4570117291 -11.372659999999998 1.07900000000000000002
1  1.10e+04  0.3691928518 -11.372659999999998 1.07900000000000000002
1  1.15e+04  0.2854923191 -11.372659999999998 1.07900000000000000002
1  1.20e+04  0.3947303282 -11.372659999999998 1.07900000000000000002
1  1.26e+04  0.2908480365 -11.372659999999998 1.07900000000000000002
1  1.32e+04  0.3153682327 -11.372659999999998 1.07900000000000000002
1  1.38e+04  0.3961707578 -11.372659999999998 1.07900000000000000002
1  1.45e+04  0.3181282803 -11.372659999999998 1.07900000000000000002
1  1.51e+04  0.3303419511 -11.372659999999998 1.07900000000000000002
1  1.58e+04  0.4163376364 -11.372659999999998 1.07900000000000000002
1  1.66e+04  0.2286356998 -11.372659999999998 1.07900000000000000002
1  1.74e+04  0.3003641953 -11.372659999999998 1.07900000000000000002
1  1.82e+04  0.2509631406 -11.372659999999998 1.07900000000000000002
1  1.91e+04  0.239762907 -11.372659999999998 1.07900000000000000002
1  2.00e+04  0.3598677978 -11.372659999999998 1.07900000000000000002
1  2.09e+04  0.3016343111 -11.372659999999998 1.07900000000000000002
1  2.19e+04  0.2693426426 -11.372659999999998 1.07900000000000000002
1  2.29e+04  0.3228961853 -11.372659999999998 1.07900000000000000002
1  2.40e+04  0.1868103862 -11.372659999999998 1.07900000000000000002
1  2.51e+04  0.1911769628 -11.372659999999998 1.07900000000000000002
1  2.63e+04  0.3387251743 -11.372659999999998 1.07900000000000000002
1  2.75e+04  0.3893110268 -11.372659999999998 1.07900000000000000002
1  2.88e+04  0.2693680045 -11.372659999999998 1.07900000000000000002
1  3.02e+04  0.1599620484 -11.372659999999998 1.07900000000000000002
1  3.16e+04  0.3837668646 -11.372659999999998 1.07900000000000000002
1  3.31e+04  0.4186184598 -11.372659999999998 1.07900000000000000002
1  3.47e+04  0.1340194639 -11.372659999999998 1.07900000000000000002
1  3.63e+04  0.3296525298 -11.372659999999998 1.07900000000000000002
1  3.80e+04  0.1639355068 -11.372659999999998 1.07900000000000000002
1  3.98e+04  0.4091690447 -11.372659999999998 1.07900000000000000002
1  4.17e+04  0.3860413824 -11.372659999999998 1.07900000000000000002
1  4.37e+04  0.2671539119 -11.372659999999998 1.07900000000000000002
1  4.57e+04  0.3072543248 -11.372659999999998 1.07900000000000000002
1  4.79e+04  0.2389386496 -11.372659999999998 1.07900000000000000002
1  5.01e+04  0.1407658284 -11.372659999999998 1.07900000000000000002
1  5.25e+04  0.4036049612 -11.372659999999998 1.07900000000000000002
1  5.50e+04  0.262129837 -11.372659999999998 1.07900000000000000002
1  5.75e+04  0.3566276194 -11.372659999999998 1.07900000000000000002
1  6.03e+04  0.370830304 -11.372659999999998 1.07900000000000000002
1  6.31e+04  0.3688226234 -11.372659999999998 1.07900000000000000002
1  6.61e+04  0.4111174927 -11.372659999999998 1.07900000000000000002
1  6.92e+04  0.2247452416 -11.372659999999998 1.07900000000000000002
1  7.24e+04  0.2045453021 -11.372659999999998 1.07900000000000000002
1  7.59e+04  0.3644879468 -11.372659999999998 1.07900000000000000002
1  7.94e+04  0.2888985886 -11.372659999999998 1.07900000000000000002
1  8.32e+04  0.1397631363 -11.372659999999998 1.07900000000000000002
1  8.71e+04  0.2286687645 -11.372659999999998 1.07900000000000000002
1  9.12e+04  0.3914752685 -11.372659999999998 1.07900000000000000002
1  9.55e+04  0.3946645253 -11.372659999999998 1.07900000000000000002
1  1.00e+05  0.3196038941 -11.372659999999998 1.07900000000000000002
1  1.05e+05  0.3233590791 -11.372659999999998 1.07900000000000000002
1  1.10e+05  0.3869444144 -11.372659999999998 1.07900000000000000002
1  1.15e+05  0.4126672357 -11.372659999999998 1.07900000000000000002
1  1.20e+05  0.3883222809 -11.372659999999998 1.07900000000000000002
1  1.26e+05  0.3733621689 -11.372659999999998 1.07900000000000000002
1  1.32e+05  0.3963382415 -11.372659999999998 1.07900000000000000002
1  1.38e+05  0.4237946655 -11.372659999999998 1.07900000000000000002
1  1.45e+05  0.4124541245 -11.372659999999998 1.07900000000000000002
1  1.51e+05  0.3600443698 -11.372659999999998 1.07900000000000000002
1  1.58e+05  0.3032073345 -11.372659999999998 1.07900000000000000002
1  1.66e+05  0.2803594813 -11.372659999999998 1.07900000000000000002
1  1.74e+05  0.3016909818 -11.372659999999998 1.07900000000000000002
1  1.82e+05  0.3473149192 -11.372659999999998 1.07900000000000000002
1  1.91e+05  0.3859519192 -11.372659999999998 1.07900000000000000002
1  2.00e+05  0.3954152873 -11.372659999999998 1.07900000000000000002
1  2.09e+05  0.3721920707 -11.372659999999998 1.07900000000000000002
1  2.19e+05  0.3286600494 -11.372659999999998 1.07900000000000000002
1  2.29e+05  0.2836745423 -11.372659999999998 1.07900000000000000002
1  2.40e+05  0.2532572115 -11.372659999999998 1.07900000000000000002
1  2.51e+05  0.2453496016 -11.372659999999998 1.07900000000000000002
1  2.63e+05  0.2592316928 -11.372659999999998 1.07900000000000000002
1  2.75e+05  0.2880922824 -11.372659999999998 1.07900000000000000002
1  2.88e+05  0.3226875402 -11.372659999999998 1.07900000000000000002
1  3.02e+05  0.3545033237 -11.372659999999998 1.07900000000000000002
1  3.16e+05  0.3776614022 -11.372659999999998 1.07900000000000000002
1  3.31e+05  0.3895132462 -11.372659999999998 1.07900000000000000002
1  3.47e+05  0.3902662596 -11.372659999999998 1.07900000000000000002
1  3.63e+05  0.3821039314 -11.372659999999998 1.07900000000000000002
1  3.80e+05  0.3681961248 -11.372659999999998 1.07900000000000000002
1  3.98e+05  0.3518556011 -11.372659999999998 1.07900000000000000002
1  4.17e+05  0.3359564201 -11.372659999999998 1.07900000000000000002
1  4.37e+05  0.322625598 -11.372659999999998 1.07900000000000000002
1  4.57e+05  0.313159579 -11.372659999999998 1.07900000000000000002
1  4.79e+05  0.3080943644 -11.372659999999998 1.07900000000000000002
1  5.01e+05  0.3073598932 -11.372659999999998 1.07900000000000000002
1  5.25e+05  0.3104634841 -11.372659999999998 1.07900000000000000002
1  5.50e+05  0.3166650897 -11.372659999999998 1.07900000000000000002
1  5.75e+05  0.3251235843 -11.372659999999998 1.07900000000000000002
1  6.03e+05  0.3350059761 -11.372659999999998 1.07900000000000000002
1  6.31e+05  0.3455598669 -11.372659999999998 1.07900000000000000002
1  6.61e+05  0.356154213 -11.372659999999998 1.07900000000000000002
1  6.92e+05  0.3674849225 -11.372659999999998 1.07900000000000000002
1  7.24e+05  0.3774670874 -11.372659999999998 1.07900000000000000002
1  7.59e+05  0.386210137 -11.372659999999998 1.07900000000000000002
1  7.94e+05  0.3935593754 -11.372659999999998 1.07900000000000000002
1  8.32e+05  0.3994735925 -11.372659999999998 1.07900000000000000002
1  8.71e+05  0.403906761 -11.372659999999998 1.07900000000000000002
1  9.12e+05  0.4071614854 -11.372659999999998 1.07900000000000000002
1  9.55e+05  0.4092582224 -11.372659999999998 1.07900000000000000002
1  1.00e+06  0.4103276132 -11.372659999999998 1.07900000000000000002
1  1.05e+06  0.4105904064 -11.372659999999998 1.07900000000000000002
1  1.10e+06  0.4101581939 -11.372659999999998 1.07900000000000000002
1  1.15e+06  0.4091941033 -11.372659999999998 1.07900000000000000002
1  1.20e+06  0.4077974643 -11.372659999999998 1.07900000000000000002
1  1.26e+06  0.4060900719 -11.372659999999998 1.07900000000000000002
1  1.32e+06  0.4042097077 -11.372659999999998 1.07900000000000000002
1  1.38e+06  0.402160475 -11.372659999999998 1.07900000000000000002
1  1.45e+06  0.400044848 -11.372659999999998 1.07900000000000000002
1  1.51e+06  0.3979632982 -11.372659999999998 1.07900000000000000002
1  1.58e+06  0.3958645331 -11.372659999999998 1.07900000000000000002
1  1.66e+06  0.3938725609 -11.372659999999998 1.07900000000000000002
1  1.74e+06  0.3919177504 -11.372659999999998 1.07900000000000000002
1  1.82e+06  0.3900635197 -11.372659999999998 1.07900000000000000002
1  1.91e+06  0.3883620299 -11.372659999999998 1.07900000000000000002
1  2.00e+06  0.3867348098 -11.372659999999998 1.07900000000000000002
1  2.09e+06  0.3852276388 -11.372659999999998 1.07900000000000000002
1  2.19e+06  0.3838749211 -11.372659999999998 1.07900000000000000002
1  2.29e+06  0.3826025016 -11.372659999999998 1.07900000000000000002
1  2.40e+06  0.3814433276 -11.372659999999998 1.07900000000000000002
1  2.51e+06  0.3804202473 -11.372659999999998 1.07900000000000000002
1  2.63e+06  0.3794691973 -11.372659999999998 1.07900000000000000002
1  2.75e+06  0.3786140194 -11.372659999999998 1.07900000000000000002
1  2.88e+06  0.3778701551 -11.372659999999998 1.07900000000000000002
1  3.02e+06  0.3771851223 -11.372659999999998 1.07900000000000000002
1  3.16e+06  0.3765763237 -11.372659999999998 1.07900000000000000002
1  3.31e+06  0.3760544321 -11.372659999999998 1.07900000000000000002
1  3.47e+06  0.3755778881 -11.372659999999998 1.07900000000000000002
1  3.63e+06  0.3751737341 -11.372659999999998 1.07900000000000000002
1  3.80e+06  0.3748068422 -11.372659999999998 1.07900000000000000002
1  3.98e+06  0.3744877183 -11.372659999999998 1.07900000000000000002
1  4.17e+06  0.3742224336 -11.372659999999998 1.07900000000000000002
1  4.37e+06  0.3739840915 -11.372659999999998 1.07900000000000000002
1  4.57e+06  0.3737805245 -11.372659999999998 1.07900000000000000002
1  4.79e+06  0.3736161739 -11.372659999999998 1.07900000000000000002
1  5.01e+06  0.3734706975 -11.372659999999998 1.07900000000000000002
1  5.25e+06  0.3733499672 -11.372659999999998 1.07900000000000000002
1  5.50e+06  0.3732572822 -11.372659999999998 1.07900000000000000002
1  5.75e+06  0.3731773925 -11.372659999999998 1.07900000000000000002
1  6.03e+06  0.3731147194 -11.372659999999998 1.07900000000000000002
1  6.31e+06  0.3730717435 -11.372659999999998 1.07900000000000000002
1  6.61e+06  0.3730371058 -11.372659999999998 1.07900000000000000002
1  6.92e+06  0.3730141467 -11.372659999999998 1.07900000000000000002
1  7.24e+06  0.3730047489 -11.372659999999998 1.07900000000000000002
1  7.59e+06  0.373000493 -11.372659999999998 1.07900000000000000002
1  7.94e+06  0.3730066851 -11.372659999999998 1.07900000000000000002
1  8.32e+06  0.3730164397 -11.372659999999998 1.07900000000000000002
1  8.71e+06  0.3730318652 -11.372659999999998 1.07900000000000000002
1  9.12e+06  0.3730541695 -11.372659999999998 1.07900000000000000002
1  9.55e+06  0.37307828 -11.372659999999998 1.07900000000000000002
1  1.00e+07  0.3731058011 -11.372659999999998 1.07900000000000000002
