1  1.00e-03  0.3491994687  5.533125e-01 0.99699999999999999999
1  1.05e-03  0.3491994782  5.533125e-01 0.99699999999999999999
1  1.10e-03  0.3491994665  5.533125e-01 0.99699999999999999999
1  1.15e-03  0.3491994621  5.533125e-01 0.99699999999999999999
1  1.20e-03  0.3491994662  5.533125e-01 0.99699999999999999999
1  1.26e-03  0.3491994647  5.533125e-01 0.99699999999999999999
1  1.32e-03  0.3491994691  5.533125e-01 0.99699999999999999999
1  1.38e-03  0.3491994688  5.533125e-01 0.99699999999999999999
1  1.45e-03  0.3491994643  5.533125e-01 0.99699999999999999999
1  1.51e-03  0.3491994704  5.533125e-01 0.99699999999999999999
1  1.58e-03  0.349199469  5.533125e-01 0.99699999999999999999
1  1.66e-03  0.349199471  5.533125e-01 0.99699999999999999999
1  1.74e-03  0.3491994715  5.533125e-01 0.99699999999999999999
1  1.82e-03  0.3491994688  5.533125e-01 0.99699999999999999999
1  1.91e-03  0.3491994677  5.533125e-01 0.99699999999999999999
1  2.00e-03  0.3491994673  5.533125e-01 0.99699999999999999999
1  2.09e-03  0.3491994704  5.533125e-01 0.99699999999999999999
1  2.19e-03  0.349199467  5.533125e-01 0.99699999999999999999
1  2.29e-03  0.349199465  5.533125e-01 0.99699999999999999999
1  2.40e-03  0.3491994495  5.533125e-01 0.99699999999999999999
1  2.51e-03  0.3491994691  5.533125e-01 0.99699999999999999999
1  2.63e-03  0.3491994697  5.533125e-01 0.99699999999999999999
1  2.75e-03  0.3491994667  5.533125e-01 0.99699999999999999999
1  2.88e-03  0.3491994675  5.533125e-01 0.99699999999999999999
1  3.02e-03  0.3491994688  5.533125e-01 0.99699999999999999999
1  3.16e-03  0.3491994689  5.533125e-01 0.99699999999999999999
1  3.31e-03  0.3491994686  5.533125e-01 0.99699999999999999999
1  3.47e-03  0.3491994697  5.533125e-01 0.99699999999999999999
1  3.63e-03  0.3491994668  5.533125e-01 0.99699999999999999999
1  3.80e-03  0.3491994682  5.533125e-01 0.99699999999999999999
1  3.98e-03  0.3491994716  5.533125e-01 0.99699999999999999999
1  4.17e-03  0.3491994686  5.533125e-01 0.99699999999999999999
1  4.37e-03  0.3491994698  5.533125e-01 0.99699999999999999999
1  4.57e-03  0.3491994706  5.533125e-01 0.99699999999999999999
1  4.79e-03  0.3491994659  5.533125e-01 0.99699999999999999999
1  5.01e-03  0.349199469  5.533125e-01 0.99699999999999999999
1  5.25e-03  0.3491994669  5.533125e-01 0.99699999999999999999
1  5.50e-03  0.349199468  5.533125e-01 0.99699999999999999999
1  5.75e-03  0.3491994664  5.533125e-01 0.99699999999999999999
1  6.03e-03  0.349199469  5.533125e-01 0.99699999999999999999
1  6.31e-03  0.3491994661  5.533125e-01 0.99699999999999999999
1  6.61e-03  0.3491994677  5.533125e-01 0.99699999999999999999
1  6.92e-03  0.3491994666  5.533125e-01 0.99699999999999999999
1  7.24e-03  0.3491994655  5.533125e-01 0.99699999999999999999
1  7.59e-03  0.3491994692  5.533125e-01 0.99699999999999999999
1  7.94e-03  0.3491994672  5.533125e-01 0.99699999999999999999
1  8.32e-03  0.3491994674  5.533125e-01 0.99699999999999999999
1  8.71e-03  0.3491994681  5.533125e-01 0.99699999999999999999
1  9.12e-03  0.3491994637  5.533125e-01 0.99699999999999999999
1  9.55e-03  0.3491994634  5.533125e-01 0.99699999999999999999
1  1.00e-02  0.3491994674  5.533125e-01 0.99699999999999999999
1  1.05e-02  0.3491994631  5.533125e-01 0.99699999999999999999
1  1.10e-02  0.3491994626  5.533125e-01 0.99699999999999999999
1  1.15e-02  0.349199464  5.533125e-01 0.99699999999999999999
1  1.20e-02  0.3491994618  5.533125e-01 0.99699999999999999999
1  1.26e-02  0.3491994644  5.533125e-01 0.99699999999999999999
1  1.32e-02  0.3491994634  5.533125e-01 0.99699999999999999999
1  1.38e-02  0.3491994656  5.533125e-01 0.99699999999999999999
1  1.45e-02  0.3491994634  5.533125e-01 0.99699999999999999999
1  1.51e-02  0.3491994613  5.533125e-01 0.99699999999999999999
1  1.58e-02  0.349199464  5.533125e-01 0.99699999999999999999
1  1.66e-02  0.3491994654  5.533125e-01 0.99699999999999999999
1  1.74e-02  0.3491994589  5.533125e-01 0.99699999999999999999
1  1.82e-02  0.3491994675  5.533125e-01 0.99699999999999999999
1  1.91e-02  0.349199444  5.533125e-01 0.99699999999999999999
1  2.00e-02  0.3491994613  5.533125e-01 0.99699999999999999999
1  2.09e-02  0.3491994673  5.533125e-01 0.99699999999999999999
1  2.19e-02  0.3491994661  5.533125e-01 0.99699999999999999999
1  2.29e-02  0.3491994256  5.533125e-01 0.99699999999999999999
1  2.40e-02  0.3491994783  5.533125e-01 0.99699999999999999999
1  2.51e-02  0.3491994664  5.533125e-01 0.99699999999999999999
1  2.63e-02  0.3491994662  5.533125e-01 0.99699999999999999999
1  2.75e-02  0.3491994462  5.533125e-01 0.99699999999999999999
1  2.88e-02  0.3491994392  5.533125e-01 0.99699999999999999999
1  3.02e-02  0.3491994559  5.533125e-01 0.99699999999999999999
1  3.16e-02  0.3491994737  5.533125e-01 0.99699999999999999999
1  3.31e-02  0.349199482  5.533125e-01 0.99699999999999999999
1  3.47e-02  0.3491994536  5.533125e-01 0.99699999999999999999
1  3.63e-02  0.3491992123  5.533125e-01 0.99699999999999999999
1  3.80e-02  0.3491994696  5.533125e-01 0.99699999999999999999
1  3.98e-02  0.3491994487  5.533125e-01 0.99699999999999999999
1  4.17e-02  0.3491994576  5.533125e-01 0.99699999999999999999
1  4.37e-02  0.3491994204  5.533125e-01 0.99699999999999999999
1  4.57e-02  0.3491994323  5.533125e-01 0.99699999999999999999
1  4.79e-02  0.3491994549  5.533125e-01 0.99699999999999999999
1  5.01e-02  0.3491991977  5.533125e-01 0.99699999999999999999
1  5.25e-02  0.3491994471  5.533125e-01 0.99699999999999999999
1  5.50e-02  0.3491994416  5.533125e-01 0.99699999999999999999
1  5.75e-02  0.3491994283  5.533125e-01 0.99699999999999999999
1  6.03e-02  0.3491994305  5.533125e-01 0.99699999999999999999
1  6.31e-02  0.3491994428  5.533125e-01 0.99699999999999999999
1  6.61e-02  0.3491994508  5.533125e-01 0.99699999999999999999
1  6.92e-02  0.3491993965  5.533125e-01 0.99699999999999999999
1  7.24e-02  0.3491994398  5.533125e-01 0.99699999999999999999
1  7.59e-02  0.3491993692  5.533125e-01 0.99699999999999999999
1  7.94e-02  0.3491994627  5.533125e-01 0.99699999999999999999
1  8.32e-02  0.3491994046  5.533125e-01 0.99699999999999999999
1  8.71e-02  0.3491993956  5.533125e-01 0.99699999999999999999
1  9.12e-02  0.3491994115  5.533125e-01 0.99699999999999999999
1  9.55e-02  0.349199329  5.533125e-01 0.99699999999999999999
1  1.00e-01  0.3491993574  5.533125e-01 0.99699999999999999999
1  1.05e-01  0.3491990955  5.533125e-01 0.99699999999999999999
1  1.10e-01  0.3491993949  5.533125e-01 0.99699999999999999999
1  1.15e-01  0.3491994263  5.533125e-01 0.99699999999999999999
1  1.20e-01  0.34919932  5.533125e-01 0.99699999999999999999
1  1.26e-01  0.3491993907  5.533125e-01 0.99699999999999999999
1  1.32e-01  0.3491994375  5.533125e-01 0.99699999999999999999
1  1.38e-01  0.3491993967  5.533125e-01 0.99699999999999999999
1  1.45e-01  0.3491994279  5.533125e-01 0.99699999999999999999
1  1.51e-01  0.3491994131  5.533125e-01 0.99699999999999999999
1  1.58e-01  0.3491993966  5.533125e-01 0.99699999999999999999
1  1.66e-01  0.3491990118  5.533125e-01 0.99699999999999999999
1  1.74e-01  0.3491993716  5.533125e-01 0.99699999999999999999
1  1.82e-01  0.3491993545  5.533125e-01 0.99699999999999999999
1  1.91e-01  0.3491993628  5.533125e-01 0.99699999999999999999
1  2.00e-01  0.3491992936  5.533125e-01 0.99699999999999999999
1  2.09e-01  0.3491994218  5.533125e-01 0.99699999999999999999
1  2.19e-01  0.3491994175  5.533125e-01 0.99699999999999999999
1  2.29e-01  0.3491993161  5.533125e-01 0.99699999999999999999
1  2.40e-01  0.3491993077  5.533125e-01 0.99699999999999999999
1  2.51e-01  0.3491994423  5.533125e-01 0.99699999999999999999
1  2.63e-01  0.3491991552  5.533125e-01 0.99699999999999999999
1  2.75e-01  0.3492007514  5.533125e-01 0.99699999999999999999
1  2.88e-01  0.3491993173  5.533125e-01 0.99699999999999999999
1  3.02e-01  0.349199325  5.533125e-01 0.99699999999999999999
1  3.16e-01  0.3491994114  5.533125e-01 0.99699999999999999999
1  3.31e-01  0.3491993243  5.533125e-01 0.99699999999999999999
1  3.47e-01  0.3491992812  5.533125e-01 0.99699999999999999999
1  3.63e-01  0.349191483  5.533125e-01 0.99699999999999999999
1  3.80e-01  0.3491992524  5.533125e-01 0.99699999999999999999
1  3.98e-01  0.3491992815  5.533125e-01 0.99699999999999999999
1  4.17e-01  0.349199423  5.533125e-01 0.99699999999999999999
1  4.37e-01  0.3491992328  5.533125e-01 0.99699999999999999999
1  4.57e-01  0.3491992856  5.533125e-01 0.99699999999999999999
1  4.79e-01  0.3491991371  5.533125e-01 0.99699999999999999999
1  5.01e-01  0.3491992746  5.533125e-01 0.99699999999999999999
1  5.25e-01  0.3491991757  5.533125e-01 0.99699999999999999999
1  5.50e-01  0.3491992984  5.533125e-01 0.99699999999999999999
1  5.75e-01  0.3491990779  5.533125e-01 0.99699999999999999999
1  6.03e-01  0.3491991216  5.533125e-01 0.99699999999999999999
1  6.31e-01  0.3491990876  5.533125e-01 0.99699999999999999999
1  6.61e-01  0.3491995159  5.533125e-01 0.99699999999999999999
1  6.92e-01  0.3491992273  5.533125e-01 0.99699999999999999999
1  7.24e-01  0.3491994721  5.533125e-01 0.99699999999999999999
1  7.59e-01  0.3491991444  5.533125e-01 0.99699999999999999999
1  7.94e-01  0.3491994483  5.533125e-01 0.99699999999999999999
1  8.32e-01  0.3491994037  5.533125e-01 0.99699999999999999999
1  8.71e-01  0.3491993581  5.533125e-01 0.99699999999999999999
1  9.12e-01  0.3491991959  5.533125e-01 0.99699999999999999999
1  9.55e-01  0.3491992949  5.533125e-01 0.99699999999999999999
1  1.00e+00  0.349199485  5.533125e-01 0.99699999999999999999
1  1.05e+00  0.3491990545  5.533125e-01 0.99699999999999999999
1  1.10e+00  0.3491985567  5.533125e-01 0.99699999999999999999
1  1.15e+00  0.3491991997  5.533125e-01 0.99699999999999999999
1  1.20e+00  0.3491918512  5.533125e-01 0.99699999999999999999
1  1.26e+00  0.3492011568  5.533125e-01 0.99699999999999999999
1  1.32e+00  0.349199461  5.533125e-01 0.99699999999999999999
1  1.38e+00  0.3491987567  5.533125e-01 0.99699999999999999999
1  1.45e+00  0.3491830455  5.533125e-01 0.99699999999999999999
1  1.51e+00  0.349198573  5.533125e-01 0.99699999999999999999
1  1.58e+00  0.349199148  5.533125e-01 0.99699999999999999999
1  1.66e+00  0.3491987783  5.533125e-01 0.99699999999999999999
1  1.74e+00  0.3491992021  5.533125e-01 0.99699999999999999999
1  1.82e+00  0.3491983521  5.533125e-01 0.99699999999999999999
1  1.91e+00  0.3491989451  5.533125e-01 0.99699999999999999999
1  2.00e+00  0.3491985589  5.533125e-01 0.99699999999999999999
1  2.09e+00  0.3491989537  5.533125e-01 0.99699999999999999999
1  2.19e+00  0.3491984606  5.533125e-01 0.99699999999999999999
1  2.29e+00  0.349198046  5.533125e-01 0.99699999999999999999
1  2.40e+00  0.3491989848  5.533125e-01 0.99699999999999999999
1  2.51e+00  0.3491991091  5.533125e-01 0.99699999999999999999
1  2.63e+00  0.3491979488  5.533125e-01 0.99699999999999999999
1  2.75e+00  0.3491977106  5.533125e-01 0.99699999999999999999
1  2.88e+00  0.3492306713  5.533125e-01 0.99699999999999999999
1  3.02e+00  0.3491728996  5.533125e-01 0.99699999999999999999
1  3.16e+00  0.3491929102  5.533125e-01 0.99699999999999999999
1  3.31e+00  0.3492087575  5.533125e-01 0.99699999999999999999
1  3.47e+00  0.3491983542  5.533125e-01 0.99699999999999999999
1  3.63e+00  0.3491744259  5.533125e-01 0.99699999999999999999
1  3.80e+00  0.3491994884  5.533125e-01 0.99699999999999999999
1  3.98e+00  0.3491974628  5.533125e-01 0.99699999999999999999
1  4.17e+00  0.349197566  5.533125e-01 0.99699999999999999999
1  4.37e+00  0.3491970744  5.533125e-01 0.99699999999999999999
1  4.57e+00  0.3491979165  5.533125e-01 0.99699999999999999999
1  4.79e+00  0.3491973198  5.533125e-01 0.99699999999999999999
1  5.01e+00  0.3491986388  5.533125e-01 0.99699999999999999999
1  5.25e+00  0.3491982883  5.533125e-01 0.99699999999999999999
1  5.50e+00  0.3491962732  5.533125e-01 0.99699999999999999999
1  5.75e+00  0.3491865538  5.533125e-01 0.99699999999999999999
1  6.03e+00  0.3491964372  5.533125e-01 0.99699999999999999999
1  6.31e+00  0.3491961193  5.533125e-01 0.99699999999999999999
1  6.61e+00  0.3491968555  5.533125e-01 0.99699999999999999999
1  6.92e+00  0.3491961815  5.533125e-01 0.99699999999999999999
1  7.24e+00  0.3491742003  5.533125e-01 0.99699999999999999999
1  7.59e+00  0.3490918889  5.533125e-01 0.99699999999999999999
1  7.94e+00  0.3491684263  5.533125e-01 0.99699999999999999999
1  8.32e+00  0.3491832944  5.533125e-01 0.99699999999999999999
1  8.71e+00  0.3491872888  5.533125e-01 0.99699999999999999999
1  9.12e+00  0.3491923154  5.533125e-01 0.99699999999999999999
1  9.55e+00  0.3492012173  5.533125e-01 0.99699999999999999999
1  1.00e+01  0.3491977786  5.533125e-01 0.99699999999999999999
1  1.05e+01  0.349188312  5.533125e-01 0.99699999999999999999
1  1.10e+01  0.3492122223  5.533125e-01 0.99699999999999999999
1  1.15e+01  0.3492512327  5.533125e-01 0.99699999999999999999
1  1.20e+01  0.3492151754  5.533125e-01 0.99699999999999999999
1  1.26e+01  0.3491944757  5.533125e-01 0.99699999999999999999
1  1.32e+01  0.3491907327  5.533125e-01 0.99699999999999999999
1  1.38e+01  0.3491943171  5.533125e-01 0.99699999999999999999
1  1.45e+01  0.3491910314  5.533125e-01 0.99699999999999999999
1  1.51e+01  0.3491991091  5.533125e-01 0.99699999999999999999
1  1.58e+01  0.3491968444  5.533125e-01 0.99699999999999999999
1  1.66e+01  0.3492068464  5.533125e-01 0.99699999999999999999
1  1.74e+01  0.3491394614  5.533125e-01 0.99699999999999999999
1  1.82e+01  0.349193319  5.533125e-01 0.99699999999999999999
1  1.91e+01  0.3491960392  5.533125e-01 0.99699999999999999999
1  2.00e+01  0.3492301951  5.533125e-01 0.99699999999999999999
1  2.09e+01  0.3488005818  5.533125e-01 0.99699999999999999999
1  2.19e+01  0.3493922793  5.533125e-01 0.99699999999999999999
1  2.29e+01  0.3491569319  5.533125e-01 0.99699999999999999999
1  2.40e+01  0.3493653162  5.533125e-01 0.99699999999999999999
1  2.51e+01  0.3491111003  5.533125e-01 0.99699999999999999999
1  2.63e+01  0.349276271  5.533125e-01 0.99699999999999999999
1  2.75e+01  0.3493430952  5.533125e-01 0.99699999999999999999
1  2.88e+01  0.3492927644  5.533125e-01 0.99699999999999999999
1  3.02e+01  0.3492964266  5.533125e-01 0.99699999999999999999
1  3.16e+01  0.3490940518  5.533125e-01 0.99699999999999999999
1  3.31e+01  0.3489331779  5.533125e-01 0.99699999999999999999
1  3.47e+01  0.3494080918  5.533125e-01 0.99699999999999999999
1  3.63e+01  0.349391363  5.533125e-01 0.99699999999999999999
1  3.80e+01  0.3489738524  5.533125e-01 0.99699999999999999999
1  3.98e+01  0.3491372192  5.533125e-01 0.99699999999999999999
1  4.17e+01  0.3491902412  5.533125e-01 0.99699999999999999999
1  4.37e+01  0.3492430307  5.533125e-01 0.99699999999999999999
1  4.57e+01  0.3490117074  5.533125e-01 0.99699999999999999999
1  4.79e+01  0.349109776  5.533125e-01 0.99699999999999999999
1  5.01e+01  0.3492011282  5.533125e-01 0.99699999999999999999
1  5.25e+01  0.3491883171  5.533125e-01 0.99699999999999999999
1  5.50e+01  0.3494128465  5.533125e-01 0.99699999999999999999
1  5.75e+01  0.3493859172  5.533125e-01 0.99699999999999999999
1  6.03e+01  0.3492438128  5.533125e-01 0.99699999999999999999
1  6.31e+01  0.3493422979  5.533125e-01 0.99699999999999999999
1  6.61e+01  0.3491592661  5.533125e-01 0.99699999999999999999
1  6.92e+01  0.3491625689  5.533125e-01 0.99699999999999999999
1  7.24e+01  0.3491532062  5.533125e-01 0.99699999999999999999
1  7.59e+01  0.3491114543  5.533125e-01 0.99699999999999999999
1  7.94e+01  0.3492017573  5.533125e-01 0.99699999999999999999
1  8.32e+01  0.3491565993  5.533125e-01 0.99699999999999999999
1  8.71e+01  0.3492118054  5.533125e-01 0.99699999999999999999
1  9.12e+01  0.349221845  5.533125e-01 0.99699999999999999999
1  9.55e+01  0.3489259847  5.533125e-01 0.99699999999999999999
1  1.00e+02  0.3491096929  5.533125e-01 0.99699999999999999999
1  1.05e+02  0.3491895422  5.533125e-01 0.99699999999999999999
1  1.10e+02  0.349214135  5.533125e-01 0.99699999999999999999
1  1.15e+02  0.3491435268  5.533125e-01 0.99699999999999999999
1  1.20e+02  0.3489590659  5.533125e-01 0.99699999999999999999
1  1.26e+02  0.3494044097  5.533125e-01 0.99699999999999999999
1  1.32e+02  0.3491766885  5.533125e-01 0.99699999999999999999
1  1.38e+02  0.3491844034  5.533125e-01 0.99699999999999999999
1  1.45e+02  0.3491267741  5.533125e-01 0.99699999999999999999
1  1.51e+02  0.3491755102  5.533125e-01 0.99699999999999999999
1  1.58e+02  0.3491928659  5.533125e-01 0.99699999999999999999
1  1.66e+02  0.3492247939  5.533125e-01 0.99699999999999999999
1  1.74e+02  0.3491401237  5.533125e-01 0.99699999999999999999
1  1.82e+02  0.3491005501  5.533125e-01 0.99699999999999999999
1  1.91e+02  0.3491760276  5.533125e-01 0.99699999999999999999
1  2.00e+02  0.3488182161  5.533125e-01 0.99699999999999999999
1  2.09e+02  0.349043678  5.533125e-01 0.99699999999999999999
1  2.19e+02  0.3491610131  5.533125e-01 0.99699999999999999999
1  2.29e+02  0.3491126635  5.533125e-01 0.99699999999999999999
1  2.40e+02  0.3490909697  5.533125e-01 0.99699999999999999999
1  2.51e+02  0.3491548215  5.533125e-01 0.99699999999999999999
1  2.63e+02  0.3490454608  5.533125e-01 0.99699999999999999999
1  2.75e+02  0.3490747376  5.533125e-01 0.99699999999999999999
1  2.88e+02  0.3491673552  5.533125e-01 0.99699999999999999999
1  3.02e+02  0.3491759906  5.533125e-01 0.99699999999999999999
1  3.16e+02  0.3490624645  5.533125e-01 0.99699999999999999999
1  3.31e+02  0.3491900445  5.533125e-01 0.99699999999999999999
1  3.47e+02  0.3491303963  5.533125e-01 0.99699999999999999999
1  3.63e+02  0.3491405762  5.533125e-01 0.99699999999999999999
1  3.80e+02  0.3491729617  5.533125e-01 0.99699999999999999999
1  3.98e+02  0.3490695417  5.533125e-01 0.99699999999999999999
1  4.17e+02  0.3490534992  5.533125e-01 0.99699999999999999999
1  4.37e+02  0.3491246854  5.533125e-01 0.99699999999999999999
1  4.57e+02  0.3490162943  5.533125e-01 0.99699999999999999999
1  4.79e+02  0.3489429903  5.533125e-01 0.99699999999999999999
1  5.01e+02  0.349093047  5.533125e-01 0.99699999999999999999
1  5.25e+02  0.3489121905  5.533125e-01 0.99699999999999999999
1  5.50e+02  0.3490449641  5.533125e-01 0.99699999999999999999
1  5.75e+02  0.3488667527  5.533125e-01 0.99699999999999999999
1  6.03e+02  0.3490732226  5.533125e-01 0.99699999999999999999
1  6.31e+02  0.3490652576  5.533125e-01 0.99699999999999999999
1  6.61e+02  0.348805338  5.533125e-01 0.99699999999999999999
1  6.92e+02  0.3489748785  5.533125e-01 0.99699999999999999999
1  7.24e+02  0.3489783633  5.533125e-01 0.99699999999999999999
1  7.59e+02  0.3488604588  5.533125e-01 0.99699999999999999999
1  7.94e+02  0.3488460773  5.533125e-01 0.99699999999999999999
1  8.32e+02  0.3492857191  5.533125e-01 0.99699999999999999999
1  8.71e+02  0.3493972584  5.533125e-01 0.99699999999999999999
1  9.12e+02  0.3486446443  5.533125e-01 0.99699999999999999999
1  9.55e+02  0.3493175474  5.533125e-01 0.99699999999999999999
1  1.00e+03  0.3489793514  5.533125e-01 0.99699999999999999999
1  1.05e+03  0.3488811041  5.533125e-01 0.99699999999999999999
1  1.10e+03  0.3483575616  5.533125e-01 0.99699999999999999999
1  1.15e+03  0.3491451525  5.533125e-01 0.99699999999999999999
1  1.20e+03  0.3481277335  5.533125e-01 0.99699999999999999999
1  1.26e+03  0.3486376841  5.533125e-01 0.99699999999999999999
1  1.32e+03  0.3494785226  5.533125e-01 0.99699999999999999999
1  1.38e+03  0.3501245781  5.533125e-01 0.99699999999999999999
1  1.45e+03  0.3479530214  5.533125e-01 0.99699999999999999999
1  1.51e+03  0.3496271922  5.533125e-01 0.99699999999999999999
1  1.58e+03  0.3474479411  5.533125e-01 0.99699999999999999999
1  1.66e+03  0.3466594769  5.533125e-01 0.99699999999999999999
1  1.74e+03  0.3482417181  5.533125e-01 0.99699999999999999999
1  1.82e+03  0.3515256693  5.533125e-01 0.99699999999999999999
1  1.91e+03  0.3489122361  5.533125e-01 0.99699999999999999999
1  2.00e+03  0.3536983012  5.533125e-01 0.99699999999999999999
1  2.09e+03  0.3507445816  5.533125e-01 0.99699999999999999999
1  2.19e+03  0.3471072605  5.533125e-01 0.99699999999999999999
1  2.29e+03  0.3449657347  5.533125e-01 0.99699999999999999999
1  2.40e+03  0.3430149384  5.533125e-01 0.99699999999999999999
1  2.51e+03  0.346705299  5.533125e-01 0.99699999999999999999
1  2.63e+03  0.3466048031  5.533125e-01 0.99699999999999999999
1  2.75e+03  0.3377075521  5.533125e-01 0.99699999999999999999
1  2.88e+03  0.3451561753  5.533125e-01 0.99699999999999999999
1  3.02e+03  0.3499829857  5.533125e-01 0.99699999999999999999
1  3.16e+03  0.3448175161  5.533125e-01 0.99699999999999999999
1  3.31e+03  0.3410881546  5.533125e-01 0.99699999999999999999
1  3.47e+03  0.3415695281  5.533125e-01 0.99699999999999999999
1  3.63e+03  0.3566424131  5.533125e-01 0.99699999999999999999
1  3.80e+03  0.3590644019  5.533125e-01 0.99699999999999999999
1  3.98e+03  0.3477036718  5.533125e-01 0.99699999999999999999
1  4.17e+03  0.3567726989  5.533125e-01 0.99699999999999999999
1  4.37e+03  0.3555888247  5.533125e-01 0.99699999999999999999
1  4.57e+03  0.3636242176  5.533125e-01 0.99699999999999999999
1  4.79e+03  0.3376852065  5.533125e-01 0.99699999999999999999
1  5.01e+03  0.3652119919  5.533125e-01 0.99699999999999999999
1  5.25e+03  0.367326246  5.533125e-01 0.99699999999999999999
1  5.50e+03  0.3643705809  5.533125e-01 0.99699999999999999999
1  5.75e+03  0.3685240076  5.533125e-01 0.99699999999999999999
1  6.03e+03  0.3650970637  5.533125e-01 0.99699999999999999999
1  6.31e+03  0.3605448073  5.533125e-01 0.99699999999999999999
1  6.61e+03  0.364600489  5.533125e-01 0.99699999999999999999
1  6.92e+03  0.3535211649  5.533125e-01 0.99699999999999999999
1  7.24e+03  0.3455810143  5.533125e-01 0.99699999999999999999
1  7.59e+03  0.360768574  5.533125e-01 0.99699999999999999999
1  7.94e+03  0.3053862396  5.533125e-01 0.99699999999999999999
1  8.32e+03  0.3707537682  5.533125e-01 0.99699999999999999999
1  8.71e+03  0.3216412592  5.533125e-01 0.99699999999999999999
1  9.12e+03  0.3755086571  5.533125e-01 0.99699999999999999999
1  9.55e+03  0.360087286  5.533125e-01 0.99699999999999999999
1  1.00e+04  0.3228715938  5.533125e-01 0.99699999999999999999
1  1.05e+04  0.2992130961  5.533125e-01 0.99699999999999999999
1  1.10e+04  0.3725509266  5.533125e-01 0.99699999999999999999
1  1.15e+04  0.3567818977  5.533125e-01 0.99699999999999999999
1  1.20e+04  0.3383359005  5.533125e-01 0.99699999999999999999
1  1.26e+04  0.3579454376  5.533125e-01 0.99699999999999999999
1  1.32e+04  0.3102161797  5.533125e-01 0.99699999999999999999
1  1.38e+04  0.3463001674  5.533125e-01 0.99699999999999999999
1  1.45e+04  0.3204365364  5.533125e-01 0.99699999999999999999
1  1.51e+04  0.3523570782  5.533125e-01 0.99699999999999999999
1  1.58e+04  0.3526152667  5.533125e-01 0.99699999999999999999
1  1.66e+04  0.3523133354  5.533125e-01 0.99699999999999999999
1  1.74e+04  0.3286155538  5.533125e-01 0.99699999999999999999
1  1.82e+04  0.316321441  5.533125e-01 0.99699999999999999999
1  1.91e+04  0.3384010101  5.533125e-01 0.99699999999999999999
1  2.00e+04  0.3467977125  5.533125e-01 0.99699999999999999999
1  2.09e+04  0.3395793593  5.533125e-01 0.99699999999999999999
1  2.19e+04  0.3298827909  5.533125e-01 0.99699999999999999999
1  2.29e+04  0.3296034062  5.533125e-01 0.99699999999999999999
1  2.40e+04  0.3343781003  5.533125e-01 0.99699999999999999999
1  2.51e+04  0.3434234294  5.533125e-01 0.99699999999999999999
1  2.63e+04  0.3549442134  5.533125e-01 0.99699999999999999999
1  2.75e+04  0.2605756204  5.533125e-01 0.99699999999999999999
1  2.88e+04  0.3407576397  5.533125e-01 0.99699999999999999999
1  3.02e+04  0.3261357738  5.533125e-01 0.99699999999999999999
1  3.16e+04  0.3566158835  5.533125e-01 0.99699999999999999999
1  3.31e+04  0.2930555828  5.533125e-01 0.99699999999999999999
1  3.47e+04  0.341483037  5.533125e-01 0.99699999999999999999
1  3.63e+04  0.2704159211  5.533125e-01 0.99699999999999999999
1  3.80e+04  0.3565603563  5.533125e-01 0.99699999999999999999
1  3.98e+04  0.3247504959  5.533125e-01 0.99699999999999999999
1  4.17e+04  0.3387948079  5.533125e-01 0.99699999999999999999
1  4.37e+04  0.3438292333  5.533125e-01 0.99699999999999999999
1  4.57e+04  0.2772980803  5.533125e-01 0.99699999999999999999
1  4.79e+04  0.3537726454  5.533125e-01 0.99699999999999999999
1  5.01e+04  0.2921514401  5.533125e-01 0.99699999999999999999
1  5.25e+04  0.2943958302  5.533125e-01 0.99699999999999999999
1  5.50e+04  0.3579140061  5.533125e-01 0.99699999999999999999
1  5.75e+04  0.330697134  5.533125e-01 0.99699999999999999999
1  6.03e+04  0.3239353788  5.533125e-01 0.99699999999999999999
1  6.31e+04  0.3450020071  5.533125e-01 0.99699999999999999999
1  6.61e+04  0.3571632514  5.533125e-01 0.99699999999999999999
1  6.92e+04  0.3233580453  5.533125e-01 0.99699999999999999999
1  7.24e+04  0.3009746243  5.533125e-01 0.99699999999999999999
1  7.59e+04  0.3398165329  5.533125e-01 0.99699999999999999999
1  7.94e+04  0.3537618757  5.533125e-01 0.99699999999999999999
1  8.32e+04  0.3059601348  5.533125e-01 0.99699999999999999999
1  8.71e+04  0.2828784564  5.533125e-01 0.99699999999999999999
1  9.12e+04  0.321357028  5.533125e-01 0.99699999999999999999
1  9.55e+04  0.3567728022  5.533125e-01 0.99699999999999999999
1  1.00e+05  0.344063669  5.533125e-01 0.99699999999999999999
1  1.05e+05  0.3136586561  5.533125e-01 0.99699999999999999999
1  1.10e+05  0.3088700432  5.533125e-01 0.99699999999999999999
1  1.15e+05  0.3310145759  5.533125e-01 0.99699999999999999999
1  1.20e+05  0.3534521198  5.533125e-01 0.99699999999999999999
1  1.26e+05  0.3585607507  5.533125e-01 0.99699999999999999999
1  1.32e+05  0.3496722316  5.533125e-01 0.99699999999999999999
1  1.38e+05  0.3391437339  5.533125e-01 0.99699999999999999999
1  1.45e+05  0.3351334711  5.533125e-01 0.99699999999999999999
1  1.51e+05  0.3383117595  5.533125e-01 0.99699999999999999999
1  1.58e+05  0.3452727048  5.533125e-01 0.99699999999999999999
1  1.66e+05  0.3523122689  5.533125e-01 0.99699999999999999999
1  1.74e+05  0.3570223287  5.533125e-01 0.99699999999999999999
1  1.82e+05  0.3583704742  5.533125e-01 0.99699999999999999999
1  1.91e+05  0.3564303102  5.533125e-01 0.99699999999999999999
1  2.00e+05  0.3521584654  5.533125e-01 0.99699999999999999999
1  2.09e+05  0.3470935405  5.533125e-01 0.99699999999999999999
1  2.19e+05  0.3428848839  5.533125e-01 0.99699999999999999999
1  2.29e+05  0.3407786211  5.533125e-01 0.99699999999999999999
1  2.40e+05  0.341274234  5.533125e-01 0.99699999999999999999
1  2.51e+05  0.3440740376  5.533125e-01 0.99699999999999999999
1  2.63e+05  0.348296367  5.533125e-01 0.99699999999999999999
1  2.75e+05  0.3528222115  5.533125e-01 0.99699999999999999999
1  2.88e+05  0.3566304088  5.533125e-01 0.99699999999999999999
1  3.02e+05  0.3590239095  5.533125e-01 0.99699999999999999999
1  3.16e+05  0.3597156551  5.533125e-01 0.99699999999999999999
1  3.31e+05  0.3587948097  5.533125e-01 0.99699999999999999999
1  3.47e+05  0.3566198637  5.533125e-01 0.99699999999999999999
1  3.63e+05  0.3536872617  5.533125e-01 0.99699999999999999999
1  3.80e+05  0.3505122138  5.533125e-01 0.99699999999999999999
1  3.98e+05  0.3475418349  5.533125e-01 0.99699999999999999999
1  4.17e+05  0.345106153  5.533125e-01 0.99699999999999999999
1  4.37e+05  0.3434027079  5.533125e-01 0.99699999999999999999
1  4.57e+05  0.3425056527  5.533125e-01 0.99699999999999999999
1  4.79e+05  0.3423893223  5.533125e-01 0.99699999999999999999
1  5.01e+05  0.3429576266  5.533125e-01 0.99699999999999999999
1  5.25e+05  0.3440730181  5.533125e-01 0.99699999999999999999
1  5.50e+05  0.3455812681  5.533125e-01 0.99699999999999999999
1  5.75e+05  0.347330352  5.533125e-01 0.99699999999999999999
1  6.03e+05  0.3491832192  5.533125e-01 0.99699999999999999999
1  6.31e+05  0.3510251181  5.533125e-01 0.99699999999999999999
1  6.61e+05  0.3528074827  5.533125e-01 0.99699999999999999999
1  6.92e+05  0.3544550847  5.533125e-01 0.99699999999999999999
1  7.24e+05  0.3559036995  5.533125e-01 0.99699999999999999999
1  7.59e+05  0.3570781739  5.533125e-01 0.99699999999999999999
1  7.94e+05  0.3579790073  5.533125e-01 0.99699999999999999999
1  8.32e+05  0.3586042762  5.533125e-01 0.99699999999999999999
1  8.71e+05  0.3589875448  5.533125e-01 0.99699999999999999999
1  9.12e+05  0.3591451088  5.533125e-01 0.99699999999999999999
1  9.55e+05  0.3591081094  5.533125e-01 0.99699999999999999999
1  1.00e+06  0.3589094564  5.533125e-01 0.99699999999999999999
1  1.05e+06  0.358581536  5.533125e-01 0.99699999999999999999
1  1.10e+06  0.3581546622  5.533125e-01 0.99699999999999999999
1  1.15e+06  0.3576561332  5.533125e-01 0.99699999999999999999
1  1.20e+06  0.3571097546  5.533125e-01 0.99699999999999999999
1  1.26e+06  0.3565357031  5.533125e-01 0.99699999999999999999
1  1.32e+06  0.3559506252  5.533125e-01 0.99699999999999999999
1  1.38e+06  0.3553678871  5.533125e-01 0.99699999999999999999
1  1.45e+06  0.3547979104  5.533125e-01 0.99699999999999999999
1  1.51e+06  0.3542485456  5.533125e-01 0.99699999999999999999
1  1.58e+06  0.3537254525  5.533125e-01 0.99699999999999999999
1  1.66e+06  0.3532324631  5.533125e-01 0.99699999999999999999
1  1.74e+06  0.3527719161  5.533125e-01 0.99699999999999999999
1  1.82e+06  0.3523610734  5.533125e-01 0.99699999999999999999
1  1.91e+06  0.3519669813  5.533125e-01 0.99699999999999999999
1  2.00e+06  0.351606159  5.533125e-01 0.99699999999999999999
1  2.09e+06  0.351277584  5.533125e-01 0.99699999999999999999
1  2.19e+06  0.3509798516  5.533125e-01 0.99699999999999999999
1  2.29e+06  0.3507112986  5.533125e-01 0.99699999999999999999
1  2.40e+06  0.3504701022  5.533125e-01 0.99699999999999999999
1  2.51e+06  0.3502543572  5.533125e-01 0.99699999999999999999
1  2.63e+06  0.350062136  5.533125e-01 0.99699999999999999999
1  2.75e+06  0.349891533  5.533125e-01 0.99699999999999999999
1  2.88e+06  0.3497406979  5.533125e-01 0.99699999999999999999
1  3.02e+06  0.3496078586  5.533125e-01 0.99699999999999999999
1  3.16e+06  0.3494913366  5.533125e-01 0.99699999999999999999
1  3.31e+06  0.349389557  5.533125e-01 0.99699999999999999999
1  3.47e+06  0.3493010526  5.533125e-01 0.99699999999999999999
1  3.63e+06  0.3492293906  5.533125e-01 0.99699999999999999999
1  3.80e+06  0.3491630401  5.533125e-01 0.99699999999999999999
1  3.98e+06  0.3491062481  5.533125e-01 0.99699999999999999999
1  4.17e+06  0.3490579686  5.533125e-01 0.99699999999999999999
1  4.37e+06  0.3490172504  5.533125e-01 0.99699999999999999999
1  4.57e+06  0.3489832314  5.533125e-01 0.99699999999999999999
1  4.79e+06  0.348955133  5.533125e-01 0.99699999999999999999
1  5.01e+06  0.3489322533  5.533125e-01 0.99699999999999999999
1  5.25e+06  0.3489139614  5.533125e-01 0.99699999999999999999
1  5.50e+06  0.3488996913  5.533125e-01 0.99699999999999999999
1  5.75e+06  0.3488889362  5.533125e-01 0.99699999999999999999
1  6.03e+06  0.3488812435  5.533125e-01 0.99699999999999999999
1  6.31e+06  0.3488762093  5.533125e-01 0.99699999999999999999
1  6.61e+06  0.3488734741  5.533125e-01 0.99699999999999999999
1  6.92e+06  0.3488727186  5.533125e-01 0.99699999999999999999
1  7.24e+06  0.3488748422  5.533125e-01 0.99699999999999999999
1  7.59e+06  0.3488771181  5.533125e-01 0.99699999999999999999
1  7.94e+06  0.3488806273  5.533125e-01 0.99699999999999999999
1  8.32e+06  0.348885173  5.533125e-01 0.99699999999999999999
1  8.71e+06  0.3488905816  5.533125e-01 0.99699999999999999999
1  9.12e+06  0.3488967008  5.533125e-01 0.99699999999999999999
1  9.55e+06  0.3489033969  5.533125e-01 0.99699999999999999999
1  1.00e+07  0.3489105525  5.533125e-01 0.99699999999999999999
