1  1.00e-03  0.3482180285  1.607721e-01 1.05099999999999999998
1  1.05e-03  0.348218025  1.607721e-01 1.05099999999999999998
1  1.10e-03  0.3482180276  1.607721e-01 1.05099999999999999998
1  1.15e-03  0.3482180216  1.607721e-01 1.05099999999999999998
1  1.20e-03  0.3482180272  1.607721e-01 1.05099999999999999998
1  1.26e-03  0.3482180269  1.607721e-01 1.05099999999999999998
1  1.32e-03  0.3482180279  1.607721e-01 1.05099999999999999998
1  1.38e-03  0.3482180215  1.607721e-01 1.05099999999999999998
1  1.45e-03  0.3482180275  1.607721e-01 1.05099999999999999998
1  1.51e-03  0.3482180282  1.607721e-01 1.05099999999999999998
1  1.58e-03  0.3482180218  1.607721e-01 1.05099999999999999998
1  1.66e-03  0.348218028  1.607721e-01 1.05099999999999999998
1  1.74e-03  0.3482180285  1.607721e-01 1.05099999999999999998
1  1.82e-03  0.3482180239  1.607721e-01 1.05099999999999999998
1  1.91e-03  0.3482180272  1.607721e-01 1.05099999999999999998
1  2.00e-03  0.3482180229  1.607721e-01 1.05099999999999999998
1  2.09e-03  0.3482180288  1.607721e-01 1.05099999999999999998
1  2.19e-03  0.348218026  1.607721e-01 1.05099999999999999998
1  2.29e-03  0.3482180243  1.607721e-01 1.05099999999999999998
1  2.40e-03  0.3482180234  1.607721e-01 1.05099999999999999998
1  2.51e-03  0.3482180266  1.607721e-01 1.05099999999999999998
1  2.63e-03  0.3482180255  1.607721e-01 1.05099999999999999998
1  2.75e-03  0.3482180268  1.607721e-01 1.05099999999999999998
1  2.88e-03  0.3482180258  1.607721e-01 1.05099999999999999998
1  3.02e-03  0.3482180279  1.607721e-01 1.05099999999999999998
1  3.16e-03  0.3482180279  1.607721e-01 1.05099999999999999998
1  3.31e-03  0.3482180246  1.607721e-01 1.05099999999999999998
1  3.47e-03  0.3482180261  1.607721e-01 1.05099999999999999998
1  3.63e-03  0.3482180265  1.607721e-01 1.05099999999999999998
1  3.80e-03  0.3482180289  1.607721e-01 1.05099999999999999998
1  3.98e-03  0.3482180267  1.607721e-01 1.05099999999999999998
1  4.17e-03  0.3482180256  1.607721e-01 1.05099999999999999998
1  4.37e-03  0.3482180275  1.607721e-01 1.05099999999999999998
1  4.57e-03  0.348218026  1.607721e-01 1.05099999999999999998
1  4.79e-03  0.3482180284  1.607721e-01 1.05099999999999999998
1  5.01e-03  0.3482180231  1.607721e-01 1.05099999999999999998
1  5.25e-03  0.3482180258  1.607721e-01 1.05099999999999999998
1  5.50e-03  0.3482180257  1.607721e-01 1.05099999999999999998
1  5.75e-03  0.3482180252  1.607721e-01 1.05099999999999999998
1  6.03e-03  0.3482180259  1.607721e-01 1.05099999999999999998
1  6.31e-03  0.3482180265  1.607721e-01 1.05099999999999999998
1  6.61e-03  0.3482180249  1.607721e-01 1.05099999999999999998
1  6.92e-03  0.3482180277  1.607721e-01 1.05099999999999999998
1  7.24e-03  0.3482180276  1.607721e-01 1.05099999999999999998
1  7.59e-03  0.3482180246  1.607721e-01 1.05099999999999999998
1  7.94e-03  0.3482180268  1.607721e-01 1.05099999999999999998
1  8.32e-03  0.3482180245  1.607721e-01 1.05099999999999999998
1  8.71e-03  0.3482180229  1.607721e-01 1.05099999999999999998
1  9.12e-03  0.3482180252  1.607721e-01 1.05099999999999999998
1  9.55e-03  0.3482180272  1.607721e-01 1.05099999999999999998
1  1.00e-02  0.3482180205  1.607721e-01 1.05099999999999999998
1  1.05e-02  0.348218023  1.607721e-01 1.05099999999999999998
1  1.10e-02  0.3482180274  1.607721e-01 1.05099999999999999998
1  1.15e-02  0.3482180211  1.607721e-01 1.05099999999999999998
1  1.20e-02  0.3482180206  1.607721e-01 1.05099999999999999998
1  1.26e-02  0.3482180211  1.607721e-01 1.05099999999999999998
1  1.32e-02  0.3482180237  1.607721e-01 1.05099999999999999998
1  1.38e-02  0.3482180202  1.607721e-01 1.05099999999999999998
1  1.45e-02  0.3482180233  1.607721e-01 1.05099999999999999998
1  1.51e-02  0.3482180245  1.607721e-01 1.05099999999999999998
1  1.58e-02  0.3482180222  1.607721e-01 1.05099999999999999998
1  1.66e-02  0.3482180159  1.607721e-01 1.05099999999999999998
1  1.74e-02  0.3482180327  1.607721e-01 1.05099999999999999998
1  1.82e-02  0.3482180175  1.607721e-01 1.05099999999999999998
1  1.91e-02  0.3482180253  1.607721e-01 1.05099999999999999998
1  2.00e-02  0.3482180218  1.607721e-01 1.05099999999999999998
1  2.09e-02  0.3482180179  1.607721e-01 1.05099999999999999998
1  2.19e-02  0.348218019  1.607721e-01 1.05099999999999999998
1  2.29e-02  0.348218034  1.607721e-01 1.05099999999999999998
1  2.40e-02  0.3482180794  1.607721e-01 1.05099999999999999998
1  2.51e-02  0.3482179977  1.607721e-01 1.05099999999999999998
1  2.63e-02  0.3482180021  1.607721e-01 1.05099999999999999998
1  2.75e-02  0.3482179995  1.607721e-01 1.05099999999999999998
1  2.88e-02  0.3482179988  1.607721e-01 1.05099999999999999998
1  3.02e-02  0.3482180226  1.607721e-01 1.05099999999999999998
1  3.16e-02  0.3482180087  1.607721e-01 1.05099999999999999998
1  3.31e-02  0.3482179547  1.607721e-01 1.05099999999999999998
1  3.47e-02  0.3482180031  1.607721e-01 1.05099999999999999998
1  3.63e-02  0.3482179368  1.607721e-01 1.05099999999999999998
1  3.80e-02  0.3482175666  1.607721e-01 1.05099999999999999998
1  3.98e-02  0.3482180097  1.607721e-01 1.05099999999999999998
1  4.17e-02  0.3482180182  1.607721e-01 1.05099999999999999998
1  4.37e-02  0.3482179914  1.607721e-01 1.05099999999999999998
1  4.57e-02  0.348218375  1.607721e-01 1.05099999999999999998
1  4.79e-02  0.3482180241  1.607721e-01 1.05099999999999999998
1  5.01e-02  0.3482179358  1.607721e-01 1.05099999999999999998
1  5.25e-02  0.3482179782  1.607721e-01 1.05099999999999999998
1  5.50e-02  0.3482179821  1.607721e-01 1.05099999999999999998
1  5.75e-02  0.3482179793  1.607721e-01 1.05099999999999999998
1  6.03e-02  0.3482180005  1.607721e-01 1.05099999999999999998
1  6.31e-02  0.3482179876  1.607721e-01 1.05099999999999999998
1  6.61e-02  0.348217972  1.607721e-01 1.05099999999999999998
1  6.92e-02  0.3482179973  1.607721e-01 1.05099999999999999998
1  7.24e-02  0.3482179616  1.607721e-01 1.05099999999999999998
1  7.59e-02  0.3482179671  1.607721e-01 1.05099999999999999998
1  7.94e-02  0.3482179938  1.607721e-01 1.05099999999999999998
1  8.32e-02  0.3482172597  1.607721e-01 1.05099999999999999998
1  8.71e-02  0.3482180003  1.607721e-01 1.05099999999999999998
1  9.12e-02  0.3482180107  1.607721e-01 1.05099999999999999998
1  9.55e-02  0.3482179788  1.607721e-01 1.05099999999999999998
1  1.00e-01  0.3482179799  1.607721e-01 1.05099999999999999998
1  1.05e-01  0.3482179507  1.607721e-01 1.05099999999999999998
1  1.10e-01  0.3482180019  1.607721e-01 1.05099999999999999998
1  1.15e-01  0.3482174797  1.607721e-01 1.05099999999999999998
1  1.20e-01  0.3482179772  1.607721e-01 1.05099999999999999998
1  1.26e-01  0.3482179794  1.607721e-01 1.05099999999999999998
1  1.32e-01  0.3482179723  1.607721e-01 1.05099999999999999998
1  1.38e-01  0.3482180358  1.607721e-01 1.05099999999999999998
1  1.45e-01  0.3482189611  1.607721e-01 1.05099999999999999998
1  1.51e-01  0.348217839  1.607721e-01 1.05099999999999999998
1  1.58e-01  0.3482171582  1.607721e-01 1.05099999999999999998
1  1.66e-01  0.3482178871  1.607721e-01 1.05099999999999999998
1  1.74e-01  0.3482179652  1.607721e-01 1.05099999999999999998
1  1.82e-01  0.3482179038  1.607721e-01 1.05099999999999999998
1  1.91e-01  0.3482179869  1.607721e-01 1.05099999999999999998
1  2.00e-01  0.3482178119  1.607721e-01 1.05099999999999999998
1  2.09e-01  0.34821793  1.607721e-01 1.05099999999999999998
1  2.19e-01  0.3482179278  1.607721e-01 1.05099999999999999998
1  2.29e-01  0.3482180099  1.607721e-01 1.05099999999999999998
1  2.40e-01  0.3482179997  1.607721e-01 1.05099999999999999998
1  2.51e-01  0.3482180153  1.607721e-01 1.05099999999999999998
1  2.63e-01  0.3482180084  1.607721e-01 1.05099999999999999998
1  2.75e-01  0.3482178914  1.607721e-01 1.05099999999999999998
1  2.88e-01  0.3482177404  1.607721e-01 1.05099999999999999998
1  3.02e-01  0.3482180353  1.607721e-01 1.05099999999999999998
1  3.16e-01  0.348217886  1.607721e-01 1.05099999999999999998
1  3.31e-01  0.3482178937  1.607721e-01 1.05099999999999999998
1  3.47e-01  0.3482180361  1.607721e-01 1.05099999999999999998
1  3.63e-01  0.3482177519  1.607721e-01 1.05099999999999999998
1  3.80e-01  0.3482179549  1.607721e-01 1.05099999999999999998
1  3.98e-01  0.3482178257  1.607721e-01 1.05099999999999999998
1  4.17e-01  0.3482178418  1.607721e-01 1.05099999999999999998
1  4.37e-01  0.348217977  1.607721e-01 1.05099999999999999998
1  4.57e-01  0.3482178759  1.607721e-01 1.05099999999999999998
1  4.79e-01  0.3482179686  1.607721e-01 1.05099999999999999998
1  5.01e-01  0.3482178521  1.607721e-01 1.05099999999999999998
1  5.25e-01  0.3482179013  1.607721e-01 1.05099999999999999998
1  5.50e-01  0.3482178575  1.607721e-01 1.05099999999999999998
1  5.75e-01  0.3482170732  1.607721e-01 1.05099999999999999998
1  6.03e-01  0.348218079  1.607721e-01 1.05099999999999999998
1  6.31e-01  0.3482176004  1.607721e-01 1.05099999999999999998
1  6.61e-01  0.3482178846  1.607721e-01 1.05099999999999999998
1  6.92e-01  0.3482176989  1.607721e-01 1.05099999999999999998
1  7.24e-01  0.3482178356  1.607721e-01 1.05099999999999999998
1  7.59e-01  0.3482179261  1.607721e-01 1.05099999999999999998
1  7.94e-01  0.3482137681  1.607721e-01 1.05099999999999999998
1  8.32e-01  0.3482082097  1.607721e-01 1.05099999999999999998
1  8.71e-01  0.3482179787  1.607721e-01 1.05099999999999999998
1  9.12e-01  0.3482177769  1.607721e-01 1.05099999999999999998
1  9.55e-01  0.3482175022  1.607721e-01 1.05099999999999999998
1  1.00e+00  0.3482176935  1.607721e-01 1.05099999999999999998
1  1.05e+00  0.3482175846  1.607721e-01 1.05099999999999999998
1  1.10e+00  0.3482177393  1.607721e-01 1.05099999999999999998
1  1.15e+00  0.3482179388  1.607721e-01 1.05099999999999999998
1  1.20e+00  0.3482178657  1.607721e-01 1.05099999999999999998
1  1.26e+00  0.348217682  1.607721e-01 1.05099999999999999998
1  1.32e+00  0.3482162477  1.607721e-01 1.05099999999999999998
1  1.38e+00  0.3482174458  1.607721e-01 1.05099999999999999998
1  1.45e+00  0.3482177044  1.607721e-01 1.05099999999999999998
1  1.51e+00  0.3482172443  1.607721e-01 1.05099999999999999998
1  1.58e+00  0.348217803  1.607721e-01 1.05099999999999999998
1  1.66e+00  0.3482179824  1.607721e-01 1.05099999999999999998
1  1.74e+00  0.3482171982  1.607721e-01 1.05099999999999999998
1  1.82e+00  0.3482175018  1.607721e-01 1.05099999999999999998
1  1.91e+00  0.3482170994  1.607721e-01 1.05099999999999999998
1  2.00e+00  0.3482179924  1.607721e-01 1.05099999999999999998
1  2.09e+00  0.3482165764  1.607721e-01 1.05099999999999999998
1  2.19e+00  0.3482173511  1.607721e-01 1.05099999999999999998
1  2.29e+00  0.3482286372  1.607721e-01 1.05099999999999999998
1  2.40e+00  0.3482175635  1.607721e-01 1.05099999999999999998
1  2.51e+00  0.3482169327  1.607721e-01 1.05099999999999999998
1  2.63e+00  0.348218022  1.607721e-01 1.05099999999999999998
1  2.75e+00  0.3482178128  1.607721e-01 1.05099999999999999998
1  2.88e+00  0.3482134692  1.607721e-01 1.05099999999999999998
1  3.02e+00  0.3482171713  1.607721e-01 1.05099999999999999998
1  3.16e+00  0.3482169307  1.607721e-01 1.05099999999999999998
1  3.31e+00  0.3482331094  1.607721e-01 1.05099999999999999998
1  3.47e+00  0.3482174417  1.607721e-01 1.05099999999999999998
1  3.63e+00  0.348187222  1.607721e-01 1.05099999999999999998
1  3.80e+00  0.3482181498  1.607721e-01 1.05099999999999999998
1  3.98e+00  0.3482164813  1.607721e-01 1.05099999999999999998
1  4.17e+00  0.3482160109  1.607721e-01 1.05099999999999999998
1  4.37e+00  0.3482179122  1.607721e-01 1.05099999999999999998
1  4.57e+00  0.3482167716  1.607721e-01 1.05099999999999999998
1  4.79e+00  0.3482170051  1.607721e-01 1.05099999999999999998
1  5.01e+00  0.3482163343  1.607721e-01 1.05099999999999999998
1  5.25e+00  0.3482153491  1.607721e-01 1.05099999999999999998
1  5.50e+00  0.3482002058  1.607721e-01 1.05099999999999999998
1  5.75e+00  0.3482147743  1.607721e-01 1.05099999999999999998
1  6.03e+00  0.3482156904  1.607721e-01 1.05099999999999999998
1  6.31e+00  0.3482182554  1.607721e-01 1.05099999999999999998
1  6.61e+00  0.3482159758  1.607721e-01 1.05099999999999999998
1  6.92e+00  0.3481892717  1.607721e-01 1.05099999999999999998
1  7.24e+00  0.348215381  1.607721e-01 1.05099999999999999998
1  7.59e+00  0.3482369059  1.607721e-01 1.05099999999999999998
1  7.94e+00  0.348300897  1.607721e-01 1.05099999999999999998
1  8.32e+00  0.3481363986  1.607721e-01 1.05099999999999999998
1  8.71e+00  0.3481434957  1.607721e-01 1.05099999999999999998
1  9.12e+00  0.3482091965  1.607721e-01 1.05099999999999999998
1  9.55e+00  0.3482118395  1.607721e-01 1.05099999999999999998
1  1.00e+01  0.3482096236  1.607721e-01 1.05099999999999999998
1  1.05e+01  0.3481947074  1.607721e-01 1.05099999999999999998
1  1.10e+01  0.3482800926  1.607721e-01 1.05099999999999999998
1  1.15e+01  0.348267079  1.607721e-01 1.05099999999999999998
1  1.20e+01  0.3482006171  1.607721e-01 1.05099999999999999998
1  1.26e+01  0.3482188729  1.607721e-01 1.05099999999999999998
1  1.32e+01  0.3482098559  1.607721e-01 1.05099999999999999998
1  1.38e+01  0.3482101385  1.607721e-01 1.05099999999999999998
1  1.45e+01  0.3482124888  1.607721e-01 1.05099999999999999998
1  1.51e+01  0.3482177031  1.607721e-01 1.05099999999999999998
1  1.58e+01  0.3482167487  1.607721e-01 1.05099999999999999998
1  1.66e+01  0.3482567771  1.607721e-01 1.05099999999999999998
1  1.74e+01  0.3483581849  1.607721e-01 1.05099999999999999998
1  1.82e+01  0.348088404  1.607721e-01 1.05099999999999999998
1  1.91e+01  0.348210975  1.607721e-01 1.05099999999999999998
1  2.00e+01  0.3482348288  1.607721e-01 1.05099999999999999998
1  2.09e+01  0.3478670261  1.607721e-01 1.05099999999999999998
1  2.19e+01  0.3482286878  1.607721e-01 1.05099999999999999998
1  2.29e+01  0.3482830624  1.607721e-01 1.05099999999999999998
1  2.40e+01  0.3481028043  1.607721e-01 1.05099999999999999998
1  2.51e+01  0.3483106857  1.607721e-01 1.05099999999999999998
1  2.63e+01  0.3481756715  1.607721e-01 1.05099999999999999998
1  2.75e+01  0.3481999456  1.607721e-01 1.05099999999999999998
1  2.88e+01  0.348195189  1.607721e-01 1.05099999999999999998
1  3.02e+01  0.3480040044  1.607721e-01 1.05099999999999999998
1  3.16e+01  0.3482316318  1.607721e-01 1.05099999999999999998
1  3.31e+01  0.3481875965  1.607721e-01 1.05099999999999999998
1  3.47e+01  0.3481884731  1.607721e-01 1.05099999999999999998
1  3.63e+01  0.3480435278  1.607721e-01 1.05099999999999999998
1  3.80e+01  0.3481610859  1.607721e-01 1.05099999999999999998
1  3.98e+01  0.3482155539  1.607721e-01 1.05099999999999999998
1  4.17e+01  0.3482557225  1.607721e-01 1.05099999999999999998
1  4.37e+01  0.3482214115  1.607721e-01 1.05099999999999999998
1  4.57e+01  0.3484841837  1.607721e-01 1.05099999999999999998
1  4.79e+01  0.3484135063  1.607721e-01 1.05099999999999999998
1  5.01e+01  0.3482240153  1.607721e-01 1.05099999999999999998
1  5.25e+01  0.348116086  1.607721e-01 1.05099999999999999998
1  5.50e+01  0.3482579707  1.607721e-01 1.05099999999999999998
1  5.75e+01  0.3481712191  1.607721e-01 1.05099999999999999998
1  6.03e+01  0.3482461516  1.607721e-01 1.05099999999999999998
1  6.31e+01  0.3482325148  1.607721e-01 1.05099999999999999998
1  6.61e+01  0.3481836506  1.607721e-01 1.05099999999999999998
1  6.92e+01  0.3481971466  1.607721e-01 1.05099999999999999998
1  7.24e+01  0.3481704006  1.607721e-01 1.05099999999999999998
1  7.59e+01  0.348350278  1.607721e-01 1.05099999999999999998
1  7.94e+01  0.3480957339  1.607721e-01 1.05099999999999999998
1  8.32e+01  0.3481885962  1.607721e-01 1.05099999999999999998
1  8.71e+01  0.3482710435  1.607721e-01 1.05099999999999999998
1  9.12e+01  0.3481964289  1.607721e-01 1.05099999999999999998
1  9.55e+01  0.3479817814  1.607721e-01 1.05099999999999999998
1  1.00e+02  0.347927804  1.607721e-01 1.05099999999999999998
1  1.05e+02  0.3482080473  1.607721e-01 1.05099999999999999998
1  1.10e+02  0.3483014461  1.607721e-01 1.05099999999999999998
1  1.15e+02  0.3482252489  1.607721e-01 1.05099999999999999998
1  1.20e+02  0.3482788533  1.607721e-01 1.05099999999999999998
1  1.26e+02  0.3484885937  1.607721e-01 1.05099999999999999998
1  1.32e+02  0.3481964857  1.607721e-01 1.05099999999999999998
1  1.38e+02  0.3481504793  1.607721e-01 1.05099999999999999998
1  1.45e+02  0.3482082024  1.607721e-01 1.05099999999999999998
1  1.51e+02  0.3481815788  1.607721e-01 1.05099999999999999998
1  1.58e+02  0.3481936933  1.607721e-01 1.05099999999999999998
1  1.66e+02  0.3481890331  1.607721e-01 1.05099999999999999998
1  1.74e+02  0.3481648836  1.607721e-01 1.05099999999999999998
1  1.82e+02  0.3481165478  1.607721e-01 1.05099999999999999998
1  1.91e+02  0.3481067292  1.607721e-01 1.05099999999999999998
1  2.00e+02  0.3480911434  1.607721e-01 1.05099999999999999998
1  2.09e+02  0.3481493224  1.607721e-01 1.05099999999999999998
1  2.19e+02  0.3481372132  1.607721e-01 1.05099999999999999998
1  2.29e+02  0.3481691626  1.607721e-01 1.05099999999999999998
1  2.40e+02  0.3482256617  1.607721e-01 1.05099999999999999998
1  2.51e+02  0.3483298581  1.607721e-01 1.05099999999999999998
1  2.63e+02  0.3481372608  1.607721e-01 1.05099999999999999998
1  2.75e+02  0.3481759414  1.607721e-01 1.05099999999999999998
1  2.88e+02  0.3481391456  1.607721e-01 1.05099999999999999998
1  3.02e+02  0.3481912671  1.607721e-01 1.05099999999999999998
1  3.16e+02  0.3481148579  1.607721e-01 1.05099999999999999998
1  3.31e+02  0.3481081446  1.607721e-01 1.05099999999999999998
1  3.47e+02  0.3481999342  1.607721e-01 1.05099999999999999998
1  3.63e+02  0.3481916209  1.607721e-01 1.05099999999999999998
1  3.80e+02  0.3481095136  1.607721e-01 1.05099999999999999998
1  3.98e+02  0.3482106459  1.607721e-01 1.05099999999999999998
1  4.17e+02  0.34817085  1.607721e-01 1.05099999999999999998
1  4.37e+02  0.3482109148  1.607721e-01 1.05099999999999999998
1  4.57e+02  0.34802799  1.607721e-01 1.05099999999999999998
1  4.79e+02  0.3479000025  1.607721e-01 1.05099999999999999998
1  5.01e+02  0.3480001105  1.607721e-01 1.05099999999999999998
1  5.25e+02  0.3481133905  1.607721e-01 1.05099999999999999998
1  5.50e+02  0.3479072974  1.607721e-01 1.05099999999999999998
1  5.75e+02  0.3481025713  1.607721e-01 1.05099999999999999998
1  6.03e+02  0.348249343  1.607721e-01 1.05099999999999999998
1  6.31e+02  0.3480497048  1.607721e-01 1.05099999999999999998
1  6.61e+02  0.3480603775  1.607721e-01 1.05099999999999999998
1  6.92e+02  0.3482231874  1.607721e-01 1.05099999999999999998
1  7.24e+02  0.3482097444  1.607721e-01 1.05099999999999999998
1  7.59e+02  0.3478607765  1.607721e-01 1.05099999999999999998
1  7.94e+02  0.3479338315  1.607721e-01 1.05099999999999999998
1  8.32e+02  0.3482429808  1.607721e-01 1.05099999999999999998
1  8.71e+02  0.3480321856  1.607721e-01 1.05099999999999999998
1  9.12e+02  0.3477843608  1.607721e-01 1.05099999999999999998
1  9.55e+02  0.3481852534  1.607721e-01 1.05099999999999999998
1  1.00e+03  0.3481977745  1.607721e-01 1.05099999999999999998
1  1.05e+03  0.3479114174  1.607721e-01 1.05099999999999999998
1  1.10e+03  0.3477951316  1.607721e-01 1.05099999999999999998
1  1.15e+03  0.3479878735  1.607721e-01 1.05099999999999999998
1  1.20e+03  0.3481811475  1.607721e-01 1.05099999999999999998
1  1.26e+03  0.347926601  1.607721e-01 1.05099999999999999998
1  1.32e+03  0.3488251174  1.607721e-01 1.05099999999999999998
1  1.38e+03  0.3481817426  1.607721e-01 1.05099999999999999998
1  1.45e+03  0.3482540615  1.607721e-01 1.05099999999999999998
1  1.51e+03  0.3463090789  1.607721e-01 1.05099999999999999998
1  1.58e+03  0.3475243971  1.607721e-01 1.05099999999999999998
1  1.66e+03  0.3480372761  1.607721e-01 1.05099999999999999998
1  1.74e+03  0.3478713877  1.607721e-01 1.05099999999999999998
1  1.82e+03  0.3467944657  1.607721e-01 1.05099999999999999998
1  1.91e+03  0.350930927  1.607721e-01 1.05099999999999999998
1  2.00e+03  0.3481969367  1.607721e-01 1.05099999999999999998
1  2.09e+03  0.3504025036  1.607721e-01 1.05099999999999999998
1  2.19e+03  0.35151166  1.607721e-01 1.05099999999999999998
1  2.29e+03  0.3512784362  1.607721e-01 1.05099999999999999998
1  2.40e+03  0.3483972186  1.607721e-01 1.05099999999999999998
1  2.51e+03  0.340687411  1.607721e-01 1.05099999999999999998
1  2.63e+03  0.3441110276  1.607721e-01 1.05099999999999999998
1  2.75e+03  0.3428680599  1.607721e-01 1.05099999999999999998
1  2.88e+03  0.3465798155  1.607721e-01 1.05099999999999999998
1  3.02e+03  0.338886929  1.607721e-01 1.05099999999999999998
1  3.16e+03  0.3407128805  1.607721e-01 1.05099999999999999998
1  3.31e+03  0.3425688394  1.607721e-01 1.05099999999999999998
1  3.47e+03  0.3426279174  1.607721e-01 1.05099999999999999998
1  3.63e+03  0.3448207091  1.607721e-01 1.05099999999999999998
1  3.80e+03  0.3491420066  1.607721e-01 1.05099999999999999998
1  3.98e+03  0.3590149767  1.607721e-01 1.05099999999999999998
1  4.17e+03  0.3458391331  1.607721e-01 1.05099999999999999998
1  4.37e+03  0.3611238477  1.607721e-01 1.05099999999999999998
1  4.57e+03  0.3495174105  1.607721e-01 1.05099999999999999998
1  4.79e+03  0.3475432961  1.607721e-01 1.05099999999999999998
1  5.01e+03  0.369846221  1.607721e-01 1.05099999999999999998
1  5.25e+03  0.3578407914  1.607721e-01 1.05099999999999999998
1  5.50e+03  0.3540306863  1.607721e-01 1.05099999999999999998
1  5.75e+03  0.3508450435  1.607721e-01 1.05099999999999999998
1  6.03e+03  0.3576401466  1.607721e-01 1.05099999999999999998
1  6.31e+03  0.3498173994  1.607721e-01 1.05099999999999999998
1  6.61e+03  0.3739729784  1.607721e-01 1.05099999999999999998
1  6.92e+03  0.3488264047  1.607721e-01 1.05099999999999999998
1  7.24e+03  0.3421815595  1.607721e-01 1.05099999999999999998
1  7.59e+03  0.3620212792  1.607721e-01 1.05099999999999999998
1  7.94e+03  0.3186957195  1.607721e-01 1.05099999999999999998
1  8.32e+03  0.3677814144  1.607721e-01 1.05099999999999999998
1  8.71e+03  0.322104317  1.607721e-01 1.05099999999999999998
1  9.12e+03  0.3742124024  1.607721e-01 1.05099999999999999998
1  9.55e+03  0.3326421095  1.607721e-01 1.05099999999999999998
1  1.00e+04  0.3370042401  1.607721e-01 1.05099999999999999998
1  1.05e+04  0.3176759201  1.607721e-01 1.05099999999999999998
1  1.10e+04  0.3701939543  1.607721e-01 1.05099999999999999998
1  1.15e+04  0.3201510989  1.607721e-01 1.05099999999999999998
1  1.20e+04  0.3496619969  1.607721e-01 1.05099999999999999998
1  1.26e+04  0.3280414191  1.607721e-01 1.05099999999999999998
1  1.32e+04  0.3290231892  1.607721e-01 1.05099999999999999998
1  1.38e+04  0.3334881664  1.607721e-01 1.05099999999999999998
1  1.45e+04  0.3259019721  1.607721e-01 1.05099999999999999998
1  1.51e+04  0.3383849142  1.607721e-01 1.05099999999999999998
1  1.58e+04  0.3323219044  1.607721e-01 1.05099999999999999998
1  1.66e+04  0.3223568415  1.607721e-01 1.05099999999999999998
1  1.74e+04  0.3122939842  1.607721e-01 1.05099999999999999998
1  1.82e+04  0.3576021321  1.607721e-01 1.05099999999999999998
1  1.91e+04  0.3354017421  1.607721e-01 1.05099999999999999998
1  2.00e+04  0.344687702  1.607721e-01 1.05099999999999999998
1  2.09e+04  0.3246618844  1.607721e-01 1.05099999999999999998
1  2.19e+04  0.3254438485  1.607721e-01 1.05099999999999999998
1  2.29e+04  0.3547912865  1.607721e-01 1.05099999999999999998
1  2.40e+04  0.325611167  1.607721e-01 1.05099999999999999998
1  2.51e+04  0.344737458  1.607721e-01 1.05099999999999999998
1  2.63e+04  0.3132936879  1.607721e-01 1.05099999999999999998
1  2.75e+04  0.3075203482  1.607721e-01 1.05099999999999999998
1  2.88e+04  0.3162007973  1.607721e-01 1.05099999999999999998
1  3.02e+04  0.3396996302  1.607721e-01 1.05099999999999999998
1  3.16e+04  0.312161142  1.607721e-01 1.05099999999999999998
1  3.31e+04  0.2823581758  1.607721e-01 1.05099999999999999998
1  3.47e+04  0.3473729143  1.607721e-01 1.05099999999999999998
1  3.63e+04  0.3381230361  1.607721e-01 1.05099999999999999998
1  3.80e+04  0.2937057061  1.607721e-01 1.05099999999999999998
1  3.98e+04  0.3496541083  1.607721e-01 1.05099999999999999998
1  4.17e+04  0.2644109377  1.607721e-01 1.05099999999999999998
1  4.37e+04  0.3393816204  1.607721e-01 1.05099999999999999998
1  4.57e+04  0.2971808977  1.607721e-01 1.05099999999999999998
1  4.79e+04  0.317019245  1.607721e-01 1.05099999999999999998
1  5.01e+04  0.3469749923  1.607721e-01 1.05099999999999999998
1  5.25e+04  0.34453736  1.607721e-01 1.05099999999999999998
1  5.50e+04  0.3015574443  1.607721e-01 1.05099999999999999998
1  5.75e+04  0.3194362894  1.607721e-01 1.05099999999999999998
1  6.03e+04  0.3441713058  1.607721e-01 1.05099999999999999998
1  6.31e+04  0.2665331025  1.607721e-01 1.05099999999999999998
1  6.61e+04  0.2989324344  1.607721e-01 1.05099999999999999998
1  6.92e+04  0.3487253245  1.607721e-01 1.05099999999999999998
1  7.24e+04  0.296209407  1.607721e-01 1.05099999999999999998
1  7.59e+04  0.2884624483  1.607721e-01 1.05099999999999999998
1  7.94e+04  0.3409821092  1.607721e-01 1.05099999999999999998
1  8.32e+04  0.353536396  1.607721e-01 1.05099999999999999998
1  8.71e+04  0.337034364  1.607721e-01 1.05099999999999999998
1  9.12e+04  0.3340421786  1.607721e-01 1.05099999999999999998
1  9.55e+04  0.3334151259  1.607721e-01 1.05099999999999999998
1  1.00e+05  0.3299487446  1.607721e-01 1.05099999999999999998
1  1.05e+05  0.3399372659  1.607721e-01 1.05099999999999999998
1  1.10e+05  0.355381327  1.607721e-01 1.05099999999999999998
1  1.15e+05  0.3491347441  1.607721e-01 1.05099999999999999998
1  1.20e+05  0.3199649342  1.607721e-01 1.05099999999999999998
1  1.26e+05  0.2975907395  1.607721e-01 1.05099999999999999998
1  1.32e+05  0.304557416  1.607721e-01 1.05099999999999999998
1  1.38e+05  0.3312490813  1.607721e-01 1.05099999999999999998
1  1.45e+05  0.3499578274  1.607721e-01 1.05099999999999999998
1  1.51e+05  0.3437590958  1.607721e-01 1.05099999999999999998
1  1.58e+05  0.3188986061  1.607721e-01 1.05099999999999999998
1  1.66e+05  0.2949598552  1.607721e-01 1.05099999999999999998
1  1.74e+05  0.2876882656  1.607721e-01 1.05099999999999999998
1  1.82e+05  0.2994823172  1.607721e-01 1.05099999999999999998
1  1.91e+05  0.3213249911  1.607721e-01 1.05099999999999999998
1  2.00e+05  0.3408687056  1.607721e-01 1.05099999999999999998
1  2.09e+05  0.3497354626  1.607721e-01 1.05099999999999999998
1  2.19e+05  0.3463920199  1.607721e-01 1.05099999999999999998
1  2.29e+05  0.334836401  1.607721e-01 1.05099999999999999998
1  2.40e+05  0.3213166176  1.607721e-01 1.05099999999999999998
1  2.51e+05  0.3112715272  1.607721e-01 1.05099999999999999998
1  2.63e+05  0.3076473617  1.607721e-01 1.05099999999999999998
1  2.75e+05  0.3106852732  1.607721e-01 1.05099999999999999998
1  2.88e+05  0.31867235  1.607721e-01 1.05099999999999999998
1  3.02e+05  0.3290241861  1.607721e-01 1.05099999999999999998
1  3.16e+05  0.3392309059  1.607721e-01 1.05099999999999999998
1  3.31e+05  0.3474458912  1.607721e-01 1.05099999999999999998
1  3.47e+05  0.3526990848  1.607721e-01 1.05099999999999999998
1  3.63e+05  0.354829885  1.607721e-01 1.05099999999999999998
1  3.80e+05  0.3542674244  1.607721e-01 1.05099999999999999998
1  3.98e+05  0.3517686172  1.607721e-01 1.05099999999999999998
1  4.17e+05  0.3481865473  1.607721e-01 1.05099999999999999998
1  4.37e+05  0.344303727  1.607721e-01 1.05099999999999999998
1  4.57e+05  0.340736278  1.607721e-01 1.05099999999999999998
1  4.79e+05  0.3378983748  1.607721e-01 1.05099999999999999998
1  5.01e+05  0.3360094499  1.607721e-01 1.05099999999999999998
1  5.25e+05  0.3351264176  1.607721e-01 1.05099999999999999998
1  5.50e+05  0.3351863908  1.607721e-01 1.05099999999999999998
1  5.75e+05  0.3360497484  1.607721e-01 1.05099999999999999998
1  6.03e+05  0.3375375744  1.607721e-01 1.05099999999999999998
1  6.31e+05  0.3394607769  1.607721e-01 1.05099999999999999998
1  6.61e+05  0.3418768535  1.607721e-01 1.05099999999999999998
1  6.92e+05  0.3443781042  1.607721e-01 1.05099999999999999998
1  7.24e+05  0.3468138693  1.607721e-01 1.05099999999999999998
1  7.59e+05  0.3490735986  1.607721e-01 1.05099999999999999998
1  7.94e+05  0.3510839494  1.607721e-01 1.05099999999999999998
1  8.32e+05  0.3528034826  1.607721e-01 1.05099999999999999998
1  8.71e+05  0.3542163919  1.607721e-01 1.05099999999999999998
1  9.12e+05  0.355326225  1.607721e-01 1.05099999999999999998
1  9.55e+05  0.3561501765  1.607721e-01 1.05099999999999999998
1  1.00e+06  0.3567142391  1.607721e-01 1.05099999999999999998
1  1.05e+06  0.3570493077  1.607721e-01 1.05099999999999999998
1  1.10e+06  0.3571852964  1.607721e-01 1.05099999999999999998
1  1.15e+06  0.3571637621  1.607721e-01 1.05099999999999999998
1  1.20e+06  0.3570089353  1.607721e-01 1.05099999999999999998
1  1.26e+06  0.3567491525  1.607721e-01 1.05099999999999999998
1  1.32e+06  0.3564096426  1.607721e-01 1.05099999999999999998
1  1.38e+06  0.3560123359  1.607721e-01 1.05099999999999999998
1  1.45e+06  0.3555758921  1.607721e-01 1.05099999999999999998
1  1.51e+06  0.3551158722  1.607721e-01 1.05099999999999999998
1  1.58e+06  0.3546449977  1.607721e-01 1.05099999999999999998
1  1.66e+06  0.3541734558  1.607721e-01 1.05099999999999999998
1  1.74e+06  0.3537092193  1.607721e-01 1.05099999999999999998
1  1.82e+06  0.3532583621  1.607721e-01 1.05099999999999999998
1  1.91e+06  0.3528253559  1.607721e-01 1.05099999999999999998
1  2.00e+06  0.352413342  1.607721e-01 1.05099999999999999998
1  2.09e+06  0.3520319395  1.607721e-01 1.05099999999999999998
1  2.19e+06  0.3516667654  1.607721e-01 1.05099999999999999998
1  2.29e+06  0.3513262804  1.607721e-01 1.05099999999999999998
1  2.40e+06  0.3510104346  1.607721e-01 1.05099999999999999998
1  2.51e+06  0.3507187642  1.607721e-01 1.05099999999999999998
1  2.63e+06  0.3504504989  1.607721e-01 1.05099999999999999998
1  2.75e+06  0.3502046492  1.607721e-01 1.05099999999999999998
1  2.88e+06  0.3499800775  1.607721e-01 1.05099999999999999998
1  3.02e+06  0.3497755541  1.607721e-01 1.05099999999999999998
1  3.16e+06  0.349589802  1.607721e-01 1.05099999999999999998
1  3.31e+06  0.3494215307  1.607721e-01 1.05099999999999999998
1  3.47e+06  0.349269463  1.607721e-01 1.05099999999999999998
1  3.63e+06  0.3491323538  1.607721e-01 1.05099999999999999998
1  3.80e+06  0.3490090044  1.607721e-01 1.05099999999999999998
1  3.98e+06  0.3488982722  1.607721e-01 1.05099999999999999998
1  4.17e+06  0.3488013444  1.607721e-01 1.05099999999999999998
1  4.37e+06  0.3487124667  1.607721e-01 1.05099999999999999998
1  4.57e+06  0.34863318  1.607721e-01 1.05099999999999999998
1  4.79e+06  0.3485626027  1.607721e-01 1.05099999999999999998
1  5.01e+06  0.3484999185  1.607721e-01 1.05099999999999999998
1  5.25e+06  0.3484443749  1.607721e-01 1.05099999999999999998
1  5.50e+06  0.3483952802  1.607721e-01 1.05099999999999999998
1  5.75e+06  0.3483520003  1.607721e-01 1.05099999999999999998
1  6.03e+06  0.3483139553  1.607721e-01 1.05099999999999999998
1  6.31e+06  0.3482806163  1.607721e-01 1.05099999999999999998
1  6.61e+06  0.3482515017  1.607721e-01 1.05099999999999999998
1  6.92e+06  0.3482261736  1.607721e-01 1.05099999999999999998
1  7.24e+06  0.3482042348  1.607721e-01 1.05099999999999999998
1  7.59e+06  0.3481853253  1.607721e-01 1.05099999999999999998
1  7.94e+06  0.3481691194  1.607721e-01 1.05099999999999999998
1  8.32e+06  0.3481558451  1.607721e-01 1.05099999999999999998
1  8.71e+06  0.348144142  1.607721e-01 1.05099999999999999998
1  9.12e+06  0.3481343476  1.607721e-01 1.05099999999999999998
1  9.55e+06  0.3481262457  1.607721e-01 1.05099999999999999998
1  1.00e+07  0.3481196418  1.607721e-01 1.05099999999999999998
