1  1.00e-03  0.1758963844 -10.47676 0.99399999999999999998
1  1.05e-03  0.1758963842 -10.47676 0.99399999999999999998
1  1.10e-03  0.1758963834 -10.47676 0.99399999999999999998
1  1.15e-03  0.1758963867 -10.47676 0.99399999999999999998
1  1.20e-03  0.1758963838 -10.47676 0.99399999999999999998
1  1.26e-03  0.1758963843 -10.47676 0.99399999999999999998
1  1.32e-03  0.1758963836 -10.47676 0.99399999999999999998
1  1.38e-03  0.1758963834 -10.47676 0.99399999999999999998
1  1.45e-03  0.1758963854 -10.47676 0.99399999999999999998
1  1.51e-03  0.1758963842 -10.47676 0.99399999999999999998
1  1.58e-03  0.1758963812 -10.47676 0.99399999999999999998
1  1.66e-03  0.1758963869 -10.47676 0.99399999999999999998
1  1.74e-03  0.1758963865 -10.47676 0.99399999999999999998
1  1.82e-03  0.1758963871 -10.47676 0.99399999999999999998
1  1.91e-03  0.1758963826 -10.47676 0.99399999999999999998
1  2.00e-03  0.1758963831 -10.47676 0.99399999999999999998
1  2.09e-03  0.1758963861 -10.47676 0.99399999999999999998
1  2.19e-03  0.1758963839 -10.47676 0.99399999999999999998
1  2.29e-03  0.1758963849 -10.47676 0.99399999999999999998
1  2.40e-03  0.1758963865 -10.47676 0.99399999999999999998
1  2.51e-03  0.175896384 -10.47676 0.99399999999999999998
1  2.63e-03  0.175896396 -10.47676 0.99399999999999999998
1  2.75e-03  0.1758963918 -10.47676 0.99399999999999999998
1  2.88e-03  0.1758963868 -10.47676 0.99399999999999999998
1  3.02e-03  0.1758963945 -10.47676 0.99399999999999999998
1  3.16e-03  0.1758963908 -10.47676 0.99399999999999999998
1  3.31e-03  0.1758963864 -10.47676 0.99399999999999999998
1  3.47e-03  0.1758963823 -10.47676 0.99399999999999999998
1  3.63e-03  0.1758963795 -10.47676 0.99399999999999999998
1  3.80e-03  0.1758963831 -10.47676 0.99399999999999999998
1  3.98e-03  0.1758963924 -10.47676 0.99399999999999999998
1  4.17e-03  0.1758963876 -10.47676 0.99399999999999999998
1  4.37e-03  0.1758963874 -10.47676 0.99399999999999999998
1  4.57e-03  0.1758963904 -10.47676 0.99399999999999999998
1  4.79e-03  0.1758963828 -10.47676 0.99399999999999999998
1  5.01e-03  0.1758963861 -10.47676 0.99399999999999999998
1  5.25e-03  0.1758963869 -10.47676 0.99399999999999999998
1  5.50e-03  0.1758963781 -10.47676 0.99399999999999999998
1  5.75e-03  0.175896385 -10.47676 0.99399999999999999998
1  6.03e-03  0.1758963894 -10.47676 0.99399999999999999998
1  6.31e-03  0.1758963938 -10.47676 0.99399999999999999998
1  6.61e-03  0.1758963889 -10.47676 0.99399999999999999998
1  6.92e-03  0.1758963753 -10.47676 0.99399999999999999998
1  7.24e-03  0.1758963768 -10.47676 0.99399999999999999998
1  7.59e-03  0.1758963882 -10.47676 0.99399999999999999998
1  7.94e-03  0.1758963939 -10.47676 0.99399999999999999998
1  8.32e-03  0.1758963697 -10.47676 0.99399999999999999998
1  8.71e-03  0.1758963851 -10.47676 0.99399999999999999998
1  9.12e-03  0.1758963662 -10.47676 0.99399999999999999998
1  9.55e-03  0.1758963859 -10.47676 0.99399999999999999998
1  1.00e-02  0.175896379 -10.47676 0.99399999999999999998
1  1.05e-02  0.1758963827 -10.47676 0.99399999999999999998
1  1.10e-02  0.175896371 -10.47676 0.99399999999999999998
1  1.15e-02  0.1758964027 -10.47676 0.99399999999999999998
1  1.20e-02  0.1758964056 -10.47676 0.99399999999999999998
1  1.26e-02  0.1758963789 -10.47676 0.99399999999999999998
1  1.32e-02  0.175896398 -10.47676 0.99399999999999999998
1  1.38e-02  0.1758964135 -10.47676 0.99399999999999999998
1  1.45e-02  0.1758964076 -10.47676 0.99399999999999999998
1  1.51e-02  0.1758963988 -10.47676 0.99399999999999999998
1  1.58e-02  0.1758964098 -10.47676 0.99399999999999999998
1  1.66e-02  0.1758963531 -10.47676 0.99399999999999999998
1  1.74e-02  0.1758963953 -10.47676 0.99399999999999999998
1  1.82e-02  0.175896417 -10.47676 0.99399999999999999998
1  1.91e-02  0.1758963919 -10.47676 0.99399999999999999998
1  2.00e-02  0.1758963804 -10.47676 0.99399999999999999998
1  2.09e-02  0.1758963956 -10.47676 0.99399999999999999998
1  2.19e-02  0.175896418 -10.47676 0.99399999999999999998
1  2.29e-02  0.1758964206 -10.47676 0.99399999999999999998
1  2.40e-02  0.1758963937 -10.47676 0.99399999999999999998
1  2.51e-02  0.1758962208 -10.47676 0.99399999999999999998
1  2.63e-02  0.1758960745 -10.47676 0.99399999999999999998
1  2.75e-02  0.1758963359 -10.47676 0.99399999999999999998
1  2.88e-02  0.1758964995 -10.47676 0.99399999999999999998
1  3.02e-02  0.1758965229 -10.47676 0.99399999999999999998
1  3.16e-02  0.175897052 -10.47676 0.99399999999999999998
1  3.31e-02  0.1758964516 -10.47676 0.99399999999999999998
1  3.47e-02  0.1758964627 -10.47676 0.99399999999999999998
1  3.63e-02  0.1758949116 -10.47676 0.99399999999999999998
1  3.80e-02  0.1758963119 -10.47676 0.99399999999999999998
1  3.98e-02  0.1758958067 -10.47676 0.99399999999999999998
1  4.17e-02  0.1758961444 -10.47676 0.99399999999999999998
1  4.37e-02  0.1758963476 -10.47676 0.99399999999999999998
1  4.57e-02  0.1758962946 -10.47676 0.99399999999999999998
1  4.79e-02  0.1758963681 -10.47676 0.99399999999999999998
1  5.01e-02  0.1758963878 -10.47676 0.99399999999999999998
1  5.25e-02  0.175896391 -10.47676 0.99399999999999999998
1  5.50e-02  0.1758963867 -10.47676 0.99399999999999999998
1  5.75e-02  0.1758963293 -10.47676 0.99399999999999999998
1  6.03e-02  0.1758961393 -10.47676 0.99399999999999999998
1  6.31e-02  0.1758963293 -10.47676 0.99399999999999999998
1  6.61e-02  0.1758964732 -10.47676 0.99399999999999999998
1  6.92e-02  0.1758956759 -10.47676 0.99399999999999999998
1  7.24e-02  0.1758961605 -10.47676 0.99399999999999999998
1  7.59e-02  0.1758962954 -10.47676 0.99399999999999999998
1  7.94e-02  0.1758612965 -10.47676 0.99399999999999999998
1  8.32e-02  0.1758956863 -10.47676 0.99399999999999999998
1  8.71e-02  0.1758961669 -10.47676 0.99399999999999999998
1  9.12e-02  0.1758962943 -10.47676 0.99399999999999999998
1  9.55e-02  0.1758962777 -10.47676 0.99399999999999999998
1  1.00e-01  0.1758963878 -10.47676 0.99399999999999999998
1  1.05e-01  0.1758965563 -10.47676 0.99399999999999999998
1  1.10e-01  0.1758964703 -10.47676 0.99399999999999999998
1  1.15e-01  0.1758964182 -10.47676 0.99399999999999999998
1  1.20e-01  0.1758962631 -10.47676 0.99399999999999999998
1  1.26e-01  0.1758968938 -10.47676 0.99399999999999999998
1  1.32e-01  0.1758965161 -10.47676 0.99399999999999999998
1  1.38e-01  0.1758966262 -10.47676 0.99399999999999999998
1  1.45e-01  0.1758936662 -10.47676 0.99399999999999999998
1  1.51e-01  0.17589609 -10.47676 0.99399999999999999998
1  1.58e-01  0.1758963884 -10.47676 0.99399999999999999998
1  1.66e-01  0.1758913131 -10.47676 0.99399999999999999998
1  1.74e-01  0.175896579 -10.47676 0.99399999999999999998
1  1.82e-01  0.1758964407 -10.47676 0.99399999999999999998
1  1.91e-01  0.1758963557 -10.47676 0.99399999999999999998
1  2.00e-01  0.1758964803 -10.47676 0.99399999999999999998
1  2.09e-01  0.1758965288 -10.47676 0.99399999999999999998
1  2.19e-01  0.1758964917 -10.47676 0.99399999999999999998
1  2.29e-01  0.1758969059 -10.47676 0.99399999999999999998
1  2.40e-01  0.175897253 -10.47676 0.99399999999999999998
1  2.51e-01  0.1758963194 -10.47676 0.99399999999999999998
1  2.63e-01  0.1758970961 -10.47676 0.99399999999999999998
1  2.75e-01  0.1758968139 -10.47676 0.99399999999999999998
1  2.88e-01  0.1758969917 -10.47676 0.99399999999999999998
1  3.02e-01  0.1758968294 -10.47676 0.99399999999999999998
1  3.16e-01  0.1758961848 -10.47676 0.99399999999999999998
1  3.31e-01  0.1758966537 -10.47676 0.99399999999999999998
1  3.47e-01  0.1758972822 -10.47676 0.99399999999999999998
1  3.63e-01  0.175896616 -10.47676 0.99399999999999999998
1  3.80e-01  0.1758974956 -10.47676 0.99399999999999999998
1  3.98e-01  0.1758975946 -10.47676 0.99399999999999999998
1  4.17e-01  0.1758964039 -10.47676 0.99399999999999999998
1  4.37e-01  0.1758972056 -10.47676 0.99399999999999999998
1  4.57e-01  0.1758952931 -10.47676 0.99399999999999999998
1  4.79e-01  0.1758973584 -10.47676 0.99399999999999999998
1  5.01e-01  0.1758961262 -10.47676 0.99399999999999999998
1  5.25e-01  0.1758963493 -10.47676 0.99399999999999999998
1  5.50e-01  0.1758954698 -10.47676 0.99399999999999999998
1  5.75e-01  0.1758970267 -10.47676 0.99399999999999999998
1  6.03e-01  0.1758964243 -10.47676 0.99399999999999999998
1  6.31e-01  0.1758951164 -10.47676 0.99399999999999999998
1  6.61e-01  0.1758983745 -10.47676 0.99399999999999999998
1  6.92e-01  0.1758976333 -10.47676 0.99399999999999999998
1  7.24e-01  0.1758981877 -10.47676 0.99399999999999999998
1  7.59e-01  0.1758963357 -10.47676 0.99399999999999999998
1  7.94e-01  0.1758973528 -10.47676 0.99399999999999999998
1  8.32e-01  0.1758988833 -10.47676 0.99399999999999999998
1  8.71e-01  0.1758962749 -10.47676 0.99399999999999999998
1  9.12e-01  0.1758964339 -10.47676 0.99399999999999999998
1  9.55e-01  0.1758973592 -10.47676 0.99399999999999999998
1  1.00e+00  0.1758885892 -10.47676 0.99399999999999999998
1  1.05e+00  0.1758957243 -10.47676 0.99399999999999999998
1  1.10e+00  0.175899652 -10.47676 0.99399999999999999998
1  1.15e+00  0.1758992852 -10.47676 0.99399999999999999998
1  1.20e+00  0.1758987201 -10.47676 0.99399999999999999998
1  1.26e+00  0.1758970031 -10.47676 0.99399999999999999998
1  1.32e+00  0.175900584 -10.47676 0.99399999999999999998
1  1.38e+00  0.1758957265 -10.47676 0.99399999999999999998
1  1.45e+00  0.1758963425 -10.47676 0.99399999999999999998
1  1.51e+00  0.1759013989 -10.47676 0.99399999999999999998
1  1.58e+00  0.1758962631 -10.47676 0.99399999999999999998
1  1.66e+00  0.1758977628 -10.47676 0.99399999999999999998
1  1.74e+00  0.1758973337 -10.47676 0.99399999999999999998
1  1.82e+00  0.1759000831 -10.47676 0.99399999999999999998
1  1.91e+00  0.1758975743 -10.47676 0.99399999999999999998
1  2.00e+00  0.175903017 -10.47676 0.99399999999999999998
1  2.09e+00  0.1758968616 -10.47676 0.99399999999999999998
1  2.19e+00  0.1758965011 -10.47676 0.99399999999999999998
1  2.29e+00  0.1758996307 -10.47676 0.99399999999999999998
1  2.40e+00  0.1759233059 -10.47676 0.99399999999999999998
1  2.51e+00  0.1759064329 -10.47676 0.99399999999999999998
1  2.63e+00  0.1758979727 -10.47676 0.99399999999999999998
1  2.75e+00  0.1759105126 -10.47676 0.99399999999999999998
1  2.88e+00  0.1759055985 -10.47676 0.99399999999999999998
1  3.02e+00  0.1758974779 -10.47676 0.99399999999999999998
1  3.16e+00  0.17591197 -10.47676 0.99399999999999999998
1  3.31e+00  0.1759008484 -10.47676 0.99399999999999999998
1  3.47e+00  0.1758991624 -10.47676 0.99399999999999999998
1  3.63e+00  0.1759062139 -10.47676 0.99399999999999999998
1  3.80e+00  0.175902355 -10.47676 0.99399999999999999998
1  3.98e+00  0.1759038305 -10.47676 0.99399999999999999998
1  4.17e+00  0.1758963274 -10.47676 0.99399999999999999998
1  4.37e+00  0.1759051948 -10.47676 0.99399999999999999998
1  4.57e+00  0.1758981094 -10.47676 0.99399999999999999998
1  4.79e+00  0.1758969398 -10.47676 0.99399999999999999998
1  5.01e+00  0.1759145575 -10.47676 0.99399999999999999998
1  5.25e+00  0.175896376 -10.47676 0.99399999999999999998
1  5.50e+00  0.1758970301 -10.47676 0.99399999999999999998
1  5.75e+00  0.1758964192 -10.47676 0.99399999999999999998
1  6.03e+00  0.1759022363 -10.47676 0.99399999999999999998
1  6.31e+00  0.1759179212 -10.47676 0.99399999999999999998
1  6.61e+00  0.175913245 -10.47676 0.99399999999999999998
1  6.92e+00  0.1759202791 -10.47676 0.99399999999999999998
1  7.24e+00  0.1759077158 -10.47676 0.99399999999999999998
1  7.59e+00  0.1759381523 -10.47676 0.99399999999999999998
1  7.94e+00  0.1758956986 -10.47676 0.99399999999999999998
1  8.32e+00  0.1759254521 -10.47676 0.99399999999999999998
1  8.71e+00  0.1759211187 -10.47676 0.99399999999999999998
1  9.12e+00  0.1759136789 -10.47676 0.99399999999999999998
1  9.55e+00  0.1759771473 -10.47676 0.99399999999999999998
1  1.00e+01  0.1759025565 -10.47676 0.99399999999999999998
1  1.05e+01  0.1758990968 -10.47676 0.99399999999999999998
1  1.10e+01  0.1759315162 -10.47676 0.99399999999999999998
1  1.15e+01  0.1759313347 -10.47676 0.99399999999999999998
1  1.20e+01  0.1758994713 -10.47676 0.99399999999999999998
1  1.26e+01  0.1759376062 -10.47676 0.99399999999999999998
1  1.32e+01  0.175903458 -10.47676 0.99399999999999999998
1  1.38e+01  0.175910285 -10.47676 0.99399999999999999998
1  1.45e+01  0.175909174 -10.47676 0.99399999999999999998
1  1.51e+01  0.1759125963 -10.47676 0.99399999999999999998
1  1.58e+01  0.1759275702 -10.47676 0.99399999999999999998
1  1.66e+01  0.1759036223 -10.47676 0.99399999999999999998
1  1.74e+01  0.1759563087 -10.47676 0.99399999999999999998
1  1.82e+01  0.1759014895 -10.47676 0.99399999999999999998
1  1.91e+01  0.17594785 -10.47676 0.99399999999999999998
1  2.00e+01  0.1757955673 -10.47676 0.99399999999999999998
1  2.09e+01  0.1760187079 -10.47676 0.99399999999999999998
1  2.19e+01  0.1758253342 -10.47676 0.99399999999999999998
1  2.29e+01  0.1759027199 -10.47676 0.99399999999999999998
1  2.40e+01  0.1756961234 -10.47676 0.99399999999999999998
1  2.51e+01  0.1761706341 -10.47676 0.99399999999999999998
1  2.63e+01  0.1759685276 -10.47676 0.99399999999999999998
1  2.75e+01  0.1760732829 -10.47676 0.99399999999999999998
1  2.88e+01  0.1758200634 -10.47676 0.99399999999999999998
1  3.02e+01  0.175973917 -10.47676 0.99399999999999999998
1  3.16e+01  0.1759237343 -10.47676 0.99399999999999999998
1  3.31e+01  0.1759888446 -10.47676 0.99399999999999999998
1  3.47e+01  0.176079415 -10.47676 0.99399999999999999998
1  3.63e+01  0.1758467687 -10.47676 0.99399999999999999998
1  3.80e+01  0.1760489338 -10.47676 0.99399999999999999998
1  3.98e+01  0.1759383716 -10.47676 0.99399999999999999998
1  4.17e+01  0.1760230486 -10.47676 0.99399999999999999998
1  4.37e+01  0.1761606286 -10.47676 0.99399999999999999998
1  4.57e+01  0.1760858599 -10.47676 0.99399999999999999998
1  4.79e+01  0.1760161119 -10.47676 0.99399999999999999998
1  5.01e+01  0.1760217485 -10.47676 0.99399999999999999998
1  5.25e+01  0.1757873808 -10.47676 0.99399999999999999998
1  5.50e+01  0.1762218272 -10.47676 0.99399999999999999998
1  5.75e+01  0.1761713678 -10.47676 0.99399999999999999998
1  6.03e+01  0.176027494 -10.47676 0.99399999999999999998
1  6.31e+01  0.1761049907 -10.47676 0.99399999999999999998
1  6.61e+01  0.1760376896 -10.47676 0.99399999999999999998
1  6.92e+01  0.1759381485 -10.47676 0.99399999999999999998
1  7.24e+01  0.1761669073 -10.47676 0.99399999999999999998
1  7.59e+01  0.1762085996 -10.47676 0.99399999999999999998
1  7.94e+01  0.1760874556 -10.47676 0.99399999999999999998
1  8.32e+01  0.1761346465 -10.47676 0.99399999999999999998
1  8.71e+01  0.1761996136 -10.47676 0.99399999999999999998
1  9.12e+01  0.1761007328 -10.47676 0.99399999999999999998
1  9.55e+01  0.1759062106 -10.47676 0.99399999999999999998
1  1.00e+02  0.1759005666 -10.47676 0.99399999999999999998
1  1.05e+02  0.1761863843 -10.47676 0.99399999999999999998
1  1.10e+02  0.176288558 -10.47676 0.99399999999999999998
1  1.15e+02  0.1762656783 -10.47676 0.99399999999999999998
1  1.20e+02  0.1760451301 -10.47676 0.99399999999999999998
1  1.26e+02  0.1759207194 -10.47676 0.99399999999999999998
1  1.32e+02  0.1763983317 -10.47676 0.99399999999999999998
1  1.38e+02  0.175910483 -10.47676 0.99399999999999999998
1  1.45e+02  0.1762687578 -10.47676 0.99399999999999999998
1  1.51e+02  0.1760026694 -10.47676 0.99399999999999999998
1  1.58e+02  0.1762301797 -10.47676 0.99399999999999999998
1  1.66e+02  0.1762209821 -10.47676 0.99399999999999999998
1  1.74e+02  0.1764901594 -10.47676 0.99399999999999999998
1  1.82e+02  0.1759014356 -10.47676 0.99399999999999999998
1  1.91e+02  0.1758509072 -10.47676 0.99399999999999999998
1  2.00e+02  0.1758884995 -10.47676 0.99399999999999999998
1  2.09e+02  0.1759253552 -10.47676 0.99399999999999999998
1  2.19e+02  0.1764663144 -10.47676 0.99399999999999999998
1  2.29e+02  0.1759409328 -10.47676 0.99399999999999999998
1  2.40e+02  0.1765568883 -10.47676 0.99399999999999999998
1  2.51e+02  0.176743613 -10.47676 0.99399999999999999998
1  2.63e+02  0.1763453006 -10.47676 0.99399999999999999998
1  2.75e+02  0.1760758914 -10.47676 0.99399999999999999998
1  2.88e+02  0.1761733485 -10.47676 0.99399999999999999998
1  3.02e+02  0.176330259 -10.47676 0.99399999999999999998
1  3.16e+02  0.1759073201 -10.47676 0.99399999999999999998
1  3.31e+02  0.1769525473 -10.47676 0.99399999999999999998
1  3.47e+02  0.1762267412 -10.47676 0.99399999999999999998
1  3.63e+02  0.1762037906 -10.47676 0.99399999999999999998
1  3.80e+02  0.1771911811 -10.47676 0.99399999999999999998
1  3.98e+02  0.17586499 -10.47676 0.99399999999999999998
1  4.17e+02  0.1764017414 -10.47676 0.99399999999999999998
1  4.37e+02  0.1761216786 -10.47676 0.99399999999999999998
1  4.57e+02  0.176902418 -10.47676 0.99399999999999999998
1  4.79e+02  0.1759561793 -10.47676 0.99399999999999999998
1  5.01e+02  0.1761903922 -10.47676 0.99399999999999999998
1  5.25e+02  0.1760229853 -10.47676 0.99399999999999999998
1  5.50e+02  0.177817065 -10.47676 0.99399999999999999998
1  5.75e+02  0.1772629509 -10.47676 0.99399999999999999998
1  6.03e+02  0.1771615352 -10.47676 0.99399999999999999998
1  6.31e+02  0.1779541296 -10.47676 0.99399999999999999998
1  6.61e+02  0.1760986536 -10.47676 0.99399999999999999998
1  6.92e+02  0.1763623328 -10.47676 0.99399999999999999998
1  7.24e+02  0.1762868787 -10.47676 0.99399999999999999998
1  7.59e+02  0.1765899755 -10.47676 0.99399999999999999998
1  7.94e+02  0.177599889 -10.47676 0.99399999999999999998
1  8.32e+02  0.1778756526 -10.47676 0.99399999999999999998
1  8.71e+02  0.1787613088 -10.47676 0.99399999999999999998
1  9.12e+02  0.179257533 -10.47676 0.99399999999999999998
1  9.55e+02  0.1768373209 -10.47676 0.99399999999999999998
1  1.00e+03  0.1761782436 -10.47676 0.99399999999999999998
1  1.05e+03  0.1783898501 -10.47676 0.99399999999999999998
1  1.10e+03  0.1798944762 -10.47676 0.99399999999999999998
1  1.15e+03  0.1763434513 -10.47676 0.99399999999999999998
1  1.20e+03  0.1809098331 -10.47676 0.99399999999999999998
1  1.26e+03  0.1789581697 -10.47676 0.99399999999999999998
1  1.32e+03  0.1746265967 -10.47676 0.99399999999999999998
1  1.38e+03  0.1704245948 -10.47676 0.99399999999999999998
1  1.45e+03  0.183329318 -10.47676 0.99399999999999999998
1  1.51e+03  0.175980884 -10.47676 0.99399999999999999998
1  1.58e+03  0.195132674 -10.47676 0.99399999999999999998
1  1.66e+03  0.1976963328 -10.47676 0.99399999999999999998
1  1.74e+03  0.1907864175 -10.47676 0.99399999999999999998
1  1.82e+03  0.16898791 -10.47676 0.99399999999999999998
1  1.91e+03  0.1628967848 -10.47676 0.99399999999999999998
1  2.00e+03  0.1631633725 -10.47676 0.99399999999999999998
1  2.09e+03  0.1789950721 -10.47676 0.99399999999999999998
1  2.19e+03  0.1671880211 -10.47676 0.99399999999999999998
1  2.29e+03  0.1671023831 -10.47676 0.99399999999999999998
1  2.40e+03  0.1884554397 -10.47676 0.99399999999999999998
1  2.51e+03  0.2370562772 -10.47676 0.99399999999999999998
1  2.63e+03  0.216733375 -10.47676 0.99399999999999999998
1  2.75e+03  0.2020674093 -10.47676 0.99399999999999999998
1  2.88e+03  0.2176594843 -10.47676 0.99399999999999999998
1  3.02e+03  0.2575662761 -10.47676 0.99399999999999999998
1  3.16e+03  0.1990495694 -10.47676 0.99399999999999999998
1  3.31e+03  0.1608364827 -10.47676 0.99399999999999999998
1  3.47e+03  0.1515564032 -10.47676 0.99399999999999999998
1  3.63e+03  0.1731470117 -10.47676 0.99399999999999999998
1  3.80e+03  0.2058138731 -10.47676 0.99399999999999999998
1  3.98e+03  0.1380102652 -10.47676 0.99399999999999999998
1  4.17e+03  0.115357466 -10.47676 0.99399999999999999998
1  4.37e+03  0.1608027308 -10.47676 0.99399999999999999998
1  4.57e+03  0.1164939733 -10.47676 0.99399999999999999998
1  4.79e+03  0.1094934411 -10.47676 0.99399999999999999998
1  5.01e+03  0.1810203584 -10.47676 0.99399999999999999998
1  5.25e+03  0.169607058 -10.47676 0.99399999999999999998
1  5.50e+03  0.1364193683 -10.47676 0.99399999999999999998
1  5.75e+03  0.1236888222 -10.47676 0.99399999999999999998
1  6.03e+03  0.1494640099 -10.47676 0.99399999999999999998
1  6.31e+03  0.2006554424 -10.47676 0.99399999999999999998
1  6.61e+03  0.2812536754 -10.47676 0.99399999999999999998
1  6.92e+03  0.2081880286 -10.47676 0.99399999999999999998
1  7.24e+03  0.09957752723 -10.47676 0.99399999999999999998
1  7.59e+03  0.3093339073 -10.47676 0.99399999999999999998
1  7.94e+03  0.1700335971 -10.47676 0.99399999999999999998
1  8.32e+03  0.2756552526 -10.47676 0.99399999999999999998
1  8.71e+03  0.1721993172 -10.47676 0.99399999999999999998
1  9.12e+03  0.369240779 -10.47676 0.99399999999999999998
1  9.55e+03  0.098187834 -10.47676 0.99399999999999999998
1  1.00e+04  0.2701272402 -10.47676 0.99399999999999999998
1  1.05e+04  0.3901301675 -10.47676 0.99399999999999999998
1  1.10e+04  0.2924796287 -10.47676 0.99399999999999999998
1  1.15e+04  0.1134029969 -10.47676 0.99399999999999999998
1  1.20e+04  0.1550650305 -10.47676 0.99399999999999999998
1  1.26e+04  0.184849752 -10.47676 0.99399999999999999998
1  1.32e+04  0.2200758118 -10.47676 0.99399999999999999998
1  1.38e+04  0.239676927 -10.47676 0.99399999999999999998
1  1.45e+04  0.2158204212 -10.47676 0.99399999999999999998
1  1.51e+04  0.1814031349 -10.47676 0.99399999999999999998
1  1.58e+04  0.1843431949 -10.47676 0.99399999999999999998
1  1.66e+04  0.1795595484 -10.47676 0.99399999999999999998
1  1.74e+04  0.4133976629 -10.47676 0.99399999999999999998
1  1.82e+04  0.4295425983 -10.47676 0.99399999999999999998
1  1.91e+04  0.3623256148 -10.47676 0.99399999999999999998
1  2.00e+04  0.2053547406 -10.47676 0.99399999999999999998
1  2.09e+04  0.3069869818 -10.47676 0.99399999999999999998
1  2.19e+04  0.4981820441 -10.47676 0.99399999999999999998
1  2.29e+04  0.2067260564 -10.47676 0.99399999999999999998
1  2.40e+04  0.3757499404 -10.47676 0.99399999999999999998
1  2.51e+04  0.4570481256 -10.47676 0.99399999999999999998
1  2.63e+04  0.1975649444 -10.47676 0.99399999999999999998
1  2.75e+04  0.5246608416 -10.47676 0.99399999999999999998
1  2.88e+04  0.2034057087 -10.47676 0.99399999999999999998
1  3.02e+04  0.4756368964 -10.47676 0.99399999999999999998
1  3.16e+04  0.2420430759 -10.47676 0.99399999999999999998
1  3.31e+04  0.5085949259 -10.47676 0.99399999999999999998
1  3.47e+04  0.2023192729 -10.47676 0.99399999999999999998
1  3.63e+04  0.5340328065 -10.47676 0.99399999999999999998
1  3.80e+04  0.2196849107 -10.47676 0.99399999999999999998
1  3.98e+04  0.4975016864 -10.47676 0.99399999999999999998
1  4.17e+04  0.2879948434 -10.47676 0.99399999999999999998
1  4.37e+04  0.3100528085 -10.47676 0.99399999999999999998
1  4.57e+04  0.5135019345 -10.47676 0.99399999999999999998
1  4.79e+04  0.2474687934 -10.47676 0.99399999999999999998
1  5.01e+04  0.3025317685 -10.47676 0.99399999999999999998
1  5.25e+04  0.5357369966 -10.47676 0.99399999999999999998
1  5.50e+04  0.2551574978 -10.47676 0.99399999999999999998
1  5.75e+04  0.3128913012 -10.47676 0.99399999999999999998
1  6.03e+04  0.5398550774 -10.47676 0.99399999999999999998
1  6.31e+04  0.2779002745 -10.47676 0.99399999999999999998
1  6.61e+04  0.2235683957 -10.47676 0.99399999999999999998
1  6.92e+04  0.4542344273 -10.47676 0.99399999999999999998
1  7.24e+04  0.4270932056 -10.47676 0.99399999999999999998
1  7.59e+04  0.2375957596 -10.47676 0.99399999999999999998
1  7.94e+04  0.2012147339 -10.47676 0.99399999999999999998
1  8.32e+04  0.3219919738 -10.47676 0.99399999999999999998
1  8.71e+04  0.4246420338 -10.47676 0.99399999999999999998
1  9.12e+04  0.3779752208 -10.47676 0.99399999999999999998
1  9.55e+04  0.2362976131 -10.47676 0.99399999999999999998
1  1.00e+05  0.1858651284 -10.47676 0.99399999999999999998
1  1.05e+05  0.3001901307 -10.47676 0.99399999999999999998
1  1.10e+05  0.4402374066 -10.47676 0.99399999999999999998
1  1.15e+05  0.4414184149 -10.47676 0.99399999999999999998
1  1.20e+05  0.3115927324 -10.47676 0.99399999999999999998
1  1.26e+05  0.197605972 -10.47676 0.99399999999999999998
1  1.32e+05  0.208836331 -10.47676 0.99399999999999999998
1  1.38e+05  0.319651864 -10.47676 0.99399999999999999998
1  1.45e+05  0.4221577317 -10.47676 0.99399999999999999998
1  1.51e+05  0.4351200857 -10.47676 0.99399999999999999998
1  1.58e+05  0.3595524865 -10.47676 0.99399999999999999998
1  1.66e+05  0.2563003257 -10.47676 0.99399999999999999998
1  1.74e+05  0.1895874948 -10.47676 0.99399999999999999998
1  1.82e+05  0.1870897806 -10.47676 0.99399999999999999998
1  1.91e+05  0.2351849424 -10.47676 0.99399999999999999998
1  2.00e+05  0.29855416 -10.47676 0.99399999999999999998
1  2.09e+05  0.3439438711 -10.47676 0.99399999999999999998
1  2.19e+05  0.3544178055 -10.47676 0.99399999999999999998
1  2.29e+05  0.3312115769 -10.47676 0.99399999999999999998
1  2.40e+05  0.2874227345 -10.47676 0.99399999999999999998
1  2.51e+05  0.2394877819 -10.47676 0.99399999999999999998
1  2.63e+05  0.2006451381 -10.47676 0.99399999999999999998
1  2.75e+05  0.1779182925 -10.47676 0.99399999999999999998
1  2.88e+05  0.1721722943 -10.47676 0.99399999999999999998
1  3.02e+05  0.1799415215 -10.47676 0.99399999999999999998
1  3.16e+05  0.1957431559 -10.47676 0.99399999999999999998
1  3.31e+05  0.2140255768 -10.47676 0.99399999999999999998
1  3.47e+05  0.230391758 -10.47676 0.99399999999999999998
1  3.63e+05  0.2420979137 -10.47676 0.99399999999999999998
1  3.80e+05  0.2480138082 -10.47676 0.99399999999999999998
1  3.98e+05  0.2482779835 -10.47676 0.99399999999999999998
1  4.17e+05  0.2438465278 -10.47676 0.99399999999999999998
1  4.37e+05  0.2360682641 -10.47676 0.99399999999999999998
1  4.57e+05  0.2263544946 -10.47676 0.99399999999999999998
1  4.79e+05  0.2159626117 -10.47676 0.99399999999999999998
1  5.01e+05  0.2058831232 -10.47676 0.99399999999999999998
1  5.25e+05  0.1968058975 -10.47676 0.99399999999999999998
1  5.50e+05  0.1891386525 -10.47676 0.99399999999999999998
1  5.75e+05  0.1830540452 -10.47676 0.99399999999999999998
1  6.03e+05  0.1785475499 -10.47676 0.99399999999999999998
1  6.31e+05  0.1754943812 -10.47676 0.99399999999999999998
1  6.61e+05  0.1737646524 -10.47676 0.99399999999999999998
1  6.92e+05  0.1730526306 -10.47676 0.99399999999999999998
1  7.24e+05  0.1731286854 -10.47676 0.99399999999999999998
1  7.59e+05  0.1737781867 -10.47676 0.99399999999999999998
1  7.94e+05  0.1748123685 -10.47676 0.99399999999999999998
1  8.32e+05  0.1760733051 -10.47676 0.99399999999999999998
1  8.71e+05  0.1774347541 -10.47676 0.99399999999999999998
1  9.12e+05  0.1788003333 -10.47676 0.99399999999999999998
1  9.55e+05  0.1801001723 -10.47676 0.99399999999999999998
1  1.00e+06  0.1812868669 -10.47676 0.99399999999999999998
1  1.05e+06  0.1823313049 -10.47676 0.99399999999999999998
1  1.10e+06  0.1832187183 -10.47676 0.99399999999999999998
1  1.15e+06  0.1839403349 -10.47676 0.99399999999999999998
1  1.20e+06  0.1845101316 -10.47676 0.99399999999999999998
1  1.26e+06  0.1849320133 -10.47676 0.99399999999999999998
1  1.32e+06  0.1852185881 -10.47676 0.99399999999999999998
1  1.38e+06  0.1853843245 -10.47676 0.99399999999999999998
1  1.45e+06  0.1854444169 -10.47676 0.99399999999999999998
1  1.51e+06  0.1854139699 -10.47676 0.99399999999999999998
1  1.58e+06  0.1853074379 -10.47676 0.99399999999999999998
1  1.66e+06  0.1851382644 -10.47676 0.99399999999999999998
1  1.74e+06  0.1849186736 -10.47676 0.99399999999999999998
1  1.82e+06  0.1846595752 -10.47676 0.99399999999999999998
1  1.91e+06  0.1843705494 -10.47676 0.99399999999999999998
1  2.00e+06  0.1840598875 -10.47676 0.99399999999999999998
1  2.09e+06  0.1837346691 -10.47676 0.99399999999999999998
1  2.19e+06  0.1834008597 -10.47676 0.99399999999999999998
1  2.29e+06  0.1830634204 -10.47676 0.99399999999999999998
1  2.40e+06  0.1827264193 -10.47676 0.99399999999999999998
1  2.51e+06  0.182393142 -10.47676 0.99399999999999999998
1  2.63e+06  0.1820661953 -10.47676 0.99399999999999999998
1  2.75e+06  0.181747604 -10.47676 0.99399999999999999998
1  2.88e+06  0.1814388988 -10.47676 0.99399999999999999998
1  3.02e+06  0.1811411941 -10.47676 0.99399999999999999998
1  3.16e+06  0.1808552579 -10.47676 0.99399999999999999998
1  3.31e+06  0.1805809911 -10.47676 0.99399999999999999998
1  3.47e+06  0.1803198539 -10.47676 0.99399999999999999998
1  3.63e+06  0.1800712708 -10.47676 0.99399999999999999998
1  3.80e+06  0.1798351516 -10.47676 0.99399999999999999998
1  3.98e+06  0.1796112883 -10.47676 0.99399999999999999998
1  4.17e+06  0.1793993821 -10.47676 0.99399999999999999998
1  4.37e+06  0.1791990664 -10.47676 0.99399999999999999998
1  4.57e+06  0.179009925 -10.47676 0.99399999999999999998
1  4.79e+06  0.1788315082 -10.47676 0.99399999999999999998
1  5.01e+06  0.1786633447 -10.47676 0.99399999999999999998
1  5.25e+06  0.1785049521 -10.47676 0.99399999999999999998
1  5.50e+06  0.1783558448 -10.47676 0.99399999999999999998
1  5.75e+06  0.1782155406 -10.47676 0.99399999999999999998
1  6.03e+06  0.1780835652 -10.47676 0.99399999999999999998
1  6.31e+06  0.1779594562 -10.47676 0.99399999999999999998
1  6.61e+06  0.1778427662 -10.47676 0.99399999999999999998
1  6.92e+06  0.1777330642 -10.47676 0.99399999999999999998
1  7.24e+06  0.1776299374 -10.47676 0.99399999999999999998
1  7.59e+06  0.1775329918 -10.47676 0.99399999999999999998
1  7.94e+06  0.1774418528 -10.47676 0.99399999999999999998
1  8.32e+06  0.177356165 -10.47676 0.99399999999999999998
1  8.71e+06  0.1772755924 -10.47676 0.99399999999999999998
1  9.12e+06  0.1771997379 -10.47676 0.99399999999999999998
1  9.55e+06  0.1771284692 -10.47676 0.99399999999999999998
1  1.00e+07  0.1770614178 -10.47676 0.99399999999999999998
