1  1.00e-03  0.3490328035 -11.594 1.09999999999999999991
1  1.05e-03  0.3490328048 -11.594 1.09999999999999999991
1  1.10e-03  0.3490328037 -11.594 1.09999999999999999991
1  1.15e-03  0.3490328044 -11.594 1.09999999999999999991
1  1.20e-03  0.3490328011 -11.594 1.09999999999999999991
1  1.26e-03  0.3490328012 -11.594 1.09999999999999999991
1  1.32e-03  0.3490327967 -11.594 1.09999999999999999991
1  1.38e-03  0.3490328039 -11.594 1.09999999999999999991
1  1.45e-03  0.3490328038 -11.594 1.09999999999999999991
1  1.51e-03  0.3490328031 -11.594 1.09999999999999999991
1  1.58e-03  0.3490328046 -11.594 1.09999999999999999991
1  1.66e-03  0.3490328018 -11.594 1.09999999999999999991
1  1.74e-03  0.3490328027 -11.594 1.09999999999999999991
1  1.82e-03  0.3490328018 -11.594 1.09999999999999999991
1  1.91e-03  0.3490328043 -11.594 1.09999999999999999991
1  2.00e-03  0.3490328024 -11.594 1.09999999999999999991
1  2.09e-03  0.3490327991 -11.594 1.09999999999999999991
1  2.19e-03  0.349032803 -11.594 1.09999999999999999991
1  2.29e-03  0.3490328036 -11.594 1.09999999999999999991
1  2.40e-03  0.349032805 -11.594 1.09999999999999999991
1  2.51e-03  0.3490328037 -11.594 1.09999999999999999991
1  2.63e-03  0.3490326046 -11.594 1.09999999999999999991
1  2.75e-03  0.3490328048 -11.594 1.09999999999999999991
1  2.88e-03  0.3490328051 -11.594 1.09999999999999999991
1  3.02e-03  0.3490328027 -11.594 1.09999999999999999991
1  3.16e-03  0.349032802 -11.594 1.09999999999999999991
1  3.31e-03  0.3490328033 -11.594 1.09999999999999999991
1  3.47e-03  0.3490328037 -11.594 1.09999999999999999991
1  3.63e-03  0.3490328032 -11.594 1.09999999999999999991
1  3.80e-03  0.3490327991 -11.594 1.09999999999999999991
1  3.98e-03  0.3490328028 -11.594 1.09999999999999999991
1  4.17e-03  0.3490328028 -11.594 1.09999999999999999991
1  4.37e-03  0.3490328004 -11.594 1.09999999999999999991
1  4.57e-03  0.3490328001 -11.594 1.09999999999999999991
1  4.79e-03  0.3490328026 -11.594 1.09999999999999999991
1  5.01e-03  0.3490328049 -11.594 1.09999999999999999991
1  5.25e-03  0.349032802 -11.594 1.09999999999999999991
1  5.50e-03  0.3490328024 -11.594 1.09999999999999999991
1  5.75e-03  0.3490328019 -11.594 1.09999999999999999991
1  6.03e-03  0.3490328044 -11.594 1.09999999999999999991
1  6.31e-03  0.3490328018 -11.594 1.09999999999999999991
1  6.61e-03  0.3490328025 -11.594 1.09999999999999999991
1  6.92e-03  0.3490327988 -11.594 1.09999999999999999991
1  7.24e-03  0.3490328004 -11.594 1.09999999999999999991
1  7.59e-03  0.3490328037 -11.594 1.09999999999999999991
1  7.94e-03  0.3490328013 -11.594 1.09999999999999999991
1  8.32e-03  0.3490328032 -11.594 1.09999999999999999991
1  8.71e-03  0.3490328033 -11.594 1.09999999999999999991
1  9.12e-03  0.3490328018 -11.594 1.09999999999999999991
1  9.55e-03  0.3490327989 -11.594 1.09999999999999999991
1  1.00e-02  0.3490328035 -11.594 1.09999999999999999991
1  1.05e-02  0.3490327998 -11.594 1.09999999999999999991
1  1.10e-02  0.3490327982 -11.594 1.09999999999999999991
1  1.15e-02  0.3490328012 -11.594 1.09999999999999999991
1  1.20e-02  0.3490328003 -11.594 1.09999999999999999991
1  1.26e-02  0.3490328025 -11.594 1.09999999999999999991
1  1.32e-02  0.3490327956 -11.594 1.09999999999999999991
1  1.38e-02  0.3490328034 -11.594 1.09999999999999999991
1  1.45e-02  0.3490327998 -11.594 1.09999999999999999991
1  1.51e-02  0.3490327987 -11.594 1.09999999999999999991
1  1.58e-02  0.3490328006 -11.594 1.09999999999999999991
1  1.66e-02  0.349032801 -11.594 1.09999999999999999991
1  1.74e-02  0.3490328007 -11.594 1.09999999999999999991
1  1.82e-02  0.3490328027 -11.594 1.09999999999999999991
1  1.91e-02  0.3490328003 -11.594 1.09999999999999999991
1  2.00e-02  0.349032802 -11.594 1.09999999999999999991
1  2.09e-02  0.3490328057 -11.594 1.09999999999999999991
1  2.19e-02  0.3490328073 -11.594 1.09999999999999999991
1  2.29e-02  0.3490327968 -11.594 1.09999999999999999991
1  2.40e-02  0.3490328015 -11.594 1.09999999999999999991
1  2.51e-02  0.3490328093 -11.594 1.09999999999999999991
1  2.63e-02  0.349032829 -11.594 1.09999999999999999991
1  2.75e-02  0.3490328111 -11.594 1.09999999999999999991
1  2.88e-02  0.3490328042 -11.594 1.09999999999999999991
1  3.02e-02  0.3490327744 -11.594 1.09999999999999999991
1  3.16e-02  0.3490327826 -11.594 1.09999999999999999991
1  3.31e-02  0.3490327809 -11.594 1.09999999999999999991
1  3.47e-02  0.3490327619 -11.594 1.09999999999999999991
1  3.63e-02  0.3490327894 -11.594 1.09999999999999999991
1  3.80e-02  0.3490327929 -11.594 1.09999999999999999991
1  3.98e-02  0.349032777 -11.594 1.09999999999999999991
1  4.17e-02  0.349032504 -11.594 1.09999999999999999991
1  4.37e-02  0.3490327944 -11.594 1.09999999999999999991
1  4.57e-02  0.3490327484 -11.594 1.09999999999999999991
1  4.79e-02  0.3490327715 -11.594 1.09999999999999999991
1  5.01e-02  0.3490328197 -11.594 1.09999999999999999991
1  5.25e-02  0.3490326806 -11.594 1.09999999999999999991
1  5.50e-02  0.3490327587 -11.594 1.09999999999999999991
1  5.75e-02  0.3490327962 -11.594 1.09999999999999999991
1  6.03e-02  0.3490327744 -11.594 1.09999999999999999991
1  6.31e-02  0.3490327386 -11.594 1.09999999999999999991
1  6.61e-02  0.3490327123 -11.594 1.09999999999999999991
1  6.92e-02  0.3490328088 -11.594 1.09999999999999999991
1  7.24e-02  0.3490326792 -11.594 1.09999999999999999991
1  7.59e-02  0.349032769 -11.594 1.09999999999999999991
1  7.94e-02  0.3490327642 -11.594 1.09999999999999999991
1  8.32e-02  0.3490327698 -11.594 1.09999999999999999991
1  8.71e-02  0.3490327681 -11.594 1.09999999999999999991
1  9.12e-02  0.3490327646 -11.594 1.09999999999999999991
1  9.55e-02  0.3490327737 -11.594 1.09999999999999999991
1  1.00e-01  0.3490327654 -11.594 1.09999999999999999991
1  1.05e-01  0.3490327711 -11.594 1.09999999999999999991
1  1.10e-01  0.3490327432 -11.594 1.09999999999999999991
1  1.15e-01  0.3490327822 -11.594 1.09999999999999999991
1  1.20e-01  0.3490328089 -11.594 1.09999999999999999991
1  1.26e-01  0.3490327576 -11.594 1.09999999999999999991
1  1.32e-01  0.3490327605 -11.594 1.09999999999999999991
1  1.38e-01  0.3490327511 -11.594 1.09999999999999999991
1  1.45e-01  0.3490327773 -11.594 1.09999999999999999991
1  1.51e-01  0.3490327365 -11.594 1.09999999999999999991
1  1.58e-01  0.3490327666 -11.594 1.09999999999999999991
1  1.66e-01  0.3490327548 -11.594 1.09999999999999999991
1  1.74e-01  0.3490327768 -11.594 1.09999999999999999991
1  1.82e-01  0.34903278 -11.594 1.09999999999999999991
1  1.91e-01  0.3490325911 -11.594 1.09999999999999999991
1  2.00e-01  0.3490327486 -11.594 1.09999999999999999991
1  2.09e-01  0.3490327101 -11.594 1.09999999999999999991
1  2.19e-01  0.3490327631 -11.594 1.09999999999999999991
1  2.29e-01  0.3490327123 -11.594 1.09999999999999999991
1  2.40e-01  0.3490327239 -11.594 1.09999999999999999991
1  2.51e-01  0.3490325593 -11.594 1.09999999999999999991
1  2.63e-01  0.3490327486 -11.594 1.09999999999999999991
1  2.75e-01  0.349032757 -11.594 1.09999999999999999991
1  2.88e-01  0.3490327666 -11.594 1.09999999999999999991
1  3.02e-01  0.34903274 -11.594 1.09999999999999999991
1  3.16e-01  0.3490326802 -11.594 1.09999999999999999991
1  3.31e-01  0.3490327525 -11.594 1.09999999999999999991
1  3.47e-01  0.3490326776 -11.594 1.09999999999999999991
1  3.63e-01  0.3490327375 -11.594 1.09999999999999999991
1  3.80e-01  0.3490327839 -11.594 1.09999999999999999991
1  3.98e-01  0.3490327212 -11.594 1.09999999999999999991
1  4.17e-01  0.3490307635 -11.594 1.09999999999999999991
1  4.37e-01  0.3490323439 -11.594 1.09999999999999999991
1  4.57e-01  0.3490327284 -11.594 1.09999999999999999991
1  4.79e-01  0.3490326805 -11.594 1.09999999999999999991
1  5.01e-01  0.3490324446 -11.594 1.09999999999999999991
1  5.25e-01  0.3490327422 -11.594 1.09999999999999999991
1  5.50e-01  0.3490327773 -11.594 1.09999999999999999991
1  5.75e-01  0.3490327096 -11.594 1.09999999999999999991
1  6.03e-01  0.3490320068 -11.594 1.09999999999999999991
1  6.31e-01  0.3490327608 -11.594 1.09999999999999999991
1  6.61e-01  0.3490327032 -11.594 1.09999999999999999991
1  6.92e-01  0.3490326022 -11.594 1.09999999999999999991
1  7.24e-01  0.3490317449 -11.594 1.09999999999999999991
1  7.59e-01  0.3490368125 -11.594 1.09999999999999999991
1  7.94e-01  0.3490324557 -11.594 1.09999999999999999991
1  8.32e-01  0.3490326428 -11.594 1.09999999999999999991
1  8.71e-01  0.3490325536 -11.594 1.09999999999999999991
1  9.12e-01  0.3490327453 -11.594 1.09999999999999999991
1  9.55e-01  0.3490329624 -11.594 1.09999999999999999991
1  1.00e+00  0.3490328779 -11.594 1.09999999999999999991
1  1.05e+00  0.3490326373 -11.594 1.09999999999999999991
1  1.10e+00  0.349032654 -11.594 1.09999999999999999991
1  1.15e+00  0.3490324317 -11.594 1.09999999999999999991
1  1.20e+00  0.3490327962 -11.594 1.09999999999999999991
1  1.26e+00  0.3490312275 -11.594 1.09999999999999999991
1  1.32e+00  0.3490246325 -11.594 1.09999999999999999991
1  1.38e+00  0.34903254 -11.594 1.09999999999999999991
1  1.45e+00  0.3490328469 -11.594 1.09999999999999999991
1  1.51e+00  0.3490324821 -11.594 1.09999999999999999991
1  1.58e+00  0.3490323924 -11.594 1.09999999999999999991
1  1.66e+00  0.3490325598 -11.594 1.09999999999999999991
1  1.74e+00  0.3490324 -11.594 1.09999999999999999991
1  1.82e+00  0.3490322288 -11.594 1.09999999999999999991
1  1.91e+00  0.3490325603 -11.594 1.09999999999999999991
1  2.00e+00  0.3490323664 -11.594 1.09999999999999999991
1  2.09e+00  0.3490322542 -11.594 1.09999999999999999991
1  2.19e+00  0.3490324046 -11.594 1.09999999999999999991
1  2.29e+00  0.349032594 -11.594 1.09999999999999999991
1  2.40e+00  0.3490324805 -11.594 1.09999999999999999991
1  2.51e+00  0.3490326758 -11.594 1.09999999999999999991
1  2.63e+00  0.3490213193 -11.594 1.09999999999999999991
1  2.75e+00  0.3490331271 -11.594 1.09999999999999999991
1  2.88e+00  0.3490339495 -11.594 1.09999999999999999991
1  3.02e+00  0.3490418323 -11.594 1.09999999999999999991
1  3.16e+00  0.3490323918 -11.594 1.09999999999999999991
1  3.31e+00  0.3490321944 -11.594 1.09999999999999999991
1  3.47e+00  0.3490322109 -11.594 1.09999999999999999991
1  3.63e+00  0.3490322984 -11.594 1.09999999999999999991
1  3.80e+00  0.3490397852 -11.594 1.09999999999999999991
1  3.98e+00  0.3490326846 -11.594 1.09999999999999999991
1  4.17e+00  0.3490317425 -11.594 1.09999999999999999991
1  4.37e+00  0.3490328318 -11.594 1.09999999999999999991
1  4.57e+00  0.3490321421 -11.594 1.09999999999999999991
1  4.79e+00  0.3490310924 -11.594 1.09999999999999999991
1  5.01e+00  0.3490321205 -11.594 1.09999999999999999991
1  5.25e+00  0.349032045 -11.594 1.09999999999999999991
1  5.50e+00  0.3490320382 -11.594 1.09999999999999999991
1  5.75e+00  0.3490313463 -11.594 1.09999999999999999991
1  6.03e+00  0.3489849854 -11.594 1.09999999999999999991
1  6.31e+00  0.3490694517 -11.594 1.09999999999999999991
1  6.61e+00  0.3490322974 -11.594 1.09999999999999999991
1  6.92e+00  0.3490248412 -11.594 1.09999999999999999991
1  7.24e+00  0.3490318781 -11.594 1.09999999999999999991
1  7.59e+00  0.3490285636 -11.594 1.09999999999999999991
1  7.94e+00  0.3490309856 -11.594 1.09999999999999999991
1  8.32e+00  0.3490528073 -11.594 1.09999999999999999991
1  8.71e+00  0.3490251043 -11.594 1.09999999999999999991
1  9.12e+00  0.3490309323 -11.594 1.09999999999999999991
1  9.55e+00  0.3490306785 -11.594 1.09999999999999999991
1  1.00e+01  0.3490516348 -11.594 1.09999999999999999991
1  1.05e+01  0.3490482891 -11.594 1.09999999999999999991
1  1.10e+01  0.3490342993 -11.594 1.09999999999999999991
1  1.15e+01  0.3490325767 -11.594 1.09999999999999999991
1  1.20e+01  0.349031467 -11.594 1.09999999999999999991
1  1.26e+01  0.349033592 -11.594 1.09999999999999999991
1  1.32e+01  0.3490117429 -11.594 1.09999999999999999991
1  1.38e+01  0.3490345088 -11.594 1.09999999999999999991
1  1.45e+01  0.3490312763 -11.594 1.09999999999999999991
1  1.51e+01  0.3490293735 -11.594 1.09999999999999999991
1  1.58e+01  0.3490307991 -11.594 1.09999999999999999991
1  1.66e+01  0.3490325031 -11.594 1.09999999999999999991
1  1.74e+01  0.3491505981 -11.594 1.09999999999999999991
1  1.82e+01  0.349115843 -11.594 1.09999999999999999991
1  1.91e+01  0.3490304947 -11.594 1.09999999999999999991
1  2.00e+01  0.3490355702 -11.594 1.09999999999999999991
1  2.09e+01  0.3490434314 -11.594 1.09999999999999999991
1  2.19e+01  0.3486515603 -11.594 1.09999999999999999991
1  2.29e+01  0.3493398808 -11.594 1.09999999999999999991
1  2.40e+01  0.349225093 -11.594 1.09999999999999999991
1  2.51e+01  0.3487358106 -11.594 1.09999999999999999991
1  2.63e+01  0.3494019029 -11.594 1.09999999999999999991
1  2.75e+01  0.3487234907 -11.594 1.09999999999999999991
1  2.88e+01  0.3491751519 -11.594 1.09999999999999999991
1  3.02e+01  0.3491312139 -11.594 1.09999999999999999991
1  3.16e+01  0.3491802942 -11.594 1.09999999999999999991
1  3.31e+01  0.3489688838 -11.594 1.09999999999999999991
1  3.47e+01  0.3488818432 -11.594 1.09999999999999999991
1  3.63e+01  0.3491326899 -11.594 1.09999999999999999991
1  3.80e+01  0.3489022147 -11.594 1.09999999999999999991
1  3.98e+01  0.3489701927 -11.594 1.09999999999999999991
1  4.17e+01  0.348958087 -11.594 1.09999999999999999991
1  4.37e+01  0.3489386039 -11.594 1.09999999999999999991
1  4.57e+01  0.3488382253 -11.594 1.09999999999999999991
1  4.79e+01  0.3488068559 -11.594 1.09999999999999999991
1  5.01e+01  0.3490046269 -11.594 1.09999999999999999991
1  5.25e+01  0.3490355179 -11.594 1.09999999999999999991
1  5.50e+01  0.3489724954 -11.594 1.09999999999999999991
1  5.75e+01  0.3490428866 -11.594 1.09999999999999999991
1  6.03e+01  0.3488147125 -11.594 1.09999999999999999991
1  6.31e+01  0.3489903134 -11.594 1.09999999999999999991
1  6.61e+01  0.3490137063 -11.594 1.09999999999999999991
1  6.92e+01  0.3492707326 -11.594 1.09999999999999999991
1  7.24e+01  0.3486737974 -11.594 1.09999999999999999991
1  7.59e+01  0.3489857247 -11.594 1.09999999999999999991
1  7.94e+01  0.3490452496 -11.594 1.09999999999999999991
1  8.32e+01  0.3490309226 -11.594 1.09999999999999999991
1  8.71e+01  0.349074125 -11.594 1.09999999999999999991
1  9.12e+01  0.3490480885 -11.594 1.09999999999999999991
1  9.55e+01  0.3487683071 -11.594 1.09999999999999999991
1  1.00e+02  0.3489830896 -11.594 1.09999999999999999991
1  1.05e+02  0.3490183875 -11.594 1.09999999999999999991
1  1.10e+02  0.3490997521 -11.594 1.09999999999999999991
1  1.15e+02  0.3490012315 -11.594 1.09999999999999999991
1  1.20e+02  0.3490399241 -11.594 1.09999999999999999991
1  1.26e+02  0.3489768011 -11.594 1.09999999999999999991
1  1.32e+02  0.3490589974 -11.594 1.09999999999999999991
1  1.38e+02  0.3490728273 -11.594 1.09999999999999999991
1  1.45e+02  0.349030006 -11.594 1.09999999999999999991
1  1.51e+02  0.3490079814 -11.594 1.09999999999999999991
1  1.58e+02  0.3489065926 -11.594 1.09999999999999999991
1  1.66e+02  0.3489845354 -11.594 1.09999999999999999991
1  1.74e+02  0.3489350205 -11.594 1.09999999999999999991
1  1.82e+02  0.3489744741 -11.594 1.09999999999999999991
1  1.91e+02  0.3489921347 -11.594 1.09999999999999999991
1  2.00e+02  0.3491514358 -11.594 1.09999999999999999991
1  2.09e+02  0.3489405367 -11.594 1.09999999999999999991
1  2.19e+02  0.3490627826 -11.594 1.09999999999999999991
1  2.29e+02  0.3489829683 -11.594 1.09999999999999999991
1  2.40e+02  0.3489640472 -11.594 1.09999999999999999991
1  2.51e+02  0.3489854248 -11.594 1.09999999999999999991
1  2.63e+02  0.3489623576 -11.594 1.09999999999999999991
1  2.75e+02  0.3490325476 -11.594 1.09999999999999999991
1  2.88e+02  0.3490180476 -11.594 1.09999999999999999991
1  3.02e+02  0.3490400698 -11.594 1.09999999999999999991
1  3.16e+02  0.3489863004 -11.594 1.09999999999999999991
1  3.31e+02  0.3492991211 -11.594 1.09999999999999999991
1  3.47e+02  0.3490162799 -11.594 1.09999999999999999991
1  3.63e+02  0.3489799627 -11.594 1.09999999999999999991
1  3.80e+02  0.3490125727 -11.594 1.09999999999999999991
1  3.98e+02  0.3489778035 -11.594 1.09999999999999999991
1  4.17e+02  0.3490086264 -11.594 1.09999999999999999991
1  4.37e+02  0.3489951548 -11.594 1.09999999999999999991
1  4.57e+02  0.3489440825 -11.594 1.09999999999999999991
1  4.79e+02  0.348870859 -11.594 1.09999999999999999991
1  5.01e+02  0.3491298916 -11.594 1.09999999999999999991
1  5.25e+02  0.3490263299 -11.594 1.09999999999999999991
1  5.50e+02  0.3489670306 -11.594 1.09999999999999999991
1  5.75e+02  0.3488775608 -11.594 1.09999999999999999991
1  6.03e+02  0.3490535117 -11.594 1.09999999999999999991
1  6.31e+02  0.3491648363 -11.594 1.09999999999999999991
1  6.61e+02  0.3489617592 -11.594 1.09999999999999999991
1  6.92e+02  0.3490228483 -11.594 1.09999999999999999991
1  7.24e+02  0.3488892453 -11.594 1.09999999999999999991
1  7.59e+02  0.3490737545 -11.594 1.09999999999999999991
1  7.94e+02  0.349006278 -11.594 1.09999999999999999991
1  8.32e+02  0.3488538496 -11.594 1.09999999999999999991
1  8.71e+02  0.3490132572 -11.594 1.09999999999999999991
1  9.12e+02  0.3491837414 -11.594 1.09999999999999999991
1  9.55e+02  0.3489589252 -11.594 1.09999999999999999991
1  1.00e+03  0.3490342674 -11.594 1.09999999999999999991
1  1.05e+03  0.3486279429 -11.594 1.09999999999999999991
1  1.10e+03  0.3488156243 -11.594 1.09999999999999999991
1  1.15e+03  0.3493940938 -11.594 1.09999999999999999991
1  1.20e+03  0.3498184944 -11.594 1.09999999999999999991
1  1.26e+03  0.3475256621 -11.594 1.09999999999999999991
1  1.32e+03  0.3492534187 -11.594 1.09999999999999999991
1  1.38e+03  0.3486064962 -11.594 1.09999999999999999991
1  1.45e+03  0.3490873202 -11.594 1.09999999999999999991
1  1.51e+03  0.3503886737 -11.594 1.09999999999999999991
1  1.58e+03  0.3518116806 -11.594 1.09999999999999999991
1  1.66e+03  0.3474166412 -11.594 1.09999999999999999991
1  1.74e+03  0.349074443 -11.594 1.09999999999999999991
1  1.82e+03  0.3434284069 -11.594 1.09999999999999999991
1  1.91e+03  0.3448366533 -11.594 1.09999999999999999991
1  2.00e+03  0.3476915767 -11.594 1.09999999999999999991
1  2.09e+03  0.3483722097 -11.594 1.09999999999999999991
1  2.19e+03  0.3475833184 -11.594 1.09999999999999999991
1  2.29e+03  0.3554328943 -11.594 1.09999999999999999991
1  2.40e+03  0.3534070892 -11.594 1.09999999999999999991
1  2.51e+03  0.354847575 -11.594 1.09999999999999999991
1  2.63e+03  0.3446722836 -11.594 1.09999999999999999991
1  2.75e+03  0.3460338851 -11.594 1.09999999999999999991
1  2.88e+03  0.3510724317 -11.594 1.09999999999999999991
1  3.02e+03  0.3478417969 -11.594 1.09999999999999999991
1  3.16e+03  0.3416993186 -11.594 1.09999999999999999991
1  3.31e+03  0.3336374704 -11.594 1.09999999999999999991
1  3.47e+03  0.3370211032 -11.594 1.09999999999999999991
1  3.63e+03  0.3496925615 -11.594 1.09999999999999999991
1  3.80e+03  0.3360841486 -11.594 1.09999999999999999991
1  3.98e+03  0.3533359485 -11.594 1.09999999999999999991
1  4.17e+03  0.3375587431 -11.594 1.09999999999999999991
1  4.37e+03  0.3341752498 -11.594 1.09999999999999999991
1  4.57e+03  0.3522306469 -11.594 1.09999999999999999991
1  4.79e+03  0.3652827954 -11.594 1.09999999999999999991
1  5.01e+03  0.3663379056 -11.594 1.09999999999999999991
1  5.25e+03  0.3639070237 -11.594 1.09999999999999999991
1  5.50e+03  0.3627902503 -11.594 1.09999999999999999991
1  5.75e+03  0.3429169759 -11.594 1.09999999999999999991
1  6.03e+03  0.3795817016 -11.594 1.09999999999999999991
1  6.31e+03  0.3373426365 -11.594 1.09999999999999999991
1  6.61e+03  0.3533251476 -11.594 1.09999999999999999991
1  6.92e+03  0.382041429 -11.594 1.09999999999999999991
1  7.24e+03  0.3670406181 -11.594 1.09999999999999999991
1  7.59e+03  0.3059825952 -11.594 1.09999999999999999991
1  7.94e+03  0.3639952259 -11.594 1.09999999999999999991
1  8.32e+03  0.3138300158 -11.594 1.09999999999999999991
1  8.71e+03  0.3062589291 -11.594 1.09999999999999999991
1  9.12e+03  0.3692467282 -11.594 1.09999999999999999991
1  9.55e+03  0.3364592557 -11.594 1.09999999999999999991
1  1.00e+04  0.3279329907 -11.594 1.09999999999999999991
1  1.05e+04  0.3840149077 -11.594 1.09999999999999999991
1  1.10e+04  0.3263506287 -11.594 1.09999999999999999991
1  1.15e+04  0.3037536088 -11.594 1.09999999999999999991
1  1.20e+04  0.3776144432 -11.594 1.09999999999999999991
1  1.26e+04  0.3330065166 -11.594 1.09999999999999999991
1  1.32e+04  0.2969078983 -11.594 1.09999999999999999991
1  1.38e+04  0.3756139505 -11.594 1.09999999999999999991
1  1.45e+04  0.2665189758 -11.594 1.09999999999999999991
1  1.51e+04  0.3553237417 -11.594 1.09999999999999999991
1  1.58e+04  0.3532641792 -11.594 1.09999999999999999991
1  1.66e+04  0.3411324336 -11.594 1.09999999999999999991
1  1.74e+04  0.2801529674 -11.594 1.09999999999999999991
1  1.82e+04  0.3613531962 -11.594 1.09999999999999999991
1  1.91e+04  0.3545178443 -11.594 1.09999999999999999991
1  2.00e+04  0.3155251756 -11.594 1.09999999999999999991
1  2.09e+04  0.3593344948 -11.594 1.09999999999999999991
1  2.19e+04  0.3598695101 -11.594 1.09999999999999999991
1  2.29e+04  0.2997389476 -11.594 1.09999999999999999991
1  2.40e+04  0.3587629483 -11.594 1.09999999999999999991
1  2.51e+04  0.3105664023 -11.594 1.09999999999999999991
1  2.63e+04  0.2925690002 -11.594 1.09999999999999999991
1  2.75e+04  0.3289486294 -11.594 1.09999999999999999991
1  2.88e+04  0.3517777927 -11.594 1.09999999999999999991
1  3.02e+04  0.3110641353 -11.594 1.09999999999999999991
1  3.16e+04  0.3039126902 -11.594 1.09999999999999999991
1  3.31e+04  0.3187473697 -11.594 1.09999999999999999991
1  3.47e+04  0.3548798749 -11.594 1.09999999999999999991
1  3.63e+04  0.3032365238 -11.594 1.09999999999999999991
1  3.80e+04  0.3407486911 -11.594 1.09999999999999999991
1  3.98e+04  0.2880541174 -11.594 1.09999999999999999991
1  4.17e+04  0.3065547161 -11.594 1.09999999999999999991
1  4.37e+04  0.3531162089 -11.594 1.09999999999999999991
1  4.57e+04  0.3448753949 -11.594 1.09999999999999999991
1  4.79e+04  0.3048253708 -11.594 1.09999999999999999991
1  5.01e+04  0.3479532408 -11.594 1.09999999999999999991
1  5.25e+04  0.3089179406 -11.594 1.09999999999999999991
1  5.50e+04  0.2692335056 -11.594 1.09999999999999999991
1  5.75e+04  0.3469516402 -11.594 1.09999999999999999991
1  6.03e+04  0.3431326281 -11.594 1.09999999999999999991
1  6.31e+04  0.3174567623 -11.594 1.09999999999999999991
1  6.61e+04  0.3287963324 -11.594 1.09999999999999999991
1  6.92e+04  0.3421122113 -11.594 1.09999999999999999991
1  7.24e+04  0.357736206 -11.594 1.09999999999999999991
1  7.59e+04  0.3413073448 -11.594 1.09999999999999999991
1  7.94e+04  0.3022468341 -11.594 1.09999999999999999991
1  8.32e+04  0.3078359063 -11.594 1.09999999999999999991
1  8.71e+04  0.3469278021 -11.594 1.09999999999999999991
1  9.12e+04  0.3500766711 -11.594 1.09999999999999999991
1  9.55e+04  0.3128945278 -11.594 1.09999999999999999991
1  1.00e+05  0.2910786963 -11.594 1.09999999999999999991
1  1.05e+05  0.3103889353 -11.594 1.09999999999999999991
1  1.10e+05  0.343695521 -11.594 1.09999999999999999991
1  1.15e+05  0.3585305821 -11.594 1.09999999999999999991
1  1.20e+05  0.351423542 -11.594 1.09999999999999999991
1  1.26e+05  0.3385813093 -11.594 1.09999999999999999991
1  1.32e+05  0.3328998771 -11.594 1.09999999999999999991
1  1.38e+05  0.3355104796 -11.594 1.09999999999999999991
1  1.45e+05  0.3415711861 -11.594 1.09999999999999999991
1  1.51e+05  0.3474064585 -11.594 1.09999999999999999991
1  1.58e+05  0.352180005 -11.594 1.09999999999999999991
1  1.66e+05  0.355930523 -11.594 1.09999999999999999991
1  1.74e+05  0.3579736859 -11.594 1.09999999999999999991
1  1.82e+05  0.3571806909 -11.594 1.09999999999999999991
1  1.91e+05  0.3531619961 -11.594 1.09999999999999999991
1  2.00e+05  0.3469389447 -11.594 1.09999999999999999991
1  2.09e+05  0.3405880649 -11.594 1.09999999999999999991
1  2.19e+05  0.3362627489 -11.594 1.09999999999999999991
1  2.29e+05  0.3352835505 -11.594 1.09999999999999999991
1  2.40e+05  0.3377420518 -11.594 1.09999999999999999991
1  2.51e+05  0.342665237 -11.594 1.09999999999999999991
1  2.63e+05  0.3485191623 -11.594 1.09999999999999999991
1  2.75e+05  0.3537678877 -11.594 1.09999999999999999991
1  2.88e+05  0.357283751 -11.594 1.09999999999999999991
1  3.02e+05  0.358530611 -11.594 1.09999999999999999991
1  3.16e+05  0.357543264 -11.594 1.09999999999999999991
1  3.31e+05  0.3547778112 -11.594 1.09999999999999999991
1  3.47e+05  0.350914625 -11.594 1.09999999999999999991
1  3.63e+05  0.3466760412 -11.594 1.09999999999999999991
1  3.80e+05  0.3426929505 -11.594 1.09999999999999999991
1  3.98e+05  0.3394298443 -11.594 1.09999999999999999991
1  4.17e+05  0.3371615606 -11.594 1.09999999999999999991
1  4.37e+05  0.3359872331 -11.594 1.09999999999999999991
1  4.57e+05  0.3358656376 -11.594 1.09999999999999999991
1  4.79e+05  0.3366585799 -11.594 1.09999999999999999991
1  5.01e+05  0.3381729212 -11.594 1.09999999999999999991
1  5.25e+05  0.3401957944 -11.594 1.09999999999999999991
1  5.50e+05  0.3425207685 -11.594 1.09999999999999999991
1  5.75e+05  0.3449649136 -11.594 1.09999999999999999991
1  6.03e+05  0.3473779935 -11.594 1.09999999999999999991
1  6.31e+05  0.3496455584 -11.594 1.09999999999999999991
1  6.61e+05  0.3517079952 -11.594 1.09999999999999999991
1  6.92e+05  0.3535346186 -11.594 1.09999999999999999991
1  7.24e+05  0.3550292699 -11.594 1.09999999999999999991
1  7.59e+05  0.3562073483 -11.594 1.09999999999999999991
1  7.94e+05  0.3570620548 -11.594 1.09999999999999999991
1  8.32e+05  0.3576143051 -11.594 1.09999999999999999991
1  8.71e+05  0.3579008477 -11.594 1.09999999999999999991
1  9.12e+05  0.3579620135 -11.594 1.09999999999999999991
1  9.55e+05  0.3578263137 -11.594 1.09999999999999999991
1  1.00e+06  0.3575358734 -11.594 1.09999999999999999991
1  1.05e+06  0.3571423971 -11.594 1.09999999999999999991
1  1.10e+06  0.3566490492 -11.594 1.09999999999999999991
1  1.15e+06  0.3561159392 -11.594 1.09999999999999999991
1  1.20e+06  0.3555306736 -11.594 1.09999999999999999991
1  1.26e+06  0.3549302808 -11.594 1.09999999999999999991
1  1.32e+06  0.3543504984 -11.594 1.09999999999999999991
1  1.38e+06  0.3537635834 -11.594 1.09999999999999999991
1  1.45e+06  0.3532179553 -11.594 1.09999999999999999991
1  1.51e+06  0.3526810496 -11.594 1.09999999999999999991
1  1.58e+06  0.3521951289 -11.594 1.09999999999999999991
1  1.66e+06  0.3517261206 -11.594 1.09999999999999999991
1  1.74e+06  0.3512941183 -11.594 1.09999999999999999991
1  1.82e+06  0.350914755 -11.594 1.09999999999999999991
1  1.91e+06  0.3505557459 -11.594 1.09999999999999999991
1  2.00e+06  0.3502457019 -11.594 1.09999999999999999991
1  2.09e+06  0.349955043 -11.594 1.09999999999999999991
1  2.19e+06  0.3496962847 -11.594 1.09999999999999999991
1  2.29e+06  0.3494781465 -11.594 1.09999999999999999991
1  2.40e+06  0.3492759352 -11.594 1.09999999999999999991
1  2.51e+06  0.3491083601 -11.594 1.09999999999999999991
1  2.63e+06  0.3489540258 -11.594 1.09999999999999999991
1  2.75e+06  0.3488286407 -11.594 1.09999999999999999991
1  2.88e+06  0.3487139102 -11.594 1.09999999999999999991
1  3.02e+06  0.3486164272 -11.594 1.09999999999999999991
1  3.16e+06  0.3485404124 -11.594 1.09999999999999999991
1  3.31e+06  0.3484716703 -11.594 1.09999999999999999991
1  3.47e+06  0.3484202576 -11.594 1.09999999999999999991
1  3.63e+06  0.3483742911 -11.594 1.09999999999999999991
1  3.80e+06  0.3483421651 -11.594 1.09999999999999999991
1  3.98e+06  0.3483139853 -11.594 1.09999999999999999991
1  4.17e+06  0.3482932806 -11.594 1.09999999999999999991
1  4.37e+06  0.3482822571 -11.594 1.09999999999999999991
1  4.57e+06  0.3482734598 -11.594 1.09999999999999999991
1  4.79e+06  0.348272205 -11.594 1.09999999999999999991
1  5.01e+06  0.3482723407 -11.594 1.09999999999999999991
1  5.25e+06  0.3482782905 -11.594 1.09999999999999999991
1  5.50e+06  0.3482849894 -11.594 1.09999999999999999991
1  5.75e+06  0.3482943318 -11.594 1.09999999999999999991
1  6.03e+06  0.348307509 -11.594 1.09999999999999999991
1  6.31e+06  0.3483207535 -11.594 1.09999999999999999991
1  6.61e+06  0.3483368514 -11.594 1.09999999999999999991
1  6.92e+06  0.3483527136 -11.594 1.09999999999999999991
1  7.24e+06  0.3483706553 -11.594 1.09999999999999999991
1  7.59e+06  0.3483881465 -11.594 1.09999999999999999991
1  7.94e+06  0.3484062037 -11.594 1.09999999999999999991
1  8.32e+06  0.3484254782 -11.594 1.09999999999999999991
1  8.71e+06  0.3484440999 -11.594 1.09999999999999999991
1  9.12e+06  0.3484635245 -11.594 1.09999999999999999991
1  9.55e+06  0.3484822244 -11.594 1.09999999999999999991
1  1.00e+07  0.3485008516 -11.594 1.09999999999999999991
