1  1.00e-03  0.1770890458 67472.988 1.02299999999999999994
1  1.05e-03  0.1770890444 67472.988 1.02299999999999999994
1  1.10e-03  0.1770890482 67472.988 1.02299999999999999994
1  1.15e-03  0.1770890468 67472.988 1.02299999999999999994
1  1.20e-03  0.1770890493 67472.988 1.02299999999999999994
1  1.26e-03  0.1770890478 67472.988 1.02299999999999999994
1  1.32e-03  0.1770890484 67472.988 1.02299999999999999994
1  1.38e-03  0.1770890478 67472.988 1.02299999999999999994
1  1.45e-03  0.1770890472 67472.988 1.02299999999999999994
1  1.51e-03  0.1770890509 67472.988 1.02299999999999999994
1  1.58e-03  0.1770890459 67472.988 1.02299999999999999994
1  1.66e-03  0.1770890489 67472.988 1.02299999999999999994
1  1.74e-03  0.177089048 67472.988 1.02299999999999999994
1  1.82e-03  0.1770890483 67472.988 1.02299999999999999994
1  1.91e-03  0.1770890476 67472.988 1.02299999999999999994
1  2.00e-03  0.1770890479 67472.988 1.02299999999999999994
1  2.09e-03  0.1770890505 67472.988 1.02299999999999999994
1  2.19e-03  0.1770893217 67472.988 1.02299999999999999994
1  2.29e-03  0.1770890474 67472.988 1.02299999999999999994
1  2.40e-03  0.1770890488 67472.988 1.02299999999999999994
1  2.51e-03  0.1770890492 67472.988 1.02299999999999999994
1  2.63e-03  0.1770890507 67472.988 1.02299999999999999994
1  2.75e-03  0.1770890517 67472.988 1.02299999999999999994
1  2.88e-03  0.1770890511 67472.988 1.02299999999999999994
1  3.02e-03  0.1770890546 67472.988 1.02299999999999999994
1  3.16e-03  0.1770890556 67472.988 1.02299999999999999994
1  3.31e-03  0.1770890474 67472.988 1.02299999999999999994
1  3.47e-03  0.1770890521 67472.988 1.02299999999999999994
1  3.63e-03  0.177089051 67472.988 1.02299999999999999994
1  3.80e-03  0.177089051 67472.988 1.02299999999999999994
1  3.98e-03  0.1770890536 67472.988 1.02299999999999999994
1  4.17e-03  0.1770890495 67472.988 1.02299999999999999994
1  4.37e-03  0.1770890505 67472.988 1.02299999999999999994
1  4.57e-03  0.1770890534 67472.988 1.02299999999999999994
1  4.79e-03  0.1770890533 67472.988 1.02299999999999999994
1  5.01e-03  0.1770890565 67472.988 1.02299999999999999994
1  5.25e-03  0.1770890525 67472.988 1.02299999999999999994
1  5.50e-03  0.1770890472 67472.988 1.02299999999999999994
1  5.75e-03  0.1770890517 67472.988 1.02299999999999999994
1  6.03e-03  0.1770890517 67472.988 1.02299999999999999994
1  6.31e-03  0.1770890633 67472.988 1.02299999999999999994
1  6.61e-03  0.17708905 67472.988 1.02299999999999999994
1  6.92e-03  0.1770890541 67472.988 1.02299999999999999994
1  7.24e-03  0.1770890529 67472.988 1.02299999999999999994
1  7.59e-03  0.1770890551 67472.988 1.02299999999999999994
1  7.94e-03  0.1770890667 67472.988 1.02299999999999999994
1  8.32e-03  0.1770890554 67472.988 1.02299999999999999994
1  8.71e-03  0.1770890626 67472.988 1.02299999999999999994
1  9.12e-03  0.1770890585 67472.988 1.02299999999999999994
1  9.55e-03  0.1770890632 67472.988 1.02299999999999999994
1  1.00e-02  0.1770890633 67472.988 1.02299999999999999994
1  1.05e-02  0.1770891024 67472.988 1.02299999999999999994
1  1.10e-02  0.1770890682 67472.988 1.02299999999999999994
1  1.15e-02  0.1770890747 67472.988 1.02299999999999999994
1  1.20e-02  0.1770890743 67472.988 1.02299999999999999994
1  1.26e-02  0.1770890558 67472.988 1.02299999999999999994
1  1.32e-02  0.1770890759 67472.988 1.02299999999999999994
1  1.38e-02  0.1770890777 67472.988 1.02299999999999999994
1  1.45e-02  0.1770890789 67472.988 1.02299999999999999994
1  1.51e-02  0.1770893817 67472.988 1.02299999999999999994
1  1.58e-02  0.1770890827 67472.988 1.02299999999999999994
1  1.66e-02  0.1770890657 67472.988 1.02299999999999999994
1  1.74e-02  0.1770890812 67472.988 1.02299999999999999994
1  1.82e-02  0.177073198 67472.988 1.02299999999999999994
1  1.91e-02  0.1770892257 67472.988 1.02299999999999999994
1  2.00e-02  0.1770890545 67472.988 1.02299999999999999994
1  2.09e-02  0.1770890819 67472.988 1.02299999999999999994
1  2.19e-02  0.1770890547 67472.988 1.02299999999999999994
1  2.29e-02  0.1770890709 67472.988 1.02299999999999999994
1  2.40e-02  0.1770890856 67472.988 1.02299999999999999994
1  2.51e-02  0.1770890614 67472.988 1.02299999999999999994
1  2.63e-02  0.1770890577 67472.988 1.02299999999999999994
1  2.75e-02  0.1770891239 67472.988 1.02299999999999999994
1  2.88e-02  0.1770891515 67472.988 1.02299999999999999994
1  3.02e-02  0.1770890906 67472.988 1.02299999999999999994
1  3.16e-02  0.1770890611 67472.988 1.02299999999999999994
1  3.31e-02  0.1770890496 67472.988 1.02299999999999999994
1  3.47e-02  0.1770890991 67472.988 1.02299999999999999994
1  3.63e-02  0.1770890595 67472.988 1.02299999999999999994
1  3.80e-02  0.1770890524 67472.988 1.02299999999999999994
1  3.98e-02  0.1770891635 67472.988 1.02299999999999999994
1  4.17e-02  0.1770890397 67472.988 1.02299999999999999994
1  4.37e-02  0.1770892331 67472.988 1.02299999999999999994
1  4.57e-02  0.1770891957 67472.988 1.02299999999999999994
1  4.79e-02  0.1770894061 67472.988 1.02299999999999999994
1  5.01e-02  0.1770892089 67472.988 1.02299999999999999994
1  5.25e-02  0.1770891331 67472.988 1.02299999999999999994
1  5.50e-02  0.1770891497 67472.988 1.02299999999999999994
1  5.75e-02  0.1770891522 67472.988 1.02299999999999999994
1  6.03e-02  0.1770891756 67472.988 1.02299999999999999994
1  6.31e-02  0.1770891533 67472.988 1.02299999999999999994
1  6.61e-02  0.177089128 67472.988 1.02299999999999999994
1  6.92e-02  0.1770892237 67472.988 1.02299999999999999994
1  7.24e-02  0.1770891214 67472.988 1.02299999999999999994
1  7.59e-02  0.1770897537 67472.988 1.02299999999999999994
1  7.94e-02  0.1770890726 67472.988 1.02299999999999999994
1  8.32e-02  0.1770970156 67472.988 1.02299999999999999994
1  8.71e-02  0.1770893401 67472.988 1.02299999999999999994
1  9.12e-02  0.1770971467 67472.988 1.02299999999999999994
1  9.55e-02  0.1770893228 67472.988 1.02299999999999999994
1  1.00e-01  0.1770893036 67472.988 1.02299999999999999994
1  1.05e-01  0.1770892543 67472.988 1.02299999999999999994
1  1.10e-01  0.1770892235 67472.988 1.02299999999999999994
1  1.15e-01  0.177089227 67472.988 1.02299999999999999994
1  1.20e-01  0.1770893751 67472.988 1.02299999999999999994
1  1.26e-01  0.1770892015 67472.988 1.02299999999999999994
1  1.32e-01  0.1770891812 67472.988 1.02299999999999999994
1  1.38e-01  0.1770890597 67472.988 1.02299999999999999994
1  1.45e-01  0.1770893719 67472.988 1.02299999999999999994
1  1.51e-01  0.177089384 67472.988 1.02299999999999999994
1  1.58e-01  0.1770889577 67472.988 1.02299999999999999994
1  1.66e-01  0.1770896973 67472.988 1.02299999999999999994
1  1.74e-01  0.1771140048 67472.988 1.02299999999999999994
1  1.82e-01  0.1770893468 67472.988 1.02299999999999999994
1  1.91e-01  0.1770892087 67472.988 1.02299999999999999994
1  2.00e-01  0.1770892554 67472.988 1.02299999999999999994
1  2.09e-01  0.1770932522 67472.988 1.02299999999999999994
1  2.19e-01  0.1770895027 67472.988 1.02299999999999999994
1  2.29e-01  0.1770895536 67472.988 1.02299999999999999994
1  2.40e-01  0.1770880675 67472.988 1.02299999999999999994
1  2.51e-01  0.1770891089 67472.988 1.02299999999999999994
1  2.63e-01  0.1770936527 67472.988 1.02299999999999999994
1  2.75e-01  0.1770896856 67472.988 1.02299999999999999994
1  2.88e-01  0.1770895261 67472.988 1.02299999999999999994
1  3.02e-01  0.1770893831 67472.988 1.02299999999999999994
1  3.16e-01  0.1770893705 67472.988 1.02299999999999999994
1  3.31e-01  0.1770890843 67472.988 1.02299999999999999994
1  3.47e-01  0.1770895972 67472.988 1.02299999999999999994
1  3.63e-01  0.1770892671 67472.988 1.02299999999999999994
1  3.80e-01  0.177089466 67472.988 1.02299999999999999994
1  3.98e-01  0.1770892562 67472.988 1.02299999999999999994
1  4.17e-01  0.1770897941 67472.988 1.02299999999999999994
1  4.37e-01  0.1770893266 67472.988 1.02299999999999999994
1  4.57e-01  0.1770904707 67472.988 1.02299999999999999994
1  4.79e-01  0.1770896421 67472.988 1.02299999999999999994
1  5.01e-01  0.1770897854 67472.988 1.02299999999999999994
1  5.25e-01  0.1770896826 67472.988 1.02299999999999999994
1  5.50e-01  0.1770893017 67472.988 1.02299999999999999994
1  5.75e-01  0.1770911218 67472.988 1.02299999999999999994
1  6.03e-01  0.1770895626 67472.988 1.02299999999999999994
1  6.31e-01  0.1770905814 67472.988 1.02299999999999999994
1  6.61e-01  0.1770897521 67472.988 1.02299999999999999994
1  6.92e-01  0.1770898591 67472.988 1.02299999999999999994
1  7.24e-01  0.1770893394 67472.988 1.02299999999999999994
1  7.59e-01  0.1770904491 67472.988 1.02299999999999999994
1  7.94e-01  0.1770898546 67472.988 1.02299999999999999994
1  8.32e-01  0.1770898781 67472.988 1.02299999999999999994
1  8.71e-01  0.1770894913 67472.988 1.02299999999999999994
1  9.12e-01  0.1770898992 67472.988 1.02299999999999999994
1  9.55e-01  0.1770890892 67472.988 1.02299999999999999994
1  1.00e+00  0.1771087541 67472.988 1.02299999999999999994
1  1.05e+00  0.1770908595 67472.988 1.02299999999999999994
1  1.10e+00  0.1770905345 67472.988 1.02299999999999999994
1  1.15e+00  0.1770909118 67472.988 1.02299999999999999994
1  1.20e+00  0.1770896388 67472.988 1.02299999999999999994
1  1.26e+00  0.1770918292 67472.988 1.02299999999999999994
1  1.32e+00  0.1770896952 67472.988 1.02299999999999999994
1  1.38e+00  0.1770896398 67472.988 1.02299999999999999994
1  1.45e+00  0.1770904073 67472.988 1.02299999999999999994
1  1.51e+00  0.1771143469 67472.988 1.02299999999999999994
1  1.58e+00  0.1770912688 67472.988 1.02299999999999999994
1  1.66e+00  0.1770890116 67472.988 1.02299999999999999994
1  1.74e+00  0.1771112818 67472.988 1.02299999999999999994
1  1.82e+00  0.1770895063 67472.988 1.02299999999999999994
1  1.91e+00  0.1770919299 67472.988 1.02299999999999999994
1  2.00e+00  0.1770924718 67472.988 1.02299999999999999994
1  2.09e+00  0.1770897755 67472.988 1.02299999999999999994
1  2.19e+00  0.1770918865 67472.988 1.02299999999999999994
1  2.29e+00  0.1770923033 67472.988 1.02299999999999999994
1  2.40e+00  0.1770702067 67472.988 1.02299999999999999994
1  2.51e+00  0.177090797 67472.988 1.02299999999999999994
1  2.63e+00  0.1770980942 67472.988 1.02299999999999999994
1  2.75e+00  0.177143708 67472.988 1.02299999999999999994
1  2.88e+00  0.177257136 67472.988 1.02299999999999999994
1  3.02e+00  0.177093843 67472.988 1.02299999999999999994
1  3.16e+00  0.1771010942 67472.988 1.02299999999999999994
1  3.31e+00  0.1771623327 67472.988 1.02299999999999999994
1  3.47e+00  0.1771276322 67472.988 1.02299999999999999994
1  3.63e+00  0.177128322 67472.988 1.02299999999999999994
1  3.80e+00  0.1770936649 67472.988 1.02299999999999999994
1  3.98e+00  0.1770962896 67472.988 1.02299999999999999994
1  4.17e+00  0.1770929748 67472.988 1.02299999999999999994
1  4.37e+00  0.1770906123 67472.988 1.02299999999999999994
1  4.57e+00  0.1770933339 67472.988 1.02299999999999999994
1  4.79e+00  0.1770938829 67472.988 1.02299999999999999994
1  5.01e+00  0.1770960126 67472.988 1.02299999999999999994
1  5.25e+00  0.1770964239 67472.988 1.02299999999999999994
1  5.50e+00  0.1770986102 67472.988 1.02299999999999999994
1  5.75e+00  0.1770975538 67472.988 1.02299999999999999994
1  6.03e+00  0.1770251 67472.988 1.02299999999999999994
1  6.31e+00  0.1770969814 67472.988 1.02299999999999999994
1  6.61e+00  0.1770950125 67472.988 1.02299999999999999994
1  6.92e+00  0.177090703 67472.988 1.02299999999999999994
1  7.24e+00  0.17709026 67472.988 1.02299999999999999994
1  7.59e+00  0.1770725722 67472.988 1.02299999999999999994
1  7.94e+00  0.1771068785 67472.988 1.02299999999999999994
1  8.32e+00  0.177090917 67472.988 1.02299999999999999994
1  8.71e+00  0.1773115483 67472.988 1.02299999999999999994
1  9.12e+00  0.1773164952 67472.988 1.02299999999999999994
1  9.55e+00  0.1772916284 67472.988 1.02299999999999999994
1  1.00e+01  0.177140467 67472.988 1.02299999999999999994
1  1.05e+01  0.1769475022 67472.988 1.02299999999999999994
1  1.10e+01  0.177082101 67472.988 1.02299999999999999994
1  1.15e+01  0.1771012835 67472.988 1.02299999999999999994
1  1.20e+01  0.1770955775 67472.988 1.02299999999999999994
1  1.26e+01  0.1770968684 67472.988 1.02299999999999999994
1  1.32e+01  0.1771078866 67472.988 1.02299999999999999994
1  1.38e+01  0.1771042211 67472.988 1.02299999999999999994
1  1.45e+01  0.177105064 67472.988 1.02299999999999999994
1  1.51e+01  0.1771059535 67472.988 1.02299999999999999994
1  1.58e+01  0.1771154565 67472.988 1.02299999999999999994
1  1.66e+01  0.1770475355 67472.988 1.02299999999999999994
1  1.74e+01  0.1758414137 67472.988 1.02299999999999999994
1  1.82e+01  0.1764386005 67472.988 1.02299999999999999994
1  1.91e+01  0.1771139899 67472.988 1.02299999999999999994
1  2.00e+01  0.1770973331 67472.988 1.02299999999999999994
1  2.09e+01  0.1758705278 67472.988 1.02299999999999999994
1  2.19e+01  0.1777793239 67472.988 1.02299999999999999994
1  2.29e+01  0.1762594572 67472.988 1.02299999999999999994
1  2.40e+01  0.1771814459 67472.988 1.02299999999999999994
1  2.51e+01  0.1775031969 67472.988 1.02299999999999999994
1  2.63e+01  0.1783058476 67472.988 1.02299999999999999994
1  2.75e+01  0.1756601842 67472.988 1.02299999999999999994
1  2.88e+01  0.1761655431 67472.988 1.02299999999999999994
1  3.02e+01  0.1769450959 67472.988 1.02299999999999999994
1  3.16e+01  0.1772524618 67472.988 1.02299999999999999994
1  3.31e+01  0.1774090193 67472.988 1.02299999999999999994
1  3.47e+01  0.1784404783 67472.988 1.02299999999999999994
1  3.63e+01  0.1771647394 67472.988 1.02299999999999999994
1  3.80e+01  0.1770468974 67472.988 1.02299999999999999994
1  3.98e+01  0.1769520545 67472.988 1.02299999999999999994
1  4.17e+01  0.1770400143 67472.988 1.02299999999999999994
1  4.37e+01  0.1773541076 67472.988 1.02299999999999999994
1  4.57e+01  0.1781956653 67472.988 1.02299999999999999994
1  4.79e+01  0.1764246984 67472.988 1.02299999999999999994
1  5.01e+01  0.177916631 67472.988 1.02299999999999999994
1  5.25e+01  0.1771267782 67472.988 1.02299999999999999994
1  5.50e+01  0.1771465374 67472.988 1.02299999999999999994
1  5.75e+01  0.177083757 67472.988 1.02299999999999999994
1  6.03e+01  0.1770986867 67472.988 1.02299999999999999994
1  6.31e+01  0.1769382595 67472.988 1.02299999999999999994
1  6.61e+01  0.1772336137 67472.988 1.02299999999999999994
1  6.92e+01  0.1773590568 67472.988 1.02299999999999999994
1  7.24e+01  0.1771807716 67472.988 1.02299999999999999994
1  7.59e+01  0.1779530275 67472.988 1.02299999999999999994
1  7.94e+01  0.1775040699 67472.988 1.02299999999999999994
1  8.32e+01  0.1771799547 67472.988 1.02299999999999999994
1  8.71e+01  0.1775786421 67472.988 1.02299999999999999994
1  9.12e+01  0.1772190741 67472.988 1.02299999999999999994
1  9.55e+01  0.1763268248 67472.988 1.02299999999999999994
1  1.00e+02  0.17668737 67472.988 1.02299999999999999994
1  1.05e+02  0.1773909298 67472.988 1.02299999999999999994
1  1.10e+02  0.177225786 67472.988 1.02299999999999999994
1  1.15e+02  0.1771698244 67472.988 1.02299999999999999994
1  1.20e+02  0.1772555852 67472.988 1.02299999999999999994
1  1.26e+02  0.177308881 67472.988 1.02299999999999999994
1  1.32e+02  0.1770338051 67472.988 1.02299999999999999994
1  1.38e+02  0.1771269644 67472.988 1.02299999999999999994
1  1.45e+02  0.1771251327 67472.988 1.02299999999999999994
1  1.51e+02  0.1770930272 67472.988 1.02299999999999999994
1  1.58e+02  0.1764328482 67472.988 1.02299999999999999994
1  1.66e+02  0.1773309559 67472.988 1.02299999999999999994
1  1.74e+02  0.1771003531 67472.988 1.02299999999999999994
1  1.82e+02  0.1773823733 67472.988 1.02299999999999999994
1  1.91e+02  0.1771908678 67472.988 1.02299999999999999994
1  2.00e+02  0.1773885015 67472.988 1.02299999999999999994
1  2.09e+02  0.1774793921 67472.988 1.02299999999999999994
1  2.19e+02  0.1770685371 67472.988 1.02299999999999999994
1  2.29e+02  0.1773199076 67472.988 1.02299999999999999994
1  2.40e+02  0.1773015944 67472.988 1.02299999999999999994
1  2.51e+02  0.1773135113 67472.988 1.02299999999999999994
1  2.63e+02  0.1775729188 67472.988 1.02299999999999999994
1  2.75e+02  0.1771022214 67472.988 1.02299999999999999994
1  2.88e+02  0.1774075388 67472.988 1.02299999999999999994
1  3.02e+02  0.1773181831 67472.988 1.02299999999999999994
1  3.16e+02  0.1774181923 67472.988 1.02299999999999999994
1  3.31e+02  0.1774097149 67472.988 1.02299999999999999994
1  3.47e+02  0.1775982942 67472.988 1.02299999999999999994
1  3.63e+02  0.1774143176 67472.988 1.02299999999999999994
1  3.80e+02  0.1777295582 67472.988 1.02299999999999999994
1  3.98e+02  0.177205877 67472.988 1.02299999999999999994
1  4.17e+02  0.1775231898 67472.988 1.02299999999999999994
1  4.37e+02  0.1775068993 67472.988 1.02299999999999999994
1  4.57e+02  0.1770787869 67472.988 1.02299999999999999994
1  4.79e+02  0.1776056697 67472.988 1.02299999999999999994
1  5.01e+02  0.1780954601 67472.988 1.02299999999999999994
1  5.25e+02  0.1774404652 67472.988 1.02299999999999999994
1  5.50e+02  0.1771384547 67472.988 1.02299999999999999994
1  5.75e+02  0.1772559936 67472.988 1.02299999999999999994
1  6.03e+02  0.1777473703 67472.988 1.02299999999999999994
1  6.31e+02  0.1772290739 67472.988 1.02299999999999999994
1  6.61e+02  0.1780703847 67472.988 1.02299999999999999994
1  6.92e+02  0.1772064554 67472.988 1.02299999999999999994
1  7.24e+02  0.1771334672 67472.988 1.02299999999999999994
1  7.59e+02  0.1779931808 67472.988 1.02299999999999999994
1  7.94e+02  0.1778260993 67472.988 1.02299999999999999994
1  8.32e+02  0.1774994884 67472.988 1.02299999999999999994
1  8.71e+02  0.1783895841 67472.988 1.02299999999999999994
1  9.12e+02  0.1781716599 67472.988 1.02299999999999999994
1  9.55e+02  0.1778184795 67472.988 1.02299999999999999994
1  1.00e+03  0.1773440687 67472.988 1.02299999999999999994
1  1.05e+03  0.1775653345 67472.988 1.02299999999999999994
1  1.10e+03  0.1785781128 67472.988 1.02299999999999999994
1  1.15e+03  0.1771985663 67472.988 1.02299999999999999994
1  1.20e+03  0.1792014367 67472.988 1.02299999999999999994
1  1.26e+03  0.178696125 67472.988 1.02299999999999999994
1  1.32e+03  0.1769712095 67472.988 1.02299999999999999994
1  1.38e+03  0.1744190556 67472.988 1.02299999999999999994
1  1.45e+03  0.1799595966 67472.988 1.02299999999999999994
1  1.51e+03  0.1777640685 67472.988 1.02299999999999999994
1  1.58e+03  0.1873799363 67472.988 1.02299999999999999994
1  1.66e+03  0.1880877481 67472.988 1.02299999999999999994
1  1.74e+03  0.1855804233 67472.988 1.02299999999999999994
1  1.82e+03  0.1766173766 67472.988 1.02299999999999999994
1  1.91e+03  0.1686869349 67472.988 1.02299999999999999994
1  2.00e+03  0.1749964091 67472.988 1.02299999999999999994
1  2.09e+03  0.1741064899 67472.988 1.02299999999999999994
1  2.19e+03  0.1686556289 67472.988 1.02299999999999999994
1  2.29e+03  0.1688933482 67472.988 1.02299999999999999994
1  2.40e+03  0.1753663601 67472.988 1.02299999999999999994
1  2.51e+03  0.2014456558 67472.988 1.02299999999999999994
1  2.63e+03  0.2110414567 67472.988 1.02299999999999999994
1  2.75e+03  0.1829900618 67472.988 1.02299999999999999994
1  2.88e+03  0.2169589636 67472.988 1.02299999999999999994
1  3.02e+03  0.2122589026 67472.988 1.02299999999999999994
1  3.16e+03  0.1761843937 67472.988 1.02299999999999999994
1  3.31e+03  0.1713579685 67472.988 1.02299999999999999994
1  3.47e+03  0.1624907426 67472.988 1.02299999999999999994
1  3.63e+03  0.1679085264 67472.988 1.02299999999999999994
1  3.80e+03  0.1935908625 67472.988 1.02299999999999999994
1  3.98e+03  0.1669004416 67472.988 1.02299999999999999994
1  4.17e+03  0.1665752815 67472.988 1.02299999999999999994
1  4.37e+03  0.1863664916 67472.988 1.02299999999999999994
1  4.57e+03  0.1675551058 67472.988 1.02299999999999999994
1  4.79e+03  0.1533712175 67472.988 1.02299999999999999994
1  5.01e+03  0.17131377 67472.988 1.02299999999999999994
1  5.25e+03  0.1748250341 67472.988 1.02299999999999999994
1  5.50e+03  0.149190446 67472.988 1.02299999999999999994
1  5.75e+03  0.1526653148 67472.988 1.02299999999999999994
1  6.03e+03  0.1539250054 67472.988 1.02299999999999999994
1  6.31e+03  0.1407298746 67472.988 1.02299999999999999994
1  6.61e+03  0.3084082034 67472.988 1.02299999999999999994
1  6.92e+03  0.2650422563 67472.988 1.02299999999999999994
1  7.24e+03  0.1523349107 67472.988 1.02299999999999999994
1  7.59e+03  0.1795139063 67472.988 1.02299999999999999994
1  7.94e+03  0.1687682955 67472.988 1.02299999999999999994
1  8.32e+03  0.1855377487 67472.988 1.02299999999999999994
1  8.71e+03  0.2126382932 67472.988 1.02299999999999999994
1  9.12e+03  0.3634546321 67472.988 1.02299999999999999994
1  9.55e+03  0.1630434195 67472.988 1.02299999999999999994
1  1.00e+04  0.3245733501 67472.988 1.02299999999999999994
1  1.05e+04  0.1529666484 67472.988 1.02299999999999999994
1  1.10e+04  0.2516247409 67472.988 1.02299999999999999994
1  1.15e+04  0.1516279879 67472.988 1.02299999999999999994
1  1.20e+04  0.174719115 67472.988 1.02299999999999999994
1  1.26e+04  0.3654133101 67472.988 1.02299999999999999994
1  1.32e+04  0.1928808058 67472.988 1.02299999999999999994
1  1.38e+04  0.4220095201 67472.988 1.02299999999999999994
1  1.45e+04  0.2055137758 67472.988 1.02299999999999999994
1  1.51e+04  0.3354497706 67472.988 1.02299999999999999994
1  1.58e+04  0.1856732694 67472.988 1.02299999999999999994
1  1.66e+04  0.159281061 67472.988 1.02299999999999999994
1  1.74e+04  0.2407935343 67472.988 1.02299999999999999994
1  1.82e+04  0.35679828 67472.988 1.02299999999999999994
1  1.91e+04  0.5957909129 67472.988 1.02299999999999999994
1  2.00e+04  0.1838048614 67472.988 1.02299999999999999994
1  2.09e+04  0.238399229 67472.988 1.02299999999999999994
1  2.19e+04  0.6254785113 67472.988 1.02299999999999999994
1  2.29e+04  0.2286516014 67472.988 1.02299999999999999994
1  2.40e+04  0.2706461146 67472.988 1.02299999999999999994
1  2.51e+04  0.628889617 67472.988 1.02299999999999999994
1  2.63e+04  0.2296791771 67472.988 1.02299999999999999994
1  2.75e+04  0.3148286092 67472.988 1.02299999999999999994
1  2.88e+04  0.1760979181 67472.988 1.02299999999999999994
1  3.02e+04  0.4231702169 67472.988 1.02299999999999999994
1  3.16e+04  0.4748711829 67472.988 1.02299999999999999994
1  3.31e+04  0.3302508165 67472.988 1.02299999999999999994
1  3.47e+04  0.2570065562 67472.988 1.02299999999999999994
1  3.63e+04  0.3392780501 67472.988 1.02299999999999999994
1  3.80e+04  0.1942243271 67472.988 1.02299999999999999994
1  3.98e+04  0.593071911 67472.988 1.02299999999999999994
1  4.17e+04  0.2086769924 67472.988 1.02299999999999999994
1  4.37e+04  0.5684611902 67472.988 1.02299999999999999994
1  4.57e+04  0.3330228848 67472.988 1.02299999999999999994
1  4.79e+04  0.216632176 67472.988 1.02299999999999999994
1  5.01e+04  0.2578139095 67472.988 1.02299999999999999994
1  5.25e+04  0.3724136298 67472.988 1.02299999999999999994
1  5.50e+04  0.2078713004 67472.988 1.02299999999999999994
1  5.75e+04  0.3829164452 67472.988 1.02299999999999999994
1  6.03e+04  0.5622987765 67472.988 1.02299999999999999994
1  6.31e+04  0.2299606973 67472.988 1.02299999999999999994
1  6.61e+04  0.413221583 67472.988 1.02299999999999999994
1  6.92e+04  0.6053819993 67472.988 1.02299999999999999994
1  7.24e+04  0.2953686891 67472.988 1.02299999999999999994
1  7.59e+04  0.1865326639 67472.988 1.02299999999999999994
1  7.94e+04  0.3297270873 67472.988 1.02299999999999999994
1  8.32e+04  0.3235397181 67472.988 1.02299999999999999994
1  8.71e+04  0.2505423246 67472.988 1.02299999999999999994
1  9.12e+04  0.2426713655 67472.988 1.02299999999999999994
1  9.55e+04  0.2124390192 67472.988 1.02299999999999999994
1  1.00e+05  0.1794748097 67472.988 1.02299999999999999994
1  1.05e+05  0.2544366883 67472.988 1.02299999999999999994
1  1.10e+05  0.378035212 67472.988 1.02299999999999999994
1  1.15e+05  0.3893339587 67472.988 1.02299999999999999994
1  1.20e+05  0.2776581378 67472.988 1.02299999999999999994
1  1.26e+05  0.195904904 67472.988 1.02299999999999999994
1  1.32e+05  0.2556746454 67472.988 1.02299999999999999994
1  1.38e+05  0.4050026916 67472.988 1.02299999999999999994
1  1.45e+05  0.506335471 67472.988 1.02299999999999999994
1  1.51e+05  0.4807602166 67472.988 1.02299999999999999994
1  1.58e+05  0.3638821148 67472.988 1.02299999999999999994
1  1.66e+05  0.2527157873 67472.988 1.02299999999999999994
1  1.74e+05  0.2212720606 67472.988 1.02299999999999999994
1  1.82e+05  0.2772243285 67472.988 1.02299999999999999994
1  1.91e+05  0.3745603647 67472.988 1.02299999999999999994
1  2.00e+05  0.4541315945 67472.988 1.02299999999999999994
1  2.09e+05  0.4782623358 67472.988 1.02299999999999999994
1  2.19e+05  0.4429519436 67472.988 1.02299999999999999994
1  2.29e+05  0.3700497003 67472.988 1.02299999999999999994
1  2.40e+05  0.2907522402 67472.988 1.02299999999999999994
1  2.51e+05  0.2309739029 67472.988 1.02299999999999999994
1  2.63e+05  0.2037987491 67472.988 1.02299999999999999994
1  2.75e+05  0.2090918657 67472.988 1.02299999999999999994
1  2.88e+05  0.2375811025 67472.988 1.02299999999999999994
1  3.02e+05  0.2762867301 67472.988 1.02299999999999999994
1  3.16e+05  0.3130806309 67472.988 1.02299999999999999994
1  3.31e+05  0.3393964483 67472.988 1.02299999999999999994
1  3.47e+05  0.3510871104 67472.988 1.02299999999999999994
1  3.63e+05  0.3479461309 67472.988 1.02299999999999999994
1  3.80e+05  0.3325376334 67472.988 1.02299999999999999994
1  3.98e+05  0.3088731419 67472.988 1.02299999999999999994
1  4.17e+05  0.2812772594 67472.988 1.02299999999999999994
1  4.37e+05  0.2535955229 67472.988 1.02299999999999999994
1  4.57e+05  0.2287603762 67472.988 1.02299999999999999994
1  4.79e+05  0.2086532958 67472.988 1.02299999999999999994
1  5.01e+05  0.1941716375 67472.988 1.02299999999999999994
1  5.25e+05  0.1854107666 67472.988 1.02299999999999999994
1  5.50e+05  0.1818899717 67472.988 1.02299999999999999994
1  5.75e+05  0.1827733665 67472.988 1.02299999999999999994
1  6.03e+05  0.1870579071 67472.988 1.02299999999999999994
1  6.31e+05  0.1937168503 67472.988 1.02299999999999999994
1  6.61e+05  0.2024370808 67472.988 1.02299999999999999994
1  6.92e+05  0.2116797761 67472.988 1.02299999999999999994
1  7.24e+05  0.2207489259 67472.988 1.02299999999999999994
1  7.59e+05  0.2290596884 67472.988 1.02299999999999999994
1  7.94e+05  0.2362272659 67472.988 1.02299999999999999994
1  8.32e+05  0.2420367609 67472.988 1.02299999999999999994
1  8.71e+05  0.2464084936 67472.988 1.02299999999999999994
1  9.12e+05  0.249363811 67472.988 1.02299999999999999994
1  9.55e+05  0.2509943542 67472.988 1.02299999999999999994
1  1.00e+06  0.2514362131 67472.988 1.02299999999999999994
1  1.05e+06  0.250849362 67472.988 1.02299999999999999994
1  1.10e+06  0.2494021224 67472.988 1.02299999999999999994
1  1.15e+06  0.2472600518 67472.988 1.02299999999999999994
1  1.20e+06  0.2445785109 67472.988 1.02299999999999999994
1  1.26e+06  0.2414981436 67472.988 1.02299999999999999994
1  1.32e+06  0.2381425679 67472.988 1.02299999999999999994
1  1.38e+06  0.2346176701 67472.988 1.02299999999999999994
1  1.45e+06  0.2310120039 67472.988 1.02299999999999999994
1  1.51e+06  0.227397903 67472.988 1.02299999999999999994
1  1.58e+06  0.2238330074 67472.988 1.02299999999999999994
1  1.66e+06  0.2203619894 67472.988 1.02299999999999999994
1  1.74e+06  0.2171067422 67472.988 1.02299999999999999994
1  1.82e+06  0.2139099654 67472.988 1.02299999999999999994
1  1.91e+06  0.2108804068 67472.988 1.02299999999999999994
1  2.00e+06  0.2080278372 67472.988 1.02299999999999999994
1  2.09e+06  0.2053568234 67472.988 1.02299999999999999994
1  2.19e+06  0.2028678305 67472.988 1.02299999999999999994
1  2.29e+06  0.2005581607 67472.988 1.02299999999999999994
1  2.40e+06  0.1984227401 67472.988 1.02299999999999999994
1  2.51e+06  0.1964547705 67472.988 1.02299999999999999994
1  2.63e+06  0.1946462604 67472.988 1.02299999999999999994
1  2.75e+06  0.1929884533 67472.988 1.02299999999999999994
1  2.88e+06  0.1914721674 67472.988 1.02299999999999999994
1  3.02e+06  0.1900880608 67472.988 1.02299999999999999994
1  3.16e+06  0.1888268358 67472.988 1.02299999999999999994
1  3.31e+06  0.1876793906 67472.988 1.02299999999999999994
1  3.47e+06  0.1866652903 67472.988 1.02299999999999999994
1  3.63e+06  0.1857169459 67472.988 1.02299999999999999994
1  3.80e+06  0.1848574041 67472.988 1.02299999999999999994
1  3.98e+06  0.1840791518 67472.988 1.02299999999999999994
1  4.17e+06  0.183375158 67472.988 1.02299999999999999994
1  4.37e+06  0.1827388762 67472.988 1.02299999999999999994
1  4.57e+06  0.1821642372 67472.988 1.02299999999999999994
1  4.79e+06  0.181645635 67472.988 1.02299999999999999994
1  5.01e+06  0.1811779085 67472.988 1.02299999999999999994
1  5.25e+06  0.1807563188 67472.988 1.02299999999999999994
1  5.50e+06  0.1803765257 67472.988 1.02299999999999999994
1  5.75e+06  0.1800345625 67472.988 1.02299999999999999994
1  6.03e+06  0.1797268105 67472.988 1.02299999999999999994
1  6.31e+06  0.179449974 67472.988 1.02299999999999999994
1  6.61e+06  0.1792010561 67472.988 1.02299999999999999994
1  6.92e+06  0.1789841783 67472.988 1.02299999999999999994
1  7.24e+06  0.1787825486 67472.988 1.02299999999999999994
1  7.59e+06  0.1786014665 67472.988 1.02299999999999999994
1  7.94e+06  0.1784389004 67472.988 1.02299999999999999994
1  8.32e+06  0.1782930127 67472.988 1.02299999999999999994
1  8.71e+06  0.1781621417 67472.988 1.02299999999999999994
1  9.12e+06  0.1780447866 67472.988 1.02299999999999999994
1  9.55e+06  0.1779395917 67472.988 1.02299999999999999994
1  1.00e+07  0.1778453341 67472.988 1.02299999999999999994
