1  1.00e-03  0.1756802614  1.465458e-01 0.95799999999999999999
1  1.05e-03  0.175680263  1.465458e-01 0.95799999999999999999
1  1.10e-03  0.1756802637  1.465458e-01 0.95799999999999999999
1  1.15e-03  0.1756802707  1.465458e-01 0.95799999999999999999
1  1.20e-03  0.1756802649  1.465458e-01 0.95799999999999999999
1  1.26e-03  0.1756802636  1.465458e-01 0.95799999999999999999
1  1.32e-03  0.1756802672  1.465458e-01 0.95799999999999999999
1  1.38e-03  0.1756802661  1.465458e-01 0.95799999999999999999
1  1.45e-03  0.1756802644  1.465458e-01 0.95799999999999999999
1  1.51e-03  0.1756802642  1.465458e-01 0.95799999999999999999
1  1.58e-03  0.1756802614  1.465458e-01 0.95799999999999999999
1  1.66e-03  0.1756802646  1.465458e-01 0.95799999999999999999
1  1.74e-03  0.1756802628  1.465458e-01 0.95799999999999999999
1  1.82e-03  0.1756802626  1.465458e-01 0.95799999999999999999
1  1.91e-03  0.1756802665  1.465458e-01 0.95799999999999999999
1  2.00e-03  0.1756802652  1.465458e-01 0.95799999999999999999
1  2.09e-03  0.1756802664  1.465458e-01 0.95799999999999999999
1  2.19e-03  0.1756802638  1.465458e-01 0.95799999999999999999
1  2.29e-03  0.1756802634  1.465458e-01 0.95799999999999999999
1  2.40e-03  0.1756802634  1.465458e-01 0.95799999999999999999
1  2.51e-03  0.1756802611  1.465458e-01 0.95799999999999999999
1  2.63e-03  0.1756802642  1.465458e-01 0.95799999999999999999
1  2.75e-03  0.1756802664  1.465458e-01 0.95799999999999999999
1  2.88e-03  0.1756802729  1.465458e-01 0.95799999999999999999
1  3.02e-03  0.1756802617  1.465458e-01 0.95799999999999999999
1  3.16e-03  0.1756802765  1.465458e-01 0.95799999999999999999
1  3.31e-03  0.1756802692  1.465458e-01 0.95799999999999999999
1  3.47e-03  0.1756802722  1.465458e-01 0.95799999999999999999
1  3.63e-03  0.1756802596  1.465458e-01 0.95799999999999999999
1  3.80e-03  0.1756802702  1.465458e-01 0.95799999999999999999
1  3.98e-03  0.1756802687  1.465458e-01 0.95799999999999999999
1  4.17e-03  0.1756802694  1.465458e-01 0.95799999999999999999
1  4.37e-03  0.1756802628  1.465458e-01 0.95799999999999999999
1  4.57e-03  0.1756802636  1.465458e-01 0.95799999999999999999
1  4.79e-03  0.1756802684  1.465458e-01 0.95799999999999999999
1  5.01e-03  0.1756802731  1.465458e-01 0.95799999999999999999
1  5.25e-03  0.1756802609  1.465458e-01 0.95799999999999999999
1  5.50e-03  0.1756802647  1.465458e-01 0.95799999999999999999
1  5.75e-03  0.1756802595  1.465458e-01 0.95799999999999999999
1  6.03e-03  0.1756802634  1.465458e-01 0.95799999999999999999
1  6.31e-03  0.1756802809  1.465458e-01 0.95799999999999999999
1  6.61e-03  0.1756802636  1.465458e-01 0.95799999999999999999
1  6.92e-03  0.1756802661  1.465458e-01 0.95799999999999999999
1  7.24e-03  0.1756802644  1.465458e-01 0.95799999999999999999
1  7.59e-03  0.1756802601  1.465458e-01 0.95799999999999999999
1  7.94e-03  0.1756802816  1.465458e-01 0.95799999999999999999
1  8.32e-03  0.1756802457  1.465458e-01 0.95799999999999999999
1  8.71e-03  0.1756802553  1.465458e-01 0.95799999999999999999
1  9.12e-03  0.1756802513  1.465458e-01 0.95799999999999999999
1  9.55e-03  0.1756802614  1.465458e-01 0.95799999999999999999
1  1.00e-02  0.1756802287  1.465458e-01 0.95799999999999999999
1  1.05e-02  0.175680273  1.465458e-01 0.95799999999999999999
1  1.10e-02  0.175680262  1.465458e-01 0.95799999999999999999
1  1.15e-02  0.1756802841  1.465458e-01 0.95799999999999999999
1  1.20e-02  0.1756802828  1.465458e-01 0.95799999999999999999
1  1.26e-02  0.1756802531  1.465458e-01 0.95799999999999999999
1  1.32e-02  0.1756802861  1.465458e-01 0.95799999999999999999
1  1.38e-02  0.1756802857  1.465458e-01 0.95799999999999999999
1  1.45e-02  0.1756802894  1.465458e-01 0.95799999999999999999
1  1.51e-02  0.1756802896  1.465458e-01 0.95799999999999999999
1  1.58e-02  0.1756468444  1.465458e-01 0.95799999999999999999
1  1.66e-02  0.1756802611  1.465458e-01 0.95799999999999999999
1  1.74e-02  0.1756802915  1.465458e-01 0.95799999999999999999
1  1.82e-02  0.1756802715  1.465458e-01 0.95799999999999999999
1  1.91e-02  0.1756802848  1.465458e-01 0.95799999999999999999
1  2.00e-02  0.1756803462  1.465458e-01 0.95799999999999999999
1  2.09e-02  0.1756802951  1.465458e-01 0.95799999999999999999
1  2.19e-02  0.1756802537  1.465458e-01 0.95799999999999999999
1  2.29e-02  0.1756802709  1.465458e-01 0.95799999999999999999
1  2.40e-02  0.1756802924  1.465458e-01 0.95799999999999999999
1  2.51e-02  0.1756996147  1.465458e-01 0.95799999999999999999
1  2.63e-02  0.1756805462  1.465458e-01 0.95799999999999999999
1  2.75e-02  0.1756801476  1.465458e-01 0.95799999999999999999
1  2.88e-02  0.1756803324  1.465458e-01 0.95799999999999999999
1  3.02e-02  0.1756803536  1.465458e-01 0.95799999999999999999
1  3.16e-02  0.1756803741  1.465458e-01 0.95799999999999999999
1  3.31e-02  0.175680231  1.465458e-01 0.95799999999999999999
1  3.47e-02  0.1756802284  1.465458e-01 0.95799999999999999999
1  3.63e-02  0.1756802504  1.465458e-01 0.95799999999999999999
1  3.80e-02  0.1756801329  1.465458e-01 0.95799999999999999999
1  3.98e-02  0.1756804002  1.465458e-01 0.95799999999999999999
1  4.17e-02  0.1756790156  1.465458e-01 0.95799999999999999999
1  4.37e-02  0.1756801542  1.465458e-01 0.95799999999999999999
1  4.57e-02  0.1756796701  1.465458e-01 0.95799999999999999999
1  4.79e-02  0.1756802279  1.465458e-01 0.95799999999999999999
1  5.01e-02  0.1756802332  1.465458e-01 0.95799999999999999999
1  5.25e-02  0.1756801954  1.465458e-01 0.95799999999999999999
1  5.50e-02  0.1756802035  1.465458e-01 0.95799999999999999999
1  5.75e-02  0.1756801508  1.465458e-01 0.95799999999999999999
1  6.03e-02  0.1756801829  1.465458e-01 0.95799999999999999999
1  6.31e-02  0.1756801269  1.465458e-01 0.95799999999999999999
1  6.61e-02  0.175680208  1.465458e-01 0.95799999999999999999
1  6.92e-02  0.1756801468  1.465458e-01 0.95799999999999999999
1  7.24e-02  0.1756805404  1.465458e-01 0.95799999999999999999
1  7.59e-02  0.1756800953  1.465458e-01 0.95799999999999999999
1  7.94e-02  0.1756803398  1.465458e-01 0.95799999999999999999
1  8.32e-02  0.1756798233  1.465458e-01 0.95799999999999999999
1  8.71e-02  0.1756789263  1.465458e-01 0.95799999999999999999
1  9.12e-02  0.1756801964  1.465458e-01 0.95799999999999999999
1  9.55e-02  0.1756800965  1.465458e-01 0.95799999999999999999
1  1.00e-01  0.1756802427  1.465458e-01 0.95799999999999999999
1  1.05e-01  0.1756803609  1.465458e-01 0.95799999999999999999
1  1.10e-01  0.1756803249  1.465458e-01 0.95799999999999999999
1  1.15e-01  0.1756802183  1.465458e-01 0.95799999999999999999
1  1.20e-01  0.1756801153  1.465458e-01 0.95799999999999999999
1  1.26e-01  0.1756805106  1.465458e-01 0.95799999999999999999
1  1.32e-01  0.1756793789  1.465458e-01 0.95799999999999999999
1  1.38e-01  0.1756795644  1.465458e-01 0.95799999999999999999
1  1.45e-01  0.1756801351  1.465458e-01 0.95799999999999999999
1  1.51e-01  0.1756790782  1.465458e-01 0.95799999999999999999
1  1.58e-01  0.1756801597  1.465458e-01 0.95799999999999999999
1  1.66e-01  0.1756802006  1.465458e-01 0.95799999999999999999
1  1.74e-01  0.1756803631  1.465458e-01 0.95799999999999999999
1  1.82e-01  0.1756801532  1.465458e-01 0.95799999999999999999
1  1.91e-01  0.1756800714  1.465458e-01 0.95799999999999999999
1  2.00e-01  0.1756802078  1.465458e-01 0.95799999999999999999
1  2.09e-01  0.1756805902  1.465458e-01 0.95799999999999999999
1  2.19e-01  0.175680765  1.465458e-01 0.95799999999999999999
1  2.29e-01  0.1756809944  1.465458e-01 0.95799999999999999999
1  2.40e-01  0.1756807822  1.465458e-01 0.95799999999999999999
1  2.51e-01  0.1756801833  1.465458e-01 0.95799999999999999999
1  2.63e-01  0.1756807233  1.465458e-01 0.95799999999999999999
1  2.75e-01  0.1756764205  1.465458e-01 0.95799999999999999999
1  2.88e-01  0.1756804547  1.465458e-01 0.95799999999999999999
1  3.02e-01  0.1756801635  1.465458e-01 0.95799999999999999999
1  3.16e-01  0.1756795241  1.465458e-01 0.95799999999999999999
1  3.31e-01  0.1756809167  1.465458e-01 0.95799999999999999999
1  3.47e-01  0.1756805303  1.465458e-01 0.95799999999999999999
1  3.63e-01  0.1756810592  1.465458e-01 0.95799999999999999999
1  3.80e-01  0.1756806274  1.465458e-01 0.95799999999999999999
1  3.98e-01  0.1756807861  1.465458e-01 0.95799999999999999999
1  4.17e-01  0.1756804359  1.465458e-01 0.95799999999999999999
1  4.37e-01  0.1756813876  1.465458e-01 0.95799999999999999999
1  4.57e-01  0.1756812176  1.465458e-01 0.95799999999999999999
1  4.79e-01  0.1756821058  1.465458e-01 0.95799999999999999999
1  5.01e-01  0.175681675  1.465458e-01 0.95799999999999999999
1  5.25e-01  0.1756817508  1.465458e-01 0.95799999999999999999
1  5.50e-01  0.1756815681  1.465458e-01 0.95799999999999999999
1  5.75e-01  0.1756799509  1.465458e-01 0.95799999999999999999
1  6.03e-01  0.1756804242  1.465458e-01 0.95799999999999999999
1  6.31e-01  0.175681816  1.465458e-01 0.95799999999999999999
1  6.61e-01  0.1756801839  1.465458e-01 0.95799999999999999999
1  6.92e-01  0.1756808326  1.465458e-01 0.95799999999999999999
1  7.24e-01  0.1756803966  1.465458e-01 0.95799999999999999999
1  7.59e-01  0.175681973  1.465458e-01 0.95799999999999999999
1  7.94e-01  0.1756800431  1.465458e-01 0.95799999999999999999
1  8.32e-01  0.1756810028  1.465458e-01 0.95799999999999999999
1  8.71e-01  0.1756815265  1.465458e-01 0.95799999999999999999
1  9.12e-01  0.1756826915  1.465458e-01 0.95799999999999999999
1  9.55e-01  0.1756802158  1.465458e-01 0.95799999999999999999
1  1.00e+00  0.1756820226  1.465458e-01 0.95799999999999999999
1  1.05e+00  0.1756802522  1.465458e-01 0.95799999999999999999
1  1.10e+00  0.1756833134  1.465458e-01 0.95799999999999999999
1  1.15e+00  0.1756831397  1.465458e-01 0.95799999999999999999
1  1.20e+00  0.1756837071  1.465458e-01 0.95799999999999999999
1  1.26e+00  0.1756827106  1.465458e-01 0.95799999999999999999
1  1.32e+00  0.1756817791  1.465458e-01 0.95799999999999999999
1  1.38e+00  0.1756833392  1.465458e-01 0.95799999999999999999
1  1.45e+00  0.175682677  1.465458e-01 0.95799999999999999999
1  1.51e+00  0.1756800817  1.465458e-01 0.95799999999999999999
1  1.58e+00  0.1756854613  1.465458e-01 0.95799999999999999999
1  1.66e+00  0.1756846737  1.465458e-01 0.95799999999999999999
1  1.74e+00  0.1756854776  1.465458e-01 0.95799999999999999999
1  1.82e+00  0.1756801067  1.465458e-01 0.95799999999999999999
1  1.91e+00  0.1756805396  1.465458e-01 0.95799999999999999999
1  2.00e+00  0.1756839022  1.465458e-01 0.95799999999999999999
1  2.09e+00  0.1756787696  1.465458e-01 0.95799999999999999999
1  2.19e+00  0.1756802685  1.465458e-01 0.95799999999999999999
1  2.29e+00  0.1756852402  1.465458e-01 0.95799999999999999999
1  2.40e+00  0.175687362  1.465458e-01 0.95799999999999999999
1  2.51e+00  0.1756905007  1.465458e-01 0.95799999999999999999
1  2.63e+00  0.1756825655  1.465458e-01 0.95799999999999999999
1  2.75e+00  0.1756810029  1.465458e-01 0.95799999999999999999
1  2.88e+00  0.1756802499  1.465458e-01 0.95799999999999999999
1  3.02e+00  0.1756822808  1.465458e-01 0.95799999999999999999
1  3.16e+00  0.1756888352  1.465458e-01 0.95799999999999999999
1  3.31e+00  0.1756912503  1.465458e-01 0.95799999999999999999
1  3.47e+00  0.1756804422  1.465458e-01 0.95799999999999999999
1  3.63e+00  0.175691615  1.465458e-01 0.95799999999999999999
1  3.80e+00  0.1756852692  1.465458e-01 0.95799999999999999999
1  3.98e+00  0.1756838334  1.465458e-01 0.95799999999999999999
1  4.17e+00  0.1756881964  1.465458e-01 0.95799999999999999999
1  4.37e+00  0.175703275  1.465458e-01 0.95799999999999999999
1  4.57e+00  0.175707597  1.465458e-01 0.95799999999999999999
1  4.79e+00  0.1756926619  1.465458e-01 0.95799999999999999999
1  5.01e+00  0.175686918  1.465458e-01 0.95799999999999999999
1  5.25e+00  0.1756908847  1.465458e-01 0.95799999999999999999
1  5.50e+00  0.175704511  1.465458e-01 0.95799999999999999999
1  5.75e+00  0.1756830299  1.465458e-01 0.95799999999999999999
1  6.03e+00  0.1756821215  1.465458e-01 0.95799999999999999999
1  6.31e+00  0.1756978456  1.465458e-01 0.95799999999999999999
1  6.61e+00  0.1757012882  1.465458e-01 0.95799999999999999999
1  6.92e+00  0.1757013161  1.465458e-01 0.95799999999999999999
1  7.24e+00  0.1756848644  1.465458e-01 0.95799999999999999999
1  7.59e+00  0.1756829671  1.465458e-01 0.95799999999999999999
1  7.94e+00  0.1756683506  1.465458e-01 0.95799999999999999999
1  8.32e+00  0.1756862631  1.465458e-01 0.95799999999999999999
1  8.71e+00  0.1756882631  1.465458e-01 0.95799999999999999999
1  9.12e+00  0.1756918269  1.465458e-01 0.95799999999999999999
1  9.55e+00  0.1756957976  1.465458e-01 0.95799999999999999999
1  1.00e+01  0.1757206378  1.465458e-01 0.95799999999999999999
1  1.05e+01  0.1757113873  1.465458e-01 0.95799999999999999999
1  1.10e+01  0.175689198  1.465458e-01 0.95799999999999999999
1  1.15e+01  0.175685703  1.465458e-01 0.95799999999999999999
1  1.20e+01  0.175672479  1.465458e-01 0.95799999999999999999
1  1.26e+01  0.1757196107  1.465458e-01 0.95799999999999999999
1  1.32e+01  0.1756786569  1.465458e-01 0.95799999999999999999
1  1.38e+01  0.1756997522  1.465458e-01 0.95799999999999999999
1  1.45e+01  0.1756788669  1.465458e-01 0.95799999999999999999
1  1.51e+01  0.1757124673  1.465458e-01 0.95799999999999999999
1  1.58e+01  0.1757511343  1.465458e-01 0.95799999999999999999
1  1.66e+01  0.1756739181  1.465458e-01 0.95799999999999999999
1  1.74e+01  0.1757219134  1.465458e-01 0.95799999999999999999
1  1.82e+01  0.1757134402  1.465458e-01 0.95799999999999999999
1  1.91e+01  0.1757341765  1.465458e-01 0.95799999999999999999
1  2.00e+01  0.1757143939  1.465458e-01 0.95799999999999999999
1  2.09e+01  0.1757358225  1.465458e-01 0.95799999999999999999
1  2.19e+01  0.1756516694  1.465458e-01 0.95799999999999999999
1  2.29e+01  0.1757097144  1.465458e-01 0.95799999999999999999
1  2.40e+01  0.1756409254  1.465458e-01 0.95799999999999999999
1  2.51e+01  0.1757969227  1.465458e-01 0.95799999999999999999
1  2.63e+01  0.1756952382  1.465458e-01 0.95799999999999999999
1  2.75e+01  0.1758308982  1.465458e-01 0.95799999999999999999
1  2.88e+01  0.1756924034  1.465458e-01 0.95799999999999999999
1  3.02e+01  0.1756501248  1.465458e-01 0.95799999999999999999
1  3.16e+01  0.1758300064  1.465458e-01 0.95799999999999999999
1  3.31e+01  0.1757369773  1.465458e-01 0.95799999999999999999
1  3.47e+01  0.1757903172  1.465458e-01 0.95799999999999999999
1  3.63e+01  0.1758520117  1.465458e-01 0.95799999999999999999
1  3.80e+01  0.1755954507  1.465458e-01 0.95799999999999999999
1  3.98e+01  0.1756752442  1.465458e-01 0.95799999999999999999
1  4.17e+01  0.1757077227  1.465458e-01 0.95799999999999999999
1  4.37e+01  0.1757655288  1.465458e-01 0.95799999999999999999
1  4.57e+01  0.1755597239  1.465458e-01 0.95799999999999999999
1  4.79e+01  0.1759077056  1.465458e-01 0.95799999999999999999
1  5.01e+01  0.175765414  1.465458e-01 0.95799999999999999999
1  5.25e+01  0.1756952094  1.465458e-01 0.95799999999999999999
1  5.50e+01  0.1755437745  1.465458e-01 0.95799999999999999999
1  5.75e+01  0.1755959083  1.465458e-01 0.95799999999999999999
1  6.03e+01  0.1756752473  1.465458e-01 0.95799999999999999999
1  6.31e+01  0.1757509512  1.465458e-01 0.95799999999999999999
1  6.61e+01  0.1758041185  1.465458e-01 0.95799999999999999999
1  6.92e+01  0.1757530379  1.465458e-01 0.95799999999999999999
1  7.24e+01  0.1757387933  1.465458e-01 0.95799999999999999999
1  7.59e+01  0.17575733  1.465458e-01 0.95799999999999999999
1  7.94e+01  0.1757287038  1.465458e-01 0.95799999999999999999
1  8.32e+01  0.1758382299  1.465458e-01 0.95799999999999999999
1  8.71e+01  0.1757791123  1.465458e-01 0.95799999999999999999
1  9.12e+01  0.1757273442  1.465458e-01 0.95799999999999999999
1  9.55e+01  0.1757696859  1.465458e-01 0.95799999999999999999
1  1.00e+02  0.175764644  1.465458e-01 0.95799999999999999999
1  1.05e+02  0.1756987508  1.465458e-01 0.95799999999999999999
1  1.10e+02  0.1759241665  1.465458e-01 0.95799999999999999999
1  1.15e+02  0.1758720689  1.465458e-01 0.95799999999999999999
1  1.20e+02  0.1761827276  1.465458e-01 0.95799999999999999999
1  1.26e+02  0.1757210582  1.465458e-01 0.95799999999999999999
1  1.32e+02  0.1757669786  1.465458e-01 0.95799999999999999999
1  1.38e+02  0.1758985651  1.465458e-01 0.95799999999999999999
1  1.45e+02  0.1759509187  1.465458e-01 0.95799999999999999999
1  1.51e+02  0.1756668054  1.465458e-01 0.95799999999999999999
1  1.58e+02  0.1761139819  1.465458e-01 0.95799999999999999999
1  1.66e+02  0.1758073187  1.465458e-01 0.95799999999999999999
1  1.74e+02  0.176106306  1.465458e-01 0.95799999999999999999
1  1.82e+02  0.1761728398  1.465458e-01 0.95799999999999999999
1  1.91e+02  0.1759565482  1.465458e-01 0.95799999999999999999
1  2.00e+02  0.1758984692  1.465458e-01 0.95799999999999999999
1  2.09e+02  0.1761368192  1.465458e-01 0.95799999999999999999
1  2.19e+02  0.1762287146  1.465458e-01 0.95799999999999999999
1  2.29e+02  0.1759001284  1.465458e-01 0.95799999999999999999
1  2.40e+02  0.1757472095  1.465458e-01 0.95799999999999999999
1  2.51e+02  0.1758875172  1.465458e-01 0.95799999999999999999
1  2.63e+02  0.1756715014  1.465458e-01 0.95799999999999999999
1  2.75e+02  0.1765377424  1.465458e-01 0.95799999999999999999
1  2.88e+02  0.1758678669  1.465458e-01 0.95799999999999999999
1  3.02e+02  0.175796647  1.465458e-01 0.95799999999999999999
1  3.16e+02  0.1762232209  1.465458e-01 0.95799999999999999999
1  3.31e+02  0.1761217262  1.465458e-01 0.95799999999999999999
1  3.47e+02  0.1768057289  1.465458e-01 0.95799999999999999999
1  3.63e+02  0.1768581131  1.465458e-01 0.95799999999999999999
1  3.80e+02  0.1761619968  1.465458e-01 0.95799999999999999999
1  3.98e+02  0.1765316482  1.465458e-01 0.95799999999999999999
1  4.17e+02  0.1759146621  1.465458e-01 0.95799999999999999999
1  4.37e+02  0.1764600703  1.465458e-01 0.95799999999999999999
1  4.57e+02  0.1768725504  1.465458e-01 0.95799999999999999999
1  4.79e+02  0.176781016  1.465458e-01 0.95799999999999999999
1  5.01e+02  0.1765752062  1.465458e-01 0.95799999999999999999
1  5.25e+02  0.1773309486  1.465458e-01 0.95799999999999999999
1  5.50e+02  0.1755243031  1.465458e-01 0.95799999999999999999
1  5.75e+02  0.176876633  1.465458e-01 0.95799999999999999999
1  6.03e+02  0.1767871677  1.465458e-01 0.95799999999999999999
1  6.31e+02  0.1756487348  1.465458e-01 0.95799999999999999999
1  6.61e+02  0.1778066788  1.465458e-01 0.95799999999999999999
1  6.92e+02  0.1772770116  1.465458e-01 0.95799999999999999999
1  7.24e+02  0.1773580389  1.465458e-01 0.95799999999999999999
1  7.59e+02  0.1778644903  1.465458e-01 0.95799999999999999999
1  7.94e+02  0.1766520208  1.465458e-01 0.95799999999999999999
1  8.32e+02  0.175701513  1.465458e-01 0.95799999999999999999
1  8.71e+02  0.1757645438  1.465458e-01 0.95799999999999999999
1  9.12e+02  0.1769914805  1.465458e-01 0.95799999999999999999
1  9.55e+02  0.1778534784  1.465458e-01 0.95799999999999999999
1  1.00e+03  0.1771091218  1.465458e-01 0.95799999999999999999
1  1.05e+03  0.1751140658  1.465458e-01 0.95799999999999999999
1  1.10e+03  0.1776404664  1.465458e-01 0.95799999999999999999
1  1.15e+03  0.182147408  1.465458e-01 0.95799999999999999999
1  1.20e+03  0.1797304148  1.465458e-01 0.95799999999999999999
1  1.26e+03  0.1744539263  1.465458e-01 0.95799999999999999999
1  1.32e+03  0.1739793724  1.465458e-01 0.95799999999999999999
1  1.38e+03  0.1771647468  1.465458e-01 0.95799999999999999999
1  1.45e+03  0.1706605485  1.465458e-01 0.95799999999999999999
1  1.51e+03  0.1918848533  1.465458e-01 0.95799999999999999999
1  1.58e+03  0.187710494  1.465458e-01 0.95799999999999999999
1  1.66e+03  0.1803689498  1.465458e-01 0.95799999999999999999
1  1.74e+03  0.1805576332  1.465458e-01 0.95799999999999999999
1  1.82e+03  0.1854159491  1.465458e-01 0.95799999999999999999
1  1.91e+03  0.1580037676  1.465458e-01 0.95799999999999999999
1  2.00e+03  0.1742783382  1.465458e-01 0.95799999999999999999
1  2.09e+03  0.1498879198  1.465458e-01 0.95799999999999999999
1  2.19e+03  0.1508481429  1.465458e-01 0.95799999999999999999
1  2.29e+03  0.1623130748  1.465458e-01 0.95799999999999999999
1  2.40e+03  0.1629148326  1.465458e-01 0.95799999999999999999
1  2.51e+03  0.1819185513  1.465458e-01 0.95799999999999999999
1  2.63e+03  0.251546356  1.465458e-01 0.95799999999999999999
1  2.75e+03  0.179227336  1.465458e-01 0.95799999999999999999
1  2.88e+03  0.264626976  1.465458e-01 0.95799999999999999999
1  3.02e+03  0.2004896053  1.465458e-01 0.95799999999999999999
1  3.16e+03  0.1590128374  1.465458e-01 0.95799999999999999999
1  3.31e+03  0.1535153244  1.465458e-01 0.95799999999999999999
1  3.47e+03  0.1349635423  1.465458e-01 0.95799999999999999999
1  3.63e+03  0.1247625111  1.465458e-01 0.95799999999999999999
1  3.80e+03  0.1649450613  1.465458e-01 0.95799999999999999999
1  3.98e+03  0.1916938303  1.465458e-01 0.95799999999999999999
1  4.17e+03  0.09286537522  1.465458e-01 0.95799999999999999999
1  4.37e+03  0.1795685682  1.465458e-01 0.95799999999999999999
1  4.57e+03  0.08660749919  1.465458e-01 0.95799999999999999999
1  4.79e+03  0.1521847773  1.465458e-01 0.95799999999999999999
1  5.01e+03  0.1703201794  1.465458e-01 0.95799999999999999999
1  5.25e+03  0.1224121266  1.465458e-01 0.95799999999999999999
1  5.50e+03  0.08584638681  1.465458e-01 0.95799999999999999999
1  5.75e+03  0.09770334586  1.465458e-01 0.95799999999999999999
1  6.03e+03  0.09282321293  1.465458e-01 0.95799999999999999999
1  6.31e+03  0.1235014301  1.465458e-01 0.95799999999999999999
1  6.61e+03  0.2320922793  1.465458e-01 0.95799999999999999999
1  6.92e+03  0.2853376053  1.465458e-01 0.95799999999999999999
1  7.24e+03  0.1396747582  1.465458e-01 0.95799999999999999999
1  7.59e+03  0.2120602216  1.465458e-01 0.95799999999999999999
1  7.94e+03  0.2844462518  1.465458e-01 0.95799999999999999999
1  8.32e+03  0.1659342519  1.465458e-01 0.95799999999999999999
1  8.71e+03  0.3092591587  1.465458e-01 0.95799999999999999999
1  9.12e+03  0.2668474153  1.465458e-01 0.95799999999999999999
1  9.55e+03  0.1693164227  1.465458e-01 0.95799999999999999999
1  1.00e+04  0.3511156652  1.465458e-01 0.95799999999999999999
1  1.05e+04  0.3201609163  1.465458e-01 0.95799999999999999999
1  1.10e+04  0.2127978772  1.465458e-01 0.95799999999999999999
1  1.15e+04  0.1681851845  1.465458e-01 0.95799999999999999999
1  1.20e+04  0.2857710404  1.465458e-01 0.95799999999999999999
1  1.26e+04  0.3576409158  1.465458e-01 0.95799999999999999999
1  1.32e+04  0.3741961746  1.465458e-01 0.95799999999999999999
1  1.38e+04  0.4087952285  1.465458e-01 0.95799999999999999999
1  1.45e+04  0.3819251102  1.465458e-01 0.95799999999999999999
1  1.51e+04  0.4102699597  1.465458e-01 0.95799999999999999999
1  1.58e+04  0.3236882952  1.465458e-01 0.95799999999999999999
1  1.66e+04  0.3168181986  1.465458e-01 0.95799999999999999999
1  1.74e+04  0.2349953478  1.465458e-01 0.95799999999999999999
1  1.82e+04  0.2798739688  1.465458e-01 0.95799999999999999999
1  1.91e+04  0.3909759704  1.465458e-01 0.95799999999999999999
1  2.00e+04  0.4513627142  1.465458e-01 0.95799999999999999999
1  2.09e+04  0.261127665  1.465458e-01 0.95799999999999999999
1  2.19e+04  0.2735065693  1.465458e-01 0.95799999999999999999
1  2.29e+04  0.5160076911  1.465458e-01 0.95799999999999999999
1  2.40e+04  0.2563142387  1.465458e-01 0.95799999999999999999
1  2.51e+04  0.3029982811  1.465458e-01 0.95799999999999999999
1  2.63e+04  0.5189790951  1.465458e-01 0.95799999999999999999
1  2.75e+04  0.2272636422  1.465458e-01 0.95799999999999999999
1  2.88e+04  0.5229505724  1.465458e-01 0.95799999999999999999
1  3.02e+04  0.2397994087  1.465458e-01 0.95799999999999999999
1  3.16e+04  0.478237122  1.465458e-01 0.95799999999999999999
1  3.31e+04  0.2655979807  1.465458e-01 0.95799999999999999999
1  3.47e+04  0.5320571535  1.465458e-01 0.95799999999999999999
1  3.63e+04  0.2038533031  1.465458e-01 0.95799999999999999999
1  3.80e+04  0.5232087286  1.465458e-01 0.95799999999999999999
1  3.98e+04  0.249621967  1.465458e-01 0.95799999999999999999
1  4.17e+04  0.4622864891  1.465458e-01 0.95799999999999999999
1  4.37e+04  0.3892666202  1.465458e-01 0.95799999999999999999
1  4.57e+04  0.2300425673  1.465458e-01 0.95799999999999999999
1  4.79e+04  0.4854627223  1.465458e-01 0.95799999999999999999
1  5.01e+04  0.3748149718  1.465458e-01 0.95799999999999999999
1  5.25e+04  0.2008067325  1.465458e-01 0.95799999999999999999
1  5.50e+04  0.4971539617  1.465458e-01 0.95799999999999999999
1  5.75e+04  0.3970755256  1.465458e-01 0.95799999999999999999
1  6.03e+04  0.2057532137  1.465458e-01 0.95799999999999999999
1  6.31e+04  0.4664655758  1.465458e-01 0.95799999999999999999
1  6.61e+04  0.4492530781  1.465458e-01 0.95799999999999999999
1  6.92e+04  0.2084056674  1.465458e-01 0.95799999999999999999
1  7.24e+04  0.2609019495  1.465458e-01 0.95799999999999999999
1  7.59e+04  0.4180629942  1.465458e-01 0.95799999999999999999
1  7.94e+04  0.3934630501  1.465458e-01 0.95799999999999999999
1  8.32e+04  0.2562381387  1.465458e-01 0.95799999999999999999
1  8.71e+04  0.1873410246  1.465458e-01 0.95799999999999999999
1  9.12e+04  0.2650353821  1.465458e-01 0.95799999999999999999
1  9.55e+04  0.3956375873  1.465458e-01 0.95799999999999999999
1  1.00e+05  0.4123901715  1.465458e-01 0.95799999999999999999
1  1.05e+05  0.2906916152  1.465458e-01 0.95799999999999999999
1  1.10e+05  0.1839584489  1.465458e-01 0.95799999999999999999
1  1.15e+05  0.2220788831  1.465458e-01 0.95799999999999999999
1  1.20e+05  0.3580041032  1.465458e-01 0.95799999999999999999
1  1.26e+05  0.4435818458  1.465458e-01 0.95799999999999999999
1  1.32e+05  0.4000042048  1.465458e-01 0.95799999999999999999
1  1.38e+05  0.280096998  1.465458e-01 0.95799999999999999999
1  1.45e+05  0.1924926405  1.465458e-01 0.95799999999999999999
1  1.51e+05  0.1985023133  1.465458e-01 0.95799999999999999999
1  1.58e+05  0.2770304444  1.465458e-01 0.95799999999999999999
1  1.66e+05  0.3614847223  1.465458e-01 0.95799999999999999999
1  1.74e+05  0.3962751553  1.465458e-01 0.95799999999999999999
1  1.82e+05  0.3676463196  1.465458e-01 0.95799999999999999999
1  1.91e+05  0.2992098905  1.465458e-01 0.95799999999999999999
1  2.00e+05  0.2283981894  1.465458e-01 0.95799999999999999999
1  2.09e+05  0.1841337838  1.465458e-01 0.95799999999999999999
1  2.19e+05  0.1765559479  1.465458e-01 0.95799999999999999999
1  2.29e+05  0.1988048745  1.465458e-01 0.95799999999999999999
1  2.40e+05  0.2351639882  1.465458e-01 0.95799999999999999999
1  2.51e+05  0.2695852896  1.465458e-01 0.95799999999999999999
1  2.63e+05  0.2911441738  1.465458e-01 0.95799999999999999999
1  2.75e+05  0.2957254459  1.465458e-01 0.95799999999999999999
1  2.88e+05  0.2849409624  1.465458e-01 0.95799999999999999999
1  3.02e+05  0.2637815858  1.465458e-01 0.95799999999999999999
1  3.16e+05  0.2382356825  1.465458e-01 0.95799999999999999999
1  3.31e+05  0.2135572855  1.465458e-01 0.95799999999999999999
1  3.47e+05  0.1933693209  1.465458e-01 0.95799999999999999999
1  3.63e+05  0.1794753838  1.465458e-01 0.95799999999999999999
1  3.80e+05  0.1721280265  1.465458e-01 0.95799999999999999999
1  3.98e+05  0.1705038662  1.465458e-01 0.95799999999999999999
1  4.17e+05  0.1732003559  1.465458e-01 0.95799999999999999999
1  4.37e+05  0.1786472935  1.465458e-01 0.95799999999999999999
1  4.57e+05  0.1853915459  1.465458e-01 0.95799999999999999999
1  4.79e+05  0.1922568672  1.465458e-01 0.95799999999999999999
1  5.01e+05  0.1984032028  1.465458e-01 0.95799999999999999999
1  5.25e+05  0.2033170016  1.465458e-01 0.95799999999999999999
1  5.50e+05  0.2067619267  1.465458e-01 0.95799999999999999999
1  5.75e+05  0.2087129494  1.465458e-01 0.95799999999999999999
1  6.03e+05  0.2092894219  1.465458e-01 0.95799999999999999999
1  6.31e+05  0.2086961799  1.465458e-01 0.95799999999999999999
1  6.61e+05  0.2071436042  1.465458e-01 0.95799999999999999999
1  6.92e+05  0.2048733448  1.465458e-01 0.95799999999999999999
1  7.24e+05  0.2021823187  1.465458e-01 0.95799999999999999999
1  7.59e+05  0.1992529121  1.465458e-01 0.95799999999999999999
1  7.94e+05  0.1962482275  1.465458e-01 0.95799999999999999999
1  8.32e+05  0.193294828  1.465458e-01 0.95799999999999999999
1  8.71e+05  0.1904852243  1.465458e-01 0.95799999999999999999
1  9.12e+05  0.1878821312  1.465458e-01 0.95799999999999999999
1  9.55e+05  0.1855234705  1.465458e-01 0.95799999999999999999
1  1.00e+06  0.1834274382  1.465458e-01 0.95799999999999999999
1  1.05e+06  0.1815972135  1.465458e-01 0.95799999999999999999
1  1.10e+06  0.1800250862  1.465458e-01 0.95799999999999999999
1  1.15e+06  0.1786959113  1.465458e-01 0.95799999999999999999
1  1.20e+06  0.1775898906  1.465458e-01 0.95799999999999999999
1  1.26e+06  0.1766847332  1.465458e-01 0.95799999999999999999
1  1.32e+06  0.1759572718  1.465458e-01 0.95799999999999999999
1  1.38e+06  0.1753846229  1.465458e-01 0.95799999999999999999
1  1.45e+06  0.174944979  1.465458e-01 0.95799999999999999999
1  1.51e+06  0.1746181096  1.465458e-01 0.95799999999999999999
1  1.58e+06  0.1743885339  1.465458e-01 0.95799999999999999999
1  1.66e+06  0.1742338205  1.465458e-01 0.95799999999999999999
1  1.74e+06  0.1741427258  1.465458e-01 0.95799999999999999999
1  1.82e+06  0.1741027403  1.465458e-01 0.95799999999999999999
1  1.91e+06  0.1741031353  1.465458e-01 0.95799999999999999999
1  2.00e+06  0.1741348093  1.465458e-01 0.95799999999999999999
1  2.09e+06  0.174190121  1.465458e-01 0.95799999999999999999
1  2.19e+06  0.1742627207  1.465458e-01 0.95799999999999999999
1  2.29e+06  0.1743473864  1.465458e-01 0.95799999999999999999
1  2.40e+06  0.1744398702  1.465458e-01 0.95799999999999999999
1  2.51e+06  0.1745367577  1.465458e-01 0.95799999999999999999
1  2.63e+06  0.1746353403  1.465458e-01 0.95799999999999999999
1  2.75e+06  0.1747335032  1.465458e-01 0.95799999999999999999
1  2.88e+06  0.1748296264  1.465458e-01 0.95799999999999999999
1  3.02e+06  0.1749224984  1.465458e-01 0.95799999999999999999
1  3.16e+06  0.1750119704  1.465458e-01 0.95799999999999999999
1  3.31e+06  0.1750959208  1.465458e-01 0.95799999999999999999
1  3.47e+06  0.1751747614  1.465458e-01 0.95799999999999999999
1  3.63e+06  0.1752482815  1.465458e-01 0.95799999999999999999
1  3.80e+06  0.1753164076  1.465458e-01 0.95799999999999999999
1  3.98e+06  0.1753791727  1.465458e-01 0.95799999999999999999
1  4.17e+06  0.1754366903  1.465458e-01 0.95799999999999999999
1  4.37e+06  0.1754891339  1.465458e-01 0.95799999999999999999
1  4.57e+06  0.1755367198  1.465458e-01 0.95799999999999999999
1  4.79e+06  0.1755796941  1.465458e-01 0.95799999999999999999
1  5.01e+06  0.1756183209  1.465458e-01 0.95799999999999999999
1  5.25e+06  0.1756528743  1.465458e-01 0.95799999999999999999
1  5.50e+06  0.1756836316  1.465458e-01 0.95799999999999999999
1  5.75e+06  0.1757108679  1.465458e-01 0.95799999999999999999
1  6.03e+06  0.1757348525  1.465458e-01 0.95799999999999999999
1  6.31e+06  0.1757560302  1.465458e-01 0.95799999999999999999
1  6.61e+06  0.1757742652  1.465458e-01 0.95799999999999999999
1  6.92e+06  0.1757899967  1.465458e-01 0.95799999999999999999
1  7.24e+06  0.1758034485  1.465458e-01 0.95799999999999999999
1  7.59e+06  0.1758148308  1.465458e-01 0.95799999999999999999
1  7.94e+06  0.1758243401  1.465458e-01 0.95799999999999999999
1  8.32e+06  0.1758321592  1.465458e-01 0.95799999999999999999
1  8.71e+06  0.1758384575  1.465458e-01 0.95799999999999999999
1  9.12e+06  0.1758433919  1.465458e-01 0.95799999999999999999
1  9.55e+06  0.1758471064  1.465458e-01 0.95799999999999999999
1  1.00e+07  0.1758497337  1.465458e-01 0.95799999999999999999
