1  1.00e-03  0.1758963797 -10.03408 0.95199999999999999998
1  1.05e-03  0.1758963864 -10.03408 0.95199999999999999998
1  1.10e-03  0.175896384 -10.03408 0.95199999999999999998
1  1.15e-03  0.1758963858 -10.03408 0.95199999999999999998
1  1.20e-03  0.1758963702 -10.03408 0.95199999999999999998
1  1.26e-03  0.1758963827 -10.03408 0.95199999999999999998
1  1.32e-03  0.1758963855 -10.03408 0.95199999999999999998
1  1.38e-03  0.1758963895 -10.03408 0.95199999999999999998
1  1.45e-03  0.1758963842 -10.03408 0.95199999999999999998
1  1.51e-03  0.1758963904 -10.03408 0.95199999999999999998
1  1.58e-03  0.1758963849 -10.03408 0.95199999999999999998
1  1.66e-03  0.1758963857 -10.03408 0.95199999999999999998
1  1.74e-03  0.1758963834 -10.03408 0.95199999999999999998
1  1.82e-03  0.1758963836 -10.03408 0.95199999999999999998
1  1.91e-03  0.1758963934 -10.03408 0.95199999999999999998
1  2.00e-03  0.1758963928 -10.03408 0.95199999999999999998
1  2.09e-03  0.1758963905 -10.03408 0.95199999999999999998
1  2.19e-03  0.1758963854 -10.03408 0.95199999999999999998
1  2.29e-03  0.1758963898 -10.03408 0.95199999999999999998
1  2.40e-03  0.1758963814 -10.03408 0.95199999999999999998
1  2.51e-03  0.1758963809 -10.03408 0.95199999999999999998
1  2.63e-03  0.1758963851 -10.03408 0.95199999999999999998
1  2.75e-03  0.1758963953 -10.03408 0.95199999999999999998
1  2.88e-03  0.1758963943 -10.03408 0.95199999999999999998
1  3.02e-03  0.1758963859 -10.03408 0.95199999999999999998
1  3.16e-03  0.1758963993 -10.03408 0.95199999999999999998
1  3.31e-03  0.1758963865 -10.03408 0.95199999999999999998
1  3.47e-03  0.1758963971 -10.03408 0.95199999999999999998
1  3.63e-03  0.1758963972 -10.03408 0.95199999999999999998
1  3.80e-03  0.1758964239 -10.03408 0.95199999999999999998
1  3.98e-03  0.1758963968 -10.03408 0.95199999999999999998
1  4.17e-03  0.1758963385 -10.03408 0.95199999999999999998
1  4.37e-03  0.1758963825 -10.03408 0.95199999999999999998
1  4.57e-03  0.1758963849 -10.03408 0.95199999999999999998
1  4.79e-03  0.175896404 -10.03408 0.95199999999999999998
1  5.01e-03  0.1758963981 -10.03408 0.95199999999999999998
1  5.25e-03  0.175896381 -10.03408 0.95199999999999999998
1  5.50e-03  0.1758963973 -10.03408 0.95199999999999999998
1  5.75e-03  0.1758963962 -10.03408 0.95199999999999999998
1  6.03e-03  0.1758963772 -10.03408 0.95199999999999999998
1  6.31e-03  0.1758964014 -10.03408 0.95199999999999999998
1  6.61e-03  0.1758963737 -10.03408 0.95199999999999999998
1  6.92e-03  0.1758963975 -10.03408 0.95199999999999999998
1  7.24e-03  0.1758964043 -10.03408 0.95199999999999999998
1  7.59e-03  0.1758963742 -10.03408 0.95199999999999999998
1  7.94e-03  0.1758964151 -10.03408 0.95199999999999999998
1  8.32e-03  0.1758963786 -10.03408 0.95199999999999999998
1  8.71e-03  0.1758963741 -10.03408 0.95199999999999999998
1  9.12e-03  0.1758963967 -10.03408 0.95199999999999999998
1  9.55e-03  0.1758964109 -10.03408 0.95199999999999999998
1  1.00e-02  0.1758963682 -10.03408 0.95199999999999999998
1  1.05e-02  0.1758964232 -10.03408 0.95199999999999999998
1  1.10e-02  0.1758763897 -10.03408 0.95199999999999999998
1  1.15e-02  0.1758964165 -10.03408 0.95199999999999999998
1  1.20e-02  0.17589641 -10.03408 0.95199999999999999998
1  1.26e-02  0.1758963602 -10.03408 0.95199999999999999998
1  1.32e-02  0.1758964313 -10.03408 0.95199999999999999998
1  1.38e-02  0.1758964359 -10.03408 0.95199999999999999998
1  1.45e-02  0.1758964315 -10.03408 0.95199999999999999998
1  1.51e-02  0.1758964461 -10.03408 0.95199999999999999998
1  1.58e-02  0.1758964173 -10.03408 0.95199999999999999998
1  1.66e-02  0.1758963701 -10.03408 0.95199999999999999998
1  1.74e-02  0.1758964565 -10.03408 0.95199999999999999998
1  1.82e-02  0.1758963767 -10.03408 0.95199999999999999998
1  1.91e-02  0.1758960027 -10.03408 0.95199999999999999998
1  2.00e-02  0.1758964113 -10.03408 0.95199999999999999998
1  2.09e-02  0.1758964344 -10.03408 0.95199999999999999998
1  2.19e-02  0.1758963744 -10.03408 0.95199999999999999998
1  2.29e-02  0.1758963552 -10.03408 0.95199999999999999998
1  2.40e-02  0.1758952688 -10.03408 0.95199999999999999998
1  2.51e-02  0.1758964151 -10.03408 0.95199999999999999998
1  2.63e-02  0.1758963943 -10.03408 0.95199999999999999998
1  2.75e-02  0.1758960263 -10.03408 0.95199999999999999998
1  2.88e-02  0.1758962782 -10.03408 0.95199999999999999998
1  3.02e-02  0.1758964366 -10.03408 0.95199999999999999998
1  3.16e-02  0.1758963142 -10.03408 0.95199999999999999998
1  3.31e-02  0.1758962786 -10.03408 0.95199999999999999998
1  3.47e-02  0.1758962693 -10.03408 0.95199999999999999998
1  3.63e-02  0.1758963694 -10.03408 0.95199999999999999998
1  3.80e-02  0.1758962216 -10.03408 0.95199999999999999998
1  3.98e-02  0.1758963623 -10.03408 0.95199999999999999998
1  4.17e-02  0.1758963888 -10.03408 0.95199999999999999998
1  4.37e-02  0.1758965022 -10.03408 0.95199999999999999998
1  4.57e-02  0.1758963517 -10.03408 0.95199999999999999998
1  4.79e-02  0.1758960135 -10.03408 0.95199999999999999998
1  5.01e-02  0.1758959988 -10.03408 0.95199999999999999998
1  5.25e-02  0.1758962082 -10.03408 0.95199999999999999998
1  5.50e-02  0.1758961143 -10.03408 0.95199999999999999998
1  5.75e-02  0.1758962092 -10.03408 0.95199999999999999998
1  6.03e-02  0.17589648 -10.03408 0.95199999999999999998
1  6.31e-02  0.1758964241 -10.03408 0.95199999999999999998
1  6.61e-02  0.1758962391 -10.03408 0.95199999999999999998
1  6.92e-02  0.1758965783 -10.03408 0.95199999999999999998
1  7.24e-02  0.1758963057 -10.03408 0.95199999999999999998
1  7.59e-02  0.1758964954 -10.03408 0.95199999999999999998
1  7.94e-02  0.1758962786 -10.03408 0.95199999999999999998
1  8.32e-02  0.1758966812 -10.03408 0.95199999999999999998
1  8.71e-02  0.1758965725 -10.03408 0.95199999999999999998
1  9.12e-02  0.1758961666 -10.03408 0.95199999999999999998
1  9.55e-02  0.1758965098 -10.03408 0.95199999999999999998
1  1.00e-01  0.1759155797 -10.03408 0.95199999999999999998
1  1.05e-01  0.1758961275 -10.03408 0.95199999999999999998
1  1.10e-01  0.1758959446 -10.03408 0.95199999999999999998
1  1.15e-01  0.1758965028 -10.03408 0.95199999999999999998
1  1.20e-01  0.1758967423 -10.03408 0.95199999999999999998
1  1.26e-01  0.1758962127 -10.03408 0.95199999999999999998
1  1.32e-01  0.17589658 -10.03408 0.95199999999999999998
1  1.38e-01  0.175896497 -10.03408 0.95199999999999999998
1  1.45e-01  0.1758968073 -10.03408 0.95199999999999999998
1  1.51e-01  0.1758967855 -10.03408 0.95199999999999999998
1  1.58e-01  0.1758967312 -10.03408 0.95199999999999999998
1  1.66e-01  0.1758969135 -10.03408 0.95199999999999999998
1  1.74e-01  0.1758962178 -10.03408 0.95199999999999999998
1  1.82e-01  0.1758958059 -10.03408 0.95199999999999999998
1  1.91e-01  0.1758963073 -10.03408 0.95199999999999999998
1  2.00e-01  0.1758961368 -10.03408 0.95199999999999999998
1  2.09e-01  0.1758971722 -10.03408 0.95199999999999999998
1  2.19e-01  0.1758972525 -10.03408 0.95199999999999999998
1  2.29e-01  0.1758969141 -10.03408 0.95199999999999999998
1  2.40e-01  0.1758973588 -10.03408 0.95199999999999999998
1  2.51e-01  0.1758951891 -10.03408 0.95199999999999999998
1  2.63e-01  0.1758975432 -10.03408 0.95199999999999999998
1  2.75e-01  0.1758976398 -10.03408 0.95199999999999999998
1  2.88e-01  0.1758975563 -10.03408 0.95199999999999999998
1  3.02e-01  0.175897979 -10.03408 0.95199999999999999998
1  3.16e-01  0.1758974582 -10.03408 0.95199999999999999998
1  3.31e-01  0.1758959312 -10.03408 0.95199999999999999998
1  3.47e-01  0.175896927 -10.03408 0.95199999999999999998
1  3.63e-01  0.175967089 -10.03408 0.95199999999999999998
1  3.80e-01  0.1758952654 -10.03408 0.95199999999999999998
1  3.98e-01  0.1758963482 -10.03408 0.95199999999999999998
1  4.17e-01  0.1758981327 -10.03408 0.95199999999999999998
1  4.37e-01  0.1758966124 -10.03408 0.95199999999999999998
1  4.57e-01  0.1758984274 -10.03408 0.95199999999999999998
1  4.79e-01  0.1758985286 -10.03408 0.95199999999999999998
1  5.01e-01  0.1758976273 -10.03408 0.95199999999999999998
1  5.25e-01  0.1758970991 -10.03408 0.95199999999999999998
1  5.50e-01  0.1758961745 -10.03408 0.95199999999999999998
1  5.75e-01  0.1758972932 -10.03408 0.95199999999999999998
1  6.03e-01  0.1758964263 -10.03408 0.95199999999999999998
1  6.31e-01  0.1758989774 -10.03408 0.95199999999999999998
1  6.61e-01  0.1758936943 -10.03408 0.95199999999999999998
1  6.92e-01  0.1758978131 -10.03408 0.95199999999999999998
1  7.24e-01  0.1758976282 -10.03408 0.95199999999999999998
1  7.59e-01  0.1758998405 -10.03408 0.95199999999999999998
1  7.94e-01  0.1759004248 -10.03408 0.95199999999999999998
1  8.32e-01  0.1758997041 -10.03408 0.95199999999999999998
1  8.71e-01  0.1758962093 -10.03408 0.95199999999999999998
1  9.12e-01  0.1758995456 -10.03408 0.95199999999999999998
1  9.55e-01  0.1758970237 -10.03408 0.95199999999999999998
1  1.00e+00  0.1759017473 -10.03408 0.95199999999999999998
1  1.05e+00  0.1759017863 -10.03408 0.95199999999999999998
1  1.10e+00  0.1758866296 -10.03408 0.95199999999999999998
1  1.15e+00  0.1759019453 -10.03408 0.95199999999999999998
1  1.20e+00  0.1758970786 -10.03408 0.95199999999999999998
1  1.26e+00  0.1758975147 -10.03408 0.95199999999999999998
1  1.32e+00  0.1758954445 -10.03408 0.95199999999999999998
1  1.38e+00  0.175898714 -10.03408 0.95199999999999999998
1  1.45e+00  0.1758983173 -10.03408 0.95199999999999999998
1  1.51e+00  0.1758984712 -10.03408 0.95199999999999999998
1  1.58e+00  0.1759048058 -10.03408 0.95199999999999999998
1  1.66e+00  0.1758967118 -10.03408 0.95199999999999999998
1  1.74e+00  0.175903619 -10.03408 0.95199999999999999998
1  1.82e+00  0.1759118985 -10.03408 0.95199999999999999998
1  1.91e+00  0.17590321 -10.03408 0.95199999999999999998
1  2.00e+00  0.1759013219 -10.03408 0.95199999999999999998
1  2.09e+00  0.1759071857 -10.03408 0.95199999999999999998
1  2.19e+00  0.1758990977 -10.03408 0.95199999999999999998
1  2.29e+00  0.1758961812 -10.03408 0.95199999999999999998
1  2.40e+00  0.1759065332 -10.03408 0.95199999999999999998
1  2.51e+00  0.17590009 -10.03408 0.95199999999999999998
1  2.63e+00  0.1759042552 -10.03408 0.95199999999999999998
1  2.75e+00  0.1759082459 -10.03408 0.95199999999999999998
1  2.88e+00  0.1758969269 -10.03408 0.95199999999999999998
1  3.02e+00  0.1758962678 -10.03408 0.95199999999999999998
1  3.16e+00  0.1759124769 -10.03408 0.95199999999999999998
1  3.31e+00  0.1759056913 -10.03408 0.95199999999999999998
1  3.47e+00  0.1759093314 -10.03408 0.95199999999999999998
1  3.63e+00  0.1759161257 -10.03408 0.95199999999999999998
1  3.80e+00  0.1758915561 -10.03408 0.95199999999999999998
1  3.98e+00  0.1759000784 -10.03408 0.95199999999999999998
1  4.17e+00  0.1759101677 -10.03408 0.95199999999999999998
1  4.37e+00  0.1759003371 -10.03408 0.95199999999999999998
1  4.57e+00  0.175878287 -10.03408 0.95199999999999999998
1  4.79e+00  0.1759138433 -10.03408 0.95199999999999999998
1  5.01e+00  0.1758968565 -10.03408 0.95199999999999999998
1  5.25e+00  0.1759213121 -10.03408 0.95199999999999999998
1  5.50e+00  0.175925433 -10.03408 0.95199999999999999998
1  5.75e+00  0.1758981263 -10.03408 0.95199999999999999998
1  6.03e+00  0.1759244588 -10.03408 0.95199999999999999998
1  6.31e+00  0.1759036828 -10.03408 0.95199999999999999998
1  6.61e+00  0.1759314293 -10.03408 0.95199999999999999998
1  6.92e+00  0.1759015167 -10.03408 0.95199999999999999998
1  7.24e+00  0.175934923 -10.03408 0.95199999999999999998
1  7.59e+00  0.1759335453 -10.03408 0.95199999999999999998
1  7.94e+00  0.1759290193 -10.03408 0.95199999999999999998
1  8.32e+00  0.1759368839 -10.03408 0.95199999999999999998
1  8.71e+00  0.1759349496 -10.03408 0.95199999999999999998
1  9.12e+00  0.1759365597 -10.03408 0.95199999999999999998
1  9.55e+00  0.1759053342 -10.03408 0.95199999999999999998
1  1.00e+01  0.1759226653 -10.03408 0.95199999999999999998
1  1.05e+01  0.1759248319 -10.03408 0.95199999999999999998
1  1.10e+01  0.1759419905 -10.03408 0.95199999999999999998
1  1.15e+01  0.1758973791 -10.03408 0.95199999999999999998
1  1.20e+01  0.1759240328 -10.03408 0.95199999999999999998
1  1.26e+01  0.1759375896 -10.03408 0.95199999999999999998
1  1.32e+01  0.1759096853 -10.03408 0.95199999999999999998
1  1.38e+01  0.1759537826 -10.03408 0.95199999999999999998
1  1.45e+01  0.1759219015 -10.03408 0.95199999999999999998
1  1.51e+01  0.1759258461 -10.03408 0.95199999999999999998
1  1.58e+01  0.1759085342 -10.03408 0.95199999999999999998
1  1.66e+01  0.1759805169 -10.03408 0.95199999999999999998
1  1.74e+01  0.1759852207 -10.03408 0.95199999999999999998
1  1.82e+01  0.1759810484 -10.03408 0.95199999999999999998
1  1.91e+01  0.1759806988 -10.03408 0.95199999999999999998
1  2.00e+01  0.1761620406 -10.03408 0.95199999999999999998
1  2.09e+01  0.1757942246 -10.03408 0.95199999999999999998
1  2.19e+01  0.1760054324 -10.03408 0.95199999999999999998
1  2.29e+01  0.1759972629 -10.03408 0.95199999999999999998
1  2.40e+01  0.1758631211 -10.03408 0.95199999999999999998
1  2.51e+01  0.175989802 -10.03408 0.95199999999999999998
1  2.63e+01  0.1760782488 -10.03408 0.95199999999999999998
1  2.75e+01  0.1758963 -10.03408 0.95199999999999999998
1  2.88e+01  0.1760323849 -10.03408 0.95199999999999999998
1  3.02e+01  0.1760094817 -10.03408 0.95199999999999999998
1  3.16e+01  0.1760761509 -10.03408 0.95199999999999999998
1  3.31e+01  0.1759349648 -10.03408 0.95199999999999999998
1  3.47e+01  0.1758755025 -10.03408 0.95199999999999999998
1  3.63e+01  0.1761696306 -10.03408 0.95199999999999999998
1  3.80e+01  0.1758457877 -10.03408 0.95199999999999999998
1  3.98e+01  0.1760455691 -10.03408 0.95199999999999999998
1  4.17e+01  0.1761183064 -10.03408 0.95199999999999999998
1  4.37e+01  0.1758662646 -10.03408 0.95199999999999999998
1  4.57e+01  0.1757178742 -10.03408 0.95199999999999999998
1  4.79e+01  0.1758560942 -10.03408 0.95199999999999999998
1  5.01e+01  0.1759775083 -10.03408 0.95199999999999999998
1  5.25e+01  0.1759539319 -10.03408 0.95199999999999999998
1  5.50e+01  0.1761896532 -10.03408 0.95199999999999999998
1  5.75e+01  0.1761345533 -10.03408 0.95199999999999999998
1  6.03e+01  0.1759005493 -10.03408 0.95199999999999999998
1  6.31e+01  0.1759601394 -10.03408 0.95199999999999999998
1  6.61e+01  0.1760920864 -10.03408 0.95199999999999999998
1  6.92e+01  0.1760002306 -10.03408 0.95199999999999999998
1  7.24e+01  0.1759859577 -10.03408 0.95199999999999999998
1  7.59e+01  0.175898621 -10.03408 0.95199999999999999998
1  7.94e+01  0.1759796228 -10.03408 0.95199999999999999998
1  8.32e+01  0.1758738914 -10.03408 0.95199999999999999998
1  8.71e+01  0.1761119016 -10.03408 0.95199999999999999998
1  9.12e+01  0.1759752302 -10.03408 0.95199999999999999998
1  9.55e+01  0.176254882 -10.03408 0.95199999999999999998
1  1.00e+02  0.1761214342 -10.03408 0.95199999999999999998
1  1.05e+02  0.1760072653 -10.03408 0.95199999999999999998
1  1.10e+02  0.1759141438 -10.03408 0.95199999999999999998
1  1.15e+02  0.1764165821 -10.03408 0.95199999999999999998
1  1.20e+02  0.1758277109 -10.03408 0.95199999999999999998
1  1.26e+02  0.1765187713 -10.03408 0.95199999999999999998
1  1.32e+02  0.1766098295 -10.03408 0.95199999999999999998
1  1.38e+02  0.1765460368 -10.03408 0.95199999999999999998
1  1.45e+02  0.1765088013 -10.03408 0.95199999999999999998
1  1.51e+02  0.1767171952 -10.03408 0.95199999999999999998
1  1.58e+02  0.1766049397 -10.03408 0.95199999999999999998
1  1.66e+02  0.1766344856 -10.03408 0.95199999999999999998
1  1.74e+02  0.1762604564 -10.03408 0.95199999999999999998
1  1.82e+02  0.175933113 -10.03408 0.95199999999999999998
1  1.91e+02  0.1767038064 -10.03408 0.95199999999999999998
1  2.00e+02  0.1763617619 -10.03408 0.95199999999999999998
1  2.09e+02  0.1769260069 -10.03408 0.95199999999999999998
1  2.19e+02  0.1766130849 -10.03408 0.95199999999999999998
1  2.29e+02  0.1767823372 -10.03408 0.95199999999999999998
1  2.40e+02  0.1771048651 -10.03408 0.95199999999999999998
1  2.51e+02  0.1759825474 -10.03408 0.95199999999999999998
1  2.63e+02  0.1768264214 -10.03408 0.95199999999999999998
1  2.75e+02  0.1771829585 -10.03408 0.95199999999999999998
1  2.88e+02  0.176320688 -10.03408 0.95199999999999999998
1  3.02e+02  0.176791356 -10.03408 0.95199999999999999998
1  3.16e+02  0.175866899 -10.03408 0.95199999999999999998
1  3.31e+02  0.176106429 -10.03408 0.95199999999999999998
1  3.47e+02  0.176665827 -10.03408 0.95199999999999999998
1  3.63e+02  0.1767721846 -10.03408 0.95199999999999999998
1  3.80e+02  0.1779247835 -10.03408 0.95199999999999999998
1  3.98e+02  0.1774718785 -10.03408 0.95199999999999999998
1  4.17e+02  0.1759399956 -10.03408 0.95199999999999999998
1  4.37e+02  0.1770636003 -10.03408 0.95199999999999999998
1  4.57e+02  0.1774914657 -10.03408 0.95199999999999999998
1  4.79e+02  0.1759665641 -10.03408 0.95199999999999999998
1  5.01e+02  0.1785303392 -10.03408 0.95199999999999999998
1  5.25e+02  0.1775086685 -10.03408 0.95199999999999999998
1  5.50e+02  0.1782774609 -10.03408 0.95199999999999999998
1  5.75e+02  0.1777918641 -10.03408 0.95199999999999999998
1  6.03e+02  0.1783406083 -10.03408 0.95199999999999999998
1  6.31e+02  0.1775450984 -10.03408 0.95199999999999999998
1  6.61e+02  0.1791593067 -10.03408 0.95199999999999999998
1  6.92e+02  0.1768017272 -10.03408 0.95199999999999999998
1  7.24e+02  0.1798843223 -10.03408 0.95199999999999999998
1  7.59e+02  0.1799219497 -10.03408 0.95199999999999999998
1  7.94e+02  0.1788593543 -10.03408 0.95199999999999999998
1  8.32e+02  0.1763220707 -10.03408 0.95199999999999999998
1  8.71e+02  0.1775900009 -10.03408 0.95199999999999999998
1  9.12e+02  0.1780962883 -10.03408 0.95199999999999999998
1  9.55e+02  0.1763729574 -10.03408 0.95199999999999999998
1  1.00e+03  0.1777263169 -10.03408 0.95199999999999999998
1  1.05e+03  0.1772134885 -10.03408 0.95199999999999999998
1  1.10e+03  0.1804919223 -10.03408 0.95199999999999999998
1  1.15e+03  0.1773771072 -10.03408 0.95199999999999999998
1  1.20e+03  0.1760828367 -10.03408 0.95199999999999999998
1  1.26e+03  0.177034625 -10.03408 0.95199999999999999998
1  1.32e+03  0.1735946623 -10.03408 0.95199999999999999998
1  1.38e+03  0.1757534877 -10.03408 0.95199999999999999998
1  1.45e+03  0.1756173412 -10.03408 0.95199999999999999998
1  1.51e+03  0.1889464257 -10.03408 0.95199999999999999998
1  1.58e+03  0.1802151049 -10.03408 0.95199999999999999998
1  1.66e+03  0.1855689649 -10.03408 0.95199999999999999998
1  1.74e+03  0.1773002353 -10.03408 0.95199999999999999998
1  1.82e+03  0.1758199108 -10.03408 0.95199999999999999998
1  1.91e+03  0.1727934042 -10.03408 0.95199999999999999998
1  2.00e+03  0.1586756416 -10.03408 0.95199999999999999998
1  2.09e+03  0.2002415869 -10.03408 0.95199999999999999998
1  2.19e+03  0.1710563553 -10.03408 0.95199999999999999998
1  2.29e+03  0.1802666873 -10.03408 0.95199999999999999998
1  2.40e+03  0.2042571883 -10.03408 0.95199999999999999998
1  2.51e+03  0.2008795466 -10.03408 0.95199999999999999998
1  2.63e+03  0.1756033016 -10.03408 0.95199999999999999998
1  2.75e+03  0.2105946294 -10.03408 0.95199999999999999998
1  2.88e+03  0.2160654168 -10.03408 0.95199999999999999998
1  3.02e+03  0.1866694985 -10.03408 0.95199999999999999998
1  3.16e+03  0.148206855 -10.03408 0.95199999999999999998
1  3.31e+03  0.1866893466 -10.03408 0.95199999999999999998
1  3.47e+03  0.1936891631 -10.03408 0.95199999999999999998
1  3.63e+03  0.1859688206 -10.03408 0.95199999999999999998
1  3.80e+03  0.1650034337 -10.03408 0.95199999999999999998
1  3.98e+03  0.1166367515 -10.03408 0.95199999999999999998
1  4.17e+03  0.09813920494 -10.03408 0.95199999999999999998
1  4.37e+03  0.1784556043 -10.03408 0.95199999999999999998
1  4.57e+03  0.09481831291 -10.03408 0.95199999999999999998
1  4.79e+03  0.1962806149 -10.03408 0.95199999999999999998
1  5.01e+03  0.09200748113 -10.03408 0.95199999999999999998
1  5.25e+03  0.1361933522 -10.03408 0.95199999999999999998
1  5.50e+03  0.2323877495 -10.03408 0.95199999999999999998
1  5.75e+03  0.2636659905 -10.03408 0.95199999999999999998
1  6.03e+03  0.2701079348 -10.03408 0.95199999999999999998
1  6.31e+03  0.2950529012 -10.03408 0.95199999999999999998
1  6.61e+03  0.3117994074 -10.03408 0.95199999999999999998
1  6.92e+03  0.2468708386 -10.03408 0.95199999999999999998
1  7.24e+03  0.1287797437 -10.03408 0.95199999999999999998
1  7.59e+03  0.2275115831 -10.03408 0.95199999999999999998
1  7.94e+03  0.3446784934 -10.03408 0.95199999999999999998
1  8.32e+03  0.150097585 -10.03408 0.95199999999999999998
1  8.71e+03  0.3795786959 -10.03408 0.95199999999999999998
1  9.12e+03  0.1347691712 -10.03408 0.95199999999999999998
1  9.55e+03  0.3738641847 -10.03408 0.95199999999999999998
1  1.00e+04  0.227565028 -10.03408 0.95199999999999999998
1  1.05e+04  0.2211823298 -10.03408 0.95199999999999999998
1  1.10e+04  0.3621862059 -10.03408 0.95199999999999999998
1  1.15e+04  0.3429242202 -10.03408 0.95199999999999999998
1  1.20e+04  0.3084842653 -10.03408 0.95199999999999999998
1  1.26e+04  0.1832097825 -10.03408 0.95199999999999999998
1  1.32e+04  0.2707710844 -10.03408 0.95199999999999999998
1  1.38e+04  0.2119093611 -10.03408 0.95199999999999999998
1  1.45e+04  0.2847758139 -10.03408 0.95199999999999999998
1  1.51e+04  0.2491119871 -10.03408 0.95199999999999999998
1  1.58e+04  0.2833717891 -10.03408 0.95199999999999999998
1  1.66e+04  0.3355558941 -10.03408 0.95199999999999999998
1  1.74e+04  0.3265195703 -10.03408 0.95199999999999999998
1  1.82e+04  0.4204022863 -10.03408 0.95199999999999999998
1  1.91e+04  0.3174403064 -10.03408 0.95199999999999999998
1  2.00e+04  0.2725230385 -10.03408 0.95199999999999999998
1  2.09e+04  0.3949158602 -10.03408 0.95199999999999999998
1  2.19e+04  0.4060840945 -10.03408 0.95199999999999999998
1  2.29e+04  0.309655822 -10.03408 0.95199999999999999998
1  2.40e+04  0.3031070369 -10.03408 0.95199999999999999998
1  2.51e+04  0.4955728544 -10.03408 0.95199999999999999998
1  2.63e+04  0.272315482 -10.03408 0.95199999999999999998
1  2.75e+04  0.4190448186 -10.03408 0.95199999999999999998
1  2.88e+04  0.3944263763 -10.03408 0.95199999999999999998
1  3.02e+04  0.3311945825 -10.03408 0.95199999999999999998
1  3.16e+04  0.4397242788 -10.03408 0.95199999999999999998
1  3.31e+04  0.3751795711 -10.03408 0.95199999999999999998
1  3.47e+04  0.401075767 -10.03408 0.95199999999999999998
1  3.63e+04  0.3370929533 -10.03408 0.95199999999999999998
1  3.80e+04  0.4304923165 -10.03408 0.95199999999999999998
1  3.98e+04  0.3942442394 -10.03408 0.95199999999999999998
1  4.17e+04  0.2928835394 -10.03408 0.95199999999999999998
1  4.37e+04  0.5382082332 -10.03408 0.95199999999999999998
1  4.57e+04  0.2793340322 -10.03408 0.95199999999999999998
1  4.79e+04  0.3737090896 -10.03408 0.95199999999999999998
1  5.01e+04  0.5058247307 -10.03408 0.95199999999999999998
1  5.25e+04  0.2263133219 -10.03408 0.95199999999999999998
1  5.50e+04  0.4876685229 -10.03408 0.95199999999999999998
1  5.75e+04  0.4268034836 -10.03408 0.95199999999999999998
1  6.03e+04  0.2140290806 -10.03408 0.95199999999999999998
1  6.31e+04  0.4392527516 -10.03408 0.95199999999999999998
1  6.61e+04  0.4685538484 -10.03408 0.95199999999999999998
1  6.92e+04  0.2572291925 -10.03408 0.95199999999999999998
1  7.24e+04  0.2396356674 -10.03408 0.95199999999999999998
1  7.59e+04  0.400761872 -10.03408 0.95199999999999999998
1  7.94e+04  0.453072504 -10.03408 0.95199999999999999998
1  8.32e+04  0.3062128227 -10.03408 0.95199999999999999998
1  8.71e+04  0.1980502334 -10.03408 0.95199999999999999998
1  9.12e+04  0.3144609106 -10.03408 0.95199999999999999998
1  9.55e+04  0.4758448736 -10.03408 0.95199999999999999998
1  1.00e+05  0.4343607494 -10.03408 0.95199999999999999998
1  1.05e+05  0.25978982 -10.03408 0.95199999999999999998
1  1.10e+05  0.2027371663 -10.03408 0.95199999999999999998
1  1.15e+05  0.3282186513 -10.03408 0.95199999999999999998
1  1.20e+05  0.4657450724 -10.03408 0.95199999999999999998
1  1.26e+05  0.4565802026 -10.03408 0.95199999999999999998
1  1.32e+05  0.3247605911 -10.03408 0.95199999999999999998
1  1.38e+05  0.2098387701 -10.03408 0.95199999999999999998
1  1.45e+05  0.2071310463 -10.03408 0.95199999999999999998
1  1.51e+05  0.2965952364 -10.03408 0.95199999999999999998
1  1.58e+05  0.3906564165 -10.03408 0.95199999999999999998
1  1.66e+05  0.4186074241 -10.03408 0.95199999999999999998
1  1.74e+05  0.3703820421 -10.03408 0.95199999999999999998
1  1.82e+05  0.2848031709 -10.03408 0.95199999999999999998
1  1.91e+05  0.2117742973 -10.03408 0.95199999999999999998
1  2.00e+05  0.1816909577 -10.03408 0.95199999999999999998
1  2.09e+05  0.1963802359 -10.03408 0.95199999999999999998
1  2.19e+05  0.2375107374 -10.03408 0.95199999999999999998
1  2.29e+05  0.2811335965 -10.03408 0.95199999999999999998
1  2.40e+05  0.3091527392 -10.03408 0.95199999999999999998
1  2.51e+05  0.3141113535 -10.03408 0.95199999999999999998
1  2.63e+05  0.2981971989 -10.03408 0.95199999999999999998
1  2.75e+05  0.2692824343 -10.03408 0.95199999999999999998
1  2.88e+05  0.2366423297 -10.03408 0.95199999999999999998
1  3.02e+05  0.2078961026 -10.03408 0.95199999999999999998
1  3.16e+05  0.1875946235 -10.03408 0.95199999999999999998
1  3.31e+05  0.1771652287 -10.03408 0.95199999999999999998
1  3.47e+05  0.1756532569 -10.03408 0.95199999999999999998
1  3.63e+05  0.1807329438 -10.03408 0.95199999999999999998
1  3.80e+05  0.1896298041 -10.03408 0.95199999999999999998
1  3.98e+05  0.1997817984 -10.03408 0.95199999999999999998
1  4.17e+05  0.2092069117 -10.03408 0.95199999999999999998
1  4.37e+05  0.2166253508 -10.03408 0.95199999999999999998
1  4.57e+05  0.221415116 -10.03408 0.95199999999999999998
1  4.79e+05  0.2234780875 -10.03408 0.95199999999999999998
1  5.01e+05  0.2230765547 -10.03408 0.95199999999999999998
1  5.25e+05  0.2206789512 -10.03408 0.95199999999999999998
1  5.50e+05  0.2168348849 -10.03408 0.95199999999999999998
1  5.75e+05  0.2120859285 -10.03408 0.95199999999999999998
1  6.03e+05  0.2069102077 -10.03408 0.95199999999999999998
1  6.31e+05  0.2016946121 -10.03408 0.95199999999999999998
1  6.61e+05  0.1967226954 -10.03408 0.95199999999999999998
1  6.92e+05  0.1921864022 -10.03408 0.95199999999999999998
1  7.24e+05  0.1882067756 -10.03408 0.95199999999999999998
1  7.59e+05  0.1848366149 -10.03408 0.95199999999999999998
1  7.94e+05  0.1820746102 -10.03408 0.95199999999999999998
1  8.32e+05  0.1798855682 -10.03408 0.95199999999999999998
1  8.71e+05  0.17822125 -10.03408 0.95199999999999999998
1  9.12e+05  0.177013531 -10.03408 0.95199999999999999998
1  9.55e+05  0.1761929378 -10.03408 0.95199999999999999998
1  1.00e+06  0.1756910548 -10.03408 0.95199999999999999998
1  1.05e+06  0.1754439333 -10.03408 0.95199999999999999998
1  1.10e+06  0.1753940962 -10.03408 0.95199999999999999998
1  1.15e+06  0.1754895721 -10.03408 0.95199999999999999998
1  1.20e+06  0.1756919416 -10.03408 0.95199999999999999998
1  1.26e+06  0.1759640993 -10.03408 0.95199999999999999998
1  1.32e+06  0.1762777794 -10.03408 0.95199999999999999998
1  1.38e+06  0.1766107417 -10.03408 0.95199999999999999998
1  1.45e+06  0.1769459581 -10.03408 0.95199999999999999998
1  1.51e+06  0.1772708032 -10.03408 0.95199999999999999998
1  1.58e+06  0.1775751959 -10.03408 0.95199999999999999998
1  1.66e+06  0.1778553896 -10.03408 0.95199999999999999998
1  1.74e+06  0.1781064987 -10.03408 0.95199999999999999998
1  1.82e+06  0.1783266595 -10.03408 0.95199999999999999998
1  1.91e+06  0.178515394 -10.03408 0.95199999999999999998
1  2.00e+06  0.1786732499 -10.03408 0.95199999999999999998
1  2.09e+06  0.1788015056 -10.03408 0.95199999999999999998
1  2.19e+06  0.1789013599 -10.03408 0.95199999999999999998
1  2.29e+06  0.178976107 -10.03408 0.95199999999999999998
1  2.40e+06  0.1790273717 -10.03408 0.95199999999999999998
1  2.51e+06  0.1790574759 -10.03408 0.95199999999999999998
1  2.63e+06  0.1790687257 -10.03408 0.95199999999999999998
1  2.75e+06  0.1790633541 -10.03408 0.95199999999999999998
1  2.88e+06  0.1790434828 -10.03408 0.95199999999999999998
1  3.02e+06  0.1790110967 -10.03408 0.95199999999999999998
1  3.16e+06  0.1789677645 -10.03408 0.95199999999999999998
1  3.31e+06  0.1789157184 -10.03408 0.95199999999999999998
1  3.47e+06  0.1788561845 -10.03408 0.95199999999999999998
1  3.63e+06  0.178790528 -10.03408 0.95199999999999999998
1  3.80e+06  0.1787199664 -10.03408 0.95199999999999999998
1  3.98e+06  0.1786455784 -10.03408 0.95199999999999999998
1  4.17e+06  0.178568314 -10.03408 0.95199999999999999998
1  4.37e+06  0.178489004 -10.03408 0.95199999999999999998
1  4.57e+06  0.1784082513 -10.03408 0.95199999999999999998
1  4.79e+06  0.1783269307 -10.03408 0.95199999999999999998
1  5.01e+06  0.1782454459 -10.03408 0.95199999999999999998
1  5.25e+06  0.1781642537 -10.03408 0.95199999999999999998
1  5.50e+06  0.1780837405 -10.03408 0.95199999999999999998
1  5.75e+06  0.1780042302 -10.03408 0.95199999999999999998
1  6.03e+06  0.1779259918 -10.03408 0.95199999999999999998
1  6.31e+06  0.1778491866 -10.03408 0.95199999999999999998
1  6.61e+06  0.1777741166 -10.03408 0.95199999999999999998
1  6.92e+06  0.1777008578 -10.03408 0.95199999999999999998
1  7.24e+06  0.1776295194 -10.03408 0.95199999999999999998
1  7.59e+06  0.1775601831 -10.03408 0.95199999999999999998
1  7.94e+06  0.1774929066 -10.03408 0.95199999999999999998
1  8.32e+06  0.1774277271 -10.03408 0.95199999999999999998
1  8.71e+06  0.1773646645 -10.03408 0.95199999999999999998
1  9.12e+06  0.1773036975 -10.03408 0.95199999999999999998
1  9.55e+06  0.1772448739 -10.03408 0.95199999999999999998
1  1.00e+07  0.1771881467 -10.03408 0.95199999999999999998
