1  1.00e-03  0.2763643758 -11.098619999999999 1.05300000000000000002
1  1.05e-03  0.2763643684 -11.098619999999999 1.05300000000000000002
1  1.10e-03  0.276364375 -11.098619999999999 1.05300000000000000002
1  1.15e-03  0.2763643689 -11.098619999999999 1.05300000000000000002
1  1.20e-03  0.2763643757 -11.098619999999999 1.05300000000000000002
1  1.26e-03  0.2763643739 -11.098619999999999 1.05300000000000000002
1  1.32e-03  0.2763643731 -11.098619999999999 1.05300000000000000002
1  1.38e-03  0.2763643667 -11.098619999999999 1.05300000000000000002
1  1.45e-03  0.276364369 -11.098619999999999 1.05300000000000000002
1  1.51e-03  0.2763643733 -11.098619999999999 1.05300000000000000002
1  1.58e-03  0.2763643709 -11.098619999999999 1.05300000000000000002
1  1.66e-03  0.2763643722 -11.098619999999999 1.05300000000000000002
1  1.74e-03  0.2763643728 -11.098619999999999 1.05300000000000000002
1  1.82e-03  0.2763643712 -11.098619999999999 1.05300000000000000002
1  1.91e-03  0.27636437 -11.098619999999999 1.05300000000000000002
1  2.00e-03  0.2763643739 -11.098619999999999 1.05300000000000000002
1  2.09e-03  0.2763643736 -11.098619999999999 1.05300000000000000002
1  2.19e-03  0.2763643739 -11.098619999999999 1.05300000000000000002
1  2.29e-03  0.2763643709 -11.098619999999999 1.05300000000000000002
1  2.40e-03  0.2763643753 -11.098619999999999 1.05300000000000000002
1  2.51e-03  0.2763643713 -11.098619999999999 1.05300000000000000002
1  2.63e-03  0.2763643773 -11.098619999999999 1.05300000000000000002
1  2.75e-03  0.2763643756 -11.098619999999999 1.05300000000000000002
1  2.88e-03  0.2763643754 -11.098619999999999 1.05300000000000000002
1  3.02e-03  0.2763643712 -11.098619999999999 1.05300000000000000002
1  3.16e-03  0.2763643705 -11.098619999999999 1.05300000000000000002
1  3.31e-03  0.2763643761 -11.098619999999999 1.05300000000000000002
1  3.47e-03  0.2763643758 -11.098619999999999 1.05300000000000000002
1  3.63e-03  0.2763643749 -11.098619999999999 1.05300000000000000002
1  3.80e-03  0.2763643736 -11.098619999999999 1.05300000000000000002
1  3.98e-03  0.2763643781 -11.098619999999999 1.05300000000000000002
1  4.17e-03  0.2763643751 -11.098619999999999 1.05300000000000000002
1  4.37e-03  0.276364379 -11.098619999999999 1.05300000000000000002
1  4.57e-03  0.2763643821 -11.098619999999999 1.05300000000000000002
1  4.79e-03  0.276364375 -11.098619999999999 1.05300000000000000002
1  5.01e-03  0.2763643878 -11.098619999999999 1.05300000000000000002
1  5.25e-03  0.2763643584 -11.098619999999999 1.05300000000000000002
1  5.50e-03  0.2763643753 -11.098619999999999 1.05300000000000000002
1  5.75e-03  0.2763644136 -11.098619999999999 1.05300000000000000002
1  6.03e-03  0.2763643867 -11.098619999999999 1.05300000000000000002
1  6.31e-03  0.2763643943 -11.098619999999999 1.05300000000000000002
1  6.61e-03  0.2763643868 -11.098619999999999 1.05300000000000000002
1  6.92e-03  0.2763643792 -11.098619999999999 1.05300000000000000002
1  7.24e-03  0.2763643813 -11.098619999999999 1.05300000000000000002
1  7.59e-03  0.2763643898 -11.098619999999999 1.05300000000000000002
1  7.94e-03  0.2763643877 -11.098619999999999 1.05300000000000000002
1  8.32e-03  0.2763643876 -11.098619999999999 1.05300000000000000002
1  8.71e-03  0.2763643994 -11.098619999999999 1.05300000000000000002
1  9.12e-03  0.2763644207 -11.098619999999999 1.05300000000000000002
1  9.55e-03  0.2763643893 -11.098619999999999 1.05300000000000000002
1  1.00e-02  0.2763644082 -11.098619999999999 1.05300000000000000002
1  1.05e-02  0.2763643928 -11.098619999999999 1.05300000000000000002
1  1.10e-02  0.2763643996 -11.098619999999999 1.05300000000000000002
1  1.15e-02  0.2763643992 -11.098619999999999 1.05300000000000000002
1  1.20e-02  0.2763643911 -11.098619999999999 1.05300000000000000002
1  1.26e-02  0.2763644001 -11.098619999999999 1.05300000000000000002
1  1.32e-02  0.2763643984 -11.098619999999999 1.05300000000000000002
1  1.38e-02  0.276364407 -11.098619999999999 1.05300000000000000002
1  1.45e-02  0.2763643995 -11.098619999999999 1.05300000000000000002
1  1.51e-02  0.2763643949 -11.098619999999999 1.05300000000000000002
1  1.58e-02  0.2763645076 -11.098619999999999 1.05300000000000000002
1  1.66e-02  0.276364409 -11.098619999999999 1.05300000000000000002
1  1.74e-02  0.2763643941 -11.098619999999999 1.05300000000000000002
1  1.82e-02  0.2763644106 -11.098619999999999 1.05300000000000000002
1  1.91e-02  0.276364385 -11.098619999999999 1.05300000000000000002
1  2.00e-02  0.2763644018 -11.098619999999999 1.05300000000000000002
1  2.09e-02  0.2763644065 -11.098619999999999 1.05300000000000000002
1  2.19e-02  0.2763644362 -11.098619999999999 1.05300000000000000002
1  2.29e-02  0.276364776 -11.098619999999999 1.05300000000000000002
1  2.40e-02  0.2763645472 -11.098619999999999 1.05300000000000000002
1  2.51e-02  0.2763644144 -11.098619999999999 1.05300000000000000002
1  2.63e-02  0.2763644143 -11.098619999999999 1.05300000000000000002
1  2.75e-02  0.2763644927 -11.098619999999999 1.05300000000000000002
1  2.88e-02  0.2763645045 -11.098619999999999 1.05300000000000000002
1  3.02e-02  0.2763646156 -11.098619999999999 1.05300000000000000002
1  3.16e-02  0.2763641086 -11.098619999999999 1.05300000000000000002
1  3.31e-02  0.2763647541 -11.098619999999999 1.05300000000000000002
1  3.47e-02  0.2763644308 -11.098619999999999 1.05300000000000000002
1  3.63e-02  0.2763645512 -11.098619999999999 1.05300000000000000002
1  3.80e-02  0.2763646255 -11.098619999999999 1.05300000000000000002
1  3.98e-02  0.2763648387 -11.098619999999999 1.05300000000000000002
1  4.17e-02  0.2763649122 -11.098619999999999 1.05300000000000000002
1  4.37e-02  0.2763645355 -11.098619999999999 1.05300000000000000002
1  4.57e-02  0.2763645021 -11.098619999999999 1.05300000000000000002
1  4.79e-02  0.2763646125 -11.098619999999999 1.05300000000000000002
1  5.01e-02  0.2763645866 -11.098619999999999 1.05300000000000000002
1  5.25e-02  0.2763645194 -11.098619999999999 1.05300000000000000002
1  5.50e-02  0.2763644806 -11.098619999999999 1.05300000000000000002
1  5.75e-02  0.2763645908 -11.098619999999999 1.05300000000000000002
1  6.03e-02  0.2763643035 -11.098619999999999 1.05300000000000000002
1  6.31e-02  0.2763645665 -11.098619999999999 1.05300000000000000002
1  6.61e-02  0.276364513 -11.098619999999999 1.05300000000000000002
1  6.92e-02  0.2763645215 -11.098619999999999 1.05300000000000000002
1  7.24e-02  0.27636454 -11.098619999999999 1.05300000000000000002
1  7.59e-02  0.276364677 -11.098619999999999 1.05300000000000000002
1  7.94e-02  0.2763650589 -11.098619999999999 1.05300000000000000002
1  8.32e-02  0.2763647116 -11.098619999999999 1.05300000000000000002
1  8.71e-02  0.2763652569 -11.098619999999999 1.05300000000000000002
1  9.12e-02  0.2763653826 -11.098619999999999 1.05300000000000000002
1  9.55e-02  0.2763646486 -11.098619999999999 1.05300000000000000002
1  1.00e-01  0.2763646298 -11.098619999999999 1.05300000000000000002
1  1.05e-01  0.276364635 -11.098619999999999 1.05300000000000000002
1  1.10e-01  0.2763645637 -11.098619999999999 1.05300000000000000002
1  1.15e-01  0.2763645473 -11.098619999999999 1.05300000000000000002
1  1.20e-01  0.2763647023 -11.098619999999999 1.05300000000000000002
1  1.26e-01  0.2763646824 -11.098619999999999 1.05300000000000000002
1  1.32e-01  0.2763642119 -11.098619999999999 1.05300000000000000002
1  1.38e-01  0.2763648495 -11.098619999999999 1.05300000000000000002
1  1.45e-01  0.2763657689 -11.098619999999999 1.05300000000000000002
1  1.51e-01  0.2763646094 -11.098619999999999 1.05300000000000000002
1  1.58e-01  0.2763647319 -11.098619999999999 1.05300000000000000002
1  1.66e-01  0.2763646038 -11.098619999999999 1.05300000000000000002
1  1.74e-01  0.2763650538 -11.098619999999999 1.05300000000000000002
1  1.82e-01  0.2763647136 -11.098619999999999 1.05300000000000000002
1  1.91e-01  0.2763645288 -11.098619999999999 1.05300000000000000002
1  2.00e-01  0.2763646621 -11.098619999999999 1.05300000000000000002
1  2.09e-01  0.2763646817 -11.098619999999999 1.05300000000000000002
1  2.19e-01  0.2763648164 -11.098619999999999 1.05300000000000000002
1  2.29e-01  0.2763645433 -11.098619999999999 1.05300000000000000002
1  2.40e-01  0.2763646651 -11.098619999999999 1.05300000000000000002
1  2.51e-01  0.2763666074 -11.098619999999999 1.05300000000000000002
1  2.63e-01  0.2763665604 -11.098619999999999 1.05300000000000000002
1  2.75e-01  0.2763646405 -11.098619999999999 1.05300000000000000002
1  2.88e-01  0.2763648066 -11.098619999999999 1.05300000000000000002
1  3.02e-01  0.2763648028 -11.098619999999999 1.05300000000000000002
1  3.16e-01  0.2763648878 -11.098619999999999 1.05300000000000000002
1  3.31e-01  0.2763651871 -11.098619999999999 1.05300000000000000002
1  3.47e-01  0.2763648897 -11.098619999999999 1.05300000000000000002
1  3.63e-01  0.2763646085 -11.098619999999999 1.05300000000000000002
1  3.80e-01  0.2763650214 -11.098619999999999 1.05300000000000000002
1  3.98e-01  0.2763650381 -11.098619999999999 1.05300000000000000002
1  4.17e-01  0.2763646017 -11.098619999999999 1.05300000000000000002
1  4.37e-01  0.2763649846 -11.098619999999999 1.05300000000000000002
1  4.57e-01  0.2763652431 -11.098619999999999 1.05300000000000000002
1  4.79e-01  0.2763657692 -11.098619999999999 1.05300000000000000002
1  5.01e-01  0.2763644792 -11.098619999999999 1.05300000000000000002
1  5.25e-01  0.2763644335 -11.098619999999999 1.05300000000000000002
1  5.50e-01  0.2763649727 -11.098619999999999 1.05300000000000000002
1  5.75e-01  0.2763653058 -11.098619999999999 1.05300000000000000002
1  6.03e-01  0.2763654018 -11.098619999999999 1.05300000000000000002
1  6.31e-01  0.2763655069 -11.098619999999999 1.05300000000000000002
1  6.61e-01  0.2763679124 -11.098619999999999 1.05300000000000000002
1  6.92e-01  0.2763655338 -11.098619999999999 1.05300000000000000002
1  7.24e-01  0.276365368 -11.098619999999999 1.05300000000000000002
1  7.59e-01  0.2763650221 -11.098619999999999 1.05300000000000000002
1  7.94e-01  0.276365407 -11.098619999999999 1.05300000000000000002
1  8.32e-01  0.276354434 -11.098619999999999 1.05300000000000000002
1  8.71e-01  0.2763640766 -11.098619999999999 1.05300000000000000002
1  9.12e-01  0.2763760352 -11.098619999999999 1.05300000000000000002
1  9.55e-01  0.2763658637 -11.098619999999999 1.05300000000000000002
1  1.00e+00  0.2763656893 -11.098619999999999 1.05300000000000000002
1  1.05e+00  0.2763647842 -11.098619999999999 1.05300000000000000002
1  1.10e+00  0.2763753356 -11.098619999999999 1.05300000000000000002
1  1.15e+00  0.2763653562 -11.098619999999999 1.05300000000000000002
1  1.20e+00  0.2763659867 -11.098619999999999 1.05300000000000000002
1  1.26e+00  0.2763667277 -11.098619999999999 1.05300000000000000002
1  1.32e+00  0.2763684384 -11.098619999999999 1.05300000000000000002
1  1.38e+00  0.2763644534 -11.098619999999999 1.05300000000000000002
1  1.45e+00  0.2763659826 -11.098619999999999 1.05300000000000000002
1  1.51e+00  0.2763661061 -11.098619999999999 1.05300000000000000002
1  1.58e+00  0.2763666835 -11.098619999999999 1.05300000000000000002
1  1.66e+00  0.2763670531 -11.098619999999999 1.05300000000000000002
1  1.74e+00  0.2763651607 -11.098619999999999 1.05300000000000000002
1  1.82e+00  0.2763678625 -11.098619999999999 1.05300000000000000002
1  1.91e+00  0.2763722626 -11.098619999999999 1.05300000000000000002
1  2.00e+00  0.2763656568 -11.098619999999999 1.05300000000000000002
1  2.09e+00  0.2763633933 -11.098619999999999 1.05300000000000000002
1  2.19e+00  0.2763651516 -11.098619999999999 1.05300000000000000002
1  2.29e+00  0.2763668714 -11.098619999999999 1.05300000000000000002
1  2.40e+00  0.27636735 -11.098619999999999 1.05300000000000000002
1  2.51e+00  0.2763671033 -11.098619999999999 1.05300000000000000002
1  2.63e+00  0.2763667502 -11.098619999999999 1.05300000000000000002
1  2.75e+00  0.2763474257 -11.098619999999999 1.05300000000000000002
1  2.88e+00  0.2763692095 -11.098619999999999 1.05300000000000000002
1  3.02e+00  0.2763696086 -11.098619999999999 1.05300000000000000002
1  3.16e+00  0.2763657783 -11.098619999999999 1.05300000000000000002
1  3.31e+00  0.2763674111 -11.098619999999999 1.05300000000000000002
1  3.47e+00  0.2763981117 -11.098619999999999 1.05300000000000000002
1  3.63e+00  0.2762141278 -11.098619999999999 1.05300000000000000002
1  3.80e+00  0.2763657327 -11.098619999999999 1.05300000000000000002
1  3.98e+00  0.2763674533 -11.098619999999999 1.05300000000000000002
1  4.17e+00  0.2763875523 -11.098619999999999 1.05300000000000000002
1  4.37e+00  0.2762865188 -11.098619999999999 1.05300000000000000002
1  4.57e+00  0.2763746305 -11.098619999999999 1.05300000000000000002
1  4.79e+00  0.2763660139 -11.098619999999999 1.05300000000000000002
1  5.01e+00  0.2763726689 -11.098619999999999 1.05300000000000000002
1  5.25e+00  0.276447127 -11.098619999999999 1.05300000000000000002
1  5.50e+00  0.2764133882 -11.098619999999999 1.05300000000000000002
1  5.75e+00  0.2763675823 -11.098619999999999 1.05300000000000000002
1  6.03e+00  0.2763698652 -11.098619999999999 1.05300000000000000002
1  6.31e+00  0.2763664259 -11.098619999999999 1.05300000000000000002
1  6.61e+00  0.2761329014 -11.098619999999999 1.05300000000000000002
1  6.92e+00  0.2764873495 -11.098619999999999 1.05300000000000000002
1  7.24e+00  0.2762631933 -11.098619999999999 1.05300000000000000002
1  7.59e+00  0.2764401747 -11.098619999999999 1.05300000000000000002
1  7.94e+00  0.2764314247 -11.098619999999999 1.05300000000000000002
1  8.32e+00  0.2763694156 -11.098619999999999 1.05300000000000000002
1  8.71e+00  0.2762404389 -11.098619999999999 1.05300000000000000002
1  9.12e+00  0.2762381443 -11.098619999999999 1.05300000000000000002
1  9.55e+00  0.276202522 -11.098619999999999 1.05300000000000000002
1  1.00e+01  0.2764417502 -11.098619999999999 1.05300000000000000002
1  1.05e+01  0.2763613059 -11.098619999999999 1.05300000000000000002
1  1.10e+01  0.2763764864 -11.098619999999999 1.05300000000000000002
1  1.15e+01  0.2764087767 -11.098619999999999 1.05300000000000000002
1  1.20e+01  0.2763790583 -11.098619999999999 1.05300000000000000002
1  1.26e+01  0.2763856541 -11.098619999999999 1.05300000000000000002
1  1.32e+01  0.2763884144 -11.098619999999999 1.05300000000000000002
1  1.38e+01  0.2763805044 -11.098619999999999 1.05300000000000000002
1  1.45e+01  0.2763543779 -11.098619999999999 1.05300000000000000002
1  1.51e+01  0.2763666302 -11.098619999999999 1.05300000000000000002
1  1.58e+01  0.2763823012 -11.098619999999999 1.05300000000000000002
1  1.66e+01  0.2762243917 -11.098619999999999 1.05300000000000000002
1  1.74e+01  0.2766551566 -11.098619999999999 1.05300000000000000002
1  1.82e+01  0.2767695289 -11.098619999999999 1.05300000000000000002
1  1.91e+01  0.2763723748 -11.098619999999999 1.05300000000000000002
1  2.00e+01  0.2764245255 -11.098619999999999 1.05300000000000000002
1  2.09e+01  0.2754456306 -11.098619999999999 1.05300000000000000002
1  2.19e+01  0.2766284327 -11.098619999999999 1.05300000000000000002
1  2.29e+01  0.2756045531 -11.098619999999999 1.05300000000000000002
1  2.40e+01  0.2766014941 -11.098619999999999 1.05300000000000000002
1  2.51e+01  0.2762785328 -11.098619999999999 1.05300000000000000002
1  2.63e+01  0.2761962322 -11.098619999999999 1.05300000000000000002
1  2.75e+01  0.2767796241 -11.098619999999999 1.05300000000000000002
1  2.88e+01  0.2762219398 -11.098619999999999 1.05300000000000000002
1  3.02e+01  0.2761857244 -11.098619999999999 1.05300000000000000002
1  3.16e+01  0.2764174815 -11.098619999999999 1.05300000000000000002
1  3.31e+01  0.2761974405 -11.098619999999999 1.05300000000000000002
1  3.47e+01  0.2757931316 -11.098619999999999 1.05300000000000000002
1  3.63e+01  0.2767094322 -11.098619999999999 1.05300000000000000002
1  3.80e+01  0.2765648603 -11.098619999999999 1.05300000000000000002
1  3.98e+01  0.2763786742 -11.098619999999999 1.05300000000000000002
1  4.17e+01  0.276045093 -11.098619999999999 1.05300000000000000002
1  4.37e+01  0.2751876986 -11.098619999999999 1.05300000000000000002
1  4.57e+01  0.2757350672 -11.098619999999999 1.05300000000000000002
1  4.79e+01  0.276680731 -11.098619999999999 1.05300000000000000002
1  5.01e+01  0.2764023908 -11.098619999999999 1.05300000000000000002
1  5.25e+01  0.2764449848 -11.098619999999999 1.05300000000000000002
1  5.50e+01  0.2760822426 -11.098619999999999 1.05300000000000000002
1  5.75e+01  0.2770765112 -11.098619999999999 1.05300000000000000002
1  6.03e+01  0.2770325035 -11.098619999999999 1.05300000000000000002
1  6.31e+01  0.2763109051 -11.098619999999999 1.05300000000000000002
1  6.61e+01  0.2764219844 -11.098619999999999 1.05300000000000000002
1  6.92e+01  0.2767651918 -11.098619999999999 1.05300000000000000002
1  7.24e+01  0.2760633048 -11.098619999999999 1.05300000000000000002
1  7.59e+01  0.2759161706 -11.098619999999999 1.05300000000000000002
1  7.94e+01  0.2767196112 -11.098619999999999 1.05300000000000000002
1  8.32e+01  0.2764310255 -11.098619999999999 1.05300000000000000002
1  8.71e+01  0.2763837888 -11.098619999999999 1.05300000000000000002
1  9.12e+01  0.2764567446 -11.098619999999999 1.05300000000000000002
1  9.55e+01  0.2764726694 -11.098619999999999 1.05300000000000000002
1  1.00e+02  0.2761205604 -11.098619999999999 1.05300000000000000002
1  1.05e+02  0.2763978367 -11.098619999999999 1.05300000000000000002
1  1.10e+02  0.2765677823 -11.098619999999999 1.05300000000000000002
1  1.15e+02  0.2764457708 -11.098619999999999 1.05300000000000000002
1  1.20e+02  0.2764761769 -11.098619999999999 1.05300000000000000002
1  1.26e+02  0.2757366519 -11.098619999999999 1.05300000000000000002
1  1.32e+02  0.2764704934 -11.098619999999999 1.05300000000000000002
1  1.38e+02  0.2765598258 -11.098619999999999 1.05300000000000000002
1  1.45e+02  0.2766087945 -11.098619999999999 1.05300000000000000002
1  1.51e+02  0.276456588 -11.098619999999999 1.05300000000000000002
1  1.58e+02  0.2758998203 -11.098619999999999 1.05300000000000000002
1  1.66e+02  0.2764771527 -11.098619999999999 1.05300000000000000002
1  1.74e+02  0.276434901 -11.098619999999999 1.05300000000000000002
1  1.82e+02  0.2763912194 -11.098619999999999 1.05300000000000000002
1  1.91e+02  0.276488049 -11.098619999999999 1.05300000000000000002
1  2.00e+02  0.276809267 -11.098619999999999 1.05300000000000000002
1  2.09e+02  0.2767137727 -11.098619999999999 1.05300000000000000002
1  2.19e+02  0.2764334218 -11.098619999999999 1.05300000000000000002
1  2.29e+02  0.2767766096 -11.098619999999999 1.05300000000000000002
1  2.40e+02  0.2763957455 -11.098619999999999 1.05300000000000000002
1  2.51e+02  0.2768339385 -11.098619999999999 1.05300000000000000002
1  2.63e+02  0.2768867155 -11.098619999999999 1.05300000000000000002
1  2.75e+02  0.2766279975 -11.098619999999999 1.05300000000000000002
1  2.88e+02  0.2766861007 -11.098619999999999 1.05300000000000000002
1  3.02e+02  0.2763726004 -11.098619999999999 1.05300000000000000002
1  3.16e+02  0.2762140549 -11.098619999999999 1.05300000000000000002
1  3.31e+02  0.2769645681 -11.098619999999999 1.05300000000000000002
1  3.47e+02  0.2767641793 -11.098619999999999 1.05300000000000000002
1  3.63e+02  0.276272913 -11.098619999999999 1.05300000000000000002
1  3.80e+02  0.276572605 -11.098619999999999 1.05300000000000000002
1  3.98e+02  0.2763098374 -11.098619999999999 1.05300000000000000002
1  4.17e+02  0.2768055511 -11.098619999999999 1.05300000000000000002
1  4.37e+02  0.2764668671 -11.098619999999999 1.05300000000000000002
1  4.57e+02  0.2763151466 -11.098619999999999 1.05300000000000000002
1  4.79e+02  0.2762035522 -11.098619999999999 1.05300000000000000002
1  5.01e+02  0.2769791187 -11.098619999999999 1.05300000000000000002
1  5.25e+02  0.2768824589 -11.098619999999999 1.05300000000000000002
1  5.50e+02  0.277036308 -11.098619999999999 1.05300000000000000002
1  5.75e+02  0.2774722029 -11.098619999999999 1.05300000000000000002
1  6.03e+02  0.2761709382 -11.098619999999999 1.05300000000000000002
1  6.31e+02  0.2769290634 -11.098619999999999 1.05300000000000000002
1  6.61e+02  0.2768926981 -11.098619999999999 1.05300000000000000002
1  6.92e+02  0.2768868701 -11.098619999999999 1.05300000000000000002
1  7.24e+02  0.2775874416 -11.098619999999999 1.05300000000000000002
1  7.59e+02  0.2765951173 -11.098619999999999 1.05300000000000000002
1  7.94e+02  0.2765904792 -11.098619999999999 1.05300000000000000002
1  8.32e+02  0.2763470418 -11.098619999999999 1.05300000000000000002
1  8.71e+02  0.2766284095 -11.098619999999999 1.05300000000000000002
1  9.12e+02  0.276344663 -11.098619999999999 1.05300000000000000002
1  9.55e+02  0.276498266 -11.098619999999999 1.05300000000000000002
1  1.00e+03  0.2763970001 -11.098619999999999 1.05300000000000000002
1  1.05e+03  0.2777625325 -11.098619999999999 1.05300000000000000002
1  1.10e+03  0.2747801118 -11.098619999999999 1.05300000000000000002
1  1.15e+03  0.2745572974 -11.098619999999999 1.05300000000000000002
1  1.20e+03  0.2757280145 -11.098619999999999 1.05300000000000000002
1  1.26e+03  0.2786430221 -11.098619999999999 1.05300000000000000002
1  1.32e+03  0.282192023 -11.098619999999999 1.05300000000000000002
1  1.38e+03  0.2709865172 -11.098619999999999 1.05300000000000000002
1  1.45e+03  0.2690481368 -11.098619999999999 1.05300000000000000002
1  1.51e+03  0.2751022639 -11.098619999999999 1.05300000000000000002
1  1.58e+03  0.2807348555 -11.098619999999999 1.05300000000000000002
1  1.66e+03  0.2772982093 -11.098619999999999 1.05300000000000000002
1  1.74e+03  0.2847707689 -11.098619999999999 1.05300000000000000002
1  1.82e+03  0.2920792677 -11.098619999999999 1.05300000000000000002
1  1.91e+03  0.2832734814 -11.098619999999999 1.05300000000000000002
1  2.00e+03  0.2575469144 -11.098619999999999 1.05300000000000000002
1  2.09e+03  0.2480595077 -11.098619999999999 1.05300000000000000002
1  2.19e+03  0.2405070893 -11.098619999999999 1.05300000000000000002
1  2.29e+03  0.249173942 -11.098619999999999 1.05300000000000000002
1  2.40e+03  0.2883565344 -11.098619999999999 1.05300000000000000002
1  2.51e+03  0.2631613522 -11.098619999999999 1.05300000000000000002
1  2.63e+03  0.3089433894 -11.098619999999999 1.05300000000000000002
1  2.75e+03  0.2679154246 -11.098619999999999 1.05300000000000000002
1  2.88e+03  0.3078348051 -11.098619999999999 1.05300000000000000002
1  3.02e+03  0.3389285099 -11.098619999999999 1.05300000000000000002
1  3.16e+03  0.3447509659 -11.098619999999999 1.05300000000000000002
1  3.31e+03  0.3358207214 -11.098619999999999 1.05300000000000000002
1  3.47e+03  0.2904933507 -11.098619999999999 1.05300000000000000002
1  3.63e+03  0.2420125352 -11.098619999999999 1.05300000000000000002
1  3.80e+03  0.3418571577 -11.098619999999999 1.05300000000000000002
1  3.98e+03  0.2376226823 -11.098619999999999 1.05300000000000000002
1  4.17e+03  0.2864571001 -11.098619999999999 1.05300000000000000002
1  4.37e+03  0.1780869838 -11.098619999999999 1.05300000000000000002
1  4.57e+03  0.241017324 -11.098619999999999 1.05300000000000000002
1  4.79e+03  0.2713036569 -11.098619999999999 1.05300000000000000002
1  5.01e+03  0.2343789339 -11.098619999999999 1.05300000000000000002
1  5.25e+03  0.2801310185 -11.098619999999999 1.05300000000000000002
1  5.50e+03  0.219938364 -11.098619999999999 1.05300000000000000002
1  5.75e+03  0.2527440175 -11.098619999999999 1.05300000000000000002
1  6.03e+03  0.2887183282 -11.098619999999999 1.05300000000000000002
1  6.31e+03  0.2705441749 -11.098619999999999 1.05300000000000000002
1  6.61e+03  0.2203318692 -11.098619999999999 1.05300000000000000002
1  6.92e+03  0.2206141329 -11.098619999999999 1.05300000000000000002
1  7.24e+03  0.2328407067 -11.098619999999999 1.05300000000000000002
1  7.59e+03  0.2467444566 -11.098619999999999 1.05300000000000000002
1  7.94e+03  0.2833854926 -11.098619999999999 1.05300000000000000002
1  8.32e+03  0.2969339787 -11.098619999999999 1.05300000000000000002
1  8.71e+03  0.1997242108 -11.098619999999999 1.05300000000000000002
1  9.12e+03  0.3386434505 -11.098619999999999 1.05300000000000000002
1  9.55e+03  0.2209998408 -11.098619999999999 1.05300000000000000002
1  1.00e+04  0.2339361642 -11.098619999999999 1.05300000000000000002
1  1.05e+04  0.4860322317 -11.098619999999999 1.05300000000000000002
1  1.10e+04  0.3085086911 -11.098619999999999 1.05300000000000000002
1  1.15e+04  0.3648186297 -11.098619999999999 1.05300000000000000002
1  1.20e+04  0.3704018847 -11.098619999999999 1.05300000000000000002
1  1.26e+04  0.3539072893 -11.098619999999999 1.05300000000000000002
1  1.32e+04  0.3438743203 -11.098619999999999 1.05300000000000000002
1  1.38e+04  0.3582945727 -11.098619999999999 1.05300000000000000002
1  1.45e+04  0.3830189144 -11.098619999999999 1.05300000000000000002
1  1.51e+04  0.4105887295 -11.098619999999999 1.05300000000000000002
1  1.58e+04  0.4297267961 -11.098619999999999 1.05300000000000000002
1  1.66e+04  0.2895036991 -11.098619999999999 1.05300000000000000002
1  1.74e+04  0.2529785088 -11.098619999999999 1.05300000000000000002
1  1.82e+04  0.3329736495 -11.098619999999999 1.05300000000000000002
1  1.91e+04  0.5481552337 -11.098619999999999 1.05300000000000000002
1  2.00e+04  0.452783578 -11.098619999999999 1.05300000000000000002
1  2.09e+04  0.3573871887 -11.098619999999999 1.05300000000000000002
1  2.19e+04  0.5388205129 -11.098619999999999 1.05300000000000000002
1  2.29e+04  0.5014867428 -11.098619999999999 1.05300000000000000002
1  2.40e+04  0.3309171476 -11.098619999999999 1.05300000000000000002
1  2.51e+04  0.4192326601 -11.098619999999999 1.05300000000000000002
1  2.63e+04  0.257756361 -11.098619999999999 1.05300000000000000002
1  2.75e+04  0.4027867376 -11.098619999999999 1.05300000000000000002
1  2.88e+04  0.4089041695 -11.098619999999999 1.05300000000000000002
1  3.02e+04  0.3758072371 -11.098619999999999 1.05300000000000000002
1  3.16e+04  0.2560932843 -11.098619999999999 1.05300000000000000002
1  3.31e+04  0.5787295489 -11.098619999999999 1.05300000000000000002
1  3.47e+04  0.4070167329 -11.098619999999999 1.05300000000000000002
1  3.63e+04  0.3000494181 -11.098619999999999 1.05300000000000000002
1  3.80e+04  0.2950433703 -11.098619999999999 1.05300000000000000002
1  3.98e+04  0.3281606575 -11.098619999999999 1.05300000000000000002
1  4.17e+04  0.5398112607 -11.098619999999999 1.05300000000000000002
1  4.37e+04  0.3228362125 -11.098619999999999 1.05300000000000000002
1  4.57e+04  0.6091183522 -11.098619999999999 1.05300000000000000002
1  4.79e+04  0.2423800036 -11.098619999999999 1.05300000000000000002
1  5.01e+04  0.3840131797 -11.098619999999999 1.05300000000000000002
1  5.25e+04  0.2882975975 -11.098619999999999 1.05300000000000000002
1  5.50e+04  0.3457184306 -11.098619999999999 1.05300000000000000002
1  5.75e+04  0.2407134535 -11.098619999999999 1.05300000000000000002
1  6.03e+04  0.3739749284 -11.098619999999999 1.05300000000000000002
1  6.31e+04  0.6088864574 -11.098619999999999 1.05300000000000000002
1  6.61e+04  0.3473391524 -11.098619999999999 1.05300000000000000002
1  6.92e+04  0.3613563895 -11.098619999999999 1.05300000000000000002
1  7.24e+04  0.5891857805 -11.098619999999999 1.05300000000000000002
1  7.59e+04  0.4224531905 -11.098619999999999 1.05300000000000000002
1  7.94e+04  0.2309471746 -11.098619999999999 1.05300000000000000002
1  8.32e+04  0.3116433354 -11.098619999999999 1.05300000000000000002
1  8.71e+04  0.3588010508 -11.098619999999999 1.05300000000000000002
1  9.12e+04  0.2761817289 -11.098619999999999 1.05300000000000000002
1  9.55e+04  0.2554800218 -11.098619999999999 1.05300000000000000002
1  1.00e+05  0.3009516594 -11.098619999999999 1.05300000000000000002
1  1.05e+05  0.281310744 -11.098619999999999 1.05300000000000000002
1  1.10e+05  0.2224032886 -11.098619999999999 1.05300000000000000002
1  1.15e+05  0.2525526366 -11.098619999999999 1.05300000000000000002
1  1.20e+05  0.3777636402 -11.098619999999999 1.05300000000000000002
1  1.26e+05  0.4705829579 -11.098619999999999 1.05300000000000000002
1  1.32e+05  0.4411788528 -11.098619999999999 1.05300000000000000002
1  1.38e+05  0.3349088375 -11.098619999999999 1.05300000000000000002
1  1.45e+05  0.2656349963 -11.098619999999999 1.05300000000000000002
1  1.51e+05  0.2979738101 -11.098619999999999 1.05300000000000000002
1  1.58e+05  0.4026397788 -11.098619999999999 1.05300000000000000002
1  1.66e+05  0.4998056602 -11.098619999999999 1.05300000000000000002
1  1.74e+05  0.5277243624 -11.098619999999999 1.05300000000000000002
1  1.82e+05  0.4786110153 -11.098619999999999 1.05300000000000000002
1  1.91e+05  0.389419063 -11.098619999999999 1.05300000000000000002
1  2.00e+05  0.3094541686 -11.098619999999999 1.05300000000000000002
1  2.09e+05  0.2718649349 -11.098619999999999 1.05300000000000000002
1  2.19e+05  0.2826945662 -11.098619999999999 1.05300000000000000002
1  2.29e+05  0.3262211753 -11.098619999999999 1.05300000000000000002
1  2.40e+05  0.3778570254 -11.098619999999999 1.05300000000000000002
1  2.51e+05  0.4161300573 -11.098619999999999 1.05300000000000000002
1  2.63e+05  0.4293034306 -11.098619999999999 1.05300000000000000002
1  2.75e+05  0.4162642644 -11.098619999999999 1.05300000000000000002
1  2.88e+05  0.3836362994 -11.098619999999999 1.05300000000000000002
1  3.02e+05  0.3415617277 -11.098619999999999 1.05300000000000000002
1  3.16e+05  0.2999785566 -11.098619999999999 1.05300000000000000002
1  3.31e+05  0.2662710413 -11.098619999999999 1.05300000000000000002
1  3.47e+05  0.2443847003 -11.098619999999999 1.05300000000000000002
1  3.63e+05  0.2350507623 -11.098619999999999 1.05300000000000000002
1  3.80e+05  0.2366278576 -11.098619999999999 1.05300000000000000002
1  3.98e+05  0.2461284732 -11.098619999999999 1.05300000000000000002
1  4.17e+05  0.2601404668 -11.098619999999999 1.05300000000000000002
1  4.37e+05  0.2755011261 -11.098619999999999 1.05300000000000000002
1  4.57e+05  0.2896936365 -11.098619999999999 1.05300000000000000002
1  4.79e+05  0.301003419 -11.098619999999999 1.05300000000000000002
1  5.01e+05  0.3085009015 -11.098619999999999 1.05300000000000000002
1  5.25e+05  0.3119201271 -11.098619999999999 1.05300000000000000002
1  5.50e+05  0.3114911667 -11.098619999999999 1.05300000000000000002
1  5.75e+05  0.3077676453 -11.098619999999999 1.05300000000000000002
1  6.03e+05  0.3014744175 -11.098619999999999 1.05300000000000000002
1  6.31e+05  0.2933872755 -11.098619999999999 1.05300000000000000002
1  6.61e+05  0.2827294793 -11.098619999999999 1.05300000000000000002
1  6.92e+05  0.2722020288 -11.098619999999999 1.05300000000000000002
1  7.24e+05  0.2617015463 -11.098619999999999 1.05300000000000000002
1  7.59e+05  0.252079115 -11.098619999999999 1.05300000000000000002
1  7.94e+05  0.2436421719 -11.098619999999999 1.05300000000000000002
1  8.32e+05  0.2367624074 -11.098619999999999 1.05300000000000000002
1  8.71e+05  0.2310465301 -11.098619999999999 1.05300000000000000002
1  9.12e+05  0.2267134984 -11.098619999999999 1.05300000000000000002
1  9.55e+05  0.2236768754 -11.098619999999999 1.05300000000000000002
1  1.00e+06  0.221874925 -11.098619999999999 1.05300000000000000002
1  1.05e+06  0.2210119597 -11.098619999999999 1.05300000000000000002
1  1.10e+06  0.2210282068 -11.098619999999999 1.05300000000000000002
1  1.15e+06  0.2217731929 -11.098619999999999 1.05300000000000000002
1  1.20e+06  0.2230878238 -11.098619999999999 1.05300000000000000002
1  1.26e+06  0.2248650309 -11.098619999999999 1.05300000000000000002
1  1.32e+06  0.2269866107 -11.098619999999999 1.05300000000000000002
1  1.38e+06  0.2293521998 -11.098619999999999 1.05300000000000000002
1  1.45e+06  0.231829628 -11.098619999999999 1.05300000000000000002
1  1.51e+06  0.2344391207 -11.098619999999999 1.05300000000000000002
1  1.58e+06  0.2370797411 -11.098619999999999 1.05300000000000000002
1  1.66e+06  0.2396540898 -11.098619999999999 1.05300000000000000002
1  1.74e+06  0.2422280977 -11.098619999999999 1.05300000000000000002
1  1.82e+06  0.2447233377 -11.098619999999999 1.05300000000000000002
1  1.91e+06  0.2471194333 -11.098619999999999 1.05300000000000000002
1  2.00e+06  0.2493570811 -11.098619999999999 1.05300000000000000002
1  2.09e+06  0.2515196285 -11.098619999999999 1.05300000000000000002
1  2.19e+06  0.2535547485 -11.098619999999999 1.05300000000000000002
1  2.29e+06  0.2554605373 -11.098619999999999 1.05300000000000000002
1  2.40e+06  0.2572022239 -11.098619999999999 1.05300000000000000002
1  2.51e+06  0.2588556491 -11.098619999999999 1.05300000000000000002
1  2.63e+06  0.2603868831 -11.098619999999999 1.05300000000000000002
1  2.75e+06  0.2618009346 -11.098619999999999 1.05300000000000000002
1  2.88e+06  0.2630774553 -11.098619999999999 1.05300000000000000002
1  3.02e+06  0.264276804 -11.098619999999999 1.05300000000000000002
1  3.16e+06  0.2653770912 -11.098619999999999 1.05300000000000000002
1  3.31e+06  0.2663645615 -11.098619999999999 1.05300000000000000002
1  3.47e+06  0.267287711 -11.098619999999999 1.05300000000000000002
1  3.63e+06  0.268130739 -11.098619999999999 1.05300000000000000002
1  3.80e+06  0.2688996655 -11.098619999999999 1.05300000000000000002
1  3.98e+06  0.2695861786 -11.098619999999999 1.05300000000000000002
1  4.17e+06  0.2702251285 -11.098619999999999 1.05300000000000000002
1  4.37e+06  0.2708062335 -11.098619999999999 1.05300000000000000002
1  4.57e+06  0.2713343212 -11.098619999999999 1.05300000000000000002
1  4.79e+06  0.2718042539 -11.098619999999999 1.05300000000000000002
1  5.01e+06  0.272240388 -11.098619999999999 1.05300000000000000002
1  5.25e+06  0.2726359926 -11.098619999999999 1.05300000000000000002
1  5.50e+06  0.2729946522 -11.098619999999999 1.05300000000000000002
1  5.75e+06  0.2733131277 -11.098619999999999 1.05300000000000000002
1  6.03e+06  0.2736081483 -11.098619999999999 1.05300000000000000002
1  6.31e+06  0.2738752861 -11.098619999999999 1.05300000000000000002
1  6.61e+06  0.2741122243 -11.098619999999999 1.05300000000000000002
1  6.92e+06  0.2743314958 -11.098619999999999 1.05300000000000000002
1  7.24e+06  0.2745298575 -11.098619999999999 1.05300000000000000002
1  7.59e+06  0.2747092555 -11.098619999999999 1.05300000000000000002
1  7.94e+06  0.2748681937 -11.098619999999999 1.05300000000000000002
1  8.32e+06  0.275015137 -11.098619999999999 1.05300000000000000002
1  8.71e+06  0.2751479411 -11.098619999999999 1.05300000000000000002
1  9.12e+06  0.2752679422 -11.098619999999999 1.05300000000000000002
1  9.55e+06  0.2753741659 -11.098619999999999 1.05300000000000000002
1  1.00e+07  0.2754722994 -11.098619999999999 1.05300000000000000002
