1  1.00e+03  0.3772423449 68462.328 1.03799999999999999992
1  1.01e+03  0.377241877 68462.328 1.03799999999999999992
1  1.03e+03  0.377398715 68462.328 1.03799999999999999992
1  1.04e+03  0.3776892602 68462.328 1.03799999999999999992
1  1.06e+03  0.3776519572 68462.328 1.03799999999999999992
1  1.07e+03  0.3774651003 68462.328 1.03799999999999999992
1  1.09e+03  0.37716328 68462.328 1.03799999999999999992
1  1.10e+03  0.3768893783 68462.328 1.03799999999999999992
1  1.12e+03  0.3766539379 68462.328 1.03799999999999999992
1  1.13e+03  0.3766199639 68462.328 1.03799999999999999992
1  1.15e+03  0.3766920151 68462.328 1.03799999999999999992
1  1.16e+03  0.3769406072 68462.328 1.03799999999999999992
1  1.18e+03  0.3773713264 68462.328 1.03799999999999999992
1  1.20e+03  0.3775883076 68462.328 1.03799999999999999992
1  1.21e+03  0.3775182844 68462.328 1.03799999999999999992
1  1.23e+03  0.3770372491 68462.328 1.03799999999999999992
1  1.25e+03  0.3766302246 68462.328 1.03799999999999999992
1  1.26e+03  0.3768890521 68462.328 1.03799999999999999992
1  1.28e+03  0.3777613646 68462.328 1.03799999999999999992
1  1.30e+03  0.3783402942 68462.328 1.03799999999999999992
1  1.32e+03  0.3778220513 68462.328 1.03799999999999999992
1  1.34e+03  0.3773993429 68462.328 1.03799999999999999992
1  1.36e+03  0.37840999 68462.328 1.03799999999999999992
1  1.37e+03  0.3786487311 68462.328 1.03799999999999999992
1  1.39e+03  0.3767436149 68462.328 1.03799999999999999992
1  1.41e+03  0.3768534528 68462.328 1.03799999999999999992
1  1.43e+03  0.3787229917 68462.328 1.03799999999999999992
1  1.45e+03  0.3757484001 68462.328 1.03799999999999999992
1  1.47e+03  0.3752010459 68462.328 1.03799999999999999992
1  1.49e+03  0.3781444605 68462.328 1.03799999999999999992
1  1.51e+03  0.3735039456 68462.328 1.03799999999999999992
1  1.53e+03  0.3755850964 68462.328 1.03799999999999999992
1  1.56e+03  0.3759100453 68462.328 1.03799999999999999992
1  1.58e+03  0.3723266551 68462.328 1.03799999999999999992
1  1.60e+03  0.3774094756 68462.328 1.03799999999999999992
1  1.62e+03  0.3715553498 68462.328 1.03799999999999999992
1  1.64e+03  0.3775589455 68462.328 1.03799999999999999992
1  1.67e+03  0.3721159846 68462.328 1.03799999999999999992
1  1.69e+03  0.3780393148 68462.328 1.03799999999999999992
1  1.71e+03  0.3728369646 68462.328 1.03799999999999999992
1  1.74e+03  0.379158261 68462.328 1.03799999999999999992
1  1.76e+03  0.3738530779 68462.328 1.03799999999999999992
1  1.79e+03  0.3800007477 68462.328 1.03799999999999999992
1  1.81e+03  0.3763311213 68462.328 1.03799999999999999992
1  1.84e+03  0.3787364829 68462.328 1.03799999999999999992
1  1.86e+03  0.3808613338 68462.328 1.03799999999999999992
1  1.89e+03  0.3768714234 68462.328 1.03799999999999999992
1  1.91e+03  0.3827031313 68462.328 1.03799999999999999992
1  1.94e+03  0.3803833564 68462.328 1.03799999999999999992
1  1.97e+03  0.3780762474 68462.328 1.03799999999999999992
1  2.00e+03  0.3842192561 68462.328 1.03799999999999999992
1  2.02e+03  0.3808579885 68462.328 1.03799999999999999992
1  2.05e+03  0.3771333113 68462.328 1.03799999999999999992
1  2.08e+03  0.3832972237 68462.328 1.03799999999999999992
1  2.11e+03  0.3832002337 68462.328 1.03799999999999999992
1  2.14e+03  0.3756781429 68462.328 1.03799999999999999992
1  2.17e+03  0.3766971599 68462.328 1.03799999999999999992
1  2.20e+03  0.3834439628 68462.328 1.03799999999999999992
1  2.23e+03  0.3811829923 68462.328 1.03799999999999999992
1  2.26e+03  0.3723468366 68462.328 1.03799999999999999992
1  2.29e+03  0.3701182196 68462.328 1.03799999999999999992
1  2.32e+03  0.3766033431 68462.328 1.03799999999999999992
1  2.36e+03  0.3815697788 68462.328 1.03799999999999999992
1  2.39e+03  0.3779365648 68462.328 1.03799999999999999992
1  2.42e+03  0.3690533711 68462.328 1.03799999999999999992
1  2.45e+03  0.3627094075 68462.328 1.03799999999999999992
1  2.49e+03  0.3630192502 68462.328 1.03799999999999999992
1  2.52e+03  0.368350082 68462.328 1.03799999999999999992
1  2.56e+03  0.3743258116 68462.328 1.03799999999999999992
1  2.59e+03  0.3776651634 68462.328 1.03799999999999999992
1  2.63e+03  0.3773220301 68462.328 1.03799999999999999992
1  2.67e+03  0.3741318301 68462.328 1.03799999999999999992
1  2.70e+03  0.3697475347 68462.328 1.03799999999999999992
1  2.74e+03  0.3653686137 68462.328 1.03799999999999999992
1  2.78e+03  0.3618009466 68462.328 1.03799999999999999992
1  2.82e+03  0.3593618463 68462.328 1.03799999999999999992
1  2.86e+03  0.3577893594 68462.328 1.03799999999999999992
1  2.90e+03  0.3569096599 68462.328 1.03799999999999999992
1  2.94e+03  0.356642741 68462.328 1.03799999999999999992
1  2.98e+03  0.3568639372 68462.328 1.03799999999999999992
1  3.02e+03  0.3576293618 68462.328 1.03799999999999999992
1  3.06e+03  0.3592028326 68462.328 1.03799999999999999992
1  3.10e+03  0.3619067654 68462.328 1.03799999999999999992
1  3.15e+03  0.3658628615 68462.328 1.03799999999999999992
1  3.19e+03  0.3709605843 68462.328 1.03799999999999999992
1  3.24e+03  0.3767424576 68462.328 1.03799999999999999992
1  3.28e+03  0.3822150244 68462.328 1.03799999999999999992
1  3.33e+03  0.3858928788 68462.328 1.03799999999999999992
1  3.37e+03  0.3860643914 68462.328 1.03799999999999999992
1  3.42e+03  0.3817152756 68462.328 1.03799999999999999992
1  3.47e+03  0.3737817464 68462.328 1.03799999999999999992
1  3.52e+03  0.3658172188 68462.328 1.03799999999999999992
1  3.56e+03  0.3645408595 68462.328 1.03799999999999999992
1  3.61e+03  0.3728623604 68462.328 1.03799999999999999992
1  3.66e+03  0.3855690659 68462.328 1.03799999999999999992
1  3.72e+03  0.3937434854 68462.328 1.03799999999999999992
1  3.77e+03  0.3900762007 68462.328 1.03799999999999999992
1  3.82e+03  0.3782273152 68462.328 1.03799999999999999992
1  3.87e+03  0.3706564328 68462.328 1.03799999999999999992
1  3.93e+03  0.3795901026 68462.328 1.03799999999999999992
1  3.98e+03  0.3948478637 68462.328 1.03799999999999999992
1  4.04e+03  0.3960557745 68462.328 1.03799999999999999992
1  4.09e+03  0.3815396459 68462.328 1.03799999999999999992
1  4.15e+03  0.3751613136 68462.328 1.03799999999999999992
1  4.21e+03  0.3881168744 68462.328 1.03799999999999999992
1  4.27e+03  0.4004737823 68462.328 1.03799999999999999992
1  4.33e+03  0.3896507102 68462.328 1.03799999999999999992
1  4.39e+03  0.3763196517 68462.328 1.03799999999999999992
1  4.45e+03  0.3881220885 68462.328 1.03799999999999999992
1  4.51e+03  0.4004498321 68462.328 1.03799999999999999992
1  4.57e+03  0.387098987 68462.328 1.03799999999999999992
1  4.63e+03  0.3784391999 68462.328 1.03799999999999999992
1  4.70e+03  0.3962723799 68462.328 1.03799999999999999992
1  4.76e+03  0.3961183125 68462.328 1.03799999999999999992
1  4.83e+03  0.3774425268 68462.328 1.03799999999999999992
1  4.90e+03  0.3885049222 68462.328 1.03799999999999999992
1  4.97e+03  0.3993307765 68462.328 1.03799999999999999992
1  5.04e+03  0.3782968812 68462.328 1.03799999999999999992
1  5.11e+03  0.386296899 68462.328 1.03799999999999999992
1  5.18e+03  0.3995795943 68462.328 1.03799999999999999992
1  5.25e+03  0.3750884813 68462.328 1.03799999999999999992
1  5.32e+03  0.386934168 68462.328 1.03799999999999999992
1  5.40e+03  0.3968356424 68462.328 1.03799999999999999992
1  5.47e+03  0.3700105416 68462.328 1.03799999999999999992
1  5.55e+03  0.394351578 68462.328 1.03799999999999999992
1  5.62e+03  0.3837021157 68462.328 1.03799999999999999992
1  5.70e+03  0.3695117108 68462.328 1.03799999999999999992
1  5.78e+03  0.400393997 68462.328 1.03799999999999999992
1  5.86e+03  0.3646613249 68462.328 1.03799999999999999992
1  5.94e+03  0.392277939 68462.328 1.03799999999999999992
1  6.03e+03  0.3795826178 68462.328 1.03799999999999999992
1  6.11e+03  0.368069772 68462.328 1.03799999999999999992
1  6.19e+03  0.3954405273 68462.328 1.03799999999999999992
1  6.28e+03  0.355071924 68462.328 1.03799999999999999992
1  6.37e+03  0.401526646 68462.328 1.03799999999999999992
1  6.46e+03  0.3566494516 68462.328 1.03799999999999999992
1  6.55e+03  0.3925321405 68462.328 1.03799999999999999992
1  6.64e+03  0.3621721081 68462.328 1.03799999999999999992
1  6.73e+03  0.3835705806 68462.328 1.03799999999999999992
1  6.82e+03  0.3705580455 68462.328 1.03799999999999999992
1  6.92e+03  0.3788423388 68462.328 1.03799999999999999992
1  7.01e+03  0.3750936185 68462.328 1.03799999999999999992
1  7.11e+03  0.3654729941 68462.328 1.03799999999999999992
1  7.21e+03  0.3760669418 68462.328 1.03799999999999999992
1  7.31e+03  0.3645730206 68462.328 1.03799999999999999992
1  7.41e+03  0.3766647616 68462.328 1.03799999999999999992
1  7.52e+03  0.3732237343 68462.328 1.03799999999999999992
1  7.62e+03  0.3687492923 68462.328 1.03799999999999999992
1  7.73e+03  0.3695982443 68462.328 1.03799999999999999992
1  7.83e+03  0.3588549056 68462.328 1.03799999999999999992
1  7.94e+03  0.3863244513 68462.328 1.03799999999999999992
1  8.05e+03  0.3447959156 68462.328 1.03799999999999999992
1  8.17e+03  0.3974983652 68462.328 1.03799999999999999992
1  8.28e+03  0.3399522814 68462.328 1.03799999999999999992
1  8.39e+03  0.3980125115 68462.328 1.03799999999999999992
1  8.51e+03  0.3302565888 68462.328 1.03799999999999999992
1  8.63e+03  0.3901725539 68462.328 1.03799999999999999992
1  8.75e+03  0.3623684358 68462.328 1.03799999999999999992
1  8.87e+03  0.3620775444 68462.328 1.03799999999999999992
1  8.99e+03  0.3834328008 68462.328 1.03799999999999999992
1  9.12e+03  0.3372113412 68462.328 1.03799999999999999992
1  9.25e+03  0.3982990523 68462.328 1.03799999999999999992
1  9.38e+03  0.3338603182 68462.328 1.03799999999999999992
1  9.51e+03  0.3788949032 68462.328 1.03799999999999999992
1  9.64e+03  0.3820539083 68462.328 1.03799999999999999992
1  9.77e+03  0.3413289041 68462.328 1.03799999999999999992
1  9.91e+03  0.3968552305 68462.328 1.03799999999999999992
1  1.00e+04  0.332041863 68462.328 1.03799999999999999992
1  1.02e+04  0.3689871927 68462.328 1.03799999999999999992
1  1.03e+04  0.3948935684 68462.328 1.03799999999999999992
1  1.05e+04  0.3367279534 68462.328 1.03799999999999999992
1  1.06e+04  0.391263101 68462.328 1.03799999999999999992
1  1.08e+04  0.3600073078 68462.328 1.03799999999999999992
1  1.09e+04  0.3408968262 68462.328 1.03799999999999999992
1  1.11e+04  0.3998925203 68462.328 1.03799999999999999992
1  1.12e+04  0.3556479164 68462.328 1.03799999999999999992
1  1.14e+04  0.3517243987 68462.328 1.03799999999999999992
1  1.15e+04  0.4015594252 68462.328 1.03799999999999999992
1  1.17e+04  0.3481784326 68462.328 1.03799999999999999992
1  1.19e+04  0.3581634595 68462.328 1.03799999999999999992
1  1.20e+04  0.3984100764 68462.328 1.03799999999999999992
1  1.22e+04  0.3433115506 68462.328 1.03799999999999999992
1  1.24e+04  0.358059422 68462.328 1.03799999999999999992
1  1.25e+04  0.4050146823 68462.328 1.03799999999999999992
1  1.27e+04  0.3603373843 68462.328 1.03799999999999999992
1  1.29e+04  0.3538467262 68462.328 1.03799999999999999992
1  1.31e+04  0.3967720909 68462.328 1.03799999999999999992
1  1.32e+04  0.3599165106 68462.328 1.03799999999999999992
1  1.34e+04  0.3402156994 68462.328 1.03799999999999999992
1  1.36e+04  0.3993224837 68462.328 1.03799999999999999992
1  1.38e+04  0.3921068661 68462.328 1.03799999999999999992
1  1.40e+04  0.3518096563 68462.328 1.03799999999999999992
1  1.42e+04  0.3733094251 68462.328 1.03799999999999999992
1  1.44e+04  0.3962747579 68462.328 1.03799999999999999992
1  1.46e+04  0.3492700053 68462.328 1.03799999999999999992
1  1.48e+04  0.3515285631 68462.328 1.03799999999999999992
1  1.50e+04  0.4041883746 68462.328 1.03799999999999999992
1  1.52e+04  0.3958138767 68462.328 1.03799999999999999992
1  1.54e+04  0.3583309345 68462.328 1.03799999999999999992
1  1.56e+04  0.3688668026 68462.328 1.03799999999999999992
1  1.58e+04  0.3994406199 68462.328 1.03799999999999999992
1  1.61e+04  0.3707228201 68462.328 1.03799999999999999992
1  1.63e+04  0.3441742186 68462.328 1.03799999999999999992
1  1.65e+04  0.3851032491 68462.328 1.03799999999999999992
1  1.67e+04  0.4115314587 68462.328 1.03799999999999999992
1  1.70e+04  0.3834352183 68462.328 1.03799999999999999992
1  1.72e+04  0.3589921117 68462.328 1.03799999999999999992
1  1.75e+04  0.3786002073 68462.328 1.03799999999999999992
1  1.77e+04  0.403032179 68462.328 1.03799999999999999992
1  1.79e+04  0.3781376558 68462.328 1.03799999999999999992
1  1.82e+04  0.3511952887 68462.328 1.03799999999999999992
1  1.85e+04  0.3801386618 68462.328 1.03799999999999999992
1  1.87e+04  0.4122876387 68462.328 1.03799999999999999992
1  1.90e+04  0.3959293716 68462.328 1.03799999999999999992
1  1.92e+04  0.3656851051 68462.328 1.03799999999999999992
1  1.95e+04  0.3667477253 68462.328 1.03799999999999999992
1  1.98e+04  0.3956310859 68462.328 1.03799999999999999992
1  2.00e+04  0.408931473 68462.328 1.03799999999999999992
1  2.03e+04  0.3829572265 68462.328 1.03799999999999999992
1  2.06e+04  0.3605741707 68462.328 1.03799999999999999992
1  2.09e+04  0.3820092293 68462.328 1.03799999999999999992
1  2.12e+04  0.4109025607 68462.328 1.03799999999999999992
1  2.15e+04  0.400232665 68462.328 1.03799999999999999992
1  2.18e+04  0.3695099606 68462.328 1.03799999999999999992
1  2.21e+04  0.362765306 68462.328 1.03799999999999999992
1  2.24e+04  0.3862707886 68462.328 1.03799999999999999992
1  2.27e+04  0.4131044525 68462.328 1.03799999999999999992
1  2.30e+04  0.4150442717 68462.328 1.03799999999999999992
1  2.33e+04  0.3897963813 68462.328 1.03799999999999999992
1  2.37e+04  0.3688249789 68462.328 1.03799999999999999992
1  2.40e+04  0.3802829696 68462.328 1.03799999999999999992
1  2.43e+04  0.4065638953 68462.328 1.03799999999999999992
1  2.47e+04  0.4078019721 68462.328 1.03799999999999999992
1  2.50e+04  0.3807694812 68462.328 1.03799999999999999992
1  2.54e+04  0.3618050032 68462.328 1.03799999999999999992
1  2.57e+04  0.374703154 68462.328 1.03799999999999999992
1  2.61e+04  0.4044616853 68462.328 1.03799999999999999992
1  2.64e+04  0.422322325 68462.328 1.03799999999999999992
1  2.68e+04  0.4158709523 68462.328 1.03799999999999999992
1  2.72e+04  0.3934421956 68462.328 1.03799999999999999992
1  2.75e+04  0.3741694552 68462.328 1.03799999999999999992
1  2.79e+04  0.3749281682 68462.328 1.03799999999999999992
1  2.83e+04  0.3956677086 68462.328 1.03799999999999999992
1  2.87e+04  0.4156596504 68462.328 1.03799999999999999992
1  2.91e+04  0.4129333013 68462.328 1.03799999999999999992
1  2.95e+04  0.3894204351 68462.328 1.03799999999999999992
1  2.99e+04  0.3703821473 68462.328 1.03799999999999999992
1  3.03e+04  0.3765314043 68462.328 1.03799999999999999992
1  3.08e+04  0.4016669327 68462.328 1.03799999999999999992
1  3.12e+04  0.4210940186 68462.328 1.03799999999999999992
1  3.16e+04  0.4178486501 68462.328 1.03799999999999999992
1  3.21e+04  0.396882418 68462.328 1.03799999999999999992
1  3.25e+04  0.3764157445 68462.328 1.03799999999999999992
1  3.30e+04  0.3707635568 68462.328 1.03799999999999999992
1  3.34e+04  0.3818461065 68462.328 1.03799999999999999992
1  3.39e+04  0.4018038519 68462.328 1.03799999999999999992
1  3.44e+04  0.4193280997 68462.328 1.03799999999999999992
1  3.48e+04  0.4248348785 68462.328 1.03799999999999999992
1  3.53e+04  0.4148124344 68462.328 1.03799999999999999992
1  3.58e+04  0.3948237994 68462.328 1.03799999999999999992
1  3.63e+04  0.3776957288 68462.328 1.03799999999999999992
1  3.68e+04  0.3754737629 68462.328 1.03799999999999999992
1  3.73e+04  0.3901169836 68462.328 1.03799999999999999992
1  3.78e+04  0.4111169498 68462.328 1.03799999999999999992
1  3.84e+04  0.4229926249 68462.328 1.03799999999999999992
1  3.89e+04  0.4169886666 68462.328 1.03799999999999999992
1  3.94e+04  0.397497679 68462.328 1.03799999999999999992
1  4.00e+04  0.378316705 68462.328 1.03799999999999999992
1  4.06e+04  0.3723565966 68462.328 1.03799999999999999992
1  4.11e+04  0.3829539901 68462.328 1.03799999999999999992
1  4.17e+04  0.4027946891 68462.328 1.03799999999999999992
1  4.23e+04  0.4198587328 68462.328 1.03799999999999999992
1  4.29e+04  0.4252322044 68462.328 1.03799999999999999992
1  4.35e+04  0.4174626721 68462.328 1.03799999999999999992
1  4.41e+04  0.401738624 68462.328 1.03799999999999999992
1  4.47e+04  0.3858485653 68462.328 1.03799999999999999992
1  4.53e+04  0.3761097689 68462.328 1.03799999999999999992
1  4.59e+04  0.3753332484 68462.328 1.03799999999999999992
1  4.66e+04  0.3828590246 68462.328 1.03799999999999999992
1  4.72e+04  0.3956482854 68462.328 1.03799999999999999992
1  4.79e+04  0.4094337242 68462.328 1.03799999999999999992
1  4.85e+04  0.4197555113 68462.328 1.03799999999999999992
1  4.92e+04  0.4230798239 68462.328 1.03799999999999999992
1  4.99e+04  0.4179662632 68462.328 1.03799999999999999992
1  5.06e+04  0.405925921 68462.328 1.03799999999999999992
1  5.13e+04  0.3912478267 68462.328 1.03799999999999999992
1  5.20e+04  0.3795956831 68462.328 1.03799999999999999992
1  5.27e+04  0.375741171 68462.328 1.03799999999999999992
1  5.35e+04  0.3814765464 68462.328 1.03799999999999999992
1  5.42e+04  0.3947297324 68462.328 1.03799999999999999992
1  5.50e+04  0.4103415931 68462.328 1.03799999999999999992
1  5.57e+04  0.4222079076 68462.328 1.03799999999999999992
1  5.65e+04  0.4257765232 68462.328 1.03799999999999999992
1  5.73e+04  0.4198357914 68462.328 1.03799999999999999992
1  5.81e+04  0.4068415995 68462.328 1.03799999999999999992
1  5.89e+04  0.3917738559 68462.328 1.03799999999999999992
1  5.97e+04  0.3801026857 68462.328 1.03799999999999999992
1  6.05e+04  0.3757552476 68462.328 1.03799999999999999992
1  6.14e+04  0.3798338506 68462.328 1.03799999999999999992
1  6.22e+04  0.390508321 68462.328 1.03799999999999999992
1  6.31e+04  0.4039232566 68462.328 1.03799999999999999992
1  6.40e+04  0.4156910053 68462.328 1.03799999999999999992
1  6.49e+04  0.4223395446 68462.328 1.03799999999999999992
1  6.58e+04  0.4222385706 68462.328 1.03799999999999999992
1  6.67e+04  0.4158708084 68462.328 1.03799999999999999992
1  6.76e+04  0.4053515676 68462.328 1.03799999999999999992
1  6.85e+04  0.3936130002 68462.328 1.03799999999999999992
1  6.95e+04  0.3834979901 68462.328 1.03799999999999999992
1  7.05e+04  0.3770569488 68462.328 1.03799999999999999992
1  7.14e+04  0.3751869916 68462.328 1.03799999999999999992
1  7.24e+04  0.3776543089 68462.328 1.03799999999999999992
1  7.35e+04  0.3833732008 68462.328 1.03799999999999999992
1  7.45e+04  0.3908181958 68462.328 1.03799999999999999992
1  7.55e+04  0.3984145877 68462.328 1.03799999999999999992
1  7.66e+04  0.404850587 68462.328 1.03799999999999999992
1  7.76e+04  0.409239151 68462.328 1.03799999999999999992
1  7.87e+04  0.411133634 68462.328 1.03799999999999999992
1  7.98e+04  0.4104990875 68462.328 1.03799999999999999992
1  8.09e+04  0.4076294287 68462.328 1.03799999999999999992
1  8.20e+04  0.4030241644 68462.328 1.03799999999999999992
1  8.32e+04  0.3973312041 68462.328 1.03799999999999999992
1  8.43e+04  0.3912631954 68462.328 1.03799999999999999992
1  8.55e+04  0.3855544326 68462.328 1.03799999999999999992
1  8.67e+04  0.380898419 68462.328 1.03799999999999999992
1  8.79e+04  0.377873293 68462.328 1.03799999999999999992
1  8.91e+04  0.3768798444 68462.328 1.03799999999999999992
1  9.04e+04  0.3780904142 68462.328 1.03799999999999999992
1  9.16e+04  0.3814037577 68462.328 1.03799999999999999992
1  9.29e+04  0.3864438813 68462.328 1.03799999999999999992
1  9.42e+04  0.3925988642 68462.328 1.03799999999999999992
1  9.55e+04  0.3991006112 68462.328 1.03799999999999999992
1  9.68e+04  0.4051071914 68462.328 1.03799999999999999992
1  9.82e+04  0.409841776 68462.328 1.03799999999999999992
1  9.95e+04  0.4126960246 68462.328 1.03799999999999999992
1  1.01e+05  0.4133072702 68462.328 1.03799999999999999992
1  1.02e+05  0.4116024231 68462.328 1.03799999999999999992
1  1.04e+05  0.4078212629 68462.328 1.03799999999999999992
1  1.05e+05  0.4024661416 68462.328 1.03799999999999999992
1  1.07e+05  0.3962256178 68462.328 1.03799999999999999992
1  1.08e+05  0.3898834042 68462.328 1.03799999999999999992
1  1.10e+05  0.3842156078 68462.328 1.03799999999999999992
1  1.11e+05  0.3798924373 68462.328 1.03799999999999999992
1  1.13e+05  0.3773989321 68462.328 1.03799999999999999992
1  1.14e+05  0.3769876307 68462.328 1.03799999999999999992
1  1.16e+05  0.3786618447 68462.328 1.03799999999999999992
1  1.17e+05  0.3821877939 68462.328 1.03799999999999999992
1  1.19e+05  0.3871375134 68462.328 1.03799999999999999992
1  1.21e+05  0.3929528268 68462.328 1.03799999999999999992
1  1.22e+05  0.3990066303 68462.328 1.03799999999999999992
1  1.24e+05  0.4046802691 68462.328 1.03799999999999999992
1  1.26e+05  0.4094253291 68462.328 1.03799999999999999992
1  1.28e+05  0.4128181952 68462.328 1.03799999999999999992
1  1.29e+05  0.4145898703 68462.328 1.03799999999999999992
1  1.31e+05  0.4146391979 68462.328 1.03799999999999999992
1  1.33e+05  0.413027138 68462.328 1.03799999999999999992
1  1.35e+05  0.4099625431 68462.328 1.03799999999999999992
1  1.37e+05  0.4057664039 68462.328 1.03799999999999999992
1  1.39e+05  0.4008360535 68462.328 1.03799999999999999992
1  1.41e+05  0.3956033185 68462.328 1.03799999999999999992
1  1.43e+05  0.3904930245 68462.328 1.03799999999999999992
1  1.45e+05  0.3858892861 68462.328 1.03799999999999999992
1  1.47e+05  0.3821045452 68462.328 1.03799999999999999992
1  1.49e+05  0.3793704223 68462.328 1.03799999999999999992
1  1.51e+05  0.3778177383 68462.328 1.03799999999999999992
1  1.53e+05  0.3774811989 68462.328 1.03799999999999999992
1  1.55e+05  0.3783056658 68462.328 1.03799999999999999992
1  1.57e+05  0.3801585498 68462.328 1.03799999999999999992
1  1.59e+05  0.3828471534 68462.328 1.03799999999999999992
1  1.61e+05  0.3861381112 68462.328 1.03799999999999999992
1  1.64e+05  0.3897773543 68462.328 1.03799999999999999992
1  1.66e+05  0.3935090678 68462.328 1.03799999999999999992
1  1.68e+05  0.3970924298 68462.328 1.03799999999999999992
1  1.71e+05  0.4003152793 68462.328 1.03799999999999999992
1  1.73e+05  0.4030042185 68462.328 1.03799999999999999992
1  1.75e+05  0.4050309878 68462.328 1.03799999999999999992
1  1.78e+05  0.4063152368 68462.328 1.03799999999999999992
1  1.80e+05  0.406824038 68462.328 1.03799999999999999992
1  1.83e+05  0.4065686509 68462.328 1.03799999999999999992
1  1.85e+05  0.4055991394 68462.328 1.03799999999999999992
1  1.88e+05  0.403997482 68462.328 1.03799999999999999992
1  1.91e+05  0.4018698031 68462.328 1.03799999999999999992
1  1.93e+05  0.3993383048 68462.328 1.03799999999999999992
1  1.96e+05  0.3965333972 68462.328 1.03799999999999999992
1  1.99e+05  0.3935864331 68462.328 1.03799999999999999992
1  2.01e+05  0.3906233478 68462.328 1.03799999999999999992
1  2.04e+05  0.3877594066 68462.328 1.03799999999999999992
1  2.07e+05  0.3850951635 68462.328 1.03799999999999999992
1  2.10e+05  0.3827136537 68462.328 1.03799999999999999992
1  2.13e+05  0.3806787732 68462.328 1.03799999999999999992
1  2.16e+05  0.3790347442 68462.328 1.03799999999999999992
1  2.19e+05  0.3778065261 68462.328 1.03799999999999999992
1  2.22e+05  0.37700101 68462.328 1.03799999999999999992
1  2.25e+05  0.3766088218 68462.328 1.03799999999999999992
1  2.28e+05  0.3766065609 68462.328 1.03799999999999999992
1  2.31e+05  0.3769593093 68462.328 1.03799999999999999992
1  2.34e+05  0.377623261 68462.328 1.03799999999999999992
1  2.38e+05  0.3785483443 68462.328 1.03799999999999999992
1  2.41e+05  0.3796807277 68462.328 1.03799999999999999992
1  2.44e+05  0.3809651274 68462.328 1.03799999999999999992
1  2.48e+05  0.3823468541 68462.328 1.03799999999999999992
1  2.51e+05  0.3837735606 68462.328 1.03799999999999999992
1  2.55e+05  0.3851966688 68462.328 1.03799999999999999992
1  2.58e+05  0.3865724723 68462.328 1.03799999999999999992
1  2.62e+05  0.3878629244 68462.328 1.03799999999999999992
1  2.65e+05  0.3890361314 68462.328 1.03799999999999999992
1  2.69e+05  0.3900665788 68462.328 1.03799999999999999992
1  2.73e+05  0.3909351242 68462.328 1.03799999999999999992
1  2.77e+05  0.3916287936 68462.328 1.03799999999999999992
1  2.81e+05  0.3921404163 68462.328 1.03799999999999999992
1  2.84e+05  0.392468137 68462.328 1.03799999999999999992
1  2.88e+05  0.3926148393 68462.328 1.03799999999999999992
1  2.92e+05  0.3925875108 68462.328 1.03799999999999999992
1  2.96e+05  0.3923965806 68462.328 1.03799999999999999992
1  3.01e+05  0.3920552515 68462.328 1.03799999999999999992
1  3.05e+05  0.3915788491 68462.328 1.03799999999999999992
1  3.09e+05  0.3909842025 68462.328 1.03799999999999999992
1  3.13e+05  0.3902890713 68462.328 1.03799999999999999992
1  3.18e+05  0.3895116262 68462.328 1.03799999999999999992
1  3.22e+05  0.3886699904 68462.328 1.03799999999999999992
1  3.27e+05  0.3877818442 68462.328 1.03799999999999999992
1  3.31e+05  0.3868640945 68462.328 1.03799999999999999992
1  3.36e+05  0.3859326068 68462.328 1.03799999999999999992
1  3.40e+05  0.3850019977 68462.328 1.03799999999999999992
1  3.45e+05  0.3840854841 68462.328 1.03799999999999999992
1  3.50e+05  0.3831947839 68462.328 1.03799999999999999992
1  3.55e+05  0.3823400622 68462.328 1.03799999999999999992
1  3.60e+05  0.3815299186 68462.328 1.03799999999999999992
1  3.65e+05  0.380771409 68462.328 1.03799999999999999992
1  3.70e+05  0.3800700961 68462.328 1.03799999999999999992
1  3.75e+05  0.3794301229 68462.328 1.03799999999999999992
1  3.80e+05  0.3788543057 68462.328 1.03799999999999999992
1  3.85e+05  0.3783442387 68462.328 1.03799999999999999992
1  3.91e+05  0.3779004097 68462.328 1.03799999999999999992
1  3.96e+05  0.3775223199 68462.328 1.03799999999999999992
1  4.02e+05  0.3772086061 68462.328 1.03799999999999999992
1  4.07e+05  0.3769571627 68462.328 1.03799999999999999992
1  4.13e+05  0.3767652602 68462.328 1.03799999999999999992
1  4.19e+05  0.3766296589 68462.328 1.03799999999999999992
1  4.25e+05  0.3765467163 68462.328 1.03799999999999999992
1  4.31e+05  0.3765124872 68462.328 1.03799999999999999992
1  4.37e+05  0.3765228152 68462.328 1.03799999999999999992
1  4.43e+05  0.376573416 68462.328 1.03799999999999999992
1  4.49e+05  0.3766599511 68462.328 1.03799999999999999992
1  4.55e+05  0.3767780939 68462.328 1.03799999999999999992
1  4.61e+05  0.3769235851 68462.328 1.03799999999999999992
1  4.68e+05  0.3770922818 68462.328 1.03799999999999999992
1  4.74e+05  0.377280197 68462.328 1.03799999999999999992
1  4.81e+05  0.3774835321 68462.328 1.03799999999999999992
1  4.88e+05  0.377698703 68462.328 1.03799999999999999992
1  4.94e+05  0.377922359 68462.328 1.03799999999999999992
1  5.01e+05  0.3781513962 68462.328 1.03799999999999999992
1  5.08e+05  0.3783829665 68462.328 1.03799999999999999992
1  5.15e+05  0.3786144807 68462.328 1.03799999999999999992
1  5.22e+05  0.3788436094 68462.328 1.03799999999999999992
1  5.30e+05  0.3790682786 68462.328 1.03799999999999999992
1  5.37e+05  0.3792866645 68462.328 1.03799999999999999992
1  5.45e+05  0.379497184 68462.328 1.03799999999999999992
1  5.52e+05  0.3796984851 68462.328 1.03799999999999999992
1  5.60e+05  0.3798894346 68462.328 1.03799999999999999992
1  5.68e+05  0.380069105 68462.328 1.03799999999999999992
1  5.75e+05  0.3802367608 68462.328 1.03799999999999999992
1  5.83e+05  0.3803918446 68462.328 1.03799999999999999992
1  5.92e+05  0.3805339622 68462.328 1.03799999999999999992
1  6.00e+05  0.3806628682 68462.328 1.03799999999999999992
1  6.08e+05  0.3807784519 68462.328 1.03799999999999999992
1  6.17e+05  0.3808807232 68462.328 1.03799999999999999992
1  6.25e+05  0.3809732584 68462.328 1.03799999999999999992
1  6.34e+05  0.3810559188 68462.328 1.03799999999999999992
1  6.43e+05  0.3811222555 68462.328 1.03799999999999999992
1  6.52e+05  0.3811791647 68462.328 1.03799999999999999992
1  6.61e+05  0.3812208091 68462.328 1.03799999999999999992
1  6.70e+05  0.3812508598 68462.328 1.03799999999999999992
1  6.79e+05  0.381269837 68462.328 1.03799999999999999992
1  6.89e+05  0.3812782918 68462.328 1.03799999999999999992
1  6.98e+05  0.3812793981 68462.328 1.03799999999999999992
1  7.08e+05  0.3812684628 68462.328 1.03799999999999999992
1  7.18e+05  0.3812487708 68462.328 1.03799999999999999992
1  7.28e+05  0.3812209248 68462.328 1.03799999999999999992
1  7.38e+05  0.3811855266 68462.328 1.03799999999999999992
1  7.48e+05  0.3811453764 68462.328 1.03799999999999999992
1  7.59e+05  0.3810965852 68462.328 1.03799999999999999992
1  7.69e+05  0.3810420016 68462.328 1.03799999999999999992
1  7.80e+05  0.3809821843 68462.328 1.03799999999999999992
1  7.91e+05  0.3809176744 68462.328 1.03799999999999999992
1  8.02e+05  0.380850869 68462.328 1.03799999999999999992
1  8.13e+05  0.3807784606 68462.328 1.03799999999999999992
1  8.24e+05  0.3807028615 68462.328 1.03799999999999999992
1  8.36e+05  0.3806245265 68462.328 1.03799999999999999992
1  8.47e+05  0.3805438868 68462.328 1.03799999999999999992
1  8.59e+05  0.3804613494 68462.328 1.03799999999999999992
1  8.71e+05  0.3803788505 68462.328 1.03799999999999999992
1  8.83e+05  0.3802935965 68462.328 1.03799999999999999992
1  8.95e+05  0.3802075231 68462.328 1.03799999999999999992
1  9.08e+05  0.3801209419 68462.328 1.03799999999999999992
1  9.20e+05  0.3800341414 68462.328 1.03799999999999999992
1  9.33e+05  0.3799487167 68462.328 1.03799999999999999992
1  9.46e+05  0.3798622157 68462.328 1.03799999999999999992
1  9.59e+05  0.3797762313 68462.328 1.03799999999999999992
1  9.73e+05  0.3796909671 68462.328 1.03799999999999999992
1  9.86e+05  0.3796066075 68462.328 1.03799999999999999992
1  1.00e+06  0.3795233188 68462.328 1.03799999999999999992
