1  1.00e-03  0.1764247104  1.645963e-01 1.07599999999999999996
1  1.05e-03  0.1764247091  1.645963e-01 1.07599999999999999996
1  1.10e-03  0.1764247112  1.645963e-01 1.07599999999999999996
1  1.15e-03  0.1764247099  1.645963e-01 1.07599999999999999996
1  1.20e-03  0.1764247123  1.645963e-01 1.07599999999999999996
1  1.26e-03  0.1764247115  1.645963e-01 1.07599999999999999996
1  1.32e-03  0.1764247145  1.645963e-01 1.07599999999999999996
1  1.38e-03  0.1764247112  1.645963e-01 1.07599999999999999996
1  1.45e-03  0.1764247092  1.645963e-01 1.07599999999999999996
1  1.51e-03  0.1764247132  1.645963e-01 1.07599999999999999996
1  1.58e-03  0.1764247103  1.645963e-01 1.07599999999999999996
1  1.66e-03  0.1764247099  1.645963e-01 1.07599999999999999996
1  1.74e-03  0.1764247099  1.645963e-01 1.07599999999999999996
1  1.82e-03  0.1764247097  1.645963e-01 1.07599999999999999996
1  1.91e-03  0.1764247108  1.645963e-01 1.07599999999999999996
1  2.00e-03  0.1764247117  1.645963e-01 1.07599999999999999996
1  2.09e-03  0.1764247154  1.645963e-01 1.07599999999999999996
1  2.19e-03  0.1764247137  1.645963e-01 1.07599999999999999996
1  2.29e-03  0.1764247137  1.645963e-01 1.07599999999999999996
1  2.40e-03  0.1764247117  1.645963e-01 1.07599999999999999996
1  2.51e-03  0.1764247149  1.645963e-01 1.07599999999999999996
1  2.63e-03  0.1764247118  1.645963e-01 1.07599999999999999996
1  2.75e-03  0.1764247167  1.645963e-01 1.07599999999999999996
1  2.88e-03  0.176424716  1.645963e-01 1.07599999999999999996
1  3.02e-03  0.1764247207  1.645963e-01 1.07599999999999999996
1  3.16e-03  0.1764247087  1.645963e-01 1.07599999999999999996
1  3.31e-03  0.1764247147  1.645963e-01 1.07599999999999999996
1  3.47e-03  0.1764247156  1.645963e-01 1.07599999999999999996
1  3.63e-03  0.1764247175  1.645963e-01 1.07599999999999999996
1  3.80e-03  0.176424717  1.645963e-01 1.07599999999999999996
1  3.98e-03  0.1764247124  1.645963e-01 1.07599999999999999996
1  4.17e-03  0.1764247166  1.645963e-01 1.07599999999999999996
1  4.37e-03  0.1764247126  1.645963e-01 1.07599999999999999996
1  4.57e-03  0.1764247131  1.645963e-01 1.07599999999999999996
1  4.79e-03  0.1764247173  1.645963e-01 1.07599999999999999996
1  5.01e-03  0.1764247138  1.645963e-01 1.07599999999999999996
1  5.25e-03  0.1764247133  1.645963e-01 1.07599999999999999996
1  5.50e-03  0.1764247178  1.645963e-01 1.07599999999999999996
1  5.75e-03  0.1764247223  1.645963e-01 1.07599999999999999996
1  6.03e-03  0.1764247212  1.645963e-01 1.07599999999999999996
1  6.31e-03  0.1764247671  1.645963e-01 1.07599999999999999996
1  6.61e-03  0.1764247152  1.645963e-01 1.07599999999999999996
1  6.92e-03  0.1764247249  1.645963e-01 1.07599999999999999996
1  7.24e-03  0.1764247237  1.645963e-01 1.07599999999999999996
1  7.59e-03  0.1764247185  1.645963e-01 1.07599999999999999996
1  7.94e-03  0.1764247275  1.645963e-01 1.07599999999999999996
1  8.32e-03  0.1764247251  1.645963e-01 1.07599999999999999996
1  8.71e-03  0.176424719  1.645963e-01 1.07599999999999999996
1  9.12e-03  0.1764247317  1.645963e-01 1.07599999999999999996
1  9.55e-03  0.1764247329  1.645963e-01 1.07599999999999999996
1  1.00e-02  0.1764247185  1.645963e-01 1.07599999999999999996
1  1.05e-02  0.1764247446  1.645963e-01 1.07599999999999999996
1  1.10e-02  0.176424757  1.645963e-01 1.07599999999999999996
1  1.15e-02  0.1764247237  1.645963e-01 1.07599999999999999996
1  1.20e-02  0.1764246356  1.645963e-01 1.07599999999999999996
1  1.26e-02  0.1764247277  1.645963e-01 1.07599999999999999996
1  1.32e-02  0.1764247331  1.645963e-01 1.07599999999999999996
1  1.38e-02  0.176424723  1.645963e-01 1.07599999999999999996
1  1.45e-02  0.1764247285  1.645963e-01 1.07599999999999999996
1  1.51e-02  0.1764247369  1.645963e-01 1.07599999999999999996
1  1.58e-02  0.1764247291  1.645963e-01 1.07599999999999999996
1  1.66e-02  0.176424722  1.645963e-01 1.07599999999999999996
1  1.74e-02  0.1764247433  1.645963e-01 1.07599999999999999996
1  1.82e-02  0.1764247129  1.645963e-01 1.07599999999999999996
1  1.91e-02  0.176424747  1.645963e-01 1.07599999999999999996
1  2.00e-02  0.1764247399  1.645963e-01 1.07599999999999999996
1  2.09e-02  0.1764247226  1.645963e-01 1.07599999999999999996
1  2.19e-02  0.1764247243  1.645963e-01 1.07599999999999999996
1  2.29e-02  0.1764249357  1.645963e-01 1.07599999999999999996
1  2.40e-02  0.1764248525  1.645963e-01 1.07599999999999999996
1  2.51e-02  0.176424721  1.645963e-01 1.07599999999999999996
1  2.63e-02  0.1764247224  1.645963e-01 1.07599999999999999996
1  2.75e-02  0.1764247878  1.645963e-01 1.07599999999999999996
1  2.88e-02  0.176424769  1.645963e-01 1.07599999999999999996
1  3.02e-02  0.17642475  1.645963e-01 1.07599999999999999996
1  3.16e-02  0.1764247541  1.645963e-01 1.07599999999999999996
1  3.31e-02  0.1764247255  1.645963e-01 1.07599999999999999996
1  3.47e-02  0.1764247374  1.645963e-01 1.07599999999999999996
1  3.63e-02  0.1763811786  1.645963e-01 1.07599999999999999996
1  3.80e-02  0.1764782022  1.645963e-01 1.07599999999999999996
1  3.98e-02  0.1764248781  1.645963e-01 1.07599999999999999996
1  4.17e-02  0.1763788245  1.645963e-01 1.07599999999999999996
1  4.37e-02  0.1764248569  1.645963e-01 1.07599999999999999996
1  4.57e-02  0.1764248033  1.645963e-01 1.07599999999999999996
1  4.79e-02  0.1764248648  1.645963e-01 1.07599999999999999996
1  5.01e-02  0.1764248279  1.645963e-01 1.07599999999999999996
1  5.25e-02  0.1764247987  1.645963e-01 1.07599999999999999996
1  5.50e-02  0.1764247627  1.645963e-01 1.07599999999999999996
1  5.75e-02  0.1764247939  1.645963e-01 1.07599999999999999996
1  6.03e-02  0.1764248273  1.645963e-01 1.07599999999999999996
1  6.31e-02  0.1764248299  1.645963e-01 1.07599999999999999996
1  6.61e-02  0.1764247945  1.645963e-01 1.07599999999999999996
1  6.92e-02  0.1764248666  1.645963e-01 1.07599999999999999996
1  7.24e-02  0.1764247664  1.645963e-01 1.07599999999999999996
1  7.59e-02  0.1764249867  1.645963e-01 1.07599999999999999996
1  7.94e-02  0.1764959533  1.645963e-01 1.07599999999999999996
1  8.32e-02  0.1764250943  1.645963e-01 1.07599999999999999996
1  8.71e-02  0.176424945  1.645963e-01 1.07599999999999999996
1  9.12e-02  0.1764240016  1.645963e-01 1.07599999999999999996
1  9.55e-02  0.1764249583  1.645963e-01 1.07599999999999999996
1  1.00e-01  0.1764250004  1.645963e-01 1.07599999999999999996
1  1.05e-01  0.1764249455  1.645963e-01 1.07599999999999999996
1  1.10e-01  0.1764249375  1.645963e-01 1.07599999999999999996
1  1.15e-01  0.1764248098  1.645963e-01 1.07599999999999999996
1  1.20e-01  0.1764249509  1.645963e-01 1.07599999999999999996
1  1.26e-01  0.1764249521  1.645963e-01 1.07599999999999999996
1  1.32e-01  0.1764247759  1.645963e-01 1.07599999999999999996
1  1.38e-01  0.1764249928  1.645963e-01 1.07599999999999999996
1  1.45e-01  0.176424841  1.645963e-01 1.07599999999999999996
1  1.51e-01  0.1764248645  1.645963e-01 1.07599999999999999996
1  1.58e-01  0.1764252075  1.645963e-01 1.07599999999999999996
1  1.66e-01  0.1764249617  1.645963e-01 1.07599999999999999996
1  1.74e-01  0.176425268  1.645963e-01 1.07599999999999999996
1  1.82e-01  0.1764251119  1.645963e-01 1.07599999999999999996
1  1.91e-01  0.1764249814  1.645963e-01 1.07599999999999999996
1  2.00e-01  0.1764250271  1.645963e-01 1.07599999999999999996
1  2.09e-01  0.1764248403  1.645963e-01 1.07599999999999999996
1  2.19e-01  0.1764249272  1.645963e-01 1.07599999999999999996
1  2.29e-01  0.1764251278  1.645963e-01 1.07599999999999999996
1  2.40e-01  0.1764251276  1.645963e-01 1.07599999999999999996
1  2.51e-01  0.1764248007  1.645963e-01 1.07599999999999999996
1  2.63e-01  0.1764234462  1.645963e-01 1.07599999999999999996
1  2.75e-01  0.1764287647  1.645963e-01 1.07599999999999999996
1  2.88e-01  0.1764279358  1.645963e-01 1.07599999999999999996
1  3.02e-01  0.1764099418  1.645963e-01 1.07599999999999999996
1  3.16e-01  0.1764248695  1.645963e-01 1.07599999999999999996
1  3.31e-01  0.1764301771  1.645963e-01 1.07599999999999999996
1  3.47e-01  0.1764252931  1.645963e-01 1.07599999999999999996
1  3.63e-01  0.1764249949  1.645963e-01 1.07599999999999999996
1  3.80e-01  0.1764176148  1.645963e-01 1.07599999999999999996
1  3.98e-01  0.1764252243  1.645963e-01 1.07599999999999999996
1  4.17e-01  0.1764246099  1.645963e-01 1.07599999999999999996
1  4.37e-01  0.1764254071  1.645963e-01 1.07599999999999999996
1  4.57e-01  0.1764252228  1.645963e-01 1.07599999999999999996
1  4.79e-01  0.1764254762  1.645963e-01 1.07599999999999999996
1  5.01e-01  0.1764254645  1.645963e-01 1.07599999999999999996
1  5.25e-01  0.1764281183  1.645963e-01 1.07599999999999999996
1  5.50e-01  0.1764253135  1.645963e-01 1.07599999999999999996
1  5.75e-01  0.1764255538  1.645963e-01 1.07599999999999999996
1  6.03e-01  0.1764256841  1.645963e-01 1.07599999999999999996
1  6.31e-01  0.1764258012  1.645963e-01 1.07599999999999999996
1  6.61e-01  0.176426724  1.645963e-01 1.07599999999999999996
1  6.92e-01  0.1764253427  1.645963e-01 1.07599999999999999996
1  7.24e-01  0.1764251698  1.645963e-01 1.07599999999999999996
1  7.59e-01  0.1764253719  1.645963e-01 1.07599999999999999996
1  7.94e-01  0.1764174601  1.645963e-01 1.07599999999999999996
1  8.32e-01  0.1764121789  1.645963e-01 1.07599999999999999996
1  8.71e-01  0.1764248698  1.645963e-01 1.07599999999999999996
1  9.12e-01  0.1764249088  1.645963e-01 1.07599999999999999996
1  9.55e-01  0.176425077  1.645963e-01 1.07599999999999999996
1  1.00e+00  0.1764248506  1.645963e-01 1.07599999999999999996
1  1.05e+00  0.1764258163  1.645963e-01 1.07599999999999999996
1  1.10e+00  0.1764270694  1.645963e-01 1.07599999999999999996
1  1.15e+00  0.1764260109  1.645963e-01 1.07599999999999999996
1  1.20e+00  0.1764265966  1.645963e-01 1.07599999999999999996
1  1.26e+00  0.176420134  1.645963e-01 1.07599999999999999996
1  1.32e+00  0.1764256889  1.645963e-01 1.07599999999999999996
1  1.38e+00  0.1764593075  1.645963e-01 1.07599999999999999996
1  1.45e+00  0.1764281429  1.645963e-01 1.07599999999999999996
1  1.51e+00  0.1764266514  1.645963e-01 1.07599999999999999996
1  1.58e+00  0.1764228373  1.645963e-01 1.07599999999999999996
1  1.66e+00  0.1764250115  1.645963e-01 1.07599999999999999996
1  1.74e+00  0.1764258087  1.645963e-01 1.07599999999999999996
1  1.82e+00  0.1764266712  1.645963e-01 1.07599999999999999996
1  1.91e+00  0.1764271767  1.645963e-01 1.07599999999999999996
1  2.00e+00  0.1764253538  1.645963e-01 1.07599999999999999996
1  2.09e+00  0.1764259386  1.645963e-01 1.07599999999999999996
1  2.19e+00  0.1764251819  1.645963e-01 1.07599999999999999996
1  2.29e+00  0.1764580509  1.645963e-01 1.07599999999999999996
1  2.40e+00  0.1764305445  1.645963e-01 1.07599999999999999996
1  2.51e+00  0.1764254574  1.645963e-01 1.07599999999999999996
1  2.63e+00  0.176428847  1.645963e-01 1.07599999999999999996
1  2.75e+00  0.1764289047  1.645963e-01 1.07599999999999999996
1  2.88e+00  0.1764842572  1.645963e-01 1.07599999999999999996
1  3.02e+00  0.1763638325  1.645963e-01 1.07599999999999999996
1  3.16e+00  0.1764316502  1.645963e-01 1.07599999999999999996
1  3.31e+00  0.176431289  1.645963e-01 1.07599999999999999996
1  3.47e+00  0.1763874649  1.645963e-01 1.07599999999999999996
1  3.63e+00  0.1764754112  1.645963e-01 1.07599999999999999996
1  3.80e+00  0.1764306019  1.645963e-01 1.07599999999999999996
1  3.98e+00  0.1764258463  1.645963e-01 1.07599999999999999996
1  4.17e+00  0.1764280249  1.645963e-01 1.07599999999999999996
1  4.37e+00  0.1764285628  1.645963e-01 1.07599999999999999996
1  4.57e+00  0.1764315628  1.645963e-01 1.07599999999999999996
1  4.79e+00  0.1764314129  1.645963e-01 1.07599999999999999996
1  5.01e+00  0.1764244101  1.645963e-01 1.07599999999999999996
1  5.25e+00  0.1762961266  1.645963e-01 1.07599999999999999996
1  5.50e+00  0.1762753193  1.645963e-01 1.07599999999999999996
1  5.75e+00  0.1764275527  1.645963e-01 1.07599999999999999996
1  6.03e+00  0.1765225223  1.645963e-01 1.07599999999999999996
1  6.31e+00  0.1764249164  1.645963e-01 1.07599999999999999996
1  6.61e+00  0.1764283856  1.645963e-01 1.07599999999999999996
1  6.92e+00  0.1764325231  1.645963e-01 1.07599999999999999996
1  7.24e+00  0.1764217206  1.645963e-01 1.07599999999999999996
1  7.59e+00  0.1763764922  1.645963e-01 1.07599999999999999996
1  7.94e+00  0.1767435216  1.645963e-01 1.07599999999999999996
1  8.32e+00  0.1762905747  1.645963e-01 1.07599999999999999996
1  8.71e+00  0.1762952955  1.645963e-01 1.07599999999999999996
1  9.12e+00  0.1766449437  1.645963e-01 1.07599999999999999996
1  9.55e+00  0.1766558842  1.645963e-01 1.07599999999999999996
1  1.00e+01  0.1765849175  1.645963e-01 1.07599999999999999996
1  1.05e+01  0.1765733455  1.645963e-01 1.07599999999999999996
1  1.10e+01  0.1765596921  1.645963e-01 1.07599999999999999996
1  1.15e+01  0.1764368114  1.645963e-01 1.07599999999999999996
1  1.20e+01  0.17651713  1.645963e-01 1.07599999999999999996
1  1.26e+01  0.1764395696  1.645963e-01 1.07599999999999999996
1  1.32e+01  0.1764239506  1.645963e-01 1.07599999999999999996
1  1.38e+01  0.1764437845  1.645963e-01 1.07599999999999999996
1  1.45e+01  0.1764356227  1.645963e-01 1.07599999999999999996
1  1.51e+01  0.1764347972  1.645963e-01 1.07599999999999999996
1  1.58e+01  0.1764408091  1.645963e-01 1.07599999999999999996
1  1.66e+01  0.1764667826  1.645963e-01 1.07599999999999999996
1  1.74e+01  0.1769541199  1.645963e-01 1.07599999999999999996
1  1.82e+01  0.1756910199  1.645963e-01 1.07599999999999999996
1  1.91e+01  0.1766711766  1.645963e-01 1.07599999999999999996
1  2.00e+01  0.176647127  1.645963e-01 1.07599999999999999996
1  2.09e+01  0.174926321  1.645963e-01 1.07599999999999999996
1  2.19e+01  0.1765535152  1.645963e-01 1.07599999999999999996
1  2.29e+01  0.1770464989  1.645963e-01 1.07599999999999999996
1  2.40e+01  0.1764157327  1.645963e-01 1.07599999999999999996
1  2.51e+01  0.1767864991  1.645963e-01 1.07599999999999999996
1  2.63e+01  0.176107713  1.645963e-01 1.07599999999999999996
1  2.75e+01  0.1768325482  1.645963e-01 1.07599999999999999996
1  2.88e+01  0.1758460666  1.645963e-01 1.07599999999999999996
1  3.02e+01  0.1760576091  1.645963e-01 1.07599999999999999996
1  3.16e+01  0.1766357626  1.645963e-01 1.07599999999999999996
1  3.31e+01  0.1761106078  1.645963e-01 1.07599999999999999996
1  3.47e+01  0.1770972853  1.645963e-01 1.07599999999999999996
1  3.63e+01  0.1771489809  1.645963e-01 1.07599999999999999996
1  3.80e+01  0.1770776849  1.645963e-01 1.07599999999999999996
1  3.98e+01  0.1764265215  1.645963e-01 1.07599999999999999996
1  4.17e+01  0.1764346278  1.645963e-01 1.07599999999999999996
1  4.37e+01  0.1764248815  1.645963e-01 1.07599999999999999996
1  4.57e+01  0.1771330733  1.645963e-01 1.07599999999999999996
1  4.79e+01  0.1773024712  1.645963e-01 1.07599999999999999996
1  5.01e+01  0.1763909603  1.645963e-01 1.07599999999999999996
1  5.25e+01  0.1764424519  1.645963e-01 1.07599999999999999996
1  5.50e+01  0.1765628796  1.645963e-01 1.07599999999999999996
1  5.75e+01  0.176265691  1.645963e-01 1.07599999999999999996
1  6.03e+01  0.1760805752  1.645963e-01 1.07599999999999999996
1  6.31e+01  0.1766982522  1.645963e-01 1.07599999999999999996
1  6.61e+01  0.1765019104  1.645963e-01 1.07599999999999999996
1  6.92e+01  0.1764496336  1.645963e-01 1.07599999999999999996
1  7.24e+01  0.1766416422  1.645963e-01 1.07599999999999999996
1  7.59e+01  0.1770711778  1.645963e-01 1.07599999999999999996
1  7.94e+01  0.1769665644  1.645963e-01 1.07599999999999999996
1  8.32e+01  0.1766574011  1.645963e-01 1.07599999999999999996
1  8.71e+01  0.1764672682  1.645963e-01 1.07599999999999999996
1  9.12e+01  0.1764258448  1.645963e-01 1.07599999999999999996
1  9.55e+01  0.1763661623  1.645963e-01 1.07599999999999999996
1  1.00e+02  0.1766974604  1.645963e-01 1.07599999999999999996
1  1.05e+02  0.1766061451  1.645963e-01 1.07599999999999999996
1  1.10e+02  0.1763013158  1.645963e-01 1.07599999999999999996
1  1.15e+02  0.1763826928  1.645963e-01 1.07599999999999999996
1  1.20e+02  0.1763883076  1.645963e-01 1.07599999999999999996
1  1.26e+02  0.1758983644  1.645963e-01 1.07599999999999999996
1  1.32e+02  0.1767449199  1.645963e-01 1.07599999999999999996
1  1.38e+02  0.1765682712  1.645963e-01 1.07599999999999999996
1  1.45e+02  0.1764691722  1.645963e-01 1.07599999999999999996
1  1.51e+02  0.1766521392  1.645963e-01 1.07599999999999999996
1  1.58e+02  0.1772559385  1.645963e-01 1.07599999999999999996
1  1.66e+02  0.1764385003  1.645963e-01 1.07599999999999999996
1  1.74e+02  0.1765945721  1.645963e-01 1.07599999999999999996
1  1.82e+02  0.1765284344  1.645963e-01 1.07599999999999999996
1  1.91e+02  0.1765013112  1.645963e-01 1.07599999999999999996
1  2.00e+02  0.1766251981  1.645963e-01 1.07599999999999999996
1  2.09e+02  0.1765502125  1.645963e-01 1.07599999999999999996
1  2.19e+02  0.1763695862  1.645963e-01 1.07599999999999999996
1  2.29e+02  0.1767285148  1.645963e-01 1.07599999999999999996
1  2.40e+02  0.1767961839  1.645963e-01 1.07599999999999999996
1  2.51e+02  0.1766536713  1.645963e-01 1.07599999999999999996
1  2.63e+02  0.1766377055  1.645963e-01 1.07599999999999999996
1  2.75e+02  0.1768460483  1.645963e-01 1.07599999999999999996
1  2.88e+02  0.1767737437  1.645963e-01 1.07599999999999999996
1  3.02e+02  0.1767628807  1.645963e-01 1.07599999999999999996
1  3.16e+02  0.1763608848  1.645963e-01 1.07599999999999999996
1  3.31e+02  0.1764452985  1.645963e-01 1.07599999999999999996
1  3.47e+02  0.1769991662  1.645963e-01 1.07599999999999999996
1  3.63e+02  0.1766020558  1.645963e-01 1.07599999999999999996
1  3.80e+02  0.1767180137  1.645963e-01 1.07599999999999999996
1  3.98e+02  0.1764762197  1.645963e-01 1.07599999999999999996
1  4.17e+02  0.1764067545  1.645963e-01 1.07599999999999999996
1  4.37e+02  0.1766465687  1.645963e-01 1.07599999999999999996
1  4.57e+02  0.1766746745  1.645963e-01 1.07599999999999999996
1  4.79e+02  0.1772314205  1.645963e-01 1.07599999999999999996
1  5.01e+02  0.1769767352  1.645963e-01 1.07599999999999999996
1  5.25e+02  0.1763480203  1.645963e-01 1.07599999999999999996
1  5.50e+02  0.177227647  1.645963e-01 1.07599999999999999996
1  5.75e+02  0.1775228776  1.645963e-01 1.07599999999999999996
1  6.03e+02  0.1773662879  1.645963e-01 1.07599999999999999996
1  6.31e+02  0.1770747038  1.645963e-01 1.07599999999999999996
1  6.61e+02  0.1774073418  1.645963e-01 1.07599999999999999996
1  6.92e+02  0.1767943318  1.645963e-01 1.07599999999999999996
1  7.24e+02  0.1777719888  1.645963e-01 1.07599999999999999996
1  7.59e+02  0.1768292022  1.645963e-01 1.07599999999999999996
1  7.94e+02  0.1770037978  1.645963e-01 1.07599999999999999996
1  8.32e+02  0.1774308823  1.645963e-01 1.07599999999999999996
1  8.71e+02  0.1771761977  1.645963e-01 1.07599999999999999996
1  9.12e+02  0.176796618  1.645963e-01 1.07599999999999999996
1  9.55e+02  0.1783460813  1.645963e-01 1.07599999999999999996
1  1.00e+03  0.1767523652  1.645963e-01 1.07599999999999999996
1  1.05e+03  0.1762607509  1.645963e-01 1.07599999999999999996
1  1.10e+03  0.1779150576  1.645963e-01 1.07599999999999999996
1  1.15e+03  0.1777237416  1.645963e-01 1.07599999999999999996
1  1.20e+03  0.1801366003  1.645963e-01 1.07599999999999999996
1  1.26e+03  0.1779852513  1.645963e-01 1.07599999999999999996
1  1.32e+03  0.176436863  1.645963e-01 1.07599999999999999996
1  1.38e+03  0.1742730402  1.645963e-01 1.07599999999999999996
1  1.45e+03  0.1802046497  1.645963e-01 1.07599999999999999996
1  1.51e+03  0.1758160488  1.645963e-01 1.07599999999999999996
1  1.58e+03  0.1786616312  1.645963e-01 1.07599999999999999996
1  1.66e+03  0.1797056275  1.645963e-01 1.07599999999999999996
1  1.74e+03  0.1742163203  1.645963e-01 1.07599999999999999996
1  1.82e+03  0.1751932148  1.645963e-01 1.07599999999999999996
1  1.91e+03  0.1750909182  1.645963e-01 1.07599999999999999996
1  2.00e+03  0.1705942318  1.645963e-01 1.07599999999999999996
1  2.09e+03  0.1642179304  1.645963e-01 1.07599999999999999996
1  2.19e+03  0.1692126278  1.645963e-01 1.07599999999999999996
1  2.29e+03  0.1742453276  1.645963e-01 1.07599999999999999996
1  2.40e+03  0.171879256  1.645963e-01 1.07599999999999999996
1  2.51e+03  0.1841223614  1.645963e-01 1.07599999999999999996
1  2.63e+03  0.215066489  1.645963e-01 1.07599999999999999996
1  2.75e+03  0.1777301303  1.645963e-01 1.07599999999999999996
1  2.88e+03  0.2130144481  1.645963e-01 1.07599999999999999996
1  3.02e+03  0.2204646674  1.645963e-01 1.07599999999999999996
1  3.16e+03  0.1949343464  1.645963e-01 1.07599999999999999996
1  3.31e+03  0.1790673504  1.645963e-01 1.07599999999999999996
1  3.47e+03  0.183719439  1.645963e-01 1.07599999999999999996
1  3.63e+03  0.2052855955  1.645963e-01 1.07599999999999999996
1  3.80e+03  0.1832732478  1.645963e-01 1.07599999999999999996
1  3.98e+03  0.1487000014  1.645963e-01 1.07599999999999999996
1  4.17e+03  0.1791900781  1.645963e-01 1.07599999999999999996
1  4.37e+03  0.1477190296  1.645963e-01 1.07599999999999999996
1  4.57e+03  0.1763774181  1.645963e-01 1.07599999999999999996
1  4.79e+03  0.1395137457  1.645963e-01 1.07599999999999999996
1  5.01e+03  0.1843142099  1.645963e-01 1.07599999999999999996
1  5.25e+03  0.1785823497  1.645963e-01 1.07599999999999999996
1  5.50e+03  0.204159154  1.645963e-01 1.07599999999999999996
1  5.75e+03  0.2062637231  1.645963e-01 1.07599999999999999996
1  6.03e+03  0.2431740437  1.645963e-01 1.07599999999999999996
1  6.31e+03  0.1716319603  1.645963e-01 1.07599999999999999996
1  6.61e+03  0.1910162869  1.645963e-01 1.07599999999999999996
1  6.92e+03  0.1792204736  1.645963e-01 1.07599999999999999996
1  7.24e+03  0.2971837243  1.645963e-01 1.07599999999999999996
1  7.59e+03  0.2071194484  1.645963e-01 1.07599999999999999996
1  7.94e+03  0.2211045296  1.645963e-01 1.07599999999999999996
1  8.32e+03  0.2731657955  1.645963e-01 1.07599999999999999996
1  8.71e+03  0.2707645244  1.645963e-01 1.07599999999999999996
1  9.12e+03  0.2312599915  1.645963e-01 1.07599999999999999996
1  9.55e+03  0.2570098091  1.645963e-01 1.07599999999999999996
1  1.00e+04  0.2493013474  1.645963e-01 1.07599999999999999996
1  1.05e+04  0.1292680157  1.645963e-01 1.07599999999999999996
1  1.10e+04  0.3240690956  1.645963e-01 1.07599999999999999996
1  1.15e+04  0.1625421055  1.645963e-01 1.07599999999999999996
1  1.20e+04  0.42183854  1.645963e-01 1.07599999999999999996
1  1.26e+04  0.3234493298  1.645963e-01 1.07599999999999999996
1  1.32e+04  0.2825577573  1.645963e-01 1.07599999999999999996
1  1.38e+04  0.3772115115  1.645963e-01 1.07599999999999999996
1  1.45e+04  0.2551143533  1.645963e-01 1.07599999999999999996
1  1.51e+04  0.4323890137  1.645963e-01 1.07599999999999999996
1  1.58e+04  0.336951311  1.645963e-01 1.07599999999999999996
1  1.66e+04  0.2916432712  1.645963e-01 1.07599999999999999996
1  1.74e+04  0.2589495652  1.645963e-01 1.07599999999999999996
1  1.82e+04  0.2175594029  1.645963e-01 1.07599999999999999996
1  1.91e+04  0.3411255792  1.645963e-01 1.07599999999999999996
1  2.00e+04  0.5057103145  1.645963e-01 1.07599999999999999996
1  2.09e+04  0.2311717958  1.645963e-01 1.07599999999999999996
1  2.19e+04  0.2080590233  1.645963e-01 1.07599999999999999996
1  2.29e+04  0.6010793056  1.645963e-01 1.07599999999999999996
1  2.40e+04  0.2640908189  1.645963e-01 1.07599999999999999996
1  2.51e+04  0.1933283711  1.645963e-01 1.07599999999999999996
1  2.63e+04  0.5514129053  1.645963e-01 1.07599999999999999996
1  2.75e+04  0.1761560868  1.645963e-01 1.07599999999999999996
1  2.88e+04  0.3675234638  1.645963e-01 1.07599999999999999996
1  3.02e+04  0.2140865997  1.645963e-01 1.07599999999999999996
1  3.16e+04  0.3898372349  1.645963e-01 1.07599999999999999996
1  3.31e+04  0.1829790864  1.645963e-01 1.07599999999999999996
1  3.47e+04  0.6514428761  1.645963e-01 1.07599999999999999996
1  3.63e+04  0.1813408893  1.645963e-01 1.07599999999999999996
1  3.80e+04  0.3411904349  1.645963e-01 1.07599999999999999996
1  3.98e+04  0.18178501  1.645963e-01 1.07599999999999999996
1  4.17e+04  0.2820664798  1.645963e-01 1.07599999999999999996
1  4.37e+04  0.4839251937  1.645963e-01 1.07599999999999999996
1  4.57e+04  0.1731467264  1.645963e-01 1.07599999999999999996
1  4.79e+04  0.5551254174  1.645963e-01 1.07599999999999999996
1  5.01e+04  0.4084245543  1.645963e-01 1.07599999999999999996
1  5.25e+04  0.1905336797  1.645963e-01 1.07599999999999999996
1  5.50e+04  0.361477319  1.645963e-01 1.07599999999999999996
1  5.75e+04  0.2629804472  1.645963e-01 1.07599999999999999996
1  6.03e+04  0.1762679517  1.645963e-01 1.07599999999999999996
1  6.31e+04  0.2591685258  1.645963e-01 1.07599999999999999996
1  6.61e+04  0.4140185936  1.645963e-01 1.07599999999999999996
1  6.92e+04  0.3155944807  1.645963e-01 1.07599999999999999996
1  7.24e+04  0.1738777238  1.645963e-01 1.07599999999999999996
1  7.59e+04  0.3742184029  1.645963e-01 1.07599999999999999996
1  7.94e+04  0.5542795241  1.645963e-01 1.07599999999999999996
1  8.32e+04  0.3802324387  1.645963e-01 1.07599999999999999996
1  8.71e+04  0.1823836538  1.645963e-01 1.07599999999999999996
1  9.12e+04  0.252896429  1.645963e-01 1.07599999999999999996
1  9.55e+04  0.4054088885  1.645963e-01 1.07599999999999999996
1  1.00e+05  0.3982269919  1.645963e-01 1.07599999999999999996
1  1.05e+05  0.2698065639  1.645963e-01 1.07599999999999999996
1  1.10e+05  0.1805351671  1.645963e-01 1.07599999999999999996
1  1.15e+05  0.1880814393  1.645963e-01 1.07599999999999999996
1  1.20e+05  0.2420405237  1.645963e-01 1.07599999999999999996
1  1.26e+05  0.2823952671  1.645963e-01 1.07599999999999999996
1  1.32e+05  0.2866342424  1.645963e-01 1.07599999999999999996
1  1.38e+05  0.2598037882  1.645963e-01 1.07599999999999999996
1  1.45e+05  0.2182450518  1.645963e-01 1.07599999999999999996
1  1.51e+05  0.1834001594  1.645963e-01 1.07599999999999999996
1  1.58e+05  0.17480625  1.645963e-01 1.07599999999999999996
1  1.66e+05  0.1994069672  1.645963e-01 1.07599999999999999996
1  1.74e+05  0.2462049122  1.645963e-01 1.07599999999999999996
1  1.82e+05  0.2923087213  1.645963e-01 1.07599999999999999996
1  1.91e+05  0.3160909954  1.645963e-01 1.07599999999999999996
1  2.00e+05  0.3081857286  1.645963e-01 1.07599999999999999996
1  2.09e+05  0.2742975287  1.645963e-01 1.07599999999999999996
1  2.19e+05  0.2301746902  1.645963e-01 1.07599999999999999996
1  2.29e+05  0.1932313915  1.645963e-01 1.07599999999999999996
1  2.40e+05  0.1755488745  1.645963e-01 1.07599999999999999996
1  2.51e+05  0.1807640081  1.645963e-01 1.07599999999999999996
1  2.63e+05  0.2048221727  1.645963e-01 1.07599999999999999996
1  2.75e+05  0.2390559519  1.645963e-01 1.07599999999999999996
1  2.88e+05  0.2737714335  1.645963e-01 1.07599999999999999996
1  3.02e+05  0.3010434402  1.645963e-01 1.07599999999999999996
1  3.16e+05  0.3161786848  1.645963e-01 1.07599999999999999996
1  3.31e+05  0.3179193517  1.645963e-01 1.07599999999999999996
1  3.47e+05  0.3077868962  1.645963e-01 1.07599999999999999996
1  3.63e+05  0.289034686  1.645963e-01 1.07599999999999999996
1  3.80e+05  0.2655878681  1.645963e-01 1.07599999999999999996
1  3.98e+05  0.2411995129  1.645963e-01 1.07599999999999999996
1  4.17e+05  0.2189116584  1.645963e-01 1.07599999999999999996
1  4.37e+05  0.2008102002  1.645963e-01 1.07599999999999999996
1  4.57e+05  0.1880088713  1.645963e-01 1.07599999999999999996
1  4.79e+05  0.1807807983  1.645963e-01 1.07599999999999999996
1  5.01e+05  0.1787628049  1.645963e-01 1.07599999999999999996
1  5.25e+05  0.1811754907  1.645963e-01 1.07599999999999999996
1  5.50e+05  0.1870224264  1.645963e-01 1.07599999999999999996
1  5.75e+05  0.1952495969  1.645963e-01 1.07599999999999999996
1  6.03e+05  0.2048594348  1.645963e-01 1.07599999999999999996
1  6.31e+05  0.2149822239  1.645963e-01 1.07599999999999999996
1  6.61e+05  0.2262343015  1.645963e-01 1.07599999999999999996
1  6.92e+05  0.2366463393  1.645963e-01 1.07599999999999999996
1  7.24e+05  0.2457230721  1.645963e-01 1.07599999999999999996
1  7.59e+05  0.2531686383  1.645963e-01 1.07599999999999999996
1  7.94e+05  0.258854488  1.645963e-01 1.07599999999999999996
1  8.32e+05  0.2627826251  1.645963e-01 1.07599999999999999996
1  8.71e+05  0.2650495741  1.645963e-01 1.07599999999999999996
1  9.12e+05  0.2658142585  1.645963e-01 1.07599999999999999996
1  9.55e+05  0.2652713182  1.645963e-01 1.07599999999999999996
1  1.00e+06  0.2636302486  1.645963e-01 1.07599999999999999996
1  1.05e+06  0.2611000366  1.645963e-01 1.07599999999999999996
1  1.10e+06  0.2578785831  1.645963e-01 1.07599999999999999996
1  1.15e+06  0.2541744926  1.645963e-01 1.07599999999999999996
1  1.20e+06  0.2501033418  1.645963e-01 1.07599999999999999996
1  1.26e+06  0.2458128671  1.645963e-01 1.07599999999999999996
1  1.32e+06  0.2414172435  1.645963e-01 1.07599999999999999996
1  1.38e+06  0.2370095495  1.645963e-01 1.07599999999999999996
1  1.45e+06  0.232663681  1.645963e-01 1.07599999999999999996
1  1.51e+06  0.2284365832  1.645963e-01 1.07599999999999999996
1  1.58e+06  0.2243705785  1.645963e-01 1.07599999999999999996
1  1.66e+06  0.2204956379  1.645963e-01 1.07599999999999999996
1  1.74e+06  0.2168315019  1.645963e-01 1.07599999999999999996
1  1.82e+06  0.2133895969  1.645963e-01 1.07599999999999999996
1  1.91e+06  0.2101747231  1.645963e-01 1.07599999999999999996
1  2.00e+06  0.2071865106  1.645963e-01 1.07599999999999999996
1  2.09e+06  0.2044206526  1.645963e-01 1.07599999999999999996
1  2.19e+06  0.2018699334  1.645963e-01 1.07599999999999999996
1  2.29e+06  0.1995737405  1.645963e-01 1.07599999999999999996
1  2.40e+06  0.1974207308  1.645963e-01 1.07599999999999999996
1  2.51e+06  0.1954514973  1.645963e-01 1.07599999999999999996
1  2.63e+06  0.1936541534  1.645963e-01 1.07599999999999999996
1  2.75e+06  0.1920167174  1.645963e-01 1.07599999999999999996
1  2.88e+06  0.1905273612  1.645963e-01 1.07599999999999999996
1  3.02e+06  0.1891745931  1.645963e-01 1.07599999999999999996
1  3.16e+06  0.1879473873  1.645963e-01 1.07599999999999999996
1  3.31e+06  0.1868352708  1.645963e-01 1.07599999999999999996
1  3.47e+06  0.1858283772  1.645963e-01 1.07599999999999999996
1  3.63e+06  0.1849174745  1.645963e-01 1.07599999999999999996
1  3.80e+06  0.1840939736  1.645963e-01 1.07599999999999999996
1  3.98e+06  0.1833499219  1.645963e-01 1.07599999999999999996
1  4.17e+06  0.1826779859  1.645963e-01 1.07599999999999999996
1  4.37e+06  0.182071427  1.645963e-01 1.07599999999999999996
1  4.57e+06  0.1815375067  1.645963e-01 1.07599999999999999996
1  4.79e+06  0.1810424915  1.645963e-01 1.07599999999999999996
1  5.01e+06  0.1805959998  1.645963e-01 1.07599999999999999996
1  5.25e+06  0.1801933432  1.645963e-01 1.07599999999999999996
1  5.50e+06  0.1798302624  1.645963e-01 1.07599999999999999996
1  5.75e+06  0.1795028934  1.645963e-01 1.07599999999999999996
1  6.03e+06  0.179207735  1.645963e-01 1.07599999999999999996
1  6.31e+06  0.1789416186  1.645963e-01 1.07599999999999999996
1  6.61e+06  0.1787016794  1.645963e-01 1.07599999999999999996
1  6.92e+06  0.1784853288  1.645963e-01 1.07599999999999999996
1  7.24e+06  0.1782902303  1.645963e-01 1.07599999999999999996
1  7.59e+06  0.1781142755  1.645963e-01 1.07599999999999999996
1  7.94e+06  0.1779555634  1.645963e-01 1.07599999999999999996
1  8.32e+06  0.1778123803  1.645963e-01 1.07599999999999999996
1  8.71e+06  0.1776831822  1.645963e-01 1.07599999999999999996
1  9.12e+06  0.1775696739  1.645963e-01 1.07599999999999999996
1  9.55e+06  0.1774641182  1.645963e-01 1.07599999999999999996
1  1.00e+07  0.1773688048  1.645963e-01 1.07599999999999999996
