1  1.00e-03  0.1755926848  1.433334e-01 0.93699999999999999999
1  1.05e-03  0.1755926876  1.433334e-01 0.93699999999999999999
1  1.10e-03  0.175592688  1.433334e-01 0.93699999999999999999
1  1.15e-03  0.1755926875  1.433334e-01 0.93699999999999999999
1  1.20e-03  0.1755926895  1.433334e-01 0.93699999999999999999
1  1.26e-03  0.1755926876  1.433334e-01 0.93699999999999999999
1  1.32e-03  0.1755926896  1.433334e-01 0.93699999999999999999
1  1.38e-03  0.1755926913  1.433334e-01 0.93699999999999999999
1  1.45e-03  0.1755926902  1.433334e-01 0.93699999999999999999
1  1.51e-03  0.1755926916  1.433334e-01 0.93699999999999999999
1  1.58e-03  0.175592688  1.433334e-01 0.93699999999999999999
1  1.66e-03  0.1755926917  1.433334e-01 0.93699999999999999999
1  1.74e-03  0.1755926904  1.433334e-01 0.93699999999999999999
1  1.82e-03  0.175592689  1.433334e-01 0.93699999999999999999
1  1.91e-03  0.17559269  1.433334e-01 0.93699999999999999999
1  2.00e-03  0.175592661  1.433334e-01 0.93699999999999999999
1  2.09e-03  0.1755926889  1.433334e-01 0.93699999999999999999
1  2.19e-03  0.1755926886  1.433334e-01 0.93699999999999999999
1  2.29e-03  0.175592689  1.433334e-01 0.93699999999999999999
1  2.40e-03  0.1755926884  1.433334e-01 0.93699999999999999999
1  2.51e-03  0.1755926905  1.433334e-01 0.93699999999999999999
1  2.63e-03  0.1755926906  1.433334e-01 0.93699999999999999999
1  2.75e-03  0.1755926923  1.433334e-01 0.93699999999999999999
1  2.88e-03  0.1755926922  1.433334e-01 0.93699999999999999999
1  3.02e-03  0.1755926952  1.433334e-01 0.93699999999999999999
1  3.16e-03  0.1755926947  1.433334e-01 0.93699999999999999999
1  3.31e-03  0.1755926888  1.433334e-01 0.93699999999999999999
1  3.47e-03  0.1755926931  1.433334e-01 0.93699999999999999999
1  3.63e-03  0.1755926917  1.433334e-01 0.93699999999999999999
1  3.80e-03  0.1755926918  1.433334e-01 0.93699999999999999999
1  3.98e-03  0.1755926935  1.433334e-01 0.93699999999999999999
1  4.17e-03  0.1755926903  1.433334e-01 0.93699999999999999999
1  4.37e-03  0.1755926915  1.433334e-01 0.93699999999999999999
1  4.57e-03  0.1755926935  1.433334e-01 0.93699999999999999999
1  4.79e-03  0.1755926955  1.433334e-01 0.93699999999999999999
1  5.01e-03  0.1755926983  1.433334e-01 0.93699999999999999999
1  5.25e-03  0.175592691  1.433334e-01 0.93699999999999999999
1  5.50e-03  0.1755926965  1.433334e-01 0.93699999999999999999
1  5.75e-03  0.175592698  1.433334e-01 0.93699999999999999999
1  6.03e-03  0.1755926976  1.433334e-01 0.93699999999999999999
1  6.31e-03  0.1755927072  1.433334e-01 0.93699999999999999999
1  6.61e-03  0.1755926898  1.433334e-01 0.93699999999999999999
1  6.92e-03  0.1755926959  1.433334e-01 0.93699999999999999999
1  7.24e-03  0.1755926945  1.433334e-01 0.93699999999999999999
1  7.59e-03  0.1755926949  1.433334e-01 0.93699999999999999999
1  7.94e-03  0.1755927078  1.433334e-01 0.93699999999999999999
1  8.32e-03  0.1755926975  1.433334e-01 0.93699999999999999999
1  8.71e-03  0.1755927015  1.433334e-01 0.93699999999999999999
1  9.12e-03  0.1755927006  1.433334e-01 0.93699999999999999999
1  9.55e-03  0.1755927047  1.433334e-01 0.93699999999999999999
1  1.00e-02  0.1755927021  1.433334e-01 0.93699999999999999999
1  1.05e-02  0.1755927129  1.433334e-01 0.93699999999999999999
1  1.10e-02  0.1755927031  1.433334e-01 0.93699999999999999999
1  1.15e-02  0.1755927219  1.433334e-01 0.93699999999999999999
1  1.20e-02  0.1755928235  1.433334e-01 0.93699999999999999999
1  1.26e-02  0.1755926962  1.433334e-01 0.93699999999999999999
1  1.32e-02  0.1755927163  1.433334e-01 0.93699999999999999999
1  1.38e-02  0.1755927165  1.433334e-01 0.93699999999999999999
1  1.45e-02  0.1755927177  1.433334e-01 0.93699999999999999999
1  1.51e-02  0.1755927199  1.433334e-01 0.93699999999999999999
1  1.58e-02  0.1755927232  1.433334e-01 0.93699999999999999999
1  1.66e-02  0.1755927094  1.433334e-01 0.93699999999999999999
1  1.74e-02  0.1755927209  1.433334e-01 0.93699999999999999999
1  1.82e-02  0.1755927156  1.433334e-01 0.93699999999999999999
1  1.91e-02  0.1755927216  1.433334e-01 0.93699999999999999999
1  2.00e-02  0.1755927004  1.433334e-01 0.93699999999999999999
1  2.09e-02  0.1755927299  1.433334e-01 0.93699999999999999999
1  2.19e-02  0.1755927056  1.433334e-01 0.93699999999999999999
1  2.29e-02  0.1755926538  1.433334e-01 0.93699999999999999999
1  2.40e-02  0.175592587  1.433334e-01 0.93699999999999999999
1  2.51e-02  0.1755928103  1.433334e-01 0.93699999999999999999
1  2.63e-02  0.1755926334  1.433334e-01 0.93699999999999999999
1  2.75e-02  0.1755927871  1.433334e-01 0.93699999999999999999
1  2.88e-02  0.175592819  1.433334e-01 0.93699999999999999999
1  3.02e-02  0.1755927809  1.433334e-01 0.93699999999999999999
1  3.16e-02  0.1755933214  1.433334e-01 0.93699999999999999999
1  3.31e-02  0.1755927777  1.433334e-01 0.93699999999999999999
1  3.47e-02  0.1755927568  1.433334e-01 0.93699999999999999999
1  3.63e-02  0.1755927219  1.433334e-01 0.93699999999999999999
1  3.80e-02  0.175592695  1.433334e-01 0.93699999999999999999
1  3.98e-02  0.175592773  1.433334e-01 0.93699999999999999999
1  4.17e-02  0.1755927167  1.433334e-01 0.93699999999999999999
1  4.37e-02  0.1755930455  1.433334e-01 0.93699999999999999999
1  4.57e-02  0.1755929027  1.433334e-01 0.93699999999999999999
1  4.79e-02  0.1755927725  1.433334e-01 0.93699999999999999999
1  5.01e-02  0.1755933332  1.433334e-01 0.93699999999999999999
1  5.25e-02  0.1755928422  1.433334e-01 0.93699999999999999999
1  5.50e-02  0.1755928308  1.433334e-01 0.93699999999999999999
1  5.75e-02  0.175592822  1.433334e-01 0.93699999999999999999
1  6.03e-02  0.1755927756  1.433334e-01 0.93699999999999999999
1  6.31e-02  0.1755928  1.433334e-01 0.93699999999999999999
1  6.61e-02  0.1755927895  1.433334e-01 0.93699999999999999999
1  6.92e-02  0.1755928706  1.433334e-01 0.93699999999999999999
1  7.24e-02  0.1755928106  1.433334e-01 0.93699999999999999999
1  7.59e-02  0.1755928372  1.433334e-01 0.93699999999999999999
1  7.94e-02  0.1755928194  1.433334e-01 0.93699999999999999999
1  8.32e-02  0.1755927182  1.433334e-01 0.93699999999999999999
1  8.71e-02  0.1755929656  1.433334e-01 0.93699999999999999999
1  9.12e-02  0.1755928917  1.433334e-01 0.93699999999999999999
1  9.55e-02  0.1755931648  1.433334e-01 0.93699999999999999999
1  1.00e-01  0.1755930357  1.433334e-01 0.93699999999999999999
1  1.05e-01  0.1755931384  1.433334e-01 0.93699999999999999999
1  1.10e-01  0.1755929588  1.433334e-01 0.93699999999999999999
1  1.15e-01  0.1755928929  1.433334e-01 0.93699999999999999999
1  1.20e-01  0.1755928511  1.433334e-01 0.93699999999999999999
1  1.26e-01  0.1755930262  1.433334e-01 0.93699999999999999999
1  1.32e-01  0.1755928669  1.433334e-01 0.93699999999999999999
1  1.38e-01  0.1755929532  1.433334e-01 0.93699999999999999999
1  1.45e-01  0.1755928313  1.433334e-01 0.93699999999999999999
1  1.51e-01  0.1755928325  1.433334e-01 0.93699999999999999999
1  1.58e-01  0.1755928188  1.433334e-01 0.93699999999999999999
1  1.66e-01  0.1755926561  1.433334e-01 0.93699999999999999999
1  1.74e-01  0.1755930515  1.433334e-01 0.93699999999999999999
1  1.82e-01  0.1755931955  1.433334e-01 0.93699999999999999999
1  1.91e-01  0.1755929882  1.433334e-01 0.93699999999999999999
1  2.00e-01  0.1755936328  1.433334e-01 0.93699999999999999999
1  2.09e-01  0.1755928681  1.433334e-01 0.93699999999999999999
1  2.19e-01  0.1755928836  1.433334e-01 0.93699999999999999999
1  2.29e-01  0.1755931588  1.433334e-01 0.93699999999999999999
1  2.40e-01  0.1755931783  1.433334e-01 0.93699999999999999999
1  2.51e-01  0.1755928158  1.433334e-01 0.93699999999999999999
1  2.63e-01  0.1755931556  1.433334e-01 0.93699999999999999999
1  2.75e-01  0.1755930705  1.433334e-01 0.93699999999999999999
1  2.88e-01  0.1755931926  1.433334e-01 0.93699999999999999999
1  3.02e-01  0.1755949981  1.433334e-01 0.93699999999999999999
1  3.16e-01  0.1755937726  1.433334e-01 0.93699999999999999999
1  3.31e-01  0.1755928252  1.433334e-01 0.93699999999999999999
1  3.47e-01  0.1755933241  1.433334e-01 0.93699999999999999999
1  3.63e-01  0.1755940448  1.433334e-01 0.93699999999999999999
1  3.80e-01  0.1755935362  1.433334e-01 0.93699999999999999999
1  3.98e-01  0.1755934404  1.433334e-01 0.93699999999999999999
1  4.17e-01  0.1755930117  1.433334e-01 0.93699999999999999999
1  4.37e-01  0.1755931532  1.433334e-01 0.93699999999999999999
1  4.57e-01  0.1755927758  1.433334e-01 0.93699999999999999999
1  4.79e-01  0.1755930146  1.433334e-01 0.93699999999999999999
1  5.01e-01  0.1755927365  1.433334e-01 0.93699999999999999999
1  5.25e-01  0.175592785  1.433334e-01 0.93699999999999999999
1  5.50e-01  0.1755930587  1.433334e-01 0.93699999999999999999
1  5.75e-01  0.175593071  1.433334e-01 0.93699999999999999999
1  6.03e-01  0.1755961825  1.433334e-01 0.93699999999999999999
1  6.31e-01  0.1755932569  1.433334e-01 0.93699999999999999999
1  6.61e-01  0.1755936377  1.433334e-01 0.93699999999999999999
1  6.92e-01  0.1755940496  1.433334e-01 0.93699999999999999999
1  7.24e-01  0.1755936563  1.433334e-01 0.93699999999999999999
1  7.59e-01  0.1755940181  1.433334e-01 0.93699999999999999999
1  7.94e-01  0.1755935738  1.433334e-01 0.93699999999999999999
1  8.32e-01  0.175594096  1.433334e-01 0.93699999999999999999
1  8.71e-01  0.1755928387  1.433334e-01 0.93699999999999999999
1  9.12e-01  0.1755932268  1.433334e-01 0.93699999999999999999
1  9.55e-01  0.1755930124  1.433334e-01 0.93699999999999999999
1  1.00e+00  0.1755923553  1.433334e-01 0.93699999999999999999
1  1.05e+00  0.1755507248  1.433334e-01 0.93699999999999999999
1  1.10e+00  0.1755952496  1.433334e-01 0.93699999999999999999
1  1.15e+00  0.1755942482  1.433334e-01 0.93699999999999999999
1  1.20e+00  0.1755945155  1.433334e-01 0.93699999999999999999
1  1.26e+00  0.1755934254  1.433334e-01 0.93699999999999999999
1  1.32e+00  0.1755886516  1.433334e-01 0.93699999999999999999
1  1.38e+00  0.1755928736  1.433334e-01 0.93699999999999999999
1  1.45e+00  0.1755983916  1.433334e-01 0.93699999999999999999
1  1.51e+00  0.1755951593  1.433334e-01 0.93699999999999999999
1  1.58e+00  0.1755922321  1.433334e-01 0.93699999999999999999
1  1.66e+00  0.1755929238  1.433334e-01 0.93699999999999999999
1  1.74e+00  0.1755930698  1.433334e-01 0.93699999999999999999
1  1.82e+00  0.1755943664  1.433334e-01 0.93699999999999999999
1  1.91e+00  0.1755931908  1.433334e-01 0.93699999999999999999
1  2.00e+00  0.1755924134  1.433334e-01 0.93699999999999999999
1  2.09e+00  0.1755930542  1.433334e-01 0.93699999999999999999
1  2.19e+00  0.1755946647  1.433334e-01 0.93699999999999999999
1  2.29e+00  0.1755958552  1.433334e-01 0.93699999999999999999
1  2.40e+00  0.1755969987  1.433334e-01 0.93699999999999999999
1  2.51e+00  0.1755968764  1.433334e-01 0.93699999999999999999
1  2.63e+00  0.1755930501  1.433334e-01 0.93699999999999999999
1  2.75e+00  0.1755945022  1.433334e-01 0.93699999999999999999
1  2.88e+00  0.1755892582  1.433334e-01 0.93699999999999999999
1  3.02e+00  0.175633219  1.433334e-01 0.93699999999999999999
1  3.16e+00  0.1755907925  1.433334e-01 0.93699999999999999999
1  3.31e+00  0.1755438653  1.433334e-01 0.93699999999999999999
1  3.47e+00  0.1755973432  1.433334e-01 0.93699999999999999999
1  3.63e+00  0.1755335547  1.433334e-01 0.93699999999999999999
1  3.80e+00  0.1756356467  1.433334e-01 0.93699999999999999999
1  3.98e+00  0.1755988728  1.433334e-01 0.93699999999999999999
1  4.17e+00  0.1755980894  1.433334e-01 0.93699999999999999999
1  4.37e+00  0.1755956226  1.433334e-01 0.93699999999999999999
1  4.57e+00  0.1755987307  1.433334e-01 0.93699999999999999999
1  4.79e+00  0.1756005336  1.433334e-01 0.93699999999999999999
1  5.01e+00  0.1755925588  1.433334e-01 0.93699999999999999999
1  5.25e+00  0.175595619  1.433334e-01 0.93699999999999999999
1  5.50e+00  0.1756043216  1.433334e-01 0.93699999999999999999
1  5.75e+00  0.1755738577  1.433334e-01 0.93699999999999999999
1  6.03e+00  0.1756487807  1.433334e-01 0.93699999999999999999
1  6.31e+00  0.1755488004  1.433334e-01 0.93699999999999999999
1  6.61e+00  0.175611139  1.433334e-01 0.93699999999999999999
1  6.92e+00  0.1755986643  1.433334e-01 0.93699999999999999999
1  7.24e+00  0.1756012287  1.433334e-01 0.93699999999999999999
1  7.59e+00  0.1756017659  1.433334e-01 0.93699999999999999999
1  7.94e+00  0.1756087545  1.433334e-01 0.93699999999999999999
1  8.32e+00  0.1756109644  1.433334e-01 0.93699999999999999999
1  8.71e+00  0.1756093697  1.433334e-01 0.93699999999999999999
1  9.12e+00  0.1756058168  1.433334e-01 0.93699999999999999999
1  9.55e+00  0.1755953679  1.433334e-01 0.93699999999999999999
1  1.00e+01  0.1755862326  1.433334e-01 0.93699999999999999999
1  1.05e+01  0.1756100998  1.433334e-01 0.93699999999999999999
1  1.10e+01  0.1758309855  1.433334e-01 0.93699999999999999999
1  1.15e+01  0.1754594609  1.433334e-01 0.93699999999999999999
1  1.20e+01  0.1756090582  1.433334e-01 0.93699999999999999999
1  1.26e+01  0.175592564  1.433334e-01 0.93699999999999999999
1  1.32e+01  0.1756138959  1.433334e-01 0.93699999999999999999
1  1.38e+01  0.1756066406  1.433334e-01 0.93699999999999999999
1  1.45e+01  0.1756123245  1.433334e-01 0.93699999999999999999
1  1.51e+01  0.1756020983  1.433334e-01 0.93699999999999999999
1  1.58e+01  0.1756030422  1.433334e-01 0.93699999999999999999
1  1.66e+01  0.175605513  1.433334e-01 0.93699999999999999999
1  1.74e+01  0.1746822008  1.433334e-01 0.93699999999999999999
1  1.82e+01  0.1756150756  1.433334e-01 0.93699999999999999999
1  1.91e+01  0.175596761  1.433334e-01 0.93699999999999999999
1  2.00e+01  0.1757147087  1.433334e-01 0.93699999999999999999
1  2.09e+01  0.1757744714  1.433334e-01 0.93699999999999999999
1  2.19e+01  0.1751858074  1.433334e-01 0.93699999999999999999
1  2.29e+01  0.1757043057  1.433334e-01 0.93699999999999999999
1  2.40e+01  0.1750637041  1.433334e-01 0.93699999999999999999
1  2.51e+01  0.1759390827  1.433334e-01 0.93699999999999999999
1  2.63e+01  0.1757767814  1.433334e-01 0.93699999999999999999
1  2.75e+01  0.1774385386  1.433334e-01 0.93699999999999999999
1  2.88e+01  0.1759958919  1.433334e-01 0.93699999999999999999
1  3.02e+01  0.1751188218  1.433334e-01 0.93699999999999999999
1  3.16e+01  0.1754500942  1.433334e-01 0.93699999999999999999
1  3.31e+01  0.1754462516  1.433334e-01 0.93699999999999999999
1  3.47e+01  0.1755688715  1.433334e-01 0.93699999999999999999
1  3.63e+01  0.1763030638  1.433334e-01 0.93699999999999999999
1  3.80e+01  0.1755989014  1.433334e-01 0.93699999999999999999
1  3.98e+01  0.176097566  1.433334e-01 0.93699999999999999999
1  4.17e+01  0.1752918096  1.433334e-01 0.93699999999999999999
1  4.37e+01  0.1748997864  1.433334e-01 0.93699999999999999999
1  4.57e+01  0.1761557478  1.433334e-01 0.93699999999999999999
1  4.79e+01  0.1750387693  1.433334e-01 0.93699999999999999999
1  5.01e+01  0.1756953523  1.433334e-01 0.93699999999999999999
1  5.25e+01  0.17586006  1.433334e-01 0.93699999999999999999
1  5.50e+01  0.1759164238  1.433334e-01 0.93699999999999999999
1  5.75e+01  0.175994706  1.433334e-01 0.93699999999999999999
1  6.03e+01  0.1748486624  1.433334e-01 0.93699999999999999999
1  6.31e+01  0.1753972066  1.433334e-01 0.93699999999999999999
1  6.61e+01  0.1756157081  1.433334e-01 0.93699999999999999999
1  6.92e+01  0.1755365981  1.433334e-01 0.93699999999999999999
1  7.24e+01  0.1755799863  1.433334e-01 0.93699999999999999999
1  7.59e+01  0.1762085725  1.433334e-01 0.93699999999999999999
1  7.94e+01  0.1762583635  1.433334e-01 0.93699999999999999999
1  8.32e+01  0.1757291797  1.433334e-01 0.93699999999999999999
1  8.71e+01  0.1756267004  1.433334e-01 0.93699999999999999999
1  9.12e+01  0.1757627638  1.433334e-01 0.93699999999999999999
1  9.55e+01  0.1757020775  1.433334e-01 0.93699999999999999999
1  1.00e+02  0.1753655326  1.433334e-01 0.93699999999999999999
1  1.05e+02  0.175825107  1.433334e-01 0.93699999999999999999
1  1.10e+02  0.1759050794  1.433334e-01 0.93699999999999999999
1  1.15e+02  0.1757056917  1.433334e-01 0.93699999999999999999
1  1.20e+02  0.1753689378  1.433334e-01 0.93699999999999999999
1  1.26e+02  0.1763730726  1.433334e-01 0.93699999999999999999
1  1.32e+02  0.1754650671  1.433334e-01 0.93699999999999999999
1  1.38e+02  0.1754861599  1.433334e-01 0.93699999999999999999
1  1.45e+02  0.1757903083  1.433334e-01 0.93699999999999999999
1  1.51e+02  0.1757610999  1.433334e-01 0.93699999999999999999
1  1.58e+02  0.1749571744  1.433334e-01 0.93699999999999999999
1  1.66e+02  0.1759947382  1.433334e-01 0.93699999999999999999
1  1.74e+02  0.1758297312  1.433334e-01 0.93699999999999999999
1  1.82e+02  0.1757580539  1.433334e-01 0.93699999999999999999
1  1.91e+02  0.1758080528  1.433334e-01 0.93699999999999999999
1  2.00e+02  0.1761009111  1.433334e-01 0.93699999999999999999
1  2.09e+02  0.1756360409  1.433334e-01 0.93699999999999999999
1  2.19e+02  0.1757811675  1.433334e-01 0.93699999999999999999
1  2.29e+02  0.1757630734  1.433334e-01 0.93699999999999999999
1  2.40e+02  0.1755563774  1.433334e-01 0.93699999999999999999
1  2.51e+02  0.1756532688  1.433334e-01 0.93699999999999999999
1  2.63e+02  0.1762360478  1.433334e-01 0.93699999999999999999
1  2.75e+02  0.1760404946  1.433334e-01 0.93699999999999999999
1  2.88e+02  0.1758113122  1.433334e-01 0.93699999999999999999
1  3.02e+02  0.1754913968  1.433334e-01 0.93699999999999999999
1  3.16e+02  0.1760032095  1.433334e-01 0.93699999999999999999
1  3.31e+02  0.1759492205  1.433334e-01 0.93699999999999999999
1  3.47e+02  0.176220791  1.433334e-01 0.93699999999999999999
1  3.63e+02  0.1759630972  1.433334e-01 0.93699999999999999999
1  3.80e+02  0.1762255516  1.433334e-01 0.93699999999999999999
1  3.98e+02  0.1756529641  1.433334e-01 0.93699999999999999999
1  4.17e+02  0.1755670064  1.433334e-01 0.93699999999999999999
1  4.37e+02  0.1756615407  1.433334e-01 0.93699999999999999999
1  4.57e+02  0.1763547473  1.433334e-01 0.93699999999999999999
1  4.79e+02  0.1754359927  1.433334e-01 0.93699999999999999999
1  5.01e+02  0.1754602736  1.433334e-01 0.93699999999999999999
1  5.25e+02  0.1757558105  1.433334e-01 0.93699999999999999999
1  5.50e+02  0.1767830375  1.433334e-01 0.93699999999999999999
1  5.75e+02  0.1762837924  1.433334e-01 0.93699999999999999999
1  6.03e+02  0.1765480892  1.433334e-01 0.93699999999999999999
1  6.31e+02  0.1767276413  1.433334e-01 0.93699999999999999999
1  6.61e+02  0.1756538581  1.433334e-01 0.93699999999999999999
1  6.92e+02  0.1757540588  1.433334e-01 0.93699999999999999999
1  7.24e+02  0.1755087299  1.433334e-01 0.93699999999999999999
1  7.59e+02  0.1755530951  1.433334e-01 0.93699999999999999999
1  7.94e+02  0.1770892876  1.433334e-01 0.93699999999999999999
1  8.32e+02  0.1763157744  1.433334e-01 0.93699999999999999999
1  8.71e+02  0.1761195698  1.433334e-01 0.93699999999999999999
1  9.12e+02  0.1769611118  1.433334e-01 0.93699999999999999999
1  9.55e+02  0.1760634707  1.433334e-01 0.93699999999999999999
1  1.00e+03  0.1760063892  1.433334e-01 0.93699999999999999999
1  1.05e+03  0.1763410713  1.433334e-01 0.93699999999999999999
1  1.10e+03  0.1778432105  1.433334e-01 0.93699999999999999999
1  1.15e+03  0.1759038722  1.433334e-01 0.93699999999999999999
1  1.20e+03  0.1786877042  1.433334e-01 0.93699999999999999999
1  1.26e+03  0.1772235783  1.433334e-01 0.93699999999999999999
1  1.32e+03  0.1758291642  1.433334e-01 0.93699999999999999999
1  1.38e+03  0.1738015608  1.433334e-01 0.93699999999999999999
1  1.45e+03  0.1762629042  1.433334e-01 0.93699999999999999999
1  1.51e+03  0.1779836087  1.433334e-01 0.93699999999999999999
1  1.58e+03  0.1866927566  1.433334e-01 0.93699999999999999999
1  1.66e+03  0.1860164029  1.433334e-01 0.93699999999999999999
1  1.74e+03  0.1844418105  1.433334e-01 0.93699999999999999999
1  1.82e+03  0.1766255281  1.433334e-01 0.93699999999999999999
1  1.91e+03  0.1668812527  1.433334e-01 0.93699999999999999999
1  2.00e+03  0.1744001182  1.433334e-01 0.93699999999999999999
1  2.09e+03  0.1708083562  1.433334e-01 0.93699999999999999999
1  2.19e+03  0.1651693252  1.433334e-01 0.93699999999999999999
1  2.29e+03  0.1680150327  1.433334e-01 0.93699999999999999999
1  2.40e+03  0.1752529411  1.433334e-01 0.93699999999999999999
1  2.51e+03  0.2001734124  1.433334e-01 0.93699999999999999999
1  2.63e+03  0.2094769081  1.433334e-01 0.93699999999999999999
1  2.75e+03  0.1840137786  1.433334e-01 0.93699999999999999999
1  2.88e+03  0.2148615567  1.433334e-01 0.93699999999999999999
1  3.02e+03  0.207128669  1.433334e-01 0.93699999999999999999
1  3.16e+03  0.1789956623  1.433334e-01 0.93699999999999999999
1  3.31e+03  0.1775255231  1.433334e-01 0.93699999999999999999
1  3.47e+03  0.1514695902  1.433334e-01 0.93699999999999999999
1  3.63e+03  0.176463448  1.433334e-01 0.93699999999999999999
1  3.80e+03  0.1911229799  1.433334e-01 0.93699999999999999999
1  3.98e+03  0.1505280292  1.433334e-01 0.93699999999999999999
1  4.17e+03  0.1768323822  1.433334e-01 0.93699999999999999999
1  4.37e+03  0.1663626872  1.433334e-01 0.93699999999999999999
1  4.57e+03  0.1798847654  1.433334e-01 0.93699999999999999999
1  4.79e+03  0.1176982184  1.433334e-01 0.93699999999999999999
1  5.01e+03  0.1967610273  1.433334e-01 0.93699999999999999999
1  5.25e+03  0.163033802  1.433334e-01 0.93699999999999999999
1  5.50e+03  0.1500184708  1.433334e-01 0.93699999999999999999
1  5.75e+03  0.1599811187  1.433334e-01 0.93699999999999999999
1  6.03e+03  0.1406003175  1.433334e-01 0.93699999999999999999
1  6.31e+03  0.1527753714  1.433334e-01 0.93699999999999999999
1  6.61e+03  0.2663529523  1.433334e-01 0.93699999999999999999
1  6.92e+03  0.3503996429  1.433334e-01 0.93699999999999999999
1  7.24e+03  0.1199030423  1.433334e-01 0.93699999999999999999
1  7.59e+03  0.2389015188  1.433334e-01 0.93699999999999999999
1  7.94e+03  0.1776637772  1.433334e-01 0.93699999999999999999
1  8.32e+03  0.202467677  1.433334e-01 0.93699999999999999999
1  8.71e+03  0.3010198465  1.433334e-01 0.93699999999999999999
1  9.12e+03  0.3418810556  1.433334e-01 0.93699999999999999999
1  9.55e+03  0.2176234603  1.433334e-01 0.93699999999999999999
1  1.00e+04  0.1814390442  1.433334e-01 0.93699999999999999999
1  1.05e+04  0.2558557612  1.433334e-01 0.93699999999999999999
1  1.10e+04  0.1881110518  1.433334e-01 0.93699999999999999999
1  1.15e+04  0.1974500246  1.433334e-01 0.93699999999999999999
1  1.20e+04  0.1722220114  1.433334e-01 0.93699999999999999999
1  1.26e+04  0.4503928676  1.433334e-01 0.93699999999999999999
1  1.32e+04  0.1577973178  1.433334e-01 0.93699999999999999999
1  1.38e+04  0.5632688264  1.433334e-01 0.93699999999999999999
1  1.45e+04  0.1674932018  1.433334e-01 0.93699999999999999999
1  1.51e+04  0.4732411398  1.433334e-01 0.93699999999999999999
1  1.58e+04  0.1887789773  1.433334e-01 0.93699999999999999999
1  1.66e+04  0.205091523  1.433334e-01 0.93699999999999999999
1  1.74e+04  0.1856751042  1.433334e-01 0.93699999999999999999
1  1.82e+04  0.1708046728  1.433334e-01 0.93699999999999999999
1  1.91e+04  0.6405855918  1.433334e-01 0.93699999999999999999
1  2.00e+04  0.3132505196  1.433334e-01 0.93699999999999999999
1  2.09e+04  0.1746546723  1.433334e-01 0.93699999999999999999
1  2.19e+04  0.4626143467  1.433334e-01 0.93699999999999999999
1  2.29e+04  0.4998844467  1.433334e-01 0.93699999999999999999
1  2.40e+04  0.1762046618  1.433334e-01 0.93699999999999999999
1  2.51e+04  0.340075544  1.433334e-01 0.93699999999999999999
1  2.63e+04  0.3874567711  1.433334e-01 0.93699999999999999999
1  2.75e+04  0.2879347906  1.433334e-01 0.93699999999999999999
1  2.88e+04  0.3251997294  1.433334e-01 0.93699999999999999999
1  3.02e+04  0.1755215406  1.433334e-01 0.93699999999999999999
1  3.16e+04  0.4787099985  1.433334e-01 0.93699999999999999999
1  3.31e+04  0.2072027001  1.433334e-01 0.93699999999999999999
1  3.47e+04  0.5533154838  1.433334e-01 0.93699999999999999999
1  3.63e+04  0.2081815134  1.433334e-01 0.93699999999999999999
1  3.80e+04  0.28267644  1.433334e-01 0.93699999999999999999
1  3.98e+04  0.2686583611  1.433334e-01 0.93699999999999999999
1  4.17e+04  0.2017988143  1.433334e-01 0.93699999999999999999
1  4.37e+04  0.5618933436  1.433334e-01 0.93699999999999999999
1  4.57e+04  0.2232296401  1.433334e-01 0.93699999999999999999
1  4.79e+04  0.3916558259  1.433334e-01 0.93699999999999999999
1  5.01e+04  0.4457348359  1.433334e-01 0.93699999999999999999
1  5.25e+04  0.1724343344  1.433334e-01 0.93699999999999999999
1  5.50e+04  0.2780677124  1.433334e-01 0.93699999999999999999
1  5.75e+04  0.3069072934  1.433334e-01 0.93699999999999999999
1  6.03e+04  0.2055334016  1.433334e-01 0.93699999999999999999
1  6.31e+04  0.2032801418  1.433334e-01 0.93699999999999999999
1  6.61e+04  0.4097398748  1.433334e-01 0.93699999999999999999
1  6.92e+04  0.3900231258  1.433334e-01 0.93699999999999999999
1  7.24e+04  0.1840371201  1.433334e-01 0.93699999999999999999
1  7.59e+04  0.2875168324  1.433334e-01 0.93699999999999999999
1  7.94e+04  0.4945636515  1.433334e-01 0.93699999999999999999
1  8.32e+04  0.3986089172  1.433334e-01 0.93699999999999999999
1  8.71e+04  0.1982187027  1.433334e-01 0.93699999999999999999
1  9.12e+04  0.2049008303  1.433334e-01 0.93699999999999999999
1  9.55e+04  0.3285871232  1.433334e-01 0.93699999999999999999
1  1.00e+05  0.3536442346  1.433334e-01 0.93699999999999999999
1  1.05e+05  0.2688704877  1.433334e-01 0.93699999999999999999
1  1.10e+05  0.1898697028  1.433334e-01 0.93699999999999999999
1  1.15e+05  0.1761463082  1.433334e-01 0.93699999999999999999
1  1.20e+05  0.206684418  1.433334e-01 0.93699999999999999999
1  1.26e+05  0.243699466  1.433334e-01 0.93699999999999999999
1  1.32e+05  0.2649703331  1.433334e-01 0.93699999999999999999
1  1.38e+05  0.2607232642  1.433334e-01 0.93699999999999999999
1  1.45e+05  0.2320431566  1.433334e-01 0.93699999999999999999
1  1.51e+05  0.1944468217  1.433334e-01 0.93699999999999999999
1  1.58e+05  0.1718370532  1.433334e-01 0.93699999999999999999
1  1.66e+05  0.1806362557  1.433334e-01 0.93699999999999999999
1  1.74e+05  0.218136717  1.433334e-01 0.93699999999999999999
1  1.82e+05  0.2648038744  1.433334e-01 0.93699999999999999999
1  1.91e+05  0.2972182196  1.433334e-01 0.93699999999999999999
1  2.00e+05  0.3012475764  1.433334e-01 0.93699999999999999999
1  2.09e+05  0.2775999932  1.433334e-01 0.93699999999999999999
1  2.19e+05  0.238745963  1.433334e-01 0.93699999999999999999
1  2.29e+05  0.2012099363  1.433334e-01 0.93699999999999999999
1  2.40e+05  0.1781839954  1.433334e-01 0.93699999999999999999
1  2.51e+05  0.175504119  1.433334e-01 0.93699999999999999999
1  2.63e+05  0.1914661209  1.433334e-01 0.93699999999999999999
1  2.75e+05  0.2192432395  1.433334e-01 0.93699999999999999999
1  2.88e+05  0.2501742589  1.433334e-01 0.93699999999999999999
1  3.02e+05  0.276565251  1.433334e-01 0.93699999999999999999
1  3.16e+05  0.2933442913  1.433334e-01 0.93699999999999999999
1  3.31e+05  0.2985234256  1.433334e-01 0.93699999999999999999
1  3.47e+05  0.2927828374  1.433334e-01 0.93699999999999999999
1  3.63e+05  0.2786013109  1.433334e-01 0.93699999999999999999
1  3.80e+05  0.2592997855  1.433334e-01 0.93699999999999999999
1  3.98e+05  0.2382361152  1.433334e-01 0.93699999999999999999
1  4.17e+05  0.2182579582  1.433334e-01 0.93699999999999999999
1  4.37e+05  0.2014222238  1.433334e-01 0.93699999999999999999
1  4.57e+05  0.1889325313  1.433334e-01 0.93699999999999999999
1  4.79e+05  0.1812244866  1.433334e-01 0.93699999999999999999
1  5.01e+05  0.1781305065  1.433334e-01 0.93699999999999999999
1  5.25e+05  0.1790700071  1.433334e-01 0.93699999999999999999
1  5.50e+05  0.1832285292  1.433334e-01 0.93699999999999999999
1  5.75e+05  0.1897056952  1.433334e-01 0.93699999999999999999
1  6.03e+05  0.1976244684  1.433334e-01 0.93699999999999999999
1  6.31e+05  0.2062025288  1.433334e-01 0.93699999999999999999
1  6.61e+05  0.2159452081  1.433334e-01 0.93699999999999999999
1  6.92e+05  0.2251116525  1.433334e-01 0.93699999999999999999
1  7.24e+05  0.2332276913  1.433334e-01 0.93699999999999999999
1  7.59e+05  0.2397720353  1.433334e-01 0.93699999999999999999
1  7.94e+05  0.24508388  1.433334e-01 0.93699999999999999999
1  8.32e+05  0.2488820942  1.433334e-01 0.93699999999999999999
1  8.71e+05  0.2512293369  1.433334e-01 0.93699999999999999999
1  9.12e+05  0.2522488656  1.433334e-01 0.93699999999999999999
1  9.55e+05  0.2521003184  1.433334e-01 0.93699999999999999999
1  1.00e+06  0.2509605023  1.433334e-01 0.93699999999999999999
1  1.05e+06  0.2490090201  1.433334e-01 0.93699999999999999999
1  1.10e+06  0.2464181835  1.433334e-01 0.93699999999999999999
1  1.15e+06  0.2433464877  1.433334e-01 0.93699999999999999999
1  1.20e+06  0.239934894  1.433334e-01 0.93699999999999999999
1  1.26e+06  0.23630522  1.433334e-01 0.93699999999999999999
1  1.32e+06  0.2325600327  1.433334e-01 0.93699999999999999999
1  1.38e+06  0.2287835501  1.433334e-01 0.93699999999999999999
1  1.45e+06  0.225043163  1.433334e-01 0.93699999999999999999
1  1.51e+06  0.2214525411  1.433334e-01 0.93699999999999999999
1  1.58e+06  0.2179288211  1.433334e-01 0.93699999999999999999
1  1.66e+06  0.2145604502  1.433334e-01 0.93699999999999999999
1  1.74e+06  0.2113668317  1.433334e-01 0.93699999999999999999
1  1.82e+06  0.20835982  1.433334e-01 0.93699999999999999999
1  1.91e+06  0.2055452129  1.433334e-01 0.93699999999999999999
1  2.00e+06  0.2029240459  1.433334e-01 0.93699999999999999999
1  2.09e+06  0.200493695  1.433334e-01 0.93699999999999999999
1  2.19e+06  0.1982488005  1.433334e-01 0.93699999999999999999
1  2.29e+06  0.196182029  1.433334e-01 0.93699999999999999999
1  2.40e+06  0.194284693  1.433334e-01 0.93699999999999999999
1  2.51e+06  0.1925472477  1.433334e-01 0.93699999999999999999
1  2.63e+06  0.1909596819  1.433334e-01 0.93699999999999999999
1  2.75e+06  0.1895118218  1.433334e-01 0.93699999999999999999
1  2.88e+06  0.1881935616  1.433334e-01 0.93699999999999999999
1  3.02e+06  0.1870220952  1.433334e-01 0.93699999999999999999
1  3.16e+06  0.1859315703  1.433334e-01 0.93699999999999999999
1  3.31e+06  0.1849423627  1.433334e-01 0.93699999999999999999
1  3.47e+06  0.1840459121  1.433334e-01 0.93699999999999999999
1  3.63e+06  0.1832341872  1.433334e-01 0.93699999999999999999
1  3.80e+06  0.182499698  1.433334e-01 0.93699999999999999999
1  3.98e+06  0.181835495  1.433334e-01 0.93699999999999999999
1  4.17e+06  0.1812351578  1.433334e-01 0.93699999999999999999
1  4.37e+06  0.1806927763  1.433334e-01 0.93699999999999999999
1  4.57e+06  0.1802029279  1.433334e-01 0.93699999999999999999
1  4.79e+06  0.1797606504  1.433334e-01 0.93699999999999999999
1  5.01e+06  0.1793614134  1.433334e-01 0.93699999999999999999
1  5.25e+06  0.1790010896  1.433334e-01 0.93699999999999999999
1  5.50e+06  0.1786759252  1.433334e-01 0.93699999999999999999
1  5.75e+06  0.1783825112  1.433334e-01 0.93699999999999999999
1  6.03e+06  0.1781244601  1.433334e-01 0.93699999999999999999
1  6.31e+06  0.1778849384  1.433334e-01 0.93699999999999999999
1  6.61e+06  0.1776687977  1.433334e-01 0.93699999999999999999
1  6.92e+06  0.1774737417  1.433334e-01 0.93699999999999999999
1  7.24e+06  0.1772976959  1.433334e-01 0.93699999999999999999
1  7.59e+06  0.1771387868  1.433334e-01 0.93699999999999999999
1  7.94e+06  0.1769953237  1.433334e-01 0.93699999999999999999
1  8.32e+06  0.1768657816  1.433334e-01 0.93699999999999999999
1  8.71e+06  0.1767487854  1.433334e-01 0.93699999999999999999
1  9.12e+06  0.1766430957  1.433334e-01 0.93699999999999999999
1  9.55e+06  0.1765475957  1.433334e-01 0.93699999999999999999
1  1.00e+07  0.1764612791  1.433334e-01 0.93699999999999999999
