1  1.00e-03  0.1770890477 -10.45568 0.99200000000000000000
1  1.05e-03  0.1770890455 -10.45568 0.99200000000000000000
1  1.10e-03  0.1770890478 -10.45568 0.99200000000000000000
1  1.15e-03  0.1770890465 -10.45568 0.99200000000000000000
1  1.20e-03  0.1770890487 -10.45568 0.99200000000000000000
1  1.26e-03  0.1770890482 -10.45568 0.99200000000000000000
1  1.32e-03  0.177089051 -10.45568 0.99200000000000000000
1  1.38e-03  0.1770890473 -10.45568 0.99200000000000000000
1  1.45e-03  0.177089046 -10.45568 0.99200000000000000000
1  1.51e-03  0.1770890495 -10.45568 0.99200000000000000000
1  1.58e-03  0.1770890475 -10.45568 0.99200000000000000000
1  1.66e-03  0.1770890462 -10.45568 0.99200000000000000000
1  1.74e-03  0.1770890461 -10.45568 0.99200000000000000000
1  1.82e-03  0.177089047 -10.45568 0.99200000000000000000
1  1.91e-03  0.1770890476 -10.45568 0.99200000000000000000
1  2.00e-03  0.1770890502 -10.45568 0.99200000000000000000
1  2.09e-03  0.1770890518 -10.45568 0.99200000000000000000
1  2.19e-03  0.1770890514 -10.45568 0.99200000000000000000
1  2.29e-03  0.1770890503 -10.45568 0.99200000000000000000
1  2.40e-03  0.1770890495 -10.45568 0.99200000000000000000
1  2.51e-03  0.1770890511 -10.45568 0.99200000000000000000
1  2.63e-03  0.1770890492 -10.45568 0.99200000000000000000
1  2.75e-03  0.1770890533 -10.45568 0.99200000000000000000
1  2.88e-03  0.1770890536 -10.45568 0.99200000000000000000
1  3.02e-03  0.1770890637 -10.45568 0.99200000000000000000
1  3.16e-03  0.1770890459 -10.45568 0.99200000000000000000
1  3.31e-03  0.1770890527 -10.45568 0.99200000000000000000
1  3.47e-03  0.1770890513 -10.45568 0.99200000000000000000
1  3.63e-03  0.1770890544 -10.45568 0.99200000000000000000
1  3.80e-03  0.1770890539 -10.45568 0.99200000000000000000
1  3.98e-03  0.1770890481 -10.45568 0.99200000000000000000
1  4.17e-03  0.1770890565 -10.45568 0.99200000000000000000
1  4.37e-03  0.1770890511 -10.45568 0.99200000000000000000
1  4.57e-03  0.1770890503 -10.45568 0.99200000000000000000
1  4.79e-03  0.1770890572 -10.45568 0.99200000000000000000
1  5.01e-03  0.1770890496 -10.45568 0.99200000000000000000
1  5.25e-03  0.177089052 -10.45568 0.99200000000000000000
1  5.50e-03  0.1770890555 -10.45568 0.99200000000000000000
1  5.75e-03  0.1770890624 -10.45568 0.99200000000000000000
1  6.03e-03  0.1770890574 -10.45568 0.99200000000000000000
1  6.31e-03  0.1770882008 -10.45568 0.99200000000000000000
1  6.61e-03  0.1770890562 -10.45568 0.99200000000000000000
1  6.92e-03  0.1770890622 -10.45568 0.99200000000000000000
1  7.24e-03  0.1770890638 -10.45568 0.99200000000000000000
1  7.59e-03  0.1770890554 -10.45568 0.99200000000000000000
1  7.94e-03  0.1770890608 -10.45568 0.99200000000000000000
1  8.32e-03  0.1770890679 -10.45568 0.99200000000000000000
1  8.71e-03  0.1770890778 -10.45568 0.99200000000000000000
1  9.12e-03  0.1770890736 -10.45568 0.99200000000000000000
1  9.55e-03  0.1770890715 -10.45568 0.99200000000000000000
1  1.00e-02  0.1770890661 -10.45568 0.99200000000000000000
1  1.05e-02  0.1770890574 -10.45568 0.99200000000000000000
1  1.10e-02  0.1770891125 -10.45568 0.99200000000000000000
1  1.15e-02  0.1770890605 -10.45568 0.99200000000000000000
1  1.20e-02  0.1770890476 -10.45568 0.99200000000000000000
1  1.26e-02  0.1770890708 -10.45568 0.99200000000000000000
1  1.32e-02  0.177089066 -10.45568 0.99200000000000000000
1  1.38e-02  0.1770890598 -10.45568 0.99200000000000000000
1  1.45e-02  0.1770890617 -10.45568 0.99200000000000000000
1  1.51e-02  0.1770890694 -10.45568 0.99200000000000000000
1  1.58e-02  0.1770890621 -10.45568 0.99200000000000000000
1  1.66e-02  0.1770890665 -10.45568 0.99200000000000000000
1  1.74e-02  0.1770890766 -10.45568 0.99200000000000000000
1  1.82e-02  0.1770890594 -10.45568 0.99200000000000000000
1  1.91e-02  0.1770890829 -10.45568 0.99200000000000000000
1  2.00e-02  0.1770890933 -10.45568 0.99200000000000000000
1  2.09e-02  0.1770890553 -10.45568 0.99200000000000000000
1  2.19e-02  0.1770890751 -10.45568 0.99200000000000000000
1  2.29e-02  0.1770890689 -10.45568 0.99200000000000000000
1  2.40e-02  0.1770890872 -10.45568 0.99200000000000000000
1  2.51e-02  0.1770890739 -10.45568 0.99200000000000000000
1  2.63e-02  0.1770890673 -10.45568 0.99200000000000000000
1  2.75e-02  0.1770890659 -10.45568 0.99200000000000000000
1  2.88e-02  0.1770890544 -10.45568 0.99200000000000000000
1  3.02e-02  0.1770890757 -10.45568 0.99200000000000000000
1  3.16e-02  0.1770890339 -10.45568 0.99200000000000000000
1  3.31e-02  0.1770889919 -10.45568 0.99200000000000000000
1  3.47e-02  0.1770890758 -10.45568 0.99200000000000000000
1  3.63e-02  0.1770898474 -10.45568 0.99200000000000000000
1  3.80e-02  0.1770898966 -10.45568 0.99200000000000000000
1  3.98e-02  0.1770900539 -10.45568 0.99200000000000000000
1  4.17e-02  0.1770286762 -10.45568 0.99200000000000000000
1  4.37e-02  0.1770891456 -10.45568 0.99200000000000000000
1  4.57e-02  0.1770891412 -10.45568 0.99200000000000000000
1  4.79e-02  0.1770891814 -10.45568 0.99200000000000000000
1  5.01e-02  0.1770891786 -10.45568 0.99200000000000000000
1  5.25e-02  0.1770891498 -10.45568 0.99200000000000000000
1  5.50e-02  0.177089121 -10.45568 0.99200000000000000000
1  5.75e-02  0.1770891665 -10.45568 0.99200000000000000000
1  6.03e-02  0.1770891928 -10.45568 0.99200000000000000000
1  6.31e-02  0.1770891159 -10.45568 0.99200000000000000000
1  6.61e-02  0.1770891458 -10.45568 0.99200000000000000000
1  6.92e-02  0.1770892304 -10.45568 0.99200000000000000000
1  7.24e-02  0.1770891014 -10.45568 0.99200000000000000000
1  7.59e-02  0.1770893486 -10.45568 0.99200000000000000000
1  7.94e-02  0.1770930827 -10.45568 0.99200000000000000000
1  8.32e-02  0.1770894927 -10.45568 0.99200000000000000000
1  8.71e-02  0.177089296 -10.45568 0.99200000000000000000
1  9.12e-02  0.1770895106 -10.45568 0.99200000000000000000
1  9.55e-02  0.1770893064 -10.45568 0.99200000000000000000
1  1.00e-01  0.1770892824 -10.45568 0.99200000000000000000
1  1.05e-01  0.1770892459 -10.45568 0.99200000000000000000
1  1.10e-01  0.1770892381 -10.45568 0.99200000000000000000
1  1.15e-01  0.1770891904 -10.45568 0.99200000000000000000
1  1.20e-01  0.1770893443 -10.45568 0.99200000000000000000
1  1.26e-01  0.1770890751 -10.45568 0.99200000000000000000
1  1.32e-01  0.1770891166 -10.45568 0.99200000000000000000
1  1.38e-01  0.1770892665 -10.45568 0.99200000000000000000
1  1.45e-01  0.1770892909 -10.45568 0.99200000000000000000
1  1.51e-01  0.1770893481 -10.45568 0.99200000000000000000
1  1.58e-01  0.1770895384 -10.45568 0.99200000000000000000
1  1.66e-01  0.1770894332 -10.45568 0.99200000000000000000
1  1.74e-01  0.1770896066 -10.45568 0.99200000000000000000
1  1.82e-01  0.1770895456 -10.45568 0.99200000000000000000
1  1.91e-01  0.1770894514 -10.45568 0.99200000000000000000
1  2.00e-01  0.1770893331 -10.45568 0.99200000000000000000
1  2.09e-01  0.1770891624 -10.45568 0.99200000000000000000
1  2.19e-01  0.1770891741 -10.45568 0.99200000000000000000
1  2.29e-01  0.1770894414 -10.45568 0.99200000000000000000
1  2.40e-01  0.1770893717 -10.45568 0.99200000000000000000
1  2.51e-01  0.1770893853 -10.45568 0.99200000000000000000
1  2.63e-01  0.1770894837 -10.45568 0.99200000000000000000
1  2.75e-01  0.1770900369 -10.45568 0.99200000000000000000
1  2.88e-01  0.1770910608 -10.45568 0.99200000000000000000
1  3.02e-01  0.1770859762 -10.45568 0.99200000000000000000
1  3.16e-01  0.1770896059 -10.45568 0.99200000000000000000
1  3.31e-01  0.1770927946 -10.45568 0.99200000000000000000
1  3.47e-01  0.1770896775 -10.45568 0.99200000000000000000
1  3.63e-01  0.1770892349 -10.45568 0.99200000000000000000
1  3.80e-01  0.1770819924 -10.45568 0.99200000000000000000
1  3.98e-01  0.1770896935 -10.45568 0.99200000000000000000
1  4.17e-01  0.1770731633 -10.45568 0.99200000000000000000
1  4.37e-01  0.1770894395 -10.45568 0.99200000000000000000
1  4.57e-01  0.1770891496 -10.45568 0.99200000000000000000
1  4.79e-01  0.1770896538 -10.45568 0.99200000000000000000
1  5.01e-01  0.177089294 -10.45568 0.99200000000000000000
1  5.25e-01  0.1770890682 -10.45568 0.99200000000000000000
1  5.50e-01  0.1770891984 -10.45568 0.99200000000000000000
1  5.75e-01  0.1770898764 -10.45568 0.99200000000000000000
1  6.03e-01  0.1770894587 -10.45568 0.99200000000000000000
1  6.31e-01  0.1770890057 -10.45568 0.99200000000000000000
1  6.61e-01  0.1770906127 -10.45568 0.99200000000000000000
1  6.92e-01  0.1770894102 -10.45568 0.99200000000000000000
1  7.24e-01  0.1770905899 -10.45568 0.99200000000000000000
1  7.59e-01  0.1770902362 -10.45568 0.99200000000000000000
1  7.94e-01  0.1771184255 -10.45568 0.99200000000000000000
1  8.32e-01  0.1770891694 -10.45568 0.99200000000000000000
1  8.71e-01  0.1770904354 -10.45568 0.99200000000000000000
1  9.12e-01  0.177090405 -10.45568 0.99200000000000000000
1  9.55e-01  0.1770907641 -10.45568 0.99200000000000000000
1  1.00e+00  0.1770908225 -10.45568 0.99200000000000000000
1  1.05e+00  0.1770822941 -10.45568 0.99200000000000000000
1  1.10e+00  0.1770900894 -10.45568 0.99200000000000000000
1  1.15e+00  0.1771088219 -10.45568 0.99200000000000000000
1  1.20e+00  0.1770898574 -10.45568 0.99200000000000000000
1  1.26e+00  0.1770797292 -10.45568 0.99200000000000000000
1  1.32e+00  0.1770915158 -10.45568 0.99200000000000000000
1  1.38e+00  0.1770942532 -10.45568 0.99200000000000000000
1  1.45e+00  0.1770893532 -10.45568 0.99200000000000000000
1  1.51e+00  0.1770915832 -10.45568 0.99200000000000000000
1  1.58e+00  0.1770900936 -10.45568 0.99200000000000000000
1  1.66e+00  0.1770893785 -10.45568 0.99200000000000000000
1  1.74e+00  0.177088561 -10.45568 0.99200000000000000000
1  1.82e+00  0.1770914912 -10.45568 0.99200000000000000000
1  1.91e+00  0.1770925571 -10.45568 0.99200000000000000000
1  2.00e+00  0.1770903653 -10.45568 0.99200000000000000000
1  2.09e+00  0.17709297 -10.45568 0.99200000000000000000
1  2.19e+00  0.1770928435 -10.45568 0.99200000000000000000
1  2.29e+00  0.1770759526 -10.45568 0.99200000000000000000
1  2.40e+00  0.1770890349 -10.45568 0.99200000000000000000
1  2.51e+00  0.1770608748 -10.45568 0.99200000000000000000
1  2.63e+00  0.1770932022 -10.45568 0.99200000000000000000
1  2.75e+00  0.1770945727 -10.45568 0.99200000000000000000
1  2.88e+00  0.1770640198 -10.45568 0.99200000000000000000
1  3.02e+00  0.1770686662 -10.45568 0.99200000000000000000
1  3.16e+00  0.1770885333 -10.45568 0.99200000000000000000
1  3.31e+00  0.1770919699 -10.45568 0.99200000000000000000
1  3.47e+00  0.1771078749 -10.45568 0.99200000000000000000
1  3.63e+00  0.1771114153 -10.45568 0.99200000000000000000
1  3.80e+00  0.1770908626 -10.45568 0.99200000000000000000
1  3.98e+00  0.1770918581 -10.45568 0.99200000000000000000
1  4.17e+00  0.1770932568 -10.45568 0.99200000000000000000
1  4.37e+00  0.1770972632 -10.45568 0.99200000000000000000
1  4.57e+00  0.1770927436 -10.45568 0.99200000000000000000
1  4.79e+00  0.177091604 -10.45568 0.99200000000000000000
1  5.01e+00  0.1770973699 -10.45568 0.99200000000000000000
1  5.25e+00  0.1770957163 -10.45568 0.99200000000000000000
1  5.50e+00  0.1770900674 -10.45568 0.99200000000000000000
1  5.75e+00  0.1770911472 -10.45568 0.99200000000000000000
1  6.03e+00  0.1770956039 -10.45568 0.99200000000000000000
1  6.31e+00  0.1770919582 -10.45568 0.99200000000000000000
1  6.61e+00  0.1770946965 -10.45568 0.99200000000000000000
1  6.92e+00  0.1770960444 -10.45568 0.99200000000000000000
1  7.24e+00  0.1770914718 -10.45568 0.99200000000000000000
1  7.59e+00  0.1771024569 -10.45568 0.99200000000000000000
1  7.94e+00  0.1770188041 -10.45568 0.99200000000000000000
1  8.32e+00  0.1768723064 -10.45568 0.99200000000000000000
1  8.71e+00  0.1767595686 -10.45568 0.99200000000000000000
1  9.12e+00  0.1771686625 -10.45568 0.99200000000000000000
1  9.55e+00  0.1769043997 -10.45568 0.99200000000000000000
1  1.00e+01  0.1769632452 -10.45568 0.99200000000000000000
1  1.05e+01  0.1772095196 -10.45568 0.99200000000000000000
1  1.10e+01  0.1771257278 -10.45568 0.99200000000000000000
1  1.15e+01  0.1771037768 -10.45568 0.99200000000000000000
1  1.20e+01  0.1770857462 -10.45568 0.99200000000000000000
1  1.26e+01  0.1771545091 -10.45568 0.99200000000000000000
1  1.32e+01  0.1770914551 -10.45568 0.99200000000000000000
1  1.38e+01  0.1771015479 -10.45568 0.99200000000000000000
1  1.45e+01  0.1770997647 -10.45568 0.99200000000000000000
1  1.51e+01  0.1771076778 -10.45568 0.99200000000000000000
1  1.58e+01  0.1771117842 -10.45568 0.99200000000000000000
1  1.66e+01  0.1769614647 -10.45568 0.99200000000000000000
1  1.74e+01  0.1775993852 -10.45568 0.99200000000000000000
1  1.82e+01  0.1775966665 -10.45568 0.99200000000000000000
1  1.91e+01  0.177094287 -10.45568 0.99200000000000000000
1  2.00e+01  0.1771043639 -10.45568 0.99200000000000000000
1  2.09e+01  0.1779684463 -10.45568 0.99200000000000000000
1  2.19e+01  0.1771571164 -10.45568 0.99200000000000000000
1  2.29e+01  0.1763866826 -10.45568 0.99200000000000000000
1  2.40e+01  0.1765696594 -10.45568 0.99200000000000000000
1  2.51e+01  0.1774463424 -10.45568 0.99200000000000000000
1  2.63e+01  0.1767623105 -10.45568 0.99200000000000000000
1  2.75e+01  0.1759806494 -10.45568 0.99200000000000000000
1  2.88e+01  0.1770723115 -10.45568 0.99200000000000000000
1  3.02e+01  0.1771313634 -10.45568 0.99200000000000000000
1  3.16e+01  0.1766489173 -10.45568 0.99200000000000000000
1  3.31e+01  0.1767929089 -10.45568 0.99200000000000000000
1  3.47e+01  0.1764245798 -10.45568 0.99200000000000000000
1  3.63e+01  0.1779503903 -10.45568 0.99200000000000000000
1  3.80e+01  0.1777754767 -10.45568 0.99200000000000000000
1  3.98e+01  0.1772533298 -10.45568 0.99200000000000000000
1  4.17e+01  0.1769551234 -10.45568 0.99200000000000000000
1  4.37e+01  0.1776060736 -10.45568 0.99200000000000000000
1  4.57e+01  0.176610499 -10.45568 0.99200000000000000000
1  4.79e+01  0.1776188466 -10.45568 0.99200000000000000000
1  5.01e+01  0.1771281119 -10.45568 0.99200000000000000000
1  5.25e+01  0.1771452202 -10.45568 0.99200000000000000000
1  5.50e+01  0.1772595267 -10.45568 0.99200000000000000000
1  5.75e+01  0.17693414 -10.45568 0.99200000000000000000
1  6.03e+01  0.1764430296 -10.45568 0.99200000000000000000
1  6.31e+01  0.1773697734 -10.45568 0.99200000000000000000
1  6.61e+01  0.1771730545 -10.45568 0.99200000000000000000
1  6.92e+01  0.1774644664 -10.45568 0.99200000000000000000
1  7.24e+01  0.177034762 -10.45568 0.99200000000000000000
1  7.59e+01  0.1781772241 -10.45568 0.99200000000000000000
1  7.94e+01  0.1771265153 -10.45568 0.99200000000000000000
1  8.32e+01  0.1770075739 -10.45568 0.99200000000000000000
1  8.71e+01  0.1771317746 -10.45568 0.99200000000000000000
1  9.12e+01  0.1773008751 -10.45568 0.99200000000000000000
1  9.55e+01  0.1771779532 -10.45568 0.99200000000000000000
1  1.00e+02  0.1768256426 -10.45568 0.99200000000000000000
1  1.05e+02  0.1771128784 -10.45568 0.99200000000000000000
1  1.10e+02  0.1770857241 -10.45568 0.99200000000000000000
1  1.15e+02  0.1772010536 -10.45568 0.99200000000000000000
1  1.20e+02  0.1771602611 -10.45568 0.99200000000000000000
1  1.26e+02  0.1770699428 -10.45568 0.99200000000000000000
1  1.32e+02  0.1773948189 -10.45568 0.99200000000000000000
1  1.38e+02  0.1773195455 -10.45568 0.99200000000000000000
1  1.45e+02  0.1772798039 -10.45568 0.99200000000000000000
1  1.51e+02  0.1773089011 -10.45568 0.99200000000000000000
1  1.58e+02  0.1778057706 -10.45568 0.99200000000000000000
1  1.66e+02  0.1778375833 -10.45568 0.99200000000000000000
1  1.74e+02  0.1774646334 -10.45568 0.99200000000000000000
1  1.82e+02  0.1770298756 -10.45568 0.99200000000000000000
1  1.91e+02  0.1771612879 -10.45568 0.99200000000000000000
1  2.00e+02  0.1770909096 -10.45568 0.99200000000000000000
1  2.09e+02  0.1772109507 -10.45568 0.99200000000000000000
1  2.19e+02  0.1773379826 -10.45568 0.99200000000000000000
1  2.29e+02  0.1773978479 -10.45568 0.99200000000000000000
1  2.40e+02  0.1774590362 -10.45568 0.99200000000000000000
1  2.51e+02  0.1774553129 -10.45568 0.99200000000000000000
1  2.63e+02  0.1779459 -10.45568 0.99200000000000000000
1  2.75e+02  0.1769693323 -10.45568 0.99200000000000000000
1  2.88e+02  0.177534017 -10.45568 0.99200000000000000000
1  3.02e+02  0.1775276501 -10.45568 0.99200000000000000000
1  3.16e+02  0.1772682039 -10.45568 0.99200000000000000000
1  3.31e+02  0.1775080651 -10.45568 0.99200000000000000000
1  3.47e+02  0.1772242572 -10.45568 0.99200000000000000000
1  3.63e+02  0.1772606073 -10.45568 0.99200000000000000000
1  3.80e+02  0.1770752498 -10.45568 0.99200000000000000000
1  3.98e+02  0.1776141912 -10.45568 0.99200000000000000000
1  4.17e+02  0.1778404597 -10.45568 0.99200000000000000000
1  4.37e+02  0.1778569482 -10.45568 0.99200000000000000000
1  4.57e+02  0.1768556753 -10.45568 0.99200000000000000000
1  4.79e+02  0.178339017 -10.45568 0.99200000000000000000
1  5.01e+02  0.1780295712 -10.45568 0.99200000000000000000
1  5.25e+02  0.1777636515 -10.45568 0.99200000000000000000
1  5.50e+02  0.1771931027 -10.45568 0.99200000000000000000
1  5.75e+02  0.1770993985 -10.45568 0.99200000000000000000
1  6.03e+02  0.1772187187 -10.45568 0.99200000000000000000
1  6.31e+02  0.1770500496 -10.45568 0.99200000000000000000
1  6.61e+02  0.1781405527 -10.45568 0.99200000000000000000
1  6.92e+02  0.1776810854 -10.45568 0.99200000000000000000
1  7.24e+02  0.178228933 -10.45568 0.99200000000000000000
1  7.59e+02  0.1784479693 -10.45568 0.99200000000000000000
1  7.94e+02  0.1769685655 -10.45568 0.99200000000000000000
1  8.32e+02  0.1773117481 -10.45568 0.99200000000000000000
1  8.71e+02  0.1778529943 -10.45568 0.99200000000000000000
1  9.12e+02  0.1775023057 -10.45568 0.99200000000000000000
1  9.55e+02  0.1783925531 -10.45568 0.99200000000000000000
1  1.00e+03  0.1771001216 -10.45568 0.99200000000000000000
1  1.05e+03  0.177169259 -10.45568 0.99200000000000000000
1  1.10e+03  0.1767747643 -10.45568 0.99200000000000000000
1  1.15e+03  0.1808695052 -10.45568 0.99200000000000000000
1  1.20e+03  0.1767042031 -10.45568 0.99200000000000000000
1  1.26e+03  0.1763014426 -10.45568 0.99200000000000000000
1  1.32e+03  0.1755377815 -10.45568 0.99200000000000000000
1  1.38e+03  0.1771973814 -10.45568 0.99200000000000000000
1  1.45e+03  0.1802302084 -10.45568 0.99200000000000000000
1  1.51e+03  0.1795427787 -10.45568 0.99200000000000000000
1  1.58e+03  0.1783008696 -10.45568 0.99200000000000000000
1  1.66e+03  0.1809016028 -10.45568 0.99200000000000000000
1  1.74e+03  0.1764332537 -10.45568 0.99200000000000000000
1  1.82e+03  0.1711066312 -10.45568 0.99200000000000000000
1  1.91e+03  0.1773089385 -10.45568 0.99200000000000000000
1  2.00e+03  0.1661839716 -10.45568 0.99200000000000000000
1  2.09e+03  0.1777296882 -10.45568 0.99200000000000000000
1  2.19e+03  0.1852792208 -10.45568 0.99200000000000000000
1  2.29e+03  0.1898014873 -10.45568 0.99200000000000000000
1  2.40e+03  0.2018876393 -10.45568 0.99200000000000000000
1  2.51e+03  0.2102065466 -10.45568 0.99200000000000000000
1  2.63e+03  0.1800022254 -10.45568 0.99200000000000000000
1  2.75e+03  0.2180129661 -10.45568 0.99200000000000000000
1  2.88e+03  0.1754413207 -10.45568 0.99200000000000000000
1  3.02e+03  0.2108029489 -10.45568 0.99200000000000000000
1  3.16e+03  0.2129389762 -10.45568 0.99200000000000000000
1  3.31e+03  0.2056684355 -10.45568 0.99200000000000000000
1  3.47e+03  0.1941939434 -10.45568 0.99200000000000000000
1  3.63e+03  0.1992626455 -10.45568 0.99200000000000000000
1  3.80e+03  0.1827970157 -10.45568 0.99200000000000000000
1  3.98e+03  0.1501353105 -10.45568 0.99200000000000000000
1  4.17e+03  0.1968871856 -10.45568 0.99200000000000000000
1  4.37e+03  0.1604415749 -10.45568 0.99200000000000000000
1  4.57e+03  0.2002056898 -10.45568 0.99200000000000000000
1  4.79e+03  0.1428102292 -10.45568 0.99200000000000000000
1  5.01e+03  0.1768058943 -10.45568 0.99200000000000000000
1  5.25e+03  0.1903004866 -10.45568 0.99200000000000000000
1  5.50e+03  0.1781456401 -10.45568 0.99200000000000000000
1  5.75e+03  0.1910906272 -10.45568 0.99200000000000000000
1  6.03e+03  0.1467811113 -10.45568 0.99200000000000000000
1  6.31e+03  0.2771495918 -10.45568 0.99200000000000000000
1  6.61e+03  0.2473156561 -10.45568 0.99200000000000000000
1  6.92e+03  0.2517386568 -10.45568 0.99200000000000000000
1  7.24e+03  0.1049005961 -10.45568 0.99200000000000000000
1  7.59e+03  0.2473185227 -10.45568 0.99200000000000000000
1  7.94e+03  0.1755103299 -10.45568 0.99200000000000000000
1  8.32e+03  0.1875683951 -10.45568 0.99200000000000000000
1  8.71e+03  0.2544067894 -10.45568 0.99200000000000000000
1  9.12e+03  0.2561779935 -10.45568 0.99200000000000000000
1  9.55e+03  0.2592426053 -10.45568 0.99200000000000000000
1  1.00e+04  0.166065721 -10.45568 0.99200000000000000000
1  1.05e+04  0.3127487787 -10.45568 0.99200000000000000000
1  1.10e+04  0.1833043379 -10.45568 0.99200000000000000000
1  1.15e+04  0.2859136282 -10.45568 0.99200000000000000000
1  1.20e+04  0.2338040301 -10.45568 0.99200000000000000000
1  1.26e+04  0.2955618983 -10.45568 0.99200000000000000000
1  1.32e+04  0.2195419107 -10.45568 0.99200000000000000000
1  1.38e+04  0.3759632632 -10.45568 0.99200000000000000000
1  1.45e+04  0.2223415866 -10.45568 0.99200000000000000000
1  1.51e+04  0.3449383236 -10.45568 0.99200000000000000000
1  1.58e+04  0.3240319478 -10.45568 0.99200000000000000000
1  1.66e+04  0.316952218 -10.45568 0.99200000000000000000
1  1.74e+04  0.1947055159 -10.45568 0.99200000000000000000
1  1.82e+04  0.3950762111 -10.45568 0.99200000000000000000
1  1.91e+04  0.3448883664 -10.45568 0.99200000000000000000
1  2.00e+04  0.502137169 -10.45568 0.99200000000000000000
1  2.09e+04  0.4806208915 -10.45568 0.99200000000000000000
1  2.19e+04  0.2903125073 -10.45568 0.99200000000000000000
1  2.29e+04  0.563301288 -10.45568 0.99200000000000000000
1  2.40e+04  0.5023480663 -10.45568 0.99200000000000000000
1  2.51e+04  0.2806568743 -10.45568 0.99200000000000000000
1  2.63e+04  0.3681649018 -10.45568 0.99200000000000000000
1  2.75e+04  0.1839551176 -10.45568 0.99200000000000000000
1  2.88e+04  0.4768269924 -10.45568 0.99200000000000000000
1  3.02e+04  0.5181568414 -10.45568 0.99200000000000000000
1  3.16e+04  0.2039940595 -10.45568 0.99200000000000000000
1  3.31e+04  0.2259707672 -10.45568 0.99200000000000000000
1  3.47e+04  0.5776172094 -10.45568 0.99200000000000000000
1  3.63e+04  0.2965220319 -10.45568 0.99200000000000000000
1  3.80e+04  0.5252675365 -10.45568 0.99200000000000000000
1  3.98e+04  0.3220783696 -10.45568 0.99200000000000000000
1  4.17e+04  0.3706991695 -10.45568 0.99200000000000000000
1  4.37e+04  0.2523512388 -10.45568 0.99200000000000000000
1  4.57e+04  0.2046872301 -10.45568 0.99200000000000000000
1  4.79e+04  0.5517966252 -10.45568 0.99200000000000000000
1  5.01e+04  0.3079617291 -10.45568 0.99200000000000000000
1  5.25e+04  0.4270347871 -10.45568 0.99200000000000000000
1  5.50e+04  0.6234794218 -10.45568 0.99200000000000000000
1  5.75e+04  0.2301005098 -10.45568 0.99200000000000000000
1  6.03e+04  0.4669445239 -10.45568 0.99200000000000000000
1  6.31e+04  0.4019851237 -10.45568 0.99200000000000000000
1  6.61e+04  0.1788394121 -10.45568 0.99200000000000000000
1  6.92e+04  0.2548091949 -10.45568 0.99200000000000000000
1  7.24e+04  0.2523561222 -10.45568 0.99200000000000000000
1  7.59e+04  0.3003582939 -10.45568 0.99200000000000000000
1  7.94e+04  0.3655491646 -10.45568 0.99200000000000000000
1  8.32e+04  0.2317625649 -10.45568 0.99200000000000000000
1  8.71e+04  0.1985076988 -10.45568 0.99200000000000000000
1  9.12e+04  0.4378192761 -10.45568 0.99200000000000000000
1  9.55e+04  0.5753231776 -10.45568 0.99200000000000000000
1  1.00e+05  0.4042859054 -10.45568 0.99200000000000000000
1  1.05e+05  0.2261480513 -10.45568 0.99200000000000000000
1  1.10e+05  0.3108125478 -10.45568 0.99200000000000000000
1  1.15e+05  0.5189154099 -10.45568 0.99200000000000000000
1  1.20e+05  0.5725299789 -10.45568 0.99200000000000000000
1  1.26e+05  0.4250356191 -10.45568 0.99200000000000000000
1  1.32e+05  0.2545371722 -10.45568 0.99200000000000000000
1  1.38e+05  0.2187837808 -10.45568 0.99200000000000000000
1  1.45e+05  0.3105979036 -10.45568 0.99200000000000000000
1  1.51e+05  0.4145028135 -10.45568 0.99200000000000000000
1  1.58e+05  0.4361501437 -10.45568 0.99200000000000000000
1  1.66e+05  0.3681268709 -10.45568 0.99200000000000000000
1  1.74e+05  0.2668980212 -10.45568 0.99200000000000000000
1  1.82e+05  0.1941518793 -10.45568 0.99200000000000000000
1  1.91e+05  0.1770714212 -10.45568 0.99200000000000000000
1  2.00e+05  0.2046838602 -10.45568 0.99200000000000000000
1  2.09e+05  0.2471017794 -10.45568 0.99200000000000000000
1  2.19e+05  0.277173612 -10.45568 0.99200000000000000000
1  2.29e+05  0.2822370931 -10.45568 0.99200000000000000000
1  2.40e+05  0.2645050665 -10.45568 0.99200000000000000000
1  2.51e+05  0.2348223147 -10.45568 0.99200000000000000000
1  2.63e+05  0.2053572763 -10.45568 0.99200000000000000000
1  2.75e+05  0.1846615392 -10.45568 0.99200000000000000000
1  2.88e+05  0.1759724373 -10.45568 0.99200000000000000000
1  3.02e+05  0.1779845321 -10.45568 0.99200000000000000000
1  3.16e+05  0.1867785854 -10.45568 0.99200000000000000000
1  3.31e+05  0.1978021419 -10.45568 0.99200000000000000000
1  3.47e+05  0.2072830473 -10.45568 0.99200000000000000000
1  3.63e+05  0.2129100113 -10.45568 0.99200000000000000000
1  3.80e+05  0.2138997777 -10.45568 0.99200000000000000000
1  3.98e+05  0.2106838931 -10.45568 0.99200000000000000000
1  4.17e+05  0.2044427135 -10.45568 0.99200000000000000000
1  4.37e+05  0.1966515453 -10.45568 0.99200000000000000000
1  4.57e+05  0.1887293657 -10.45568 0.99200000000000000000
1  4.79e+05  0.1818193812 -10.45568 0.99200000000000000000
1  5.01e+05  0.1766911846 -10.45568 0.99200000000000000000
1  5.25e+05  0.173735039 -10.45568 0.99200000000000000000
1  5.50e+05  0.1730142753 -10.45568 0.99200000000000000000
1  5.75e+05  0.1743458214 -10.45568 0.99200000000000000000
1  6.03e+05  0.1773865879 -10.45568 0.99200000000000000000
1  6.31e+05  0.1817115888 -10.45568 0.99200000000000000000
1  6.61e+05  0.187099295 -10.45568 0.99200000000000000000
1  6.92e+05  0.1940543732 -10.45568 0.99200000000000000000
1  7.24e+05  0.2004999443 -10.45568 0.99200000000000000000
1  7.59e+05  0.2064877021 -10.45568 0.99200000000000000000
1  7.94e+05  0.2117446074 -10.45568 0.99200000000000000000
1  8.32e+05  0.2162498552 -10.45568 0.99200000000000000000
1  8.71e+05  0.2196174527 -10.45568 0.99200000000000000000
1  9.12e+05  0.222020595 -10.45568 0.99200000000000000000
1  9.55e+05  0.2235103009 -10.45568 0.99200000000000000000
1  1.00e+06  0.2241705267 -10.45568 0.99200000000000000000
1  1.05e+06  0.2241007729 -10.45568 0.99200000000000000000
1  1.10e+06  0.2234374451 -10.45568 0.99200000000000000000
1  1.15e+06  0.2222661507 -10.45568 0.99200000000000000000
1  1.20e+06  0.2206927853 -10.45568 0.99200000000000000000
1  1.26e+06  0.2188144612 -10.45568 0.99200000000000000000
1  1.32e+06  0.216717541 -10.45568 0.99200000000000000000
1  1.38e+06  0.2144768334 -10.45568 0.99200000000000000000
1  1.45e+06  0.2121556128 -10.45568 0.99200000000000000000
1  1.51e+06  0.2098061855 -10.45568 0.99200000000000000000
1  1.58e+06  0.2074707934 -10.45568 0.99200000000000000000
1  1.66e+06  0.2051826949 -10.45568 0.99200000000000000000
1  1.74e+06  0.2029673109 -10.45568 0.99200000000000000000
1  1.82e+06  0.2008433599 -10.45568 0.99200000000000000000
1  1.91e+06  0.1988239287 -10.45568 0.99200000000000000000
1  2.00e+06  0.1969174534 -10.45568 0.99200000000000000000
1  2.09e+06  0.1951285938 -10.45568 0.99200000000000000000
1  2.19e+06  0.1934589973 -10.45568 0.99200000000000000000
1  2.29e+06  0.1919079552 -10.45568 0.99200000000000000000
1  2.40e+06  0.1904729575 -10.45568 0.99200000000000000000
1  2.51e+06  0.1891501565 -10.45568 0.99200000000000000000
1  2.63e+06  0.1879347474 -10.45568 0.99200000000000000000
1  2.75e+06  0.1868212789 -10.45568 0.99200000000000000000
1  2.88e+06  0.1858039014 -10.45568 0.99200000000000000000
1  3.02e+06  0.1848765635 -10.45568 0.99200000000000000000
1  3.16e+06  0.1840331655 -10.45568 0.99200000000000000000
1  3.31e+06  0.1832676755 -10.45568 0.99200000000000000000
1  3.47e+06  0.1825742171 -10.45568 0.99200000000000000000
1  3.63e+06  0.1819471318 -10.45568 0.99200000000000000000
1  3.80e+06  0.1813810232 -10.45568 0.99200000000000000000
1  3.98e+06  0.1808707846 -10.45568 0.99200000000000000000
1  4.17e+06  0.1804116155 -10.45568 0.99200000000000000000
1  4.37e+06  0.1800131462 -10.45568 0.99200000000000000000
1  4.57e+06  0.1796416916 -10.45568 0.99200000000000000000
1  4.79e+06  0.1793088808 -10.45568 0.99200000000000000000
1  5.01e+06  0.1790111332 -10.45568 0.99200000000000000000
1  5.25e+06  0.178745152 -10.45568 0.99200000000000000000
1  5.50e+06  0.1785079106 -10.45568 0.99200000000000000000
1  5.75e+06  0.1782966367 -10.45568 0.99200000000000000000
1  6.03e+06  0.1781087965 -10.45568 0.99200000000000000000
1  6.31e+06  0.1779420788 -10.45568 0.99200000000000000000
1  6.61e+06  0.1777943788 -10.45568 0.99200000000000000000
1  6.92e+06  0.1776637827 -10.45568 0.99200000000000000000
1  7.24e+06  0.1775485528 -10.45568 0.99200000000000000000
1  7.59e+06  0.1774471136 -10.45568 0.99200000000000000000
1  7.94e+06  0.1773580377 -10.45568 0.99200000000000000000
1  8.32e+06  0.177280034 -10.45568 0.99200000000000000000
1  8.71e+06  0.1772119356 -10.45568 0.99200000000000000000
1  9.12e+06  0.1771526885 -10.45568 0.99200000000000000000
1  9.55e+06  0.1771013423 -10.45568 0.99200000000000000000
1  1.00e+07  0.17705704 -10.45568 0.99200000000000000000
