1  1.00e-03  0.2550179005  5.011447e-01 0.90299999999999999999
1  1.05e-03  0.2550178961  5.011447e-01 0.90299999999999999999
1  1.10e-03  0.255017895  5.011447e-01 0.90299999999999999999
1  1.15e-03  0.2550178997  5.011447e-01 0.90299999999999999999
1  1.20e-03  0.2550178975  5.011447e-01 0.90299999999999999999
1  1.26e-03  0.2550178996  5.011447e-01 0.90299999999999999999
1  1.32e-03  0.2550179007  5.011447e-01 0.90299999999999999999
1  1.38e-03  0.2550178947  5.011447e-01 0.90299999999999999999
1  1.45e-03  0.2550178952  5.011447e-01 0.90299999999999999999
1  1.51e-03  0.2550178949  5.011447e-01 0.90299999999999999999
1  1.58e-03  0.2550178988  5.011447e-01 0.90299999999999999999
1  1.66e-03  0.255017895  5.011447e-01 0.90299999999999999999
1  1.74e-03  0.2550178968  5.011447e-01 0.90299999999999999999
1  1.82e-03  0.2550178975  5.011447e-01 0.90299999999999999999
1  1.91e-03  0.2550178936  5.011447e-01 0.90299999999999999999
1  2.00e-03  0.2550178959  5.011447e-01 0.90299999999999999999
1  2.09e-03  0.2550179011  5.011447e-01 0.90299999999999999999
1  2.19e-03  0.2550178998  5.011447e-01 0.90299999999999999999
1  2.29e-03  0.2550179001  5.011447e-01 0.90299999999999999999
1  2.40e-03  0.2550179004  5.011447e-01 0.90299999999999999999
1  2.51e-03  0.2550179069  5.011447e-01 0.90299999999999999999
1  2.63e-03  0.2550178902  5.011447e-01 0.90299999999999999999
1  2.75e-03  0.2550178602  5.011447e-01 0.90299999999999999999
1  2.88e-03  0.2550179031  5.011447e-01 0.90299999999999999999
1  3.02e-03  0.2550179025  5.011447e-01 0.90299999999999999999
1  3.16e-03  0.2550179001  5.011447e-01 0.90299999999999999999
1  3.31e-03  0.2550179004  5.011447e-01 0.90299999999999999999
1  3.47e-03  0.2550178956  5.011447e-01 0.90299999999999999999
1  3.63e-03  0.2550178974  5.011447e-01 0.90299999999999999999
1  3.80e-03  0.2550179005  5.011447e-01 0.90299999999999999999
1  3.98e-03  0.2550178959  5.011447e-01 0.90299999999999999999
1  4.17e-03  0.2550179054  5.011447e-01 0.90299999999999999999
1  4.37e-03  0.2550178983  5.011447e-01 0.90299999999999999999
1  4.57e-03  0.2550178972  5.011447e-01 0.90299999999999999999
1  4.79e-03  0.2550179002  5.011447e-01 0.90299999999999999999
1  5.01e-03  0.2550178965  5.011447e-01 0.90299999999999999999
1  5.25e-03  0.2550178994  5.011447e-01 0.90299999999999999999
1  5.50e-03  0.2550179044  5.011447e-01 0.90299999999999999999
1  5.75e-03  0.2550179066  5.011447e-01 0.90299999999999999999
1  6.03e-03  0.2550179046  5.011447e-01 0.90299999999999999999
1  6.31e-03  0.2550179003  5.011447e-01 0.90299999999999999999
1  6.61e-03  0.2550179044  5.011447e-01 0.90299999999999999999
1  6.92e-03  0.2550179046  5.011447e-01 0.90299999999999999999
1  7.24e-03  0.2550179047  5.011447e-01 0.90299999999999999999
1  7.59e-03  0.2550179047  5.011447e-01 0.90299999999999999999
1  7.94e-03  0.255017894  5.011447e-01 0.90299999999999999999
1  8.32e-03  0.2550179007  5.011447e-01 0.90299999999999999999
1  8.71e-03  0.2550178952  5.011447e-01 0.90299999999999999999
1  9.12e-03  0.2550179035  5.011447e-01 0.90299999999999999999
1  9.55e-03  0.2550178993  5.011447e-01 0.90299999999999999999
1  1.00e-02  0.2550178955  5.011447e-01 0.90299999999999999999
1  1.05e-02  0.2550178975  5.011447e-01 0.90299999999999999999
1  1.10e-02  0.2550179068  5.011447e-01 0.90299999999999999999
1  1.15e-02  0.2550178948  5.011447e-01 0.90299999999999999999
1  1.20e-02  0.2550178919  5.011447e-01 0.90299999999999999999
1  1.26e-02  0.2550179021  5.011447e-01 0.90299999999999999999
1  1.32e-02  0.2550178966  5.011447e-01 0.90299999999999999999
1  1.38e-02  0.2550178902  5.011447e-01 0.90299999999999999999
1  1.45e-02  0.2550178943  5.011447e-01 0.90299999999999999999
1  1.51e-02  0.2550178999  5.011447e-01 0.90299999999999999999
1  1.58e-02  0.2550178983  5.011447e-01 0.90299999999999999999
1  1.66e-02  0.25501789  5.011447e-01 0.90299999999999999999
1  1.74e-02  0.2550179069  5.011447e-01 0.90299999999999999999
1  1.82e-02  0.2550178888  5.011447e-01 0.90299999999999999999
1  1.91e-02  0.2550179229  5.011447e-01 0.90299999999999999999
1  2.00e-02  0.2550179202  5.011447e-01 0.90299999999999999999
1  2.09e-02  0.2550178965  5.011447e-01 0.90299999999999999999
1  2.19e-02  0.2550179133  5.011447e-01 0.90299999999999999999
1  2.29e-02  0.2550178953  5.011447e-01 0.90299999999999999999
1  2.40e-02  0.2550179275  5.011447e-01 0.90299999999999999999
1  2.51e-02  0.2550178207  5.011447e-01 0.90299999999999999999
1  2.63e-02  0.2550177616  5.011447e-01 0.90299999999999999999
1  2.75e-02  0.2550178591  5.011447e-01 0.90299999999999999999
1  2.88e-02  0.2550179129  5.011447e-01 0.90299999999999999999
1  3.02e-02  0.2550176288  5.011447e-01 0.90299999999999999999
1  3.16e-02  0.2550177585  5.011447e-01 0.90299999999999999999
1  3.31e-02  0.2550313231  5.011447e-01 0.90299999999999999999
1  3.47e-02  0.2550178826  5.011447e-01 0.90299999999999999999
1  3.63e-02  0.2550178283  5.011447e-01 0.90299999999999999999
1  3.80e-02  0.255017871  5.011447e-01 0.90299999999999999999
1  3.98e-02  0.2550180017  5.011447e-01 0.90299999999999999999
1  4.17e-02  0.2550177079  5.011447e-01 0.90299999999999999999
1  4.37e-02  0.2550178869  5.011447e-01 0.90299999999999999999
1  4.57e-02  0.2550178915  5.011447e-01 0.90299999999999999999
1  4.79e-02  0.255017893  5.011447e-01 0.90299999999999999999
1  5.01e-02  0.2550178949  5.011447e-01 0.90299999999999999999
1  5.25e-02  0.2550179278  5.011447e-01 0.90299999999999999999
1  5.50e-02  0.2550179261  5.011447e-01 0.90299999999999999999
1  5.75e-02  0.2550178825  5.011447e-01 0.90299999999999999999
1  6.03e-02  0.2550177633  5.011447e-01 0.90299999999999999999
1  6.31e-02  0.2550178993  5.011447e-01 0.90299999999999999999
1  6.61e-02  0.2550179463  5.011447e-01 0.90299999999999999999
1  6.92e-02  0.2550180786  5.011447e-01 0.90299999999999999999
1  7.24e-02  0.2550176108  5.011447e-01 0.90299999999999999999
1  7.59e-02  0.2550178671  5.011447e-01 0.90299999999999999999
1  7.94e-02  0.2550179184  5.011447e-01 0.90299999999999999999
1  8.32e-02  0.2550172609  5.011447e-01 0.90299999999999999999
1  8.71e-02  0.2550178446  5.011447e-01 0.90299999999999999999
1  9.12e-02  0.2550178321  5.011447e-01 0.90299999999999999999
1  9.55e-02  0.2550178327  5.011447e-01 0.90299999999999999999
1  1.00e-01  0.2550178376  5.011447e-01 0.90299999999999999999
1  1.05e-01  0.2550178397  5.011447e-01 0.90299999999999999999
1  1.10e-01  0.2550179108  5.011447e-01 0.90299999999999999999
1  1.15e-01  0.2550178297  5.011447e-01 0.90299999999999999999
1  1.20e-01  0.2550179894  5.011447e-01 0.90299999999999999999
1  1.26e-01  0.2550179951  5.011447e-01 0.90299999999999999999
1  1.32e-01  0.2550178611  5.011447e-01 0.90299999999999999999
1  1.38e-01  0.2550179774  5.011447e-01 0.90299999999999999999
1  1.45e-01  0.2550178719  5.011447e-01 0.90299999999999999999
1  1.51e-01  0.2550177209  5.011447e-01 0.90299999999999999999
1  1.58e-01  0.2550173049  5.011447e-01 0.90299999999999999999
1  1.66e-01  0.2550563464  5.011447e-01 0.90299999999999999999
1  1.74e-01  0.2550178012  5.011447e-01 0.90299999999999999999
1  1.82e-01  0.2550178265  5.011447e-01 0.90299999999999999999
1  1.91e-01  0.2550179688  5.011447e-01 0.90299999999999999999
1  2.00e-01  0.2550180201  5.011447e-01 0.90299999999999999999
1  2.09e-01  0.2550135289  5.011447e-01 0.90299999999999999999
1  2.19e-01  0.2550172954  5.011447e-01 0.90299999999999999999
1  2.29e-01  0.2550181335  5.011447e-01 0.90299999999999999999
1  2.40e-01  0.2550181878  5.011447e-01 0.90299999999999999999
1  2.51e-01  0.2550178811  5.011447e-01 0.90299999999999999999
1  2.63e-01  0.2550180061  5.011447e-01 0.90299999999999999999
1  2.75e-01  0.255017906  5.011447e-01 0.90299999999999999999
1  2.88e-01  0.2550178935  5.011447e-01 0.90299999999999999999
1  3.02e-01  0.2550179926  5.011447e-01 0.90299999999999999999
1  3.16e-01  0.255018204  5.011447e-01 0.90299999999999999999
1  3.31e-01  0.2550178542  5.011447e-01 0.90299999999999999999
1  3.47e-01  0.2550182751  5.011447e-01 0.90299999999999999999
1  3.63e-01  0.2550182284  5.011447e-01 0.90299999999999999999
1  3.80e-01  0.2550179176  5.011447e-01 0.90299999999999999999
1  3.98e-01  0.2550178671  5.011447e-01 0.90299999999999999999
1  4.17e-01  0.255018188  5.011447e-01 0.90299999999999999999
1  4.37e-01  0.2550179874  5.011447e-01 0.90299999999999999999
1  4.57e-01  0.2550179055  5.011447e-01 0.90299999999999999999
1  4.79e-01  0.2550184894  5.011447e-01 0.90299999999999999999
1  5.01e-01  0.2550184534  5.011447e-01 0.90299999999999999999
1  5.25e-01  0.255018182  5.011447e-01 0.90299999999999999999
1  5.50e-01  0.2550169363  5.011447e-01 0.90299999999999999999
1  5.75e-01  0.255018359  5.011447e-01 0.90299999999999999999
1  6.03e-01  0.2550185917  5.011447e-01 0.90299999999999999999
1  6.31e-01  0.2550158761  5.011447e-01 0.90299999999999999999
1  6.61e-01  0.2550180091  5.011447e-01 0.90299999999999999999
1  6.92e-01  0.2550310789  5.011447e-01 0.90299999999999999999
1  7.24e-01  0.2550189498  5.011447e-01 0.90299999999999999999
1  7.59e-01  0.2550210414  5.011447e-01 0.90299999999999999999
1  7.94e-01  0.2550176761  5.011447e-01 0.90299999999999999999
1  8.32e-01  0.2550189004  5.011447e-01 0.90299999999999999999
1  8.71e-01  0.2550180526  5.011447e-01 0.90299999999999999999
1  9.12e-01  0.255018147  5.011447e-01 0.90299999999999999999
1  9.55e-01  0.2550186235  5.011447e-01 0.90299999999999999999
1  1.00e+00  0.2550184835  5.011447e-01 0.90299999999999999999
1  1.05e+00  0.2550164994  5.011447e-01 0.90299999999999999999
1  1.10e+00  0.2550198616  5.011447e-01 0.90299999999999999999
1  1.15e+00  0.2550180334  5.011447e-01 0.90299999999999999999
1  1.20e+00  0.2550182794  5.011447e-01 0.90299999999999999999
1  1.26e+00  0.2550191733  5.011447e-01 0.90299999999999999999
1  1.32e+00  0.2550225258  5.011447e-01 0.90299999999999999999
1  1.38e+00  0.2550189408  5.011447e-01 0.90299999999999999999
1  1.45e+00  0.2550002467  5.011447e-01 0.90299999999999999999
1  1.51e+00  0.2550184876  5.011447e-01 0.90299999999999999999
1  1.58e+00  0.2550191303  5.011447e-01 0.90299999999999999999
1  1.66e+00  0.255018446  5.011447e-01 0.90299999999999999999
1  1.74e+00  0.2550182233  5.011447e-01 0.90299999999999999999
1  1.82e+00  0.2550196816  5.011447e-01 0.90299999999999999999
1  1.91e+00  0.2550178523  5.011447e-01 0.90299999999999999999
1  2.00e+00  0.2550188415  5.011447e-01 0.90299999999999999999
1  2.09e+00  0.2550171512  5.011447e-01 0.90299999999999999999
1  2.19e+00  0.2550194048  5.011447e-01 0.90299999999999999999
1  2.29e+00  0.2550185359  5.011447e-01 0.90299999999999999999
1  2.40e+00  0.2550207991  5.011447e-01 0.90299999999999999999
1  2.51e+00  0.2550202114  5.011447e-01 0.90299999999999999999
1  2.63e+00  0.2550211735  5.011447e-01 0.90299999999999999999
1  2.75e+00  0.2550259406  5.011447e-01 0.90299999999999999999
1  2.88e+00  0.2550183932  5.011447e-01 0.90299999999999999999
1  3.02e+00  0.2550205676  5.011447e-01 0.90299999999999999999
1  3.16e+00  0.2550217471  5.011447e-01 0.90299999999999999999
1  3.31e+00  0.2550085621  5.011447e-01 0.90299999999999999999
1  3.47e+00  0.2550196466  5.011447e-01 0.90299999999999999999
1  3.63e+00  0.2550220063  5.011447e-01 0.90299999999999999999
1  3.80e+00  0.2550193925  5.011447e-01 0.90299999999999999999
1  3.98e+00  0.255018218  5.011447e-01 0.90299999999999999999
1  4.17e+00  0.2550225985  5.011447e-01 0.90299999999999999999
1  4.37e+00  0.255018084  5.011447e-01 0.90299999999999999999
1  4.57e+00  0.2550238111  5.011447e-01 0.90299999999999999999
1  4.79e+00  0.2550194299  5.011447e-01 0.90299999999999999999
1  5.01e+00  0.2550244955  5.011447e-01 0.90299999999999999999
1  5.25e+00  0.255020359  5.011447e-01 0.90299999999999999999
1  5.50e+00  0.2550176194  5.011447e-01 0.90299999999999999999
1  5.75e+00  0.2550256441  5.011447e-01 0.90299999999999999999
1  6.03e+00  0.255018397  5.011447e-01 0.90299999999999999999
1  6.31e+00  0.2550239854  5.011447e-01 0.90299999999999999999
1  6.61e+00  0.2550245956  5.011447e-01 0.90299999999999999999
1  6.92e+00  0.2550260703  5.011447e-01 0.90299999999999999999
1  7.24e+00  0.2550212895  5.011447e-01 0.90299999999999999999
1  7.59e+00  0.2550172318  5.011447e-01 0.90299999999999999999
1  7.94e+00  0.2550144779  5.011447e-01 0.90299999999999999999
1  8.32e+00  0.2550186102  5.011447e-01 0.90299999999999999999
1  8.71e+00  0.2550041527  5.011447e-01 0.90299999999999999999
1  9.12e+00  0.2550241689  5.011447e-01 0.90299999999999999999
1  9.55e+00  0.2550307705  5.011447e-01 0.90299999999999999999
1  1.00e+01  0.2550210243  5.011447e-01 0.90299999999999999999
1  1.05e+01  0.2550396621  5.011447e-01 0.90299999999999999999
1  1.10e+01  0.2550327451  5.011447e-01 0.90299999999999999999
1  1.15e+01  0.2550194313  5.011447e-01 0.90299999999999999999
1  1.20e+01  0.2550304496  5.011447e-01 0.90299999999999999999
1  1.26e+01  0.2550355067  5.011447e-01 0.90299999999999999999
1  1.32e+01  0.2550335299  5.011447e-01 0.90299999999999999999
1  1.38e+01  0.255017887  5.011447e-01 0.90299999999999999999
1  1.45e+01  0.2550349424  5.011447e-01 0.90299999999999999999
1  1.51e+01  0.2550347585  5.011447e-01 0.90299999999999999999
1  1.58e+01  0.2550394803  5.011447e-01 0.90299999999999999999
1  1.66e+01  0.2550573731  5.011447e-01 0.90299999999999999999
1  1.74e+01  0.2550343559  5.011447e-01 0.90299999999999999999
1  1.82e+01  0.2550384723  5.011447e-01 0.90299999999999999999
1  1.91e+01  0.2550227938  5.011447e-01 0.90299999999999999999
1  2.00e+01  0.2550295958  5.011447e-01 0.90299999999999999999
1  2.09e+01  0.2550153169  5.011447e-01 0.90299999999999999999
1  2.19e+01  0.2549552027  5.011447e-01 0.90299999999999999999
1  2.29e+01  0.2550489643  5.011447e-01 0.90299999999999999999
1  2.40e+01  0.2550458542  5.011447e-01 0.90299999999999999999
1  2.51e+01  0.2550155433  5.011447e-01 0.90299999999999999999
1  2.63e+01  0.2550759312  5.011447e-01 0.90299999999999999999
1  2.75e+01  0.2550860087  5.011447e-01 0.90299999999999999999
1  2.88e+01  0.25501958  5.011447e-01 0.90299999999999999999
1  3.02e+01  0.2549989472  5.011447e-01 0.90299999999999999999
1  3.16e+01  0.2550643575  5.011447e-01 0.90299999999999999999
1  3.31e+01  0.2550414578  5.011447e-01 0.90299999999999999999
1  3.47e+01  0.2550443885  5.011447e-01 0.90299999999999999999
1  3.63e+01  0.2550706638  5.011447e-01 0.90299999999999999999
1  3.80e+01  0.2550136041  5.011447e-01 0.90299999999999999999
1  3.98e+01  0.2550100995  5.011447e-01 0.90299999999999999999
1  4.17e+01  0.255066961  5.011447e-01 0.90299999999999999999
1  4.37e+01  0.254959343  5.011447e-01 0.90299999999999999999
1  4.57e+01  0.2550572946  5.011447e-01 0.90299999999999999999
1  4.79e+01  0.2550712973  5.011447e-01 0.90299999999999999999
1  5.01e+01  0.2550613405  5.011447e-01 0.90299999999999999999
1  5.25e+01  0.2550618323  5.011447e-01 0.90299999999999999999
1  5.50e+01  0.2551231951  5.011447e-01 0.90299999999999999999
1  5.75e+01  0.2550487304  5.011447e-01 0.90299999999999999999
1  6.03e+01  0.2550940528  5.011447e-01 0.90299999999999999999
1  6.31e+01  0.2550144133  5.011447e-01 0.90299999999999999999
1  6.61e+01  0.2551063647  5.011447e-01 0.90299999999999999999
1  6.92e+01  0.2551542504  5.011447e-01 0.90299999999999999999
1  7.24e+01  0.2550390752  5.011447e-01 0.90299999999999999999
1  7.59e+01  0.2551116379  5.011447e-01 0.90299999999999999999
1  7.94e+01  0.2550615827  5.011447e-01 0.90299999999999999999
1  8.32e+01  0.2551397409  5.011447e-01 0.90299999999999999999
1  8.71e+01  0.2550269607  5.011447e-01 0.90299999999999999999
1  9.12e+01  0.2550293623  5.011447e-01 0.90299999999999999999
1  9.55e+01  0.2551495153  5.011447e-01 0.90299999999999999999
1  1.00e+02  0.2551738967  5.011447e-01 0.90299999999999999999
1  1.05e+02  0.2551541964  5.011447e-01 0.90299999999999999999
1  1.10e+02  0.2550533397  5.011447e-01 0.90299999999999999999
1  1.15e+02  0.2551593656  5.011447e-01 0.90299999999999999999
1  1.20e+02  0.2551291101  5.011447e-01 0.90299999999999999999
1  1.26e+02  0.2550322867  5.011447e-01 0.90299999999999999999
1  1.32e+02  0.2550801183  5.011447e-01 0.90299999999999999999
1  1.38e+02  0.2552224617  5.011447e-01 0.90299999999999999999
1  1.45e+02  0.2551735463  5.011447e-01 0.90299999999999999999
1  1.51e+02  0.2550681729  5.011447e-01 0.90299999999999999999
1  1.58e+02  0.2550816086  5.011447e-01 0.90299999999999999999
1  1.66e+02  0.2550816607  5.011447e-01 0.90299999999999999999
1  1.74e+02  0.2550790747  5.011447e-01 0.90299999999999999999
1  1.82e+02  0.255078281  5.011447e-01 0.90299999999999999999
1  1.91e+02  0.2550703897  5.011447e-01 0.90299999999999999999
1  2.00e+02  0.2551159584  5.011447e-01 0.90299999999999999999
1  2.09e+02  0.2551915025  5.011447e-01 0.90299999999999999999
1  2.19e+02  0.2552515343  5.011447e-01 0.90299999999999999999
1  2.29e+02  0.2550612466  5.011447e-01 0.90299999999999999999
1  2.40e+02  0.2550641072  5.011447e-01 0.90299999999999999999
1  2.51e+02  0.2552101287  5.011447e-01 0.90299999999999999999
1  2.63e+02  0.2552014281  5.011447e-01 0.90299999999999999999
1  2.75e+02  0.2553485393  5.011447e-01 0.90299999999999999999
1  2.88e+02  0.2552992443  5.011447e-01 0.90299999999999999999
1  3.02e+02  0.2554228043  5.011447e-01 0.90299999999999999999
1  3.16e+02  0.2551378076  5.011447e-01 0.90299999999999999999
1  3.31e+02  0.2554065534  5.011447e-01 0.90299999999999999999
1  3.47e+02  0.2554971428  5.011447e-01 0.90299999999999999999
1  3.63e+02  0.2553249657  5.011447e-01 0.90299999999999999999
1  3.80e+02  0.2551495272  5.011447e-01 0.90299999999999999999
1  3.98e+02  0.255067382  5.011447e-01 0.90299999999999999999
1  4.17e+02  0.2550674128  5.011447e-01 0.90299999999999999999
1  4.37e+02  0.255169836  5.011447e-01 0.90299999999999999999
1  4.57e+02  0.2553318731  5.011447e-01 0.90299999999999999999
1  4.79e+02  0.2556548649  5.011447e-01 0.90299999999999999999
1  5.01e+02  0.2555761836  5.011447e-01 0.90299999999999999999
1  5.25e+02  0.2550387698  5.011447e-01 0.90299999999999999999
1  5.50e+02  0.2556471571  5.011447e-01 0.90299999999999999999
1  5.75e+02  0.2558517127  5.011447e-01 0.90299999999999999999
1  6.03e+02  0.2555857541  5.011447e-01 0.90299999999999999999
1  6.31e+02  0.2549767447  5.011447e-01 0.90299999999999999999
1  6.61e+02  0.2557540647  5.011447e-01 0.90299999999999999999
1  6.92e+02  0.2555701737  5.011447e-01 0.90299999999999999999
1  7.24e+02  0.2556868864  5.011447e-01 0.90299999999999999999
1  7.59e+02  0.2552767629  5.011447e-01 0.90299999999999999999
1  7.94e+02  0.255037606  5.011447e-01 0.90299999999999999999
1  8.32e+02  0.2551892023  5.011447e-01 0.90299999999999999999
1  8.71e+02  0.2565105404  5.011447e-01 0.90299999999999999999
1  9.12e+02  0.2551996053  5.011447e-01 0.90299999999999999999
1  9.55e+02  0.2556169923  5.011447e-01 0.90299999999999999999
1  1.00e+03  0.254155828  5.011447e-01 0.90299999999999999999
1  1.05e+03  0.2533142926  5.011447e-01 0.90299999999999999999
1  1.10e+03  0.2589772881  5.011447e-01 0.90299999999999999999
1  1.15e+03  0.2553220686  5.011447e-01 0.90299999999999999999
1  1.20e+03  0.2588910442  5.011447e-01 0.90299999999999999999
1  1.26e+03  0.2563757064  5.011447e-01 0.90299999999999999999
1  1.32e+03  0.2515020315  5.011447e-01 0.90299999999999999999
1  1.38e+03  0.2492356535  5.011447e-01 0.90299999999999999999
1  1.45e+03  0.2621966643  5.011447e-01 0.90299999999999999999
1  1.51e+03  0.2584451541  5.011447e-01 0.90299999999999999999
1  1.58e+03  0.2550278595  5.011447e-01 0.90299999999999999999
1  1.66e+03  0.2537003933  5.011447e-01 0.90299999999999999999
1  1.74e+03  0.2501245903  5.011447e-01 0.90299999999999999999
1  1.82e+03  0.2586623406  5.011447e-01 0.90299999999999999999
1  1.91e+03  0.2434298851  5.011447e-01 0.90299999999999999999
1  2.00e+03  0.2526715611  5.011447e-01 0.90299999999999999999
1  2.09e+03  0.2369201078  5.011447e-01 0.90299999999999999999
1  2.19e+03  0.2380368129  5.011447e-01 0.90299999999999999999
1  2.29e+03  0.2431478985  5.011447e-01 0.90299999999999999999
1  2.40e+03  0.2479210891  5.011447e-01 0.90299999999999999999
1  2.51e+03  0.2835610453  5.011447e-01 0.90299999999999999999
1  2.63e+03  0.2923904107  5.011447e-01 0.90299999999999999999
1  2.75e+03  0.2698530076  5.011447e-01 0.90299999999999999999
1  2.88e+03  0.2774578465  5.011447e-01 0.90299999999999999999
1  3.02e+03  0.3114792597  5.011447e-01 0.90299999999999999999
1  3.16e+03  0.293492672  5.011447e-01 0.90299999999999999999
1  3.31e+03  0.2775947333  5.011447e-01 0.90299999999999999999
1  3.47e+03  0.2803491292  5.011447e-01 0.90299999999999999999
1  3.63e+03  0.2865555949  5.011447e-01 0.90299999999999999999
1  3.80e+03  0.2502897742  5.011447e-01 0.90299999999999999999
1  3.98e+03  0.2235539262  5.011447e-01 0.90299999999999999999
1  4.17e+03  0.2643760555  5.011447e-01 0.90299999999999999999
1  4.37e+03  0.2235151309  5.011447e-01 0.90299999999999999999
1  4.57e+03  0.2549785655  5.011447e-01 0.90299999999999999999
1  4.79e+03  0.2376764957  5.011447e-01 0.90299999999999999999
1  5.01e+03  0.2308058477  5.011447e-01 0.90299999999999999999
1  5.25e+03  0.2554961087  5.011447e-01 0.90299999999999999999
1  5.50e+03  0.2717262683  5.011447e-01 0.90299999999999999999
1  5.75e+03  0.285758368  5.011447e-01 0.90299999999999999999
1  6.03e+03  0.282816867  5.011447e-01 0.90299999999999999999
1  6.31e+03  0.2585616251  5.011447e-01 0.90299999999999999999
1  6.61e+03  0.221767918  5.011447e-01 0.90299999999999999999
1  6.92e+03  0.2641328081  5.011447e-01 0.90299999999999999999
1  7.24e+03  0.3332129161  5.011447e-01 0.90299999999999999999
1  7.59e+03  0.2236203091  5.011447e-01 0.90299999999999999999
1  7.94e+03  0.3349093525  5.011447e-01 0.90299999999999999999
1  8.32e+03  0.2390274784  5.011447e-01 0.90299999999999999999
1  8.71e+03  0.3529888065  5.011447e-01 0.90299999999999999999
1  9.12e+03  0.2227215115  5.011447e-01 0.90299999999999999999
1  9.55e+03  0.3301124612  5.011447e-01 0.90299999999999999999
1  1.00e+04  0.34742602  5.011447e-01 0.90299999999999999999
1  1.05e+04  0.2503540084  5.011447e-01 0.90299999999999999999
1  1.10e+04  0.2448732355  5.011447e-01 0.90299999999999999999
1  1.15e+04  0.2963087412  5.011447e-01 0.90299999999999999999
1  1.20e+04  0.3539276528  5.011447e-01 0.90299999999999999999
1  1.26e+04  0.3758690691  5.011447e-01 0.90299999999999999999
1  1.32e+04  0.3780735896  5.011447e-01 0.90299999999999999999
1  1.38e+04  0.3823785925  5.011447e-01 0.90299999999999999999
1  1.45e+04  0.3767249508  5.011447e-01 0.90299999999999999999
1  1.51e+04  0.3862471834  5.011447e-01 0.90299999999999999999
1  1.58e+04  0.3283600946  5.011447e-01 0.90299999999999999999
1  1.66e+04  0.3013219902  5.011447e-01 0.90299999999999999999
1  1.74e+04  0.2369976785  5.011447e-01 0.90299999999999999999
1  1.82e+04  0.2791838391  5.011447e-01 0.90299999999999999999
1  1.91e+04  0.3671143535  5.011447e-01 0.90299999999999999999
1  2.00e+04  0.365074709  5.011447e-01 0.90299999999999999999
1  2.09e+04  0.2489505629  5.011447e-01 0.90299999999999999999
1  2.19e+04  0.2895088274  5.011447e-01 0.90299999999999999999
1  2.29e+04  0.409172396  5.011447e-01 0.90299999999999999999
1  2.40e+04  0.2431351625  5.011447e-01 0.90299999999999999999
1  2.51e+04  0.3308527252  5.011447e-01 0.90299999999999999999
1  2.63e+04  0.3826122968  5.011447e-01 0.90299999999999999999
1  2.75e+04  0.2757165951  5.011447e-01 0.90299999999999999999
1  2.88e+04  0.3972379313  5.011447e-01 0.90299999999999999999
1  3.02e+04  0.2495774422  5.011447e-01 0.90299999999999999999
1  3.16e+04  0.4195667378  5.011447e-01 0.90299999999999999999
1  3.31e+04  0.2483904797  5.011447e-01 0.90299999999999999999
1  3.47e+04  0.4121968065  5.011447e-01 0.90299999999999999999
1  3.63e+04  0.2792689368  5.011447e-01 0.90299999999999999999
1  3.80e+04  0.3639344814  5.011447e-01 0.90299999999999999999
1  3.98e+04  0.3278500038  5.011447e-01 0.90299999999999999999
1  4.17e+04  0.3130728978  5.011447e-01 0.90299999999999999999
1  4.37e+04  0.4028542061  5.011447e-01 0.90299999999999999999
1  4.57e+04  0.2529856979  5.011447e-01 0.90299999999999999999
1  4.79e+04  0.3437281905  5.011447e-01 0.90299999999999999999
1  5.01e+04  0.3955923688  5.011447e-01 0.90299999999999999999
1  5.25e+04  0.2558021292  5.011447e-01 0.90299999999999999999
1  5.50e+04  0.3362665178  5.011447e-01 0.90299999999999999999
1  5.75e+04  0.410706558  5.011447e-01 0.90299999999999999999
1  6.03e+04  0.2653975964  5.011447e-01 0.90299999999999999999
1  6.31e+04  0.3174353721  5.011447e-01 0.90299999999999999999
1  6.61e+04  0.4115731877  5.011447e-01 0.90299999999999999999
1  6.92e+04  0.3117865359  5.011447e-01 0.90299999999999999999
1  7.24e+04  0.2504502932  5.011447e-01 0.90299999999999999999
1  7.59e+04  0.3179014372  5.011447e-01 0.90299999999999999999
1  7.94e+04  0.3678914514  5.011447e-01 0.90299999999999999999
1  8.32e+04  0.3341992846  5.011447e-01 0.90299999999999999999
1  8.71e+04  0.270132691  5.011447e-01 0.90299999999999999999
1  9.12e+04  0.2536854287  5.011447e-01 0.90299999999999999999
1  9.55e+04  0.3077413138  5.011447e-01 0.90299999999999999999
1  1.00e+05  0.3680103066  5.011447e-01 0.90299999999999999999
1  1.05e+05  0.3591353269  5.011447e-01 0.90299999999999999999
1  1.10e+05  0.2930466353  5.011447e-01 0.90299999999999999999
1  1.15e+05  0.2505871073  5.011447e-01 0.90299999999999999999
1  1.20e+05  0.2792626818  5.011447e-01 0.90299999999999999999
1  1.26e+05  0.3449477058  5.011447e-01 0.90299999999999999999
1  1.32e+05  0.3806795832  5.011447e-01 0.90299999999999999999
1  1.38e+05  0.3572649378  5.011447e-01 0.90299999999999999999
1  1.45e+05  0.301087067  5.011447e-01 0.90299999999999999999
1  1.51e+05  0.2592438213  5.011447e-01 0.90299999999999999999
1  1.58e+05  0.2583776586  5.011447e-01 0.90299999999999999999
1  1.66e+05  0.2912422345  5.011447e-01 0.90299999999999999999
1  1.74e+05  0.3308241486  5.011447e-01 0.90299999999999999999
1  1.82e+05  0.3524277443  5.011447e-01 0.90299999999999999999
1  1.91e+05  0.3469193029  5.011447e-01 0.90299999999999999999
1  2.00e+05  0.3208322316  5.011447e-01 0.90299999999999999999
1  2.09e+05  0.2884262605  5.011447e-01 0.90299999999999999999
1  2.19e+05  0.2629152914  5.011447e-01 0.90299999999999999999
1  2.29e+05  0.2513369495  5.011447e-01 0.90299999999999999999
1  2.40e+05  0.2538431055  5.011447e-01 0.90299999999999999999
1  2.51e+05  0.2658906015  5.011447e-01 0.90299999999999999999
1  2.63e+05  0.28129101  5.011447e-01 0.90299999999999999999
1  2.75e+05  0.2946629016  5.011447e-01 0.90299999999999999999
1  2.88e+05  0.3027066012  5.011447e-01 0.90299999999999999999
1  3.02e+05  0.3043892128  5.011447e-01 0.90299999999999999999
1  3.16e+05  0.3004410044  5.011447e-01 0.90299999999999999999
1  3.31e+05  0.2925926556  5.011447e-01 0.90299999999999999999
1  3.47e+05  0.282862823  5.011447e-01 0.90299999999999999999
1  3.63e+05  0.2730516719  5.011447e-01 0.90299999999999999999
1  3.80e+05  0.2644727155  5.011447e-01 0.90299999999999999999
1  3.98e+05  0.2578827656  5.011447e-01 0.90299999999999999999
1  4.17e+05  0.2535422519  5.011447e-01 0.90299999999999999999
1  4.37e+05  0.2513400605  5.011447e-01 0.90299999999999999999
1  4.57e+05  0.2509330662  5.011447e-01 0.90299999999999999999
1  4.79e+05  0.2518697687  5.011447e-01 0.90299999999999999999
1  5.01e+05  0.2536839194  5.011447e-01 0.90299999999999999999
1  5.25e+05  0.2559555462  5.011447e-01 0.90299999999999999999
1  5.50e+05  0.2583434085  5.011447e-01 0.90299999999999999999
1  5.75e+05  0.2605957487  5.011447e-01 0.90299999999999999999
1  6.03e+05  0.2625465556  5.011447e-01 0.90299999999999999999
1  6.31e+05  0.2641035746  5.011447e-01 0.90299999999999999999
1  6.61e+05  0.2652199355  5.011447e-01 0.90299999999999999999
1  6.92e+05  0.2659195999  5.011447e-01 0.90299999999999999999
1  7.24e+05  0.2662384574  5.011447e-01 0.90299999999999999999
1  7.59e+05  0.2662287871  5.011447e-01 0.90299999999999999999
1  7.94e+05  0.265950119  5.011447e-01 0.90299999999999999999
1  8.32e+05  0.2654626766  5.011447e-01 0.90299999999999999999
1  8.71e+05  0.2648230331  5.011447e-01 0.90299999999999999999
1  9.12e+05  0.2640815378  5.011447e-01 0.90299999999999999999
1  9.55e+05  0.2632810727  5.011447e-01 0.90299999999999999999
1  1.00e+06  0.2624567515  5.011447e-01 0.90299999999999999999
1  1.05e+06  0.2616371418  5.011447e-01 0.90299999999999999999
1  1.10e+06  0.2608412494  5.011447e-01 0.90299999999999999999
1  1.15e+06  0.2600851188  5.011447e-01 0.90299999999999999999
1  1.20e+06  0.2593788469  5.011447e-01 0.90299999999999999999
1  1.26e+06  0.2587285153  5.011447e-01 0.90299999999999999999
1  1.32e+06  0.258137034  5.011447e-01 0.90299999999999999999
1  1.38e+06  0.2576048868  5.011447e-01 0.90299999999999999999
1  1.45e+06  0.2571307649  5.011447e-01 0.90299999999999999999
1  1.51e+06  0.2567120931  5.011447e-01 0.90299999999999999999
1  1.58e+06  0.2563454544  5.011447e-01 0.90299999999999999999
1  1.66e+06  0.2560269243  5.011447e-01 0.90299999999999999999
1  1.74e+06  0.2557523284  5.011447e-01 0.90299999999999999999
1  1.82e+06  0.2555174345  5.011447e-01 0.90299999999999999999
1  1.91e+06  0.2553180915  5.011447e-01 0.90299999999999999999
1  2.00e+06  0.2551503265  5.011447e-01 0.90299999999999999999
1  2.09e+06  0.2550106037  5.011447e-01 0.90299999999999999999
1  2.19e+06  0.2548950606  5.011447e-01 0.90299999999999999999
1  2.29e+06  0.2548007553  5.011447e-01 0.90299999999999999999
1  2.40e+06  0.2547248311  5.011447e-01 0.90299999999999999999
1  2.51e+06  0.2546647261  5.011447e-01 0.90299999999999999999
1  2.63e+06  0.2546181594  5.011447e-01 0.90299999999999999999
1  2.75e+06  0.2545831139  5.011447e-01 0.90299999999999999999
1  2.88e+06  0.2545578167  5.011447e-01 0.90299999999999999999
1  3.02e+06  0.2545407172  5.011447e-01 0.90299999999999999999
1  3.16e+06  0.2545304663  5.011447e-01 0.90299999999999999999
1  3.31e+06  0.2545258956  5.011447e-01 0.90299999999999999999
1  3.47e+06  0.2545259975  5.011447e-01 0.90299999999999999999
1  3.63e+06  0.254529907  5.011447e-01 0.90299999999999999999
1  3.80e+06  0.2545368839  5.011447e-01 0.90299999999999999999
1  3.98e+06  0.2545463581  5.011447e-01 0.90299999999999999999
1  4.17e+06  0.2545576711  5.011447e-01 0.90299999999999999999
1  4.37e+06  0.2545704367  5.011447e-01 0.90299999999999999999
1  4.57e+06  0.2545842758  5.011447e-01 0.90299999999999999999
1  4.79e+06  0.2545988714  5.011447e-01 0.90299999999999999999
1  5.01e+06  0.2546139601  5.011447e-01 0.90299999999999999999
1  5.25e+06  0.254629324  5.011447e-01 0.90299999999999999999
1  5.50e+06  0.2546447846  5.011447e-01 0.90299999999999999999
1  5.75e+06  0.2546601965  5.011447e-01 0.90299999999999999999
1  6.03e+06  0.2546754427  5.011447e-01 0.90299999999999999999
1  6.31e+06  0.2546904301  5.011447e-01 0.90299999999999999999
1  6.61e+06  0.2547050857  5.011447e-01 0.90299999999999999999
1  6.92e+06  0.2547193536  5.011447e-01 0.90299999999999999999
1  7.24e+06  0.2547331919  5.011447e-01 0.90299999999999999999
1  7.59e+06  0.2547465705  5.011447e-01 0.90299999999999999999
1  7.94e+06  0.2547594866  5.011447e-01 0.90299999999999999999
1  8.32e+06  0.2547718921  5.011447e-01 0.90299999999999999999
1  8.71e+06  0.2547838001  5.011447e-01 0.90299999999999999999
1  9.12e+06  0.2547952105  5.011447e-01 0.90299999999999999999
1  9.55e+06  0.2548061273  5.011447e-01 0.90299999999999999999
1  1.00e+07  0.2548165581  5.011447e-01 0.90299999999999999999
