1  1.00e+04  0.02416418246  5.709608e-01 1.02879999999999999997
1  1.00e+04  0.0242093995  5.709608e-01 1.02879999999999999997
1  1.00e+04  0.02425338785  5.709608e-01 1.02879999999999999997
1  1.01e+04  0.02429274282  5.709608e-01 1.02879999999999999997
1  1.01e+04  0.024324811  5.709608e-01 1.02879999999999999997
1  1.01e+04  0.02434784444  5.709608e-01 1.02879999999999999997
1  1.01e+04  0.02436103685  5.709608e-01 1.02879999999999999997
1  1.02e+04  0.02436448199  5.709608e-01 1.02879999999999999997
1  1.02e+04  0.02435909524  5.709608e-01 1.02879999999999999997
1  1.02e+04  0.02434652495  5.709608e-01 1.02879999999999999997
1  1.02e+04  0.02432905983  5.709608e-01 1.02879999999999999997
1  1.03e+04  0.02430951788  5.709608e-01 1.02879999999999999997
1  1.03e+04  0.02429109053  5.709608e-01 1.02879999999999999997
1  1.03e+04  0.0242771171  5.709608e-01 1.02879999999999999997
1  1.03e+04  0.02427077928  5.709608e-01 1.02879999999999999997
1  1.04e+04  0.02427473132  5.709608e-01 1.02879999999999999997
1  1.04e+04  0.02429070969  5.709608e-01 1.02879999999999999997
1  1.04e+04  0.02431918897  5.709608e-01 1.02879999999999999997
1  1.04e+04  0.02435916003  5.709608e-01 1.02879999999999999997
1  1.04e+04  0.02440809769  5.709608e-01 1.02879999999999999997
1  1.05e+04  0.02446215789  5.709608e-01 1.02879999999999999997
1  1.05e+04  0.02451660341  5.709608e-01 1.02879999999999999997
1  1.05e+04  0.02456641186  5.709608e-01 1.02879999999999999997
1  1.05e+04  0.0246069786  5.709608e-01 1.02879999999999999997
1  1.06e+04  0.02463480197  5.709608e-01 1.02879999999999999997
1  1.06e+04  0.02464803306  5.709608e-01 1.02879999999999999997
1  1.06e+04  0.02464679073  5.709608e-01 1.02879999999999999997
1  1.06e+04  0.02463318092  5.709608e-01 1.02879999999999999997
1  1.07e+04  0.0246110102  5.709608e-01 1.02879999999999999997
1  1.07e+04  0.02458523752  5.709608e-01 1.02879999999999999997
1  1.07e+04  0.02456125404  5.709608e-01 1.02879999999999999997
1  1.07e+04  0.02454411053  5.709608e-01 1.02879999999999999997
1  1.08e+04  0.02453781832  5.709608e-01 1.02879999999999999997
1  1.08e+04  0.02454483409  5.709608e-01 1.02879999999999999997
1  1.08e+04  0.0245658021  5.709608e-01 1.02879999999999999997
1  1.08e+04  0.02459957987  5.709608e-01 1.02879999999999999997
1  1.09e+04  0.02464352296  5.709608e-01 1.02879999999999999997
1  1.09e+04  0.02469396207  5.709608e-01 1.02879999999999999997
1  1.09e+04  0.02474677854  5.709608e-01 1.02879999999999999997
1  1.09e+04  0.0247979772  5.709608e-01 1.02879999999999999997
1  1.10e+04  0.02484416748  5.709608e-01 1.02879999999999999997
1  1.10e+04  0.02488289094  5.709608e-01 1.02879999999999999997
1  1.10e+04  0.02491276953  5.709608e-01 1.02879999999999999997
1  1.10e+04  0.02493348417  5.709608e-01 1.02879999999999999997
1  1.11e+04  0.02494562295  5.709608e-01 1.02879999999999999997
1  1.11e+04  0.02495045445  5.709608e-01 1.02879999999999999997
1  1.11e+04  0.02494968466  5.709608e-01 1.02879999999999999997
1  1.11e+04  0.0249452451  5.709608e-01 1.02879999999999999997
1  1.12e+04  0.02493914016  5.709608e-01 1.02879999999999999997
1  1.12e+04  0.02493335776  5.709608e-01 1.02879999999999999997
1  1.12e+04  0.0249298265  5.709608e-01 1.02879999999999999997
1  1.12e+04  0.02493038847  5.709608e-01 1.02879999999999999997
1  1.13e+04  0.02493675414  5.709608e-01 1.02879999999999999997
1  1.13e+04  0.0249504135  5.709608e-01 1.02879999999999999997
1  1.13e+04  0.02497249506  5.709608e-01 1.02879999999999999997
1  1.14e+04  0.02500358508  5.709608e-01 1.02879999999999999997
1  1.14e+04  0.02504354015  5.709608e-01 1.02879999999999999997
1  1.14e+04  0.025091339  5.709608e-01 1.02879999999999999997
1  1.14e+04  0.02514502246  5.709608e-01 1.02879999999999999997
1  1.15e+04  0.02520176123  5.709608e-01 1.02879999999999999997
1  1.15e+04  0.02525807055  5.709608e-01 1.02879999999999999997
1  1.15e+04  0.0253101642  5.709608e-01 1.02879999999999999997
1  1.15e+04  0.02535441104  5.709608e-01 1.02879999999999999997
1  1.16e+04  0.02538783302  5.709608e-01 1.02879999999999999997
1  1.16e+04  0.02540856877  5.709608e-01 1.02879999999999999997
1  1.16e+04  0.02541622438  5.709608e-01 1.02879999999999999997
1  1.16e+04  0.02541204546  5.709608e-01 1.02879999999999999997
1  1.17e+04  0.0253988685  5.709608e-01 1.02879999999999999997
1  1.17e+04  0.02538084298  5.709608e-01 1.02879999999999999997
1  1.17e+04  0.02536295171  5.709608e-01 1.02879999999999999997
1  1.17e+04  0.02535039053  5.709608e-01 1.02879999999999999997
1  1.18e+04  0.02534789284  5.709608e-01 1.02879999999999999997
1  1.18e+04  0.02535909612  5.709608e-01 1.02879999999999999997
1  1.18e+04  0.02538604347  5.709608e-01 1.02879999999999999997
1  1.19e+04  0.02542889445  5.709608e-01 1.02879999999999999997
1  1.19e+04  0.0254858886  5.709608e-01 1.02879999999999999997
1  1.19e+04  0.02555356735  5.709608e-01 1.02879999999999999997
1  1.19e+04  0.02562722172  5.709608e-01 1.02879999999999999997
1  1.20e+04  0.02570150033  5.709608e-01 1.02879999999999999997
1  1.20e+04  0.02577109051  5.709608e-01 1.02879999999999999997
1  1.20e+04  0.02583137669  5.709608e-01 1.02879999999999999997
1  1.21e+04  0.0258789871  5.709608e-01 1.02879999999999999997
1  1.21e+04  0.0259121592  5.709608e-01 1.02879999999999999997
1  1.21e+04  0.02593088285  5.709608e-01 1.02879999999999999997
1  1.21e+04  0.02593681404  5.709608e-01 1.02879999999999999997
1  1.22e+04  0.02593298431  5.709608e-01 1.02879999999999999997
1  1.22e+04  0.02592335804  5.709608e-01 1.02879999999999999997
1  1.22e+04  0.02591230751  5.709608e-01 1.02879999999999999997
1  1.22e+04  0.02590408191  5.709608e-01 1.02879999999999999997
1  1.23e+04  0.02590234109  5.709608e-01 1.02879999999999999997
1  1.23e+04  0.02590980916  5.709608e-01 1.02879999999999999997
1  1.23e+04  0.02592808101  5.709608e-01 1.02879999999999999997
1  1.24e+04  0.0259575888  5.709608e-01 1.02879999999999999997
1  1.24e+04  0.02599771173  5.709608e-01 1.02879999999999999997
1  1.24e+04  0.0260469929  5.709608e-01 1.02879999999999999997
1  1.24e+04  0.02610341591  5.709608e-01 1.02879999999999999997
1  1.25e+04  0.02616469158  5.709608e-01 1.02879999999999999997
1  1.25e+04  0.02622851136  5.709608e-01 1.02879999999999999997
1  1.25e+04  0.02629273696  5.709608e-01 1.02879999999999999997
1  1.26e+04  0.02635551249  5.709608e-01 1.02879999999999999997
1  1.26e+04  0.02641530236  5.709608e-01 1.02879999999999999997
1  1.26e+04  0.02647087236  5.709608e-01 1.02879999999999999997
1  1.26e+04  0.02652124062  5.709608e-01 1.02879999999999999997
1  1.27e+04  0.02656562752  5.709608e-01 1.02879999999999999997
1  1.27e+04  0.02660343023  5.709608e-01 1.02879999999999999997
1  1.27e+04  0.02663423818  5.709608e-01 1.02879999999999999997
1  1.28e+04  0.02665789353  5.709608e-01 1.02879999999999999997
1  1.28e+04  0.02667458738  5.709608e-01 1.02879999999999999997
1  1.28e+04  0.02668497093  5.709608e-01 1.02879999999999999997
1  1.29e+04  0.02669025292  5.709608e-01 1.02879999999999999997
1  1.29e+04  0.02669225247  5.709608e-01 1.02879999999999999997
1  1.29e+04  0.02669337992  5.709608e-01 1.02879999999999999997
1  1.29e+04  0.02669652801  5.709608e-01 1.02879999999999999997
1  1.30e+04  0.02670486902  5.709608e-01 1.02879999999999999997
1  1.30e+04  0.02672156986  5.709608e-01 1.02879999999999999997
1  1.30e+04  0.02674945256  5.709608e-01 1.02879999999999999997
1  1.31e+04  0.02679064014  5.709608e-01 1.02879999999999999997
1  1.31e+04  0.02684623528  5.709608e-01 1.02879999999999999997
1  1.31e+04  0.02691607948  5.709608e-01 1.02879999999999999997
1  1.32e+04  0.0269986339  5.709608e-01 1.02879999999999999997
1  1.32e+04  0.02709100944  5.709608e-01 1.02879999999999999997
1  1.32e+04  0.02718915593  5.709608e-01 1.02879999999999999997
1  1.32e+04  0.02728819954  5.709608e-01 1.02879999999999999997
1  1.33e+04  0.02738289802  5.709608e-01 1.02879999999999999997
1  1.33e+04  0.0274681666  5.709608e-01 1.02879999999999999997
1  1.33e+04  0.02753961672  5.709608e-01 1.02879999999999999997
1  1.34e+04  0.02759404578  5.709608e-01 1.02879999999999999997
1  1.34e+04  0.02762981985  5.709608e-01 1.02879999999999999997
1  1.34e+04  0.0276471023  5.709608e-01 1.02879999999999999997
1  1.35e+04  0.02764789809  5.709608e-01 1.02879999999999999997
1  1.35e+04  0.02763590403  5.709608e-01 1.02879999999999999997
1  1.35e+04  0.02761617734  5.709608e-01 1.02879999999999999997
1  1.36e+04  0.02759465565  5.709608e-01 1.02879999999999999997
1  1.36e+04  0.0275775786  5.709608e-01 1.02879999999999999997
1  1.36e+04  0.0275708726  5.709608e-01 1.02879999999999999997
1  1.36e+04  0.02757956464  5.709608e-01 1.02879999999999999997
1  1.37e+04  0.02760728765  5.709608e-01 1.02879999999999999997
1  1.37e+04  0.02765592949  5.709608e-01 1.02879999999999999997
1  1.37e+04  0.0277254614  5.709608e-01 1.02879999999999999997
1  1.38e+04  0.0278139614  5.709608e-01 1.02879999999999999997
1  1.38e+04  0.02791782677  5.709608e-01 1.02879999999999999997
1  1.38e+04  0.02803214921  5.709608e-01 1.02879999999999999997
1  1.39e+04  0.02815120976  5.709608e-01 1.02879999999999999997
1  1.39e+04  0.02826903887  5.709608e-01 1.02879999999999999997
1  1.39e+04  0.02837998249  5.709608e-01 1.02879999999999999997
1  1.40e+04  0.02847921659  5.709608e-01 1.02879999999999999997
1  1.40e+04  0.02856316051  5.709608e-01 1.02879999999999999997
1  1.40e+04  0.02862975277  5.709608e-01 1.02879999999999999997
1  1.41e+04  0.02867856844  5.709608e-01 1.02879999999999999997
1  1.41e+04  0.02871077518  5.709608e-01 1.02879999999999999997
1  1.41e+04  0.02872894123  5.709608e-01 1.02879999999999999997
1  1.42e+04  0.02873672315  5.709608e-01 1.02879999999999999997
1  1.42e+04  0.02873847168  5.709608e-01 1.02879999999999999997
1  1.42e+04  0.02873879986  5.709608e-01 1.02879999999999999997
1  1.43e+04  0.02874215853  5.709608e-01 1.02879999999999999997
1  1.43e+04  0.02875246053  5.709608e-01 1.02879999999999999997
1  1.43e+04  0.02877278674  5.709608e-01 1.02879999999999999997
1  1.44e+04  0.02880519611  5.709608e-01 1.02879999999999999997
1  1.44e+04  0.02885064921  5.709608e-01 1.02879999999999999997
1  1.44e+04  0.02890904201  5.709608e-01 1.02879999999999999997
1  1.45e+04  0.02897933492  5.709608e-01 1.02879999999999999997
1  1.45e+04  0.02905975363  5.709608e-01 1.02879999999999999997
1  1.45e+04  0.02914803256  5.709608e-01 1.02879999999999999997
1  1.46e+04  0.02924167027  5.709608e-01 1.02879999999999999997
1  1.46e+04  0.02933816835  5.709608e-01 1.02879999999999999997
1  1.46e+04  0.02943523061  5.709608e-01 1.02879999999999999997
1  1.47e+04  0.02953090686  5.709608e-01 1.02879999999999999997
1  1.47e+04  0.0296236741  5.709608e-01 1.02879999999999999997
1  1.47e+04  0.02971245676  5.709608e-01 1.02879999999999999997
1  1.48e+04  0.02979659455  5.709608e-01 1.02879999999999999997
1  1.48e+04  0.02987577246  5.709608e-01 1.02879999999999999997
1  1.48e+04  0.02994993017  5.709608e-01 1.02879999999999999997
1  1.49e+04  0.03001916881  5.709608e-01 1.02879999999999999997
1  1.49e+04  0.03008367122  5.709608e-01 1.02879999999999999997
1  1.49e+04  0.03014364785  5.709608e-01 1.02879999999999999997
1  1.50e+04  0.03019931542  5.709608e-01 1.02879999999999999997
1  1.50e+04  0.03025090956  5.709608e-01 1.02879999999999999997
1  1.50e+04  0.0302987269  5.709608e-01 1.02879999999999999997
1  1.51e+04  0.03034318715  5.709608e-01 1.02879999999999999997
1  1.51e+04  0.03038490205  5.709608e-01 1.02879999999999999997
1  1.51e+04  0.03042473656  5.709608e-01 1.02879999999999999997
1  1.52e+04  0.03046384754  5.709608e-01 1.02879999999999999997
1  1.52e+04  0.03050368795  5.709608e-01 1.02879999999999999997
1  1.52e+04  0.03054596837  5.709608e-01 1.02879999999999999997
1  1.53e+04  0.03059257332  5.709608e-01 1.02879999999999999997
1  1.53e+04  0.03064543563  5.709608e-01 1.02879999999999999997
1  1.53e+04  0.0307063785  5.709608e-01 1.02879999999999999997
1  1.54e+04  0.03077693955  5.709608e-01 1.02879999999999999997
1  1.54e+04  0.03085819516  5.709608e-01 1.02879999999999999997
1  1.55e+04  0.0309506048  5.709608e-01 1.02879999999999999997
1  1.55e+04  0.03105389432  5.709608e-01 1.02879999999999999997
1  1.55e+04  0.03116699445  5.709608e-01 1.02879999999999999997
1  1.56e+04  0.03128804591  5.709608e-01 1.02879999999999999997
1  1.56e+04  0.03141447621  5.709608e-01 1.02879999999999999997
1  1.56e+04  0.03154314632  5.709608e-01 1.02879999999999999997
1  1.57e+04  0.03167055854  5.709608e-01 1.02879999999999999997
1  1.57e+04  0.03179311019  5.709608e-01 1.02879999999999999997
1  1.57e+04  0.03190737342  5.709608e-01 1.02879999999999999997
1  1.58e+04  0.03201037749  5.709608e-01 1.02879999999999999997
1  1.58e+04  0.03209986937  5.709608e-01 1.02879999999999999997
1  1.58e+04  0.03217452927  5.709608e-01 1.02879999999999999997
1  1.59e+04  0.03223412075  5.709608e-01 1.02879999999999999997
1  1.59e+04  0.03227956046  5.709608e-01 1.02879999999999999997
1  1.60e+04  0.03231289841  5.709608e-01 1.02879999999999999997
1  1.60e+04  0.03233720731  5.709608e-01 1.02879999999999999997
1  1.60e+04  0.03235638712  5.709608e-01 1.02879999999999999997
1  1.61e+04  0.03237489783  5.709608e-01 1.02879999999999999997
1  1.61e+04  0.03239744013  5.709608e-01 1.02879999999999999997
1  1.61e+04  0.03242860834  5.709608e-01 1.02879999999999999997
1  1.62e+04  0.03247254235  5.709608e-01 1.02879999999999999997
1  1.62e+04  0.03253260655  5.709608e-01 1.02879999999999999997
1  1.63e+04  0.03261112134  5.709608e-01 1.02879999999999999997
1  1.63e+04  0.03270916925  5.709608e-01 1.02879999999999999997
1  1.63e+04  0.03282649185  5.709608e-01 1.02879999999999999997
1  1.64e+04  0.03296148623  5.709608e-01 1.02879999999999999997
1  1.64e+04  0.03311130243  5.709608e-01 1.02879999999999999997
1  1.64e+04  0.0332720347  5.709608e-01 1.02879999999999999997
1  1.65e+04  0.03343899256  5.709608e-01 1.02879999999999999997
1  1.65e+04  0.03360703142  5.709608e-01 1.02879999999999999997
1  1.66e+04  0.03377091795  5.709608e-01 1.02879999999999999997
1  1.66e+04  0.03392570317  5.709608e-01 1.02879999999999999997
1  1.66e+04  0.03406707562  5.709608e-01 1.02879999999999999997
1  1.67e+04  0.0341916692  5.709608e-01 1.02879999999999999997
1  1.67e+04  0.03429730324  5.709608e-01 1.02879999999999999997
1  1.67e+04  0.03438313823  5.709608e-01 1.02879999999999999997
1  1.68e+04  0.03444973638  5.709608e-01 1.02879999999999999997
1  1.68e+04  0.0344990235  5.709608e-01 1.02879999999999999997
1  1.69e+04  0.03453415561  5.709608e-01 1.02879999999999999997
1  1.69e+04  0.03455930037  5.709608e-01 1.02879999999999999997
1  1.69e+04  0.03457934953  5.709608e-01 1.02879999999999999997
1  1.70e+04  0.03459958302  5.709608e-01 1.02879999999999999997
1  1.70e+04  0.03462530862  5.709608e-01 1.02879999999999999997
1  1.71e+04  0.03466150253  5.709608e-01 1.02879999999999999997
1  1.71e+04  0.03471247583  5.709608e-01 1.02879999999999999997
1  1.71e+04  0.03478158935  5.709608e-01 1.02879999999999999997
1  1.72e+04  0.03487103625  5.709608e-01 1.02879999999999999997
1  1.72e+04  0.03498170596  5.709608e-01 1.02879999999999999997
1  1.73e+04  0.0351131377  5.709608e-01 1.02879999999999999997
1  1.73e+04  0.03526356504  5.709608e-01 1.02879999999999999997
1  1.73e+04  0.03543004682  5.709608e-01 1.02879999999999999997
1  1.74e+04  0.03560867393  5.709608e-01 1.02879999999999999997
1  1.74e+04  0.03579483629  5.709608e-01 1.02879999999999999997
1  1.75e+04  0.03598353101  5.709608e-01 1.02879999999999999997
1  1.75e+04  0.03616969035  5.709608e-01 1.02879999999999999997
1  1.75e+04  0.03634850732  5.709608e-01 1.02879999999999999997
1  1.76e+04  0.03651573783  5.709608e-01 1.02879999999999999997
1  1.76e+04  0.03666796043  5.709608e-01 1.02879999999999999997
1  1.77e+04  0.03680277796  5.709608e-01 1.02879999999999999997
1  1.77e+04  0.03691894993  5.709608e-01 1.02879999999999999997
1  1.77e+04  0.037016449  5.709608e-01 1.02879999999999999997
1  1.78e+04  0.03709644021  5.709608e-01 1.02879999999999999997
1  1.78e+04  0.03716118626  5.709608e-01 1.02879999999999999997
1  1.79e+04  0.03721388698  5.709608e-01 1.02879999999999999997
1  1.79e+04  0.0372584646  5.709608e-01 1.02879999999999999997
1  1.79e+04  0.03729930985  5.709608e-01 1.02879999999999999997
1  1.80e+04  0.03734100546  5.709608e-01 1.02879999999999999997
1  1.80e+04  0.03738804499  5.709608e-01 1.02879999999999999997
1  1.81e+04  0.03744456424  5.709608e-01 1.02879999999999999997
1  1.81e+04  0.03751410143  5.709608e-01 1.02879999999999999997
1  1.82e+04  0.03759940006  5.709608e-01 1.02879999999999999997
1  1.82e+04  0.03770226516  5.709608e-01 1.02879999999999999997
1  1.82e+04  0.03782348005  5.709608e-01 1.02879999999999999997
1  1.83e+04  0.03796278674  5.709608e-01 1.02879999999999999997
1  1.83e+04  0.03811892907  5.709608e-01 1.02879999999999999997
1  1.84e+04  0.03828975367  5.709608e-01 1.02879999999999999997
1  1.84e+04  0.03847236076  5.709608e-01 1.02879999999999999997
1  1.85e+04  0.03866329382  5.709608e-01 1.02879999999999999997
1  1.85e+04  0.03885875522  5.709608e-01 1.02879999999999999997
1  1.85e+04  0.03905483425  5.709608e-01 1.02879999999999999997
1  1.86e+04  0.03924773329  5.709608e-01 1.02879999999999999997
1  1.86e+04  0.03943397929  5.709608e-01 1.02879999999999999997
1  1.87e+04  0.03961060872  5.709608e-01 1.02879999999999999997
1  1.87e+04  0.03977531646  5.709608e-01 1.02879999999999999997
1  1.87e+04  0.03992656188  5.709608e-01 1.02879999999999999997
1  1.88e+04  0.04006362779  5.709608e-01 1.02879999999999999997
1  1.88e+04  0.04018663108  5.709608e-01 1.02879999999999999997
1  1.89e+04  0.04029648668  5.709608e-01 1.02879999999999999997
1  1.89e+04  0.04039482883  5.709608e-01 1.02879999999999999997
1  1.90e+04  0.04048389593  5.709608e-01 1.02879999999999999997
1  1.90e+04  0.04056638695  5.709608e-01 1.02879999999999999997
1  1.91e+04  0.04064529858  5.709608e-01 1.02879999999999999997
1  1.91e+04  0.04072375278  5.709608e-01 1.02879999999999999997
1  1.91e+04  0.04080482479  5.709608e-01 1.02879999999999999997
1  1.92e+04  0.04089138085  5.709608e-01 1.02879999999999999997
1  1.92e+04  0.04098593417  5.709608e-01 1.02879999999999999997
1  1.93e+04  0.04109052621  5.709608e-01 1.02879999999999999997
1  1.93e+04  0.04120663873  5.709608e-01 1.02879999999999999997
1  1.94e+04  0.04133513991  5.709608e-01 1.02879999999999999997
1  1.94e+04  0.04147626603  5.709608e-01 1.02879999999999999997
1  1.95e+04  0.04162963795  5.709608e-01 1.02879999999999999997
1  1.95e+04  0.0417943098  5.709608e-01 1.02879999999999999997
1  1.95e+04  0.04196884558  5.709608e-01 1.02879999999999999997
1  1.96e+04  0.04215141801  5.709608e-01 1.02879999999999999997
1  1.96e+04  0.04233992293  5.709608e-01 1.02879999999999999997
1  1.97e+04  0.04253210229  5.709608e-01 1.02879999999999999997
1  1.97e+04  0.04272566837  5.709608e-01 1.02879999999999999997
1  1.98e+04  0.04291842253  5.709608e-01 1.02879999999999999997
1  1.98e+04  0.04310836235  5.709608e-01 1.02879999999999999997
1  1.99e+04  0.04329377219  5.709608e-01 1.02879999999999999997
1  1.99e+04  0.04347329336  5.709608e-01 1.02879999999999999997
1  2.00e+04  0.04364597148  5.709608e-01 1.02879999999999999997
1  2.00e+04  0.04381128006  5.709608e-01 1.02879999999999999997
1  2.00e+04  0.04396912069  5.709608e-01 1.02879999999999999997
1  2.01e+04  0.04411980123  5.709608e-01 1.02879999999999999997
1  2.01e+04  0.04426399482  5.709608e-01 1.02879999999999999997
1  2.02e+04  0.04440268285  5.709608e-01 1.02879999999999999997
1  2.02e+04  0.04453708608  5.709608e-01 1.02879999999999999997
1  2.03e+04  0.04466858807  5.709608e-01 1.02879999999999999997
1  2.03e+04  0.04479865538  5.709608e-01 1.02879999999999999997
1  2.04e+04  0.0449287588  5.709608e-01 1.02879999999999999997
1  2.04e+04  0.04506029968  5.709608e-01 1.02879999999999999997
1  2.05e+04  0.04519454463  5.709608e-01 1.02879999999999999997
1  2.05e+04  0.04533257169  5.709608e-01 1.02879999999999999997
1  2.06e+04  0.04547522989  5.709608e-01 1.02879999999999999997
1  2.06e+04  0.04562311356  5.709608e-01 1.02879999999999999997
1  2.07e+04  0.04577655197  5.709608e-01 1.02879999999999999997
1  2.07e+04  0.04593561372  5.709608e-01 1.02879999999999999997
1  2.07e+04  0.04610012488  5.709608e-01 1.02879999999999999997
1  2.08e+04  0.04626969898  5.709608e-01 1.02879999999999999997
1  2.08e+04  0.04644377647  5.709608e-01 1.02879999999999999997
1  2.09e+04  0.0466216707  5.709608e-01 1.02879999999999999997
1  2.09e+04  0.04680261763  5.709608e-01 1.02879999999999999997
1  2.10e+04  0.04698582582  5.709608e-01 1.02879999999999999997
1  2.10e+04  0.04717052416  5.709608e-01 1.02879999999999999997
1  2.11e+04  0.04735600435  5.709608e-01 1.02879999999999999997
1  2.11e+04  0.04754165625  5.709608e-01 1.02879999999999999997
1  2.12e+04  0.04772699434  5.709608e-01 1.02879999999999999997
1  2.12e+04  0.04791167442  5.709608e-01 1.02879999999999999997
1  2.13e+04  0.04809550025  5.709608e-01 1.02879999999999999997
1  2.13e+04  0.04827842041  5.709608e-01 1.02879999999999999997
1  2.14e+04  0.04846051626  5.709608e-01 1.02879999999999999997
1  2.14e+04  0.04864198248  5.709608e-01 1.02879999999999999997
1  2.15e+04  0.04882310169  5.709608e-01 1.02879999999999999997
1  2.15e+04  0.04900421524  5.709608e-01 1.02879999999999999997
1  2.16e+04  0.04918569207  5.709608e-01 1.02879999999999999997
1  2.16e+04  0.04936789771  5.709608e-01 1.02879999999999999997
1  2.17e+04  0.04955116511  5.709608e-01 1.02879999999999999997
1  2.17e+04  0.04973576912  5.709608e-01 1.02879999999999999997
1  2.18e+04  0.04992190579  5.709608e-01 1.02879999999999999997
1  2.18e+04  0.05010967752  5.709608e-01 1.02879999999999999997
1  2.19e+04  0.05029908478  5.709608e-01 1.02879999999999999997
1  2.19e+04  0.05049002457  5.709608e-01 1.02879999999999999997
1  2.20e+04  0.05068229567  5.709608e-01 1.02879999999999999997
1  2.20e+04  0.05087561014  5.709608e-01 1.02879999999999999997
1  2.21e+04  0.05106961052  5.709608e-01 1.02879999999999999997
1  2.21e+04  0.05126389158  5.709608e-01 1.02879999999999999997
1  2.22e+04  0.05145802563  5.709608e-01 1.02879999999999999997
1  2.22e+04  0.05165158986  5.709608e-01 1.02879999999999999997
1  2.23e+04  0.05184419431  5.709608e-01 1.02879999999999999997
1  2.23e+04  0.05203550899  5.709608e-01 1.02879999999999999997
1  2.24e+04  0.05222528864  5.709608e-01 1.02879999999999999997
1  2.24e+04  0.05241339368  5.709608e-01 1.02879999999999999997
1  2.25e+04  0.05259980628  5.709608e-01 1.02879999999999999997
1  2.25e+04  0.05278464044  5.709608e-01 1.02879999999999999997
1  2.26e+04  0.05296814547  5.709608e-01 1.02879999999999999997
1  2.26e+04  0.05315070244  5.709608e-01 1.02879999999999999997
1  2.27e+04  0.05333281368  5.709608e-01 1.02879999999999999997
1  2.28e+04  0.05351508573  5.709608e-01 1.02879999999999999997
1  2.28e+04  0.0536982063  5.709608e-01 1.02879999999999999997
1  2.29e+04  0.05388291647  5.709608e-01 1.02879999999999999997
1  2.29e+04  0.05406997928  5.709608e-01 1.02879999999999999997
1  2.30e+04  0.05426014624  5.709608e-01 1.02879999999999999997
1  2.30e+04  0.05445412343  5.709608e-01 1.02879999999999999997
1  2.31e+04  0.05465253856  5.709608e-01 1.02879999999999999997
1  2.31e+04  0.05485591081  5.709608e-01 1.02879999999999999997
1  2.32e+04  0.0550646247  5.709608e-01 1.02879999999999999997
1  2.32e+04  0.05527890914  5.709608e-01 1.02879999999999999997
1  2.33e+04  0.05549882273  5.709608e-01 1.02879999999999999997
1  2.33e+04  0.05572424585  5.709608e-01 1.02879999999999999997
1  2.34e+04  0.05595487993  5.709608e-01 1.02879999999999999997
1  2.34e+04  0.05619025378  5.709608e-01 1.02879999999999999997
1  2.35e+04  0.05642973696  5.709608e-01 1.02879999999999999997
1  2.36e+04  0.05667255933  5.709608e-01 1.02879999999999999997
1  2.36e+04  0.05691783627  5.709608e-01 1.02879999999999999997
1  2.37e+04  0.05716459838  5.709608e-01 1.02879999999999999997
1  2.37e+04  0.05741182472  5.709608e-01 1.02879999999999999997
1  2.38e+04  0.0576584782  5.709608e-01 1.02879999999999999997
1  2.38e+04  0.05790354204  5.709608e-01 1.02879999999999999997
1  2.39e+04  0.0581460558  5.709608e-01 1.02879999999999999997
1  2.39e+04  0.05838514992  5.709608e-01 1.02879999999999999997
1  2.40e+04  0.05862007738  5.709608e-01 1.02879999999999999997
1  2.40e+04  0.0588502416  5.709608e-01 1.02879999999999999997
1  2.41e+04  0.05907521939  5.709608e-01 1.02879999999999999997
1  2.42e+04  0.05929477832  5.709608e-01 1.02879999999999999997
1  2.42e+04  0.05950888774  5.709608e-01 1.02879999999999999997
1  2.43e+04  0.05971772314  5.709608e-01 1.02879999999999999997
1  2.43e+04  0.05992166354  5.709608e-01 1.02879999999999999997
1  2.44e+04  0.06012128206  5.709608e-01 1.02879999999999999997
1  2.44e+04  0.06031732981  5.709608e-01 1.02879999999999999997
1  2.45e+04  0.06051071364  5.709608e-01 1.02879999999999999997
1  2.45e+04  0.06070246861  5.709608e-01 1.02879999999999999997
1  2.46e+04  0.06089372582  5.709608e-01 1.02879999999999999997
1  2.47e+04  0.06108567693  5.709608e-01 1.02879999999999999997
1  2.47e+04  0.06127953649  5.709608e-01 1.02879999999999999997
1  2.48e+04  0.06147650332  5.709608e-01 1.02879999999999999997
1  2.48e+04  0.06167772236  5.709608e-01 1.02879999999999999997
1  2.49e+04  0.06188424824  5.709608e-01 1.02879999999999999997
1  2.49e+04  0.06209701179  5.709608e-01 1.02879999999999999997
1  2.50e+04  0.0623167906  5.709608e-01 1.02879999999999999997
1  2.51e+04  0.06254418462  5.709608e-01 1.02879999999999999997
1  2.51e+04  0.06277959754  5.709608e-01 1.02879999999999999997
1  2.52e+04  0.06302322433  5.709608e-01 1.02879999999999999997
1  2.52e+04  0.06327504557  5.709608e-01 1.02879999999999999997
1  2.53e+04  0.06353482826  5.709608e-01 1.02879999999999999997
1  2.54e+04  0.06380213325  5.709608e-01 1.02879999999999999997
1  2.54e+04  0.06407632872  5.709608e-01 1.02879999999999999997
1  2.55e+04  0.06435660934  5.709608e-01 1.02879999999999999997
1  2.55e+04  0.0646420202  5.709608e-01 1.02879999999999999997
1  2.56e+04  0.06493148488  5.709608e-01 1.02879999999999999997
1  2.56e+04  0.0652238366  5.709608e-01 1.02879999999999999997
1  2.57e+04  0.06551785154  5.709608e-01 1.02879999999999999997
1  2.58e+04  0.06581228333  5.709608e-01 1.02879999999999999997
1  2.58e+04  0.06610589768  5.709608e-01 1.02879999999999999997
1  2.59e+04  0.06639750624  5.709608e-01 1.02879999999999999997
1  2.59e+04  0.06668599876  5.709608e-01 1.02879999999999999997
1  2.60e+04  0.06697037275  5.709608e-01 1.02879999999999999997
1  2.61e+04  0.06724975976  5.709608e-01 1.02879999999999999997
1  2.61e+04  0.06752344791  5.709608e-01 1.02879999999999999997
1  2.62e+04  0.06779089983  5.709608e-01 1.02879999999999999997
1  2.62e+04  0.06805176589  5.709608e-01 1.02879999999999999997
1  2.63e+04  0.06830589218  5.709608e-01 1.02879999999999999997
1  2.64e+04  0.06855332336  5.709608e-01 1.02879999999999999997
1  2.64e+04  0.06879430014  5.709608e-01 1.02879999999999999997
1  2.65e+04  0.06902925168  5.709608e-01 1.02879999999999999997
1  2.65e+04  0.06925878312  5.709608e-01 1.02879999999999999997
1  2.66e+04  0.06948365858  5.709608e-01 1.02879999999999999997
1  2.67e+04  0.0697047802  5.709608e-01 1.02879999999999999997
1  2.67e+04  0.06992316387  5.709608e-01 1.02879999999999999997
1  2.68e+04  0.07013991215  5.709608e-01 1.02879999999999999997
1  2.69e+04  0.07035618547  5.709608e-01 1.02879999999999999997
1  2.69e+04  0.07057317202  5.709608e-01 1.02879999999999999997
1  2.70e+04  0.07079205756  5.709608e-01 1.02879999999999999997
1  2.70e+04  0.07101399565  5.709608e-01 1.02879999999999999997
1  2.71e+04  0.07124007929  5.709608e-01 1.02879999999999999997
1  2.72e+04  0.07147131455  5.709608e-01 1.02879999999999999997
1  2.72e+04  0.07170859705  5.709608e-01 1.02879999999999999997
1  2.73e+04  0.07195269157  5.709608e-01 1.02879999999999999997
1  2.74e+04  0.07220421553  5.709608e-01 1.02879999999999999997
1  2.74e+04  0.07246362638  5.709608e-01 1.02879999999999999997
1  2.75e+04  0.07273121338  5.709608e-01 1.02879999999999999997
1  2.75e+04  0.07300709355  5.709608e-01 1.02879999999999999997
1  2.76e+04  0.07329121199  5.709608e-01 1.02879999999999999997
1  2.77e+04  0.07358334626  5.709608e-01 1.02879999999999999997
1  2.77e+04  0.07388311459  5.709608e-01 1.02879999999999999997
1  2.78e+04  0.07418998761  5.709608e-01 1.02879999999999999997
1  2.79e+04  0.07450330311  5.709608e-01 1.02879999999999999997
1  2.79e+04  0.07482228341  5.709608e-01 1.02879999999999999997
1  2.80e+04  0.07514605484  5.709608e-01 1.02879999999999999997
1  2.81e+04  0.07547366877  5.709608e-01 1.02879999999999999997
1  2.81e+04  0.07580412366  5.709608e-01 1.02879999999999999997
1  2.82e+04  0.07613638767  5.709608e-01 1.02879999999999999997
1  2.82e+04  0.07646942121  5.709608e-01 1.02879999999999999997
1  2.83e+04  0.07680219908  5.709608e-01 1.02879999999999999997
1  2.84e+04  0.07713373169  5.709608e-01 1.02879999999999999997
1  2.84e+04  0.07746308495  5.709608e-01 1.02879999999999999997
1  2.85e+04  0.0777893985  5.709608e-01 1.02879999999999999997
1  2.86e+04  0.07811190198  5.709608e-01 1.02879999999999999997
1  2.86e+04  0.07842992905  5.709608e-01 1.02879999999999999997
1  2.87e+04  0.07874292894  5.709608e-01 1.02879999999999999997
1  2.88e+04  0.07905047541  5.709608e-01 1.02879999999999999997
1  2.88e+04  0.07935227304  5.709608e-01 1.02879999999999999997
1  2.89e+04  0.07964816067  5.709608e-01 1.02879999999999999997
1  2.90e+04  0.07993811215  5.709608e-01 1.02879999999999999997
1  2.90e+04  0.08022223435  5.709608e-01 1.02879999999999999997
1  2.91e+04  0.08050076261  5.709608e-01 1.02879999999999999997
1  2.92e+04  0.08077405369  5.709608e-01 1.02879999999999999997
1  2.92e+04  0.08104257659  5.709608e-01 1.02879999999999999997
1  2.93e+04  0.08130690128  5.709608e-01 1.02879999999999999997
1  2.94e+04  0.08156768583  5.709608e-01 1.02879999999999999997
1  2.94e+04  0.08182566208  5.709608e-01 1.02879999999999999997
1  2.95e+04  0.08208162029  5.709608e-01 1.02879999999999999997
1  2.96e+04  0.08233639312  5.709608e-01 1.02879999999999999997
1  2.96e+04  0.08259083925  5.709608e-01 1.02879999999999999997
1  2.97e+04  0.08284582695  5.709608e-01 1.02879999999999999997
1  2.98e+04  0.08310221803  5.709608e-01 1.02879999999999999997
1  2.99e+04  0.08336085247  5.709608e-01 1.02879999999999999997
1  2.99e+04  0.08362253385  5.709608e-01 1.02879999999999999997
1  3.00e+04  0.08388801609  5.709608e-01 1.02879999999999999997
1  3.01e+04  0.08415799141  5.709608e-01 1.02879999999999999997
1  3.01e+04  0.08443307993  5.709608e-01 1.02879999999999999997
1  3.02e+04  0.08471382086  5.709608e-01 1.02879999999999999997
1  3.03e+04  0.08500066539  5.709608e-01 1.02879999999999999997
1  3.03e+04  0.08529397134  5.709608e-01 1.02879999999999999997
1  3.04e+04  0.08559399954  5.709608e-01 1.02879999999999999997
1  3.05e+04  0.08590091192  5.709608e-01 1.02879999999999999997
1  3.05e+04  0.08621477119  5.709608e-01 1.02879999999999999997
1  3.06e+04  0.08653554209  5.709608e-01 1.02879999999999999997
1  3.07e+04  0.08686309402  5.709608e-01 1.02879999999999999997
1  3.08e+04  0.08719720504  5.709608e-01 1.02879999999999999997
1  3.08e+04  0.08753756702  5.709608e-01 1.02879999999999999997
1  3.09e+04  0.08788379176  5.709608e-01 1.02879999999999999997
1  3.10e+04  0.08823541816  5.709608e-01 1.02879999999999999997
1  3.10e+04  0.08859192005  5.709608e-01 1.02879999999999999997
1  3.11e+04  0.08895271473  5.709608e-01 1.02879999999999999997
1  3.12e+04  0.08931717206  5.709608e-01 1.02879999999999999997
1  3.13e+04  0.08968462389  5.709608e-01 1.02879999999999999997
1  3.13e+04  0.09005437383  5.709608e-01 1.02879999999999999997
1  3.14e+04  0.09042570721  5.709608e-01 1.02879999999999999997
1  3.15e+04  0.09079790104  5.709608e-01 1.02879999999999999997
1  3.16e+04  0.09117023401  5.709608e-01 1.02879999999999999997
1  3.16e+04  0.09154199624  5.709608e-01 1.02879999999999999997
1  3.17e+04  0.09191249889  5.709608e-01 1.02879999999999999997
1  3.18e+04  0.09228108324  5.709608e-01 1.02879999999999999997
1  3.18e+04  0.09264712944  5.709608e-01 1.02879999999999999997
1  3.19e+04  0.09301006464  5.709608e-01 1.02879999999999999997
1  3.20e+04  0.09336937039  5.709608e-01 1.02879999999999999997
1  3.21e+04  0.09372458938  5.709608e-01 1.02879999999999999997
1  3.21e+04  0.09407533128  5.709608e-01 1.02879999999999999997
1  3.22e+04  0.09442127773  5.709608e-01 1.02879999999999999997
1  3.23e+04  0.09476218627  5.709608e-01 1.02879999999999999997
1  3.24e+04  0.09509789341  5.709608e-01 1.02879999999999999997
1  3.24e+04  0.09542831655  5.709608e-01 1.02879999999999999997
1  3.25e+04  0.09575345491  5.709608e-01 1.02879999999999999997
1  3.26e+04  0.09607338941  5.709608e-01 1.02879999999999999997
1  3.27e+04  0.09638828151  5.709608e-01 1.02879999999999999997
1  3.27e+04  0.09669837109  5.709608e-01 1.02879999999999999997
1  3.28e+04  0.09700397331  5.709608e-01 1.02879999999999999997
1  3.29e+04  0.09730547463  5.709608e-01 1.02879999999999999997
1  3.30e+04  0.09760332795  5.709608e-01 1.02879999999999999997
1  3.30e+04  0.09789804698  5.709608e-01 1.02879999999999999997
1  3.31e+04  0.09819019997  5.709608e-01 1.02879999999999999997
1  3.32e+04  0.09848040269  5.709608e-01 1.02879999999999999997
1  3.33e+04  0.09876931103  5.709608e-01 1.02879999999999999997
1  3.33e+04  0.09905761306  5.709608e-01 1.02879999999999999997
1  3.34e+04  0.09934602069  5.709608e-01 1.02879999999999999997
1  3.35e+04  0.09963526112  5.709608e-01 1.02879999999999999997
1  3.36e+04  0.09992606805  5.709608e-01 1.02879999999999999997
1  3.37e+04  0.1002191728  5.709608e-01 1.02879999999999999997
1  3.37e+04  0.1005152952  5.709608e-01 1.02879999999999999997
1  3.38e+04  0.100815135  5.709608e-01 1.02879999999999999997
1  3.39e+04  0.1011193629  5.709608e-01 1.02879999999999999997
1  3.40e+04  0.101428612  5.709608e-01 1.02879999999999999997
1  3.40e+04  0.1017434699  5.709608e-01 1.02879999999999999997
1  3.41e+04  0.1020644704  5.709608e-01 1.02879999999999999997
1  3.42e+04  0.1023920865  5.709608e-01 1.02879999999999999997
1  3.43e+04  0.1027267237  5.709608e-01 1.02879999999999999997
1  3.44e+04  0.103068714  5.709608e-01 1.02879999999999999997
1  3.44e+04  0.1034183101  5.709608e-01 1.02879999999999999997
1  3.45e+04  0.1037756819  5.709608e-01 1.02879999999999999997
1  3.46e+04  0.104140912  5.709608e-01 1.02879999999999999997
1  3.47e+04  0.1045139939  5.709608e-01 1.02879999999999999997
1  3.48e+04  0.1048948304  5.709608e-01 1.02879999999999999997
1  3.48e+04  0.1052832332  5.709608e-01 1.02879999999999999997
1  3.49e+04  0.1056789237  5.709608e-01 1.02879999999999999997
1  3.50e+04  0.1060815351  5.709608e-01 1.02879999999999999997
1  3.51e+04  0.1064906158  5.709608e-01 1.02879999999999999997
1  3.52e+04  0.1069056332  5.709608e-01 1.02879999999999999997
1  3.52e+04  0.1073259798  5.709608e-01 1.02879999999999999997
1  3.53e+04  0.1077509793  5.709608e-01 1.02879999999999999997
1  3.54e+04  0.1081798944  5.709608e-01 1.02879999999999999997
1  3.55e+04  0.1086119352  5.709608e-01 1.02879999999999999997
1  3.56e+04  0.1090462688  5.709608e-01 1.02879999999999999997
1  3.56e+04  0.1094820288  5.709608e-01 1.02879999999999999997
1  3.57e+04  0.1099183263  5.709608e-01 1.02879999999999999997
1  3.58e+04  0.1103542608  5.709608e-01 1.02879999999999999997
1  3.59e+04  0.1107889314  5.709608e-01 1.02879999999999999997
1  3.60e+04  0.1112214484  5.709608e-01 1.02879999999999999997
1  3.61e+04  0.1116509447  5.709608e-01 1.02879999999999999997
1  3.61e+04  0.1120765869  5.709608e-01 1.02879999999999999997
1  3.62e+04  0.1124975862  5.709608e-01 1.02879999999999999997
1  3.63e+04  0.1129132089  5.709608e-01 1.02879999999999999997
1  3.64e+04  0.1133227861  5.709608e-01 1.02879999999999999997
1  3.65e+04  0.1137257228  5.709608e-01 1.02879999999999999997
1  3.66e+04  0.1141215061  5.709608e-01 1.02879999999999999997
1  3.66e+04  0.1145097123  5.709608e-01 1.02879999999999999997
1  3.67e+04  0.114890013  5.709608e-01 1.02879999999999999997
1  3.68e+04  0.1152621801  5.709608e-01 1.02879999999999999997
1  3.69e+04  0.1156260896  5.709608e-01 1.02879999999999999997
1  3.70e+04  0.1159817243  5.709608e-01 1.02879999999999999997
1  3.71e+04  0.1163291744  5.709608e-01 1.02879999999999999997
1  3.72e+04  0.1166686382  5.709608e-01 1.02879999999999999997
1  3.72e+04  0.1170004203  5.709608e-01 1.02879999999999999997
1  3.73e+04  0.1173249288  5.709608e-01 1.02879999999999999997
1  3.74e+04  0.1176426716  5.709608e-01 1.02879999999999999997
1  3.75e+04  0.1179542512  5.709608e-01 1.02879999999999999997
1  3.76e+04  0.1182603584  5.709608e-01 1.02879999999999999997
1  3.77e+04  0.1185617648  5.709608e-01 1.02879999999999999997
1  3.78e+04  0.1188593144  5.709608e-01 1.02879999999999999997
1  3.78e+04  0.1191539142  5.709608e-01 1.02879999999999999997
1  3.79e+04  0.1194465245  5.709608e-01 1.02879999999999999997
1  3.80e+04  0.1197381473  5.709608e-01 1.02879999999999999997
1  3.81e+04  0.1200298155  5.709608e-01 1.02879999999999999997
1  3.82e+04  0.1203225809  5.709608e-01 1.02879999999999999997
1  3.83e+04  0.1206175017  5.709608e-01 1.02879999999999999997
1  3.84e+04  0.1209156308  5.709608e-01 1.02879999999999999997
1  3.85e+04  0.1212180028  5.709608e-01 1.02879999999999999997
1  3.85e+04  0.1215256223  5.709608e-01 1.02879999999999999997
1  3.86e+04  0.1218394517  5.709608e-01 1.02879999999999999997
1  3.87e+04  0.1221603996  5.709608e-01 1.02879999999999999997
1  3.88e+04  0.1224893101  5.709608e-01 1.02879999999999999997
1  3.89e+04  0.1228269523  5.709608e-01 1.02879999999999999997
1  3.90e+04  0.1231740109  5.709608e-01 1.02879999999999999997
1  3.91e+04  0.1235310781  5.709608e-01 1.02879999999999999997
1  3.92e+04  0.1238986452  5.709608e-01 1.02879999999999999997
1  3.93e+04  0.1242770975  5.709608e-01 1.02879999999999999997
1  3.94e+04  0.1246667082  5.709608e-01 1.02879999999999999997
1  3.94e+04  0.1250676353  5.709608e-01 1.02879999999999999997
1  3.95e+04  0.1254799187  5.709608e-01 1.02879999999999999997
1  3.96e+04  0.1259034795  5.709608e-01 1.02879999999999999997
1  3.97e+04  0.12633812  5.709608e-01 1.02879999999999999997
1  3.98e+04  0.1267835255  5.709608e-01 1.02879999999999999997
1  3.99e+04  0.1272392674  5.709608e-01 1.02879999999999999997
1  4.00e+04  0.1277048076  5.709608e-01 1.02879999999999999997
1  4.01e+04  0.1281795037  5.709608e-01 1.02879999999999999997
1  4.02e+04  0.1286626166  5.709608e-01 1.02879999999999999997
1  4.03e+04  0.1291533176  5.709608e-01 1.02879999999999999997
1  4.04e+04  0.1296506978  5.709608e-01 1.02879999999999999997
1  4.05e+04  0.1301537775  5.709608e-01 1.02879999999999999997
1  4.06e+04  0.1306615173  5.709608e-01 1.02879999999999999997
1  4.06e+04  0.1311728287  5.709608e-01 1.02879999999999999997
1  4.07e+04  0.1316865863  5.709608e-01 1.02879999999999999997
1  4.08e+04  0.1322016393  5.709608e-01 1.02879999999999999997
1  4.09e+04  0.1327168245  5.709608e-01 1.02879999999999999997
1  4.10e+04  0.1332309778  5.709608e-01 1.02879999999999999997
1  4.11e+04  0.1337429472  5.709608e-01 1.02879999999999999997
1  4.12e+04  0.1342516043  5.709608e-01 1.02879999999999999997
1  4.13e+04  0.1347558566  5.709608e-01 1.02879999999999999997
1  4.14e+04  0.1352546584  5.709608e-01 1.02879999999999999997
1  4.15e+04  0.1357470217  5.709608e-01 1.02879999999999999997
1  4.16e+04  0.1362320259  5.709608e-01 1.02879999999999999997
1  4.17e+04  0.1367088277  5.709608e-01 1.02879999999999999997
1  4.18e+04  0.1371766688  5.709608e-01 1.02879999999999999997
1  4.19e+04  0.1376348838  5.709608e-01 1.02879999999999999997
1  4.20e+04  0.1380829063  5.709608e-01 1.02879999999999999997
1  4.21e+04  0.1385202746  5.709608e-01 1.02879999999999999997
1  4.22e+04  0.1389466357  5.709608e-01 1.02879999999999999997
1  4.23e+04  0.1393617483  5.709608e-01 1.02879999999999999997
1  4.24e+04  0.1397654852  5.709608e-01 1.02879999999999999997
1  4.25e+04  0.1401578339  5.709608e-01 1.02879999999999999997
1  4.26e+04  0.1405388961  5.709608e-01 1.02879999999999999997
1  4.27e+04  0.1409088866  5.709608e-01 1.02879999999999999997
1  4.28e+04  0.1412681304  5.709608e-01 1.02879999999999999997
1  4.29e+04  0.1416170595  5.709608e-01 1.02879999999999999997
1  4.30e+04  0.1419562077  5.709608e-01 1.02879999999999999997
1  4.31e+04  0.1422862057  5.709608e-01 1.02879999999999999997
1  4.32e+04  0.1426077741  5.709608e-01 1.02879999999999999997
1  4.33e+04  0.1429217164  5.709608e-01 1.02879999999999999997
1  4.34e+04  0.143228911  5.709608e-01 1.02879999999999999997
1  4.35e+04  0.1435303025  5.709608e-01 1.02879999999999999997
1  4.36e+04  0.1438268923  5.709608e-01 1.02879999999999999997
1  4.37e+04  0.1441197292  5.709608e-01 1.02879999999999999997
1  4.38e+04  0.1444098994  5.709608e-01 1.02879999999999999997
1  4.39e+04  0.144698516  5.709608e-01 1.02879999999999999997
1  4.40e+04  0.1449867085  5.709608e-01 1.02879999999999999997
1  4.41e+04  0.1452756127  5.709608e-01 1.02879999999999999997
1  4.42e+04  0.1455663596  5.709608e-01 1.02879999999999999997
1  4.43e+04  0.1458600657  5.709608e-01 1.02879999999999999997
1  4.44e+04  0.1461578224  5.709608e-01 1.02879999999999999997
1  4.45e+04  0.1464606868  5.709608e-01 1.02879999999999999997
1  4.46e+04  0.1467696718  5.709608e-01 1.02879999999999999997
1  4.47e+04  0.1470857376  5.709608e-01 1.02879999999999999997
1  4.48e+04  0.1474097833  5.709608e-01 1.02879999999999999997
1  4.49e+04  0.1477426396  5.709608e-01 1.02879999999999999997
1  4.50e+04  0.1480850616  5.709608e-01 1.02879999999999999997
1  4.51e+04  0.148437723  5.709608e-01 1.02879999999999999997
1  4.52e+04  0.1488012106  5.709608e-01 1.02879999999999999997
1  4.53e+04  0.14917602  5.709608e-01 1.02879999999999999997
1  4.54e+04  0.1495625522  5.709608e-01 1.02879999999999999997
1  4.55e+04  0.1499611108  5.709608e-01 1.02879999999999999997
1  4.56e+04  0.1503719004  5.709608e-01 1.02879999999999999997
1  4.57e+04  0.1507950257  5.709608e-01 1.02879999999999999997
1  4.58e+04  0.151230492  5.709608e-01 1.02879999999999999997
1  4.59e+04  0.1516782056  5.709608e-01 1.02879999999999999997
1  4.60e+04  0.1521379765  5.709608e-01 1.02879999999999999997
1  4.61e+04  0.1526095203  5.709608e-01 1.02879999999999999997
1  4.62e+04  0.1530924621  5.709608e-01 1.02879999999999999997
1  4.63e+04  0.1535863409  5.709608e-01 1.02879999999999999997
1  4.65e+04  0.1540906142  5.709608e-01 1.02879999999999999997
1  4.66e+04  0.1546046636  5.709608e-01 1.02879999999999999997
1  4.67e+04  0.1551278009  5.709608e-01 1.02879999999999999997
1  4.68e+04  0.1556592749  5.709608e-01 1.02879999999999999997
1  4.69e+04  0.1561982781  5.709608e-01 1.02879999999999999997
1  4.70e+04  0.1567439543  5.709608e-01 1.02879999999999999997
1  4.71e+04  0.157295406  5.709608e-01 1.02879999999999999997
1  4.72e+04  0.1578517021  5.709608e-01 1.02879999999999999997
1  4.73e+04  0.1584118863  5.709608e-01 1.02879999999999999997
1  4.74e+04  0.1589749846  5.709608e-01 1.02879999999999999997
1  4.75e+04  0.1595400135  5.709608e-01 1.02879999999999999997
1  4.76e+04  0.1601059878  5.709608e-01 1.02879999999999999997
1  4.78e+04  0.160671928  5.709608e-01 1.02879999999999999997
1  4.79e+04  0.1612368684  5.709608e-01 1.02879999999999999997
1  4.80e+04  0.1617998635  5.709608e-01 1.02879999999999999997
1  4.81e+04  0.1623599957  5.709608e-01 1.02879999999999999997
1  4.82e+04  0.1629163812  5.709608e-01 1.02879999999999999997
1  4.83e+04  0.1634681761  5.709608e-01 1.02879999999999999997
1  4.84e+04  0.1640145824  5.709608e-01 1.02879999999999999997
1  4.85e+04  0.1645548527  5.709608e-01 1.02879999999999999997
1  4.86e+04  0.1650882951  5.709608e-01 1.02879999999999999997
1  4.88e+04  0.1656142769  5.709608e-01 1.02879999999999999997
1  4.89e+04  0.1661322287  5.709608e-01 1.02879999999999999997
1  4.90e+04  0.1666416468  5.709608e-01 1.02879999999999999997
1  4.91e+04  0.1671420957  5.709608e-01 1.02879999999999999997
1  4.92e+04  0.1676332101  5.709608e-01 1.02879999999999999997
1  4.93e+04  0.168114696  5.709608e-01 1.02879999999999999997
1  4.94e+04  0.1685863313  5.709608e-01 1.02879999999999999997
1  4.95e+04  0.1690479662  5.709608e-01 1.02879999999999999997
1  4.97e+04  0.1694995223  5.709608e-01 1.02879999999999999997
1  4.98e+04  0.1699409922  5.709608e-01 1.02879999999999999997
1  4.99e+04  0.170372438  5.709608e-01 1.02879999999999999997
1  5.00e+04  0.170793989  5.709608e-01 1.02879999999999999997
1  5.01e+04  0.1712058399  5.709608e-01 1.02879999999999999997
1  5.02e+04  0.1716082478  5.709608e-01 1.02879999999999999997
1  5.04e+04  0.1720015292  5.709608e-01 1.02879999999999999997
1  5.05e+04  0.1723860566  5.709608e-01 1.02879999999999999997
1  5.06e+04  0.1727622547  5.709608e-01 1.02879999999999999997
1  5.07e+04  0.1731305964  5.709608e-01 1.02879999999999999997
1  5.08e+04  0.1734915987  5.709608e-01 1.02879999999999999997
1  5.09e+04  0.173845818  5.709608e-01 1.02879999999999999997
1  5.11e+04  0.1741938459  5.709608e-01 1.02879999999999999997
1  5.12e+04  0.174536304  5.709608e-01 1.02879999999999999997
1  5.13e+04  0.1748738398  5.709608e-01 1.02879999999999999997
1  5.14e+04  0.1752071212  5.709608e-01 1.02879999999999999997
1  5.15e+04  0.1755368322  5.709608e-01 1.02879999999999999997
1  5.16e+04  0.1758636676  5.709608e-01 1.02879999999999999997
1  5.18e+04  0.1761883289  5.709608e-01 1.02879999999999999997
1  5.19e+04  0.1765115191  5.709608e-01 1.02879999999999999997
1  5.20e+04  0.1768339385  5.709608e-01 1.02879999999999999997
1  5.21e+04  0.1771562801  5.709608e-01 1.02879999999999999997
1  5.22e+04  0.1774792256  5.709608e-01 1.02879999999999999997
1  5.24e+04  0.1778034416  5.709608e-01 1.02879999999999999997
1  5.25e+04  0.1781295754  5.709608e-01 1.02879999999999999997
1  5.26e+04  0.1784582517  5.709608e-01 1.02879999999999999997
1  5.27e+04  0.1787900696  5.709608e-01 1.02879999999999999997
1  5.28e+04  0.1791255992  5.709608e-01 1.02879999999999999997
1  5.30e+04  0.1794653792  5.709608e-01 1.02879999999999999997
1  5.31e+04  0.1798099146  5.709608e-01 1.02879999999999999997
1  5.32e+04  0.1801596742  5.709608e-01 1.02879999999999999997
1  5.33e+04  0.1805150894  5.709608e-01 1.02879999999999999997
1  5.35e+04  0.1808765522  5.709608e-01 1.02879999999999999997
1  5.36e+04  0.1812444146  5.709608e-01 1.02879999999999999997
1  5.37e+04  0.1816189871  5.709608e-01 1.02879999999999999997
1  5.38e+04  0.1820005388  5.709608e-01 1.02879999999999999997
1  5.40e+04  0.1823892967  5.709608e-01 1.02879999999999999997
1  5.41e+04  0.1827854458  5.709608e-01 1.02879999999999999997
1  5.42e+04  0.1831891297  5.709608e-01 1.02879999999999999997
1  5.43e+04  0.1836004508  5.709608e-01 1.02879999999999999997
1  5.45e+04  0.1840194709  5.709608e-01 1.02879999999999999997
1  5.46e+04  0.1844462129  5.709608e-01 1.02879999999999999997
1  5.47e+04  0.1848806614  5.709608e-01 1.02879999999999999997
1  5.48e+04  0.1853227642  5.709608e-01 1.02879999999999999997
1  5.50e+04  0.1857724342  5.709608e-01 1.02879999999999999997
1  5.51e+04  0.1862295507  5.709608e-01 1.02879999999999999997
1  5.52e+04  0.1866939614  5.709608e-01 1.02879999999999999997
1  5.53e+04  0.1871654845  5.709608e-01 1.02879999999999999997
1  5.55e+04  0.1876439105  5.709608e-01 1.02879999999999999997
1  5.56e+04  0.1881290043  5.709608e-01 1.02879999999999999997
1  5.57e+04  0.1886205077  5.709608e-01 1.02879999999999999997
1  5.58e+04  0.1891181413  5.709608e-01 1.02879999999999999997
1  5.60e+04  0.1896216065  5.709608e-01 1.02879999999999999997
1  5.61e+04  0.1901305883  5.709608e-01 1.02879999999999999997
1  5.62e+04  0.190644757  5.709608e-01 1.02879999999999999997
1  5.64e+04  0.1911637705  5.709608e-01 1.02879999999999999997
1  5.65e+04  0.1916872764  5.709608e-01 1.02879999999999999997
1  5.66e+04  0.1922149141  5.709608e-01 1.02879999999999999997
1  5.68e+04  0.1927463167  5.709608e-01 1.02879999999999999997
1  5.69e+04  0.1932811131  5.709608e-01 1.02879999999999999997
1  5.70e+04  0.1938189295  5.709608e-01 1.02879999999999999997
1  5.71e+04  0.1943593914  5.709608e-01 1.02879999999999999997
1  5.73e+04  0.194902125  5.709608e-01 1.02879999999999999997
1  5.74e+04  0.195446759  5.709608e-01 1.02879999999999999997
1  5.75e+04  0.1959929259  5.709608e-01 1.02879999999999999997
1  5.77e+04  0.1965402631  5.709608e-01 1.02879999999999999997
1  5.78e+04  0.1970884145  5.709608e-01 1.02879999999999999997
1  5.79e+04  0.1976370313  5.709608e-01 1.02879999999999999997
1  5.81e+04  0.1981857732  5.709608e-01 1.02879999999999999997
1  5.82e+04  0.1987343091  5.709608e-01 1.02879999999999999997
1  5.83e+04  0.1992823178  5.709608e-01 1.02879999999999999997
1  5.85e+04  0.1998294892  5.709608e-01 1.02879999999999999997
1  5.86e+04  0.2003755243  5.709608e-01 1.02879999999999999997
1  5.87e+04  0.2009201359  5.709608e-01 1.02879999999999999997
1  5.89e+04  0.2014630491  5.709608e-01 1.02879999999999999997
1  5.90e+04  0.2020040017  5.709608e-01 1.02879999999999999997
1  5.92e+04  0.2025427442  5.709608e-01 1.02879999999999999997
1  5.93e+04  0.2030790402  5.709608e-01 1.02879999999999999997
1  5.94e+04  0.2036126662  5.709608e-01 1.02879999999999999997
1  5.96e+04  0.2041434122  5.709608e-01 1.02879999999999999997
1  5.97e+04  0.2046710813  5.709608e-01 1.02879999999999999997
1  5.98e+04  0.2051954897  5.709608e-01 1.02879999999999999997
1  6.00e+04  0.2057164667  5.709608e-01 1.02879999999999999997
1  6.01e+04  0.2062338547  5.709608e-01 1.02879999999999999997
1  6.03e+04  0.2067475087  5.709608e-01 1.02879999999999999997
1  6.04e+04  0.2072572965  5.709608e-01 1.02879999999999999997
1  6.05e+04  0.2077630984  5.709608e-01 1.02879999999999999997
1  6.07e+04  0.2082648068  5.709608e-01 1.02879999999999999997
1  6.08e+04  0.2087623261  5.709608e-01 1.02879999999999999997
1  6.10e+04  0.2092555725  5.709608e-01 1.02879999999999999997
1  6.11e+04  0.2097444737  5.709608e-01 1.02879999999999999997
1  6.12e+04  0.2102289686  5.709608e-01 1.02879999999999999997
1  6.14e+04  0.2107090073  5.709608e-01 1.02879999999999999997
1  6.15e+04  0.2111845503  5.709608e-01 1.02879999999999999997
1  6.17e+04  0.2116555689  5.709608e-01 1.02879999999999999997
1  6.18e+04  0.2121220444  5.709608e-01 1.02879999999999999997
1  6.19e+04  0.2125839684  5.709608e-01 1.02879999999999999997
1  6.21e+04  0.213041342  5.709608e-01 1.02879999999999999997
1  6.22e+04  0.213494176  5.709608e-01 1.02879999999999999997
1  6.24e+04  0.2139424905  5.709608e-01 1.02879999999999999997
1  6.25e+04  0.2143863146  5.709608e-01 1.02879999999999999997
1  6.27e+04  0.2148256864  5.709608e-01 1.02879999999999999997
1  6.28e+04  0.2152606529  5.709608e-01 1.02879999999999999997
1  6.30e+04  0.2156912693  5.709608e-01 1.02879999999999999997
1  6.31e+04  0.2161175995  5.709608e-01 1.02879999999999999997
1  6.32e+04  0.2165397153  5.709608e-01 1.02879999999999999997
1  6.34e+04  0.2169576969  5.709608e-01 1.02879999999999999997
1  6.35e+04  0.2173716319  5.709608e-01 1.02879999999999999997
1  6.37e+04  0.2177816162  5.709608e-01 1.02879999999999999997
1  6.38e+04  0.2181877528  5.709608e-01 1.02879999999999999997
1  6.40e+04  0.2185901523  5.709608e-01 1.02879999999999999997
1  6.41e+04  0.2189889327  5.709608e-01 1.02879999999999999997
1  6.43e+04  0.2193842191  5.709608e-01 1.02879999999999999997
1  6.44e+04  0.2197761434  5.709608e-01 1.02879999999999999997
1  6.46e+04  0.2201648445  5.709608e-01 1.02879999999999999997
1  6.47e+04  0.220550468  5.709608e-01 1.02879999999999999997
1  6.49e+04  0.2209331659  5.709608e-01 1.02879999999999999997
1  6.50e+04  0.2213130966  5.709608e-01 1.02879999999999999997
1  6.52e+04  0.2216904246  5.709608e-01 1.02879999999999999997
1  6.53e+04  0.2220653204  5.709608e-01 1.02879999999999999997
1  6.55e+04  0.2224379601  5.709608e-01 1.02879999999999999997
1  6.56e+04  0.2228085254  5.709608e-01 1.02879999999999999997
1  6.58e+04  0.2231772033  5.709608e-01 1.02879999999999999997
1  6.59e+04  0.2235441856  5.709608e-01 1.02879999999999999997
1  6.61e+04  0.2239096691  5.709608e-01 1.02879999999999999997
1  6.62e+04  0.2242738548  5.709608e-01 1.02879999999999999997
1  6.64e+04  0.2246369478  5.709608e-01 1.02879999999999999997
1  6.65e+04  0.2249991573  5.709608e-01 1.02879999999999999997
1  6.67e+04  0.2253606954  5.709608e-01 1.02879999999999999997
1  6.68e+04  0.2257217777  5.709608e-01 1.02879999999999999997
1  6.70e+04  0.2260826222  5.709608e-01 1.02879999999999999997
1  6.71e+04  0.2264434492  5.709608e-01 1.02879999999999999997
1  6.73e+04  0.2268044807  5.709608e-01 1.02879999999999999997
1  6.75e+04  0.2271659401  5.709608e-01 1.02879999999999999997
1  6.76e+04  0.2275280516  5.709608e-01 1.02879999999999999997
1  6.78e+04  0.2278910399  5.709608e-01 1.02879999999999999997
1  6.79e+04  0.2282551294  5.709608e-01 1.02879999999999999997
1  6.81e+04  0.2286205437  5.709608e-01 1.02879999999999999997
1  6.82e+04  0.2289875055  5.709608e-01 1.02879999999999999997
1  6.84e+04  0.2293562354  5.709608e-01 1.02879999999999999997
1  6.85e+04  0.2297269518  5.709608e-01 1.02879999999999999997
1  6.87e+04  0.2300998702  5.709608e-01 1.02879999999999999997
1  6.89e+04  0.2304752025  5.709608e-01 1.02879999999999999997
1  6.90e+04  0.2308531565  5.709608e-01 1.02879999999999999997
1  6.92e+04  0.2312339354  5.709608e-01 1.02879999999999999997
1  6.93e+04  0.231617737  5.709608e-01 1.02879999999999999997
1  6.95e+04  0.2320047535  5.709608e-01 1.02879999999999999997
1  6.97e+04  0.2323951702  5.709608e-01 1.02879999999999999997
1  6.98e+04  0.2327891659  5.709608e-01 1.02879999999999999997
1  7.00e+04  0.2331869115  5.709608e-01 1.02879999999999999997
1  7.01e+04  0.2335885698  5.709608e-01 1.02879999999999999997
1  7.03e+04  0.233994295  5.709608e-01 1.02879999999999999997
1  7.05e+04  0.2344042322  5.709608e-01 1.02879999999999999997
1  7.06e+04  0.2348185166  5.709608e-01 1.02879999999999999997
1  7.08e+04  0.2352372735  5.709608e-01 1.02879999999999999997
1  7.10e+04  0.2356606175  5.709608e-01 1.02879999999999999997
1  7.11e+04  0.2360886521  5.709608e-01 1.02879999999999999997
1  7.13e+04  0.2365214697  5.709608e-01 1.02879999999999999997
1  7.14e+04  0.2369591505  5.709608e-01 1.02879999999999999997
1  7.16e+04  0.2374017632  5.709608e-01 1.02879999999999999997
1  7.18e+04  0.2378493636  5.709608e-01 1.02879999999999999997
1  7.19e+04  0.2383019954  5.709608e-01 1.02879999999999999997
1  7.21e+04  0.2387596891  5.709608e-01 1.02879999999999999997
1  7.23e+04  0.2392224624  5.709608e-01 1.02879999999999999997
1  7.24e+04  0.2396903201  5.709608e-01 1.02879999999999999997
1  7.26e+04  0.2401632536  5.709608e-01 1.02879999999999999997
1  7.28e+04  0.240641241  5.709608e-01 1.02879999999999999997
1  7.29e+04  0.2411242476  5.709608e-01 1.02879999999999999997
1  7.31e+04  0.2416122252  5.709608e-01 1.02879999999999999997
1  7.33e+04  0.2421051126  5.709608e-01 1.02879999999999999997
1  7.35e+04  0.2426028359  5.709608e-01 1.02879999999999999997
1  7.36e+04  0.2431053081  5.709608e-01 1.02879999999999999997
1  7.38e+04  0.24361243  5.709608e-01 1.02879999999999999997
1  7.40e+04  0.2441240899  5.709608e-01 1.02879999999999999997
1  7.41e+04  0.2446401643  5.709608e-01 1.02879999999999999997
1  7.43e+04  0.2451605179  5.709608e-01 1.02879999999999999997
1  7.45e+04  0.2456850044  5.709608e-01 1.02879999999999999997
1  7.46e+04  0.2462134663  5.709608e-01 1.02879999999999999997
1  7.48e+04  0.2467457361  5.709608e-01 1.02879999999999999997
1  7.50e+04  0.2472816362  5.709608e-01 1.02879999999999999997
1  7.52e+04  0.2478209795  5.709608e-01 1.02879999999999999997
1  7.53e+04  0.2483635701  5.709608e-01 1.02879999999999999997
1  7.55e+04  0.2489092039  5.709608e-01 1.02879999999999999997
1  7.57e+04  0.249457669  5.709608e-01 1.02879999999999999997
1  7.59e+04  0.2500087462  5.709608e-01 1.02879999999999999997
1  7.60e+04  0.25056221  5.709608e-01 1.02879999999999999997
1  7.62e+04  0.2511178291  5.709608e-01 1.02879999999999999997
1  7.64e+04  0.2516753668  5.709608e-01 1.02879999999999999997
1  7.66e+04  0.2522345819  5.709608e-01 1.02879999999999999997
1  7.67e+04  0.2527952294  5.709608e-01 1.02879999999999999997
1  7.69e+04  0.253357061  5.709608e-01 1.02879999999999999997
1  7.71e+04  0.253919826  5.709608e-01 1.02879999999999999997
1  7.73e+04  0.2544832718  5.709608e-01 1.02879999999999999997
1  7.74e+04  0.2550471446  5.709608e-01 1.02879999999999999997
1  7.76e+04  0.2556111902  5.709608e-01 1.02879999999999999997
1  7.78e+04  0.2561751544  5.709608e-01 1.02879999999999999997
1  7.80e+04  0.2567387842  5.709608e-01 1.02879999999999999997
1  7.82e+04  0.2573018278  5.709608e-01 1.02879999999999999997
1  7.83e+04  0.2578640355  5.709608e-01 1.02879999999999999997
1  7.85e+04  0.2584251606  5.709608e-01 1.02879999999999999997
1  7.87e+04  0.2589849595  5.709608e-01 1.02879999999999999997
1  7.89e+04  0.2595431927  5.709608e-01 1.02879999999999999997
1  7.91e+04  0.2600996251  5.709608e-01 1.02879999999999999997
1  7.93e+04  0.2606540269  5.709608e-01 1.02879999999999999997
1  7.94e+04  0.2612061735  5.709608e-01 1.02879999999999999997
1  7.96e+04  0.2617558467  5.709608e-01 1.02879999999999999997
1  7.98e+04  0.2623028347  5.709608e-01 1.02879999999999999997
1  8.00e+04  0.2628469326  5.709608e-01 1.02879999999999999997
1  8.02e+04  0.2633879431  5.709608e-01 1.02879999999999999997
1  8.04e+04  0.2639256767  5.709608e-01 1.02879999999999999997
1  8.05e+04  0.2644599518  5.709608e-01 1.02879999999999999997
1  8.07e+04  0.2649905957  5.709608e-01 1.02879999999999999997
1  8.09e+04  0.2655174442  5.709608e-01 1.02879999999999999997
1  8.11e+04  0.2660403424  5.709608e-01 1.02879999999999999997
1  8.13e+04  0.2665591444  5.709608e-01 1.02879999999999999997
1  8.15e+04  0.2670737143  5.709608e-01 1.02879999999999999997
1  8.17e+04  0.2675839255  5.709608e-01 1.02879999999999999997
1  8.18e+04  0.2680896615  5.709608e-01 1.02879999999999999997
1  8.20e+04  0.2685908159  5.709608e-01 1.02879999999999999997
1  8.22e+04  0.2690872921  5.709608e-01 1.02879999999999999997
1  8.24e+04  0.2695790041  5.709608e-01 1.02879999999999999997
1  8.26e+04  0.2700658757  5.709608e-01 1.02879999999999999997
1  8.28e+04  0.2705478411  5.709608e-01 1.02879999999999999997
1  8.30e+04  0.2710248449  5.709608e-01 1.02879999999999999997
1  8.32e+04  0.2714968415  5.709608e-01 1.02879999999999999997
1  8.34e+04  0.2719637958  5.709608e-01 1.02879999999999999997
1  8.36e+04  0.2724256823  5.709608e-01 1.02879999999999999997
1  8.38e+04  0.2728824859  5.709608e-01 1.02879999999999999997
1  8.39e+04  0.2733342008  5.709608e-01 1.02879999999999999997
1  8.41e+04  0.2737808312  5.709608e-01 1.02879999999999999997
1  8.43e+04  0.2742223904  5.709608e-01 1.02879999999999999997
1  8.45e+04  0.2746589012  5.709608e-01 1.02879999999999999997
1  8.47e+04  0.2750903952  5.709608e-01 1.02879999999999999997
1  8.49e+04  0.2755169131  5.709608e-01 1.02879999999999999997
1  8.51e+04  0.2759385037  5.709608e-01 1.02879999999999999997
1  8.53e+04  0.2763552244  5.709608e-01 1.02879999999999999997
1  8.55e+04  0.2767671406  5.709608e-01 1.02879999999999999997
1  8.57e+04  0.2771743251  5.709608e-01 1.02879999999999999997
1  8.59e+04  0.2775768584  5.709608e-01 1.02879999999999999997
1  8.61e+04  0.277974828  5.709608e-01 1.02879999999999999997
1  8.63e+04  0.2783683279  5.709608e-01 1.02879999999999999997
1  8.65e+04  0.278757459  5.709608e-01 1.02879999999999999997
1  8.67e+04  0.2791423279  5.709608e-01 1.02879999999999999997
1  8.69e+04  0.279523047  5.709608e-01 1.02879999999999999997
1  8.71e+04  0.2798997342  5.709608e-01 1.02879999999999999997
1  8.73e+04  0.2802725124  5.709608e-01 1.02879999999999999997
1  8.75e+04  0.2806415092  5.709608e-01 1.02879999999999999997
1  8.77e+04  0.2810068563  5.709608e-01 1.02879999999999999997
1  8.79e+04  0.2813686897  5.709608e-01 1.02879999999999999997
1  8.81e+04  0.2817271487  5.709608e-01 1.02879999999999999997
1  8.83e+04  0.282082376  5.709608e-01 1.02879999999999999997
1  8.85e+04  0.2824345172  5.709608e-01 1.02879999999999999997
1  8.87e+04  0.2827837204  5.709608e-01 1.02879999999999999997
1  8.89e+04  0.2831301357  5.709608e-01 1.02879999999999999997
1  8.91e+04  0.2834739154  5.709608e-01 1.02879999999999999997
1  8.93e+04  0.2838152129  5.709608e-01 1.02879999999999999997
1  8.95e+04  0.2841541831  5.709608e-01 1.02879999999999999997
1  8.97e+04  0.2844909816  5.709608e-01 1.02879999999999999997
1  8.99e+04  0.2848257644  5.709608e-01 1.02879999999999999997
1  9.02e+04  0.2851586879  5.709608e-01 1.02879999999999999997
1  9.04e+04  0.2854899083  5.709608e-01 1.02879999999999999997
1  9.06e+04  0.2858195815  5.709608e-01 1.02879999999999999997
1  9.08e+04  0.2861478626  5.709608e-01 1.02879999999999999997
1  9.10e+04  0.2864749059  5.709608e-01 1.02879999999999999997
1  9.12e+04  0.2868008643  5.709608e-01 1.02879999999999999997
1  9.14e+04  0.2871258895  5.709608e-01 1.02879999999999999997
1  9.16e+04  0.2874501312  5.709608e-01 1.02879999999999999997
1  9.18e+04  0.2877737375  5.709608e-01 1.02879999999999999997
1  9.20e+04  0.2880968539  5.709608e-01 1.02879999999999999997
1  9.23e+04  0.2884196241  5.709608e-01 1.02879999999999999997
1  9.25e+04  0.2887421887  5.709608e-01 1.02879999999999999997
1  9.27e+04  0.289064686  5.709608e-01 1.02879999999999999997
1  9.29e+04  0.2893872511  5.709608e-01 1.02879999999999999997
1  9.31e+04  0.2897100163  5.709608e-01 1.02879999999999999997
1  9.33e+04  0.2900331103  5.709608e-01 1.02879999999999999997
1  9.35e+04  0.2903566589  5.709608e-01 1.02879999999999999997
1  9.38e+04  0.2906807841  5.709608e-01 1.02879999999999999997
1  9.40e+04  0.2910056045  5.709608e-01 1.02879999999999999997
1  9.42e+04  0.2913312349  5.709608e-01 1.02879999999999999997
1  9.44e+04  0.2916577865  5.709608e-01 1.02879999999999999997
1  9.46e+04  0.2919853664  5.709608e-01 1.02879999999999999997
1  9.48e+04  0.2923140781  5.709608e-01 1.02879999999999999997
1  9.51e+04  0.2926440208  5.709608e-01 1.02879999999999999997
1  9.53e+04  0.29297529  5.709608e-01 1.02879999999999999997
1  9.55e+04  0.293307977  5.709608e-01 1.02879999999999999997
1  9.57e+04  0.2936421691  5.709608e-01 1.02879999999999999997
1  9.59e+04  0.2939779494  5.709608e-01 1.02879999999999999997
1  9.62e+04  0.2943153971  5.709608e-01 1.02879999999999999997
1  9.64e+04  0.2946545872  5.709608e-01 1.02879999999999999997
1  9.66e+04  0.2949955907  5.709608e-01 1.02879999999999999997
1  9.68e+04  0.2953384744  5.709608e-01 1.02879999999999999997
1  9.71e+04  0.2956833013  5.709608e-01 1.02879999999999999997
1  9.73e+04  0.2960301303  5.709608e-01 1.02879999999999999997
1  9.75e+04  0.2963790164  5.709608e-01 1.02879999999999999997
1  9.77e+04  0.2967300106  5.709608e-01 1.02879999999999999997
1  9.79e+04  0.2970831603  5.709608e-01 1.02879999999999999997
1  9.82e+04  0.2974385088  5.709608e-01 1.02879999999999999997
1  9.84e+04  0.297796096  5.709608e-01 1.02879999999999999997
1  9.86e+04  0.298155958  5.709608e-01 1.02879999999999999997
1  9.89e+04  0.2985181274  5.709608e-01 1.02879999999999999997
1  9.91e+04  0.2988826332  5.709608e-01 1.02879999999999999997
1  9.93e+04  0.299249501  5.709608e-01 1.02879999999999999997
1  9.95e+04  0.2996187533  5.709608e-01 1.02879999999999999997
1  9.98e+04  0.2999904092  5.709608e-01 1.02879999999999999997
1  1.00e+05  0.3003644845  5.709608e-01 1.02879999999999999997
