1  1.00e+04  0.02423100771  5.971558e-01 1.07599999999999999996
1  1.00e+04  0.02427768497  5.971558e-01 1.07599999999999999996
1  1.00e+04  0.02432190014  5.971558e-01 1.07599999999999999996
1  1.01e+04  0.02436053646  5.971558e-01 1.07599999999999999996
1  1.01e+04  0.02439119122  5.971558e-01 1.07599999999999999996
1  1.01e+04  0.02441227541  5.971558e-01 1.07599999999999999996
1  1.01e+04  0.0244230526  5.971558e-01 1.07599999999999999996
1  1.02e+04  0.0244236506  5.971558e-01 1.07599999999999999996
1  1.02e+04  0.02441506336  5.971558e-01 1.07599999999999999996
1  1.02e+04  0.02439913846  5.971558e-01 1.07599999999999999996
1  1.02e+04  0.02437852501  5.971558e-01 1.07599999999999999996
1  1.03e+04  0.02435654695  5.971558e-01 1.07599999999999999996
1  1.03e+04  0.02433697091  5.971558e-01 1.07599999999999999996
1  1.03e+04  0.02432365783  5.971558e-01 1.07599999999999999996
1  1.03e+04  0.02432011723  5.971558e-01 1.07599999999999999996
1  1.04e+04  0.0243290168  5.971558e-01 1.07599999999999999996
1  1.04e+04  0.02435172604  5.971558e-01 1.07599999999999999996
1  1.04e+04  0.0243879843  5.971558e-01 1.07599999999999999996
1  1.04e+04  0.02443577499  5.971558e-01 1.07599999999999999996
1  1.04e+04  0.02449145818  5.971558e-01 1.07599999999999999996
1  1.05e+04  0.02455016982  5.971558e-01 1.07599999999999999996
1  1.05e+04  0.02460644454  5.971558e-01 1.07599999999999999996
1  1.05e+04  0.02465497312  5.971558e-01 1.07599999999999999996
1  1.05e+04  0.02469137471  5.971558e-01 1.07599999999999999996
1  1.06e+04  0.02471285454  5.971558e-01 1.07599999999999999996
1  1.06e+04  0.02471863395  5.971558e-01 1.07599999999999999996
1  1.06e+04  0.02471007703  5.971558e-01 1.07599999999999999996
1  1.06e+04  0.02469049056  5.971558e-01 1.07599999999999999996
1  1.07e+04  0.02466463063  5.971558e-01 1.07599999999999999996
1  1.07e+04  0.02463800004  5.971558e-01 1.07599999999999999996
1  1.07e+04  0.02461605444  5.971558e-01 1.07599999999999999996
1  1.07e+04  0.0246034475  5.971558e-01 1.07599999999999999996
1  1.08e+04  0.02460343311  5.971558e-01 1.07599999999999999996
1  1.08e+04  0.02461750996  5.971558e-01 1.07599999999999999996
1  1.08e+04  0.024645347  5.971558e-01 1.07599999999999999996
1  1.08e+04  0.02468497793  5.971558e-01 1.07599999999999999996
1  1.09e+04  0.02473320819  5.971558e-01 1.07599999999999999996
1  1.09e+04  0.02478614779  5.971558e-01 1.07599999999999999996
1  1.09e+04  0.02483977164  5.971558e-01 1.07599999999999999996
1  1.09e+04  0.02489041766  5.971558e-01 1.07599999999999999996
1  1.10e+04  0.02493515627  5.971558e-01 1.07599999999999999996
1  1.10e+04  0.02497199857  5.971558e-01 1.07599999999999999996
1  1.10e+04  0.02499994491  5.971558e-01 1.07599999999999999996
1  1.10e+04  0.02501890451  5.971558e-01 1.07599999999999999996
1  1.11e+04  0.02502953454  5.971558e-01 1.07599999999999999996
1  1.11e+04  0.02503305102  5.971558e-01 1.07599999999999999996
1  1.11e+04  0.02503105577  5.971558e-01 1.07599999999999999996
1  1.11e+04  0.02502540541  5.971558e-01 1.07599999999999999996
1  1.12e+04  0.02501812694  5.971558e-01 1.07599999999999999996
1  1.12e+04  0.02501136445  5.971558e-01 1.07599999999999999996
1  1.12e+04  0.02500732857  5.971558e-01 1.07599999999999999996
1  1.12e+04  0.02500821766  5.971558e-01 1.07599999999999999996
1  1.13e+04  0.02501608746  5.971558e-01 1.07599999999999999996
1  1.13e+04  0.02503266333  5.971558e-01 1.07599999999999999996
1  1.13e+04  0.02505910982  5.971558e-01 1.07599999999999999996
1  1.14e+04  0.02509579343  5.971558e-01 1.07599999999999999996
1  1.14e+04  0.02514208745  5.971558e-01 1.07599999999999999996
1  1.14e+04  0.02519627187  5.971558e-01 1.07599999999999999996
1  1.14e+04  0.02525557162  5.971558e-01 1.07599999999999999996
1  1.15e+04  0.02531635678  5.971558e-01 1.07599999999999999996
1  1.15e+04  0.02537450003  5.971558e-01 1.07599999999999999996
1  1.15e+04  0.02542585661  5.971558e-01 1.07599999999999999996
1  1.15e+04  0.02546680545  5.971558e-01 1.07599999999999999996
1  1.16e+04  0.02549477274  5.971558e-01 1.07599999999999999996
1  1.16e+04  0.0255086547  5.971558e-01 1.07599999999999999996
1  1.16e+04  0.02550906611  5.971558e-01 1.07599999999999999996
1  1.16e+04  0.02549836435  5.971558e-01 1.07599999999999999996
1  1.17e+04  0.02548043115  5.971558e-01 1.07599999999999999996
1  1.17e+04  0.02546023173  5.971558e-01 1.07599999999999999996
1  1.17e+04  0.0254432062  5.971558e-01 1.07599999999999999996
1  1.17e+04  0.02543457566  5.971558e-01 1.07599999999999999996
1  1.18e+04  0.02543866099  5.971558e-01 1.07599999999999999996
1  1.18e+04  0.02545831187  5.971558e-01 1.07599999999999999996
1  1.18e+04  0.02549452838  5.971558e-01 1.07599999999999999996
1  1.19e+04  0.02554632934  5.971558e-01 1.07599999999999999996
1  1.19e+04  0.02561088461  5.971558e-01 1.07599999999999999996
1  1.19e+04  0.02568389013  5.971558e-01 1.07599999999999999996
1  1.19e+04  0.02576012933  5.971558e-01 1.07599999999999999996
1  1.20e+04  0.02583413934  5.971558e-01 1.07599999999999999996
1  1.20e+04  0.02590088791  5.971558e-01 1.07599999999999999996
1  1.20e+04  0.02595636949  5.971558e-01 1.07599999999999999996
1  1.21e+04  0.02599804404  5.971558e-01 1.07599999999999999996
1  1.21e+04  0.02602506878  5.971558e-01 1.07599999999999999996
1  1.21e+04  0.02603830414  5.971558e-01 1.07599999999999999996
1  1.21e+04  0.02604010847  5.971558e-01 1.07599999999999999996
1  1.22e+04  0.02603396367  5.971558e-01 1.07599999999999999996
1  1.22e+04  0.02602399452  5.971558e-01 1.07599999999999999996
1  1.22e+04  0.02601445381  5.971558e-01 1.07599999999999999996
1  1.22e+04  0.02600924376  5.971558e-01 1.07599999999999999996
1  1.23e+04  0.02601153224  5.971558e-01 1.07599999999999999996
1  1.23e+04  0.02602350259  5.971558e-01 1.07599999999999999996
1  1.23e+04  0.02604625242  5.971558e-01 1.07599999999999999996
1  1.24e+04  0.02607983311  5.971558e-01 1.07599999999999999996
1  1.24e+04  0.02612340203  5.971558e-01 1.07599999999999999996
1  1.24e+04  0.02617544669  5.971558e-01 1.07599999999999999996
1  1.24e+04  0.02623403533  5.971558e-01 1.07599999999999999996
1  1.25e+04  0.02629705223  5.971558e-01 1.07599999999999999996
1  1.25e+04  0.02636238662  5.971558e-01 1.07599999999999999996
1  1.25e+04  0.02642805853  5.971558e-01 1.07599999999999999996
1  1.26e+04  0.02649228116  5.971558e-01 1.07599999999999999996
1  1.26e+04  0.02655347271  5.971558e-01 1.07599999999999999996
1  1.26e+04  0.02661024039  5.971558e-01 1.07599999999999999996
1  1.26e+04  0.02666136236  5.971558e-01 1.07599999999999999996
1  1.27e+04  0.02670579102  5.971558e-01 1.07599999999999999996
1  1.27e+04  0.02674269303  5.971558e-01 1.07599999999999999996
1  1.27e+04  0.02677153003  5.971558e-01 1.07599999999999999996
1  1.28e+04  0.02679217145  5.971558e-01 1.07599999999999999996
1  1.28e+04  0.02680501953  5.971558e-01 1.07599999999999999996
1  1.28e+04  0.02681111889  5.971558e-01 1.07599999999999999996
1  1.29e+04  0.02681221982  5.971558e-01 1.07599999999999999996
1  1.29e+04  0.02681076804  5.971558e-01 1.07599999999999999996
1  1.29e+04  0.02680980157  5.971558e-01 1.07599999999999999996
1  1.29e+04  0.02681274916  5.971558e-01 1.07599999999999999996
1  1.30e+04  0.02682313986  5.971558e-01 1.07599999999999999996
1  1.30e+04  0.02684424941  5.971558e-01 1.07599999999999999996
1  1.30e+04  0.02687872238  5.971558e-01 1.07599999999999999996
1  1.31e+04  0.02692821725  5.971558e-01 1.07599999999999999996
1  1.31e+04  0.02699312388  5.971558e-01 1.07599999999999999996
1  1.31e+04  0.02707239724  5.971558e-01 1.07599999999999999996
1  1.32e+04  0.02716353961  5.971558e-01 1.07599999999999999996
1  1.32e+04  0.02726274598  5.971558e-01 1.07599999999999999996
1  1.32e+04  0.02736520723  5.971558e-01 1.07599999999999999996
1  1.32e+04  0.02746554552  5.971558e-01 1.07599999999999999996
1  1.33e+04  0.02755833819  5.971558e-01 1.07599999999999999996
1  1.33e+04  0.02763867422  5.971558e-01 1.07599999999999999996
1  1.33e+04  0.02770268097  5.971558e-01 1.07599999999999999996
1  1.34e+04  0.02774796062  5.971558e-01 1.07599999999999999996
1  1.34e+04  0.02777388497  5.971558e-01 1.07599999999999999996
1  1.34e+04  0.02778171183  5.971558e-01 1.07599999999999999996
1  1.35e+04  0.02777450659  5.971558e-01 1.07599999999999999996
1  1.35e+04  0.02775687381  5.971558e-01 1.07599999999999999996
1  1.35e+04  0.02773452524  5.971558e-01 1.07599999999999999996
1  1.36e+04  0.0277137291  5.971558e-01 1.07599999999999999996
1  1.36e+04  0.02770069861  5.971558e-01 1.07599999999999999996
1  1.36e+04  0.02770098471  5.971558e-01 1.07599999999999999996
1  1.36e+04  0.02771893698  5.971558e-01 1.07599999999999999996
1  1.37e+04  0.02775728906  5.971558e-01 1.07599999999999999996
1  1.37e+04  0.0278169104  5.971558e-01 1.07599999999999999996
1  1.37e+04  0.02789674758  5.971558e-01 1.07599999999999999996
1  1.38e+04  0.02799395743  5.971558e-01 1.07599999999999999996
1  1.38e+04  0.02810421357  5.971558e-01 1.07599999999999999996
1  1.38e+04  0.02822214983  5.971558e-01 1.07599999999999999996
1  1.39e+04  0.02834189108  5.971558e-01 1.07599999999999999996
1  1.39e+04  0.02845761442  5.971558e-01 1.07599999999999999996
1  1.39e+04  0.02856408322  5.971558e-01 1.07599999999999999996
1  1.40e+04  0.02865710201  5.971558e-01 1.07599999999999999996
1  1.40e+04  0.02873385087  5.971558e-01 1.07599999999999999996
1  1.40e+04  0.02879307292  5.971558e-01 1.07599999999999999996
1  1.41e+04  0.02883510453  5.971558e-01 1.07599999999999999996
1  1.41e+04  0.02886175496  5.971558e-01 1.07599999999999999996
1  1.41e+04  0.02887605652  5.971558e-01 1.07599999999999999996
1  1.42e+04  0.02888191827  5.971558e-01 1.07599999999999999996
1  1.42e+04  0.0288837238  5.971558e-01 1.07599999999999999996
1  1.42e+04  0.02888591625  5.971558e-01 1.07599999999999999996
1  1.43e+04  0.02889261209  5.971558e-01 1.07599999999999999996
1  1.43e+04  0.02890727885  5.971558e-01 1.07599999999999999996
1  1.43e+04  0.02893250264  5.971558e-01 1.07599999999999999996
1  1.44e+04  0.02896985972  5.971558e-01 1.07599999999999999996
1  1.44e+04  0.02901989429  5.971558e-01 1.07599999999999999996
1  1.44e+04  0.02908219305  5.971558e-01 1.07599999999999999996
1  1.45e+04  0.0291555377  5.971558e-01 1.07599999999999999996
1  1.45e+04  0.02923811029  5.971558e-01 1.07599999999999999996
1  1.45e+04  0.02932772309  5.971558e-01 1.07599999999999999996
1  1.46e+04  0.02942204562  5.971558e-01 1.07599999999999999996
1  1.46e+04  0.02951880511  5.971558e-01 1.07599999999999999996
1  1.46e+04  0.02961594315  5.971558e-01 1.07599999999999999996
1  1.47e+04  0.02971171881  5.971558e-01 1.07599999999999999996
1  1.47e+04  0.02980475657  5.971558e-01 1.07599999999999999996
1  1.47e+04  0.02989404467  5.971558e-01 1.07599999999999999996
1  1.48e+04  0.02997889526  5.971558e-01 1.07599999999999999996
1  1.48e+04  0.03005888091  5.971558e-01 1.07599999999999999996
1  1.48e+04  0.03013376393  5.971558e-01 1.07599999999999999996
1  1.49e+04  0.03020343301  5.971558e-01 1.07599999999999999996
1  1.49e+04  0.03026785947  5.971558e-01 1.07599999999999999996
1  1.49e+04  0.03032708016  5.971558e-01 1.07599999999999999996
1  1.50e+04  0.03038120951  5.971558e-01 1.07599999999999999996
1  1.50e+04  0.0304304772  5.971558e-01 1.07599999999999999996
1  1.50e+04  0.03047528374  5.971558e-01 1.07599999999999999996
1  1.51e+04  0.03051626233  5.971558e-01 1.07599999999999999996
1  1.51e+04  0.03055433335  5.971558e-01 1.07599999999999999996
1  1.51e+04  0.03059073814  5.971558e-01 1.07599999999999999996
1  1.52e+04  0.03062703999  5.971558e-01 1.07599999999999999996
1  1.52e+04  0.03066508437  5.971558e-01 1.07599999999999999996
1  1.52e+04  0.03070691507  5.971558e-01 1.07599999999999999996
1  1.53e+04  0.03075464868  5.971558e-01 1.07599999999999999996
1  1.53e+04  0.03081031576  5.971558e-01 1.07599999999999999996
1  1.53e+04  0.03087568204  5.971558e-01 1.07599999999999999996
1  1.54e+04  0.03095206694  5.971558e-01 1.07599999999999999996
1  1.54e+04  0.03104017875  5.971558e-01 1.07599999999999999996
1  1.55e+04  0.03113998545  5.971558e-01 1.07599999999999999996
1  1.55e+04  0.03125063804  5.971558e-01 1.07599999999999999996
1  1.55e+04  0.03137045893  5.971558e-01 1.07599999999999999996
1  1.56e+04  0.0314970019  5.971558e-01 1.07599999999999999996
1  1.56e+04  0.03162718364  5.971558e-01 1.07599999999999999996
1  1.56e+04  0.03175747972  5.971558e-01 1.07599999999999999996
1  1.57e+04  0.03188417152  5.971558e-01 1.07599999999999999996
1  1.57e+04  0.03200362526  5.971558e-01 1.07599999999999999996
1  1.57e+04  0.03211258042  5.971558e-01 1.07599999999999999996
1  1.58e+04  0.03220842352  5.971558e-01 1.07599999999999999996
1  1.58e+04  0.03228942332  5.971558e-01 1.07599999999999999996
1  1.58e+04  0.03235490616  5.971558e-01 1.07599999999999999996
1  1.59e+04  0.03240535467  5.971558e-01 1.07599999999999999996
1  1.59e+04  0.03244241896  5.971558e-01 1.07599999999999999996
1  1.60e+04  0.03246883639  5.971558e-01 1.07599999999999999996
1  1.60e+04  0.03248826349  5.971558e-01 1.07599999999999999996
1  1.60e+04  0.03250503104  5.971558e-01 1.07599999999999999996
1  1.61e+04  0.03252383965  5.971558e-01 1.07599999999999999996
1  1.61e+04  0.03254941867  5.971558e-01 1.07599999999999999996
1  1.61e+04  0.03258617446  5.971558e-01 1.07599999999999999996
1  1.62e+04  0.03263785564  5.971558e-01 1.07599999999999999996
1  1.62e+04  0.03270726164  5.971558e-01 1.07599999999999999996
1  1.63e+04  0.03279601812  5.971558e-01 1.07599999999999999996
1  1.63e+04  0.03290443733  5.971558e-01 1.07599999999999999996
1  1.63e+04  0.03303147516  5.971558e-01 1.07599999999999999996
1  1.64e+04  0.03317478884  5.971558e-01 1.07599999999999999996
1  1.64e+04  0.03333089143  5.971558e-01 1.07599999999999999996
1  1.64e+04  0.03349539183  5.971558e-01 1.07599999999999999996
1  1.65e+04  0.03366330229  5.971558e-01 1.07599999999999999996
1  1.65e+04  0.03382939053  5.971558e-01 1.07599999999999999996
1  1.66e+04  0.03398855034  5.971558e-01 1.07599999999999999996
1  1.66e+04  0.03413616354  5.971558e-01 1.07599999999999999996
1  1.66e+04  0.03426842674  5.971558e-01 1.07599999999999999996
1  1.67e+04  0.03438261983  5.971558e-01 1.07599999999999999996
1  1.67e+04  0.03447729709  5.971558e-01 1.07599999999999999996
1  1.67e+04  0.034552388  5.971558e-01 1.07599999999999999996
1  1.68e+04  0.03460920136  5.971558e-01 1.07599999999999999996
1  1.68e+04  0.03465033313  5.971558e-01 1.07599999999999999996
1  1.69e+04  0.03467948557  5.971558e-01 1.07599999999999999996
1  1.69e+04  0.03470121092  5.971558e-01 1.07599999999999999996
1  1.69e+04  0.03472059847  5.971558e-01 1.07599999999999999996
1  1.70e+04  0.03474292718  5.971558e-01 1.07599999999999999996
1  1.70e+04  0.03477330847  5.971558e-01 1.07599999999999999996
1  1.71e+04  0.03481634376  5.971558e-01 1.07599999999999999996
1  1.71e+04  0.03487582042  5.971558e-01 1.07599999999999999996
1  1.71e+04  0.03495446614  5.971558e-01 1.07599999999999999996
1  1.72e+04  0.03505377793  5.971558e-01 1.07599999999999999996
1  1.72e+04  0.03517393596  5.971558e-01 1.07599999999999999996
1  1.73e+04  0.03531380667  5.971558e-01 1.07599999999999999996
1  1.73e+04  0.03547103319  5.971558e-01 1.07599999999999999996
1  1.73e+04  0.03564220511  5.971558e-01 1.07599999999999999996
1  1.74e+04  0.03582309463  5.971558e-01 1.07599999999999999996
1  1.74e+04  0.03600894172  5.971558e-01 1.07599999999999999996
1  1.75e+04  0.03619476825  5.971558e-01 1.07599999999999999996
1  1.75e+04  0.0363756998  5.971558e-01 1.07599999999999999996
1  1.75e+04  0.03654727393  5.971558e-01 1.07599999999999999996
1  1.76e+04  0.03670571521  5.971558e-01 1.07599999999999999996
1  1.76e+04  0.03684816046  5.971558e-01 1.07599999999999999996
1  1.77e+04  0.03697282107  5.971558e-01 1.07599999999999999996
1  1.77e+04  0.0370790739  5.971558e-01 1.07599999999999999996
1  1.77e+04  0.03716747712  5.971558e-01 1.07599999999999999996
1  1.78e+04  0.03723971221  5.971558e-01 1.07599999999999999996
1  1.78e+04  0.03729845771  5.971558e-01 1.07599999999999999996
1  1.79e+04  0.03734720468  5.971558e-01 1.07599999999999999996
1  1.79e+04  0.03739002687  5.971558e-01 1.07599999999999999996
1  1.79e+04  0.0374313212  5.971558e-01 1.07599999999999999996
1  1.80e+04  0.03747553519  5.971558e-01 1.07599999999999999996
1  1.80e+04  0.03752689867  5.971558e-01 1.07599999999999999996
1  1.81e+04  0.0375891759  5.971558e-01 1.07599999999999999996
1  1.81e+04  0.03766545275  5.971558e-01 1.07599999999999999996
1  1.82e+04  0.03775797073  5.971558e-01 1.07599999999999999996
1  1.82e+04  0.03786801658  5.971558e-01 1.07599999999999999996
1  1.82e+04  0.03799587221  5.971558e-01 1.07599999999999999996
1  1.83e+04  0.03814082605  5.971558e-01 1.07599999999999999996
1  1.83e+04  0.03830124285  5.971558e-01 1.07599999999999999996
1  1.84e+04  0.03847468571  5.971558e-01 1.07599999999999999996
1  1.84e+04  0.03865808097  5.971558e-01 1.07599999999999999996
1  1.85e+04  0.0388479145  5.971558e-01 1.07599999999999999996
1  1.85e+04  0.0390404465  5.971558e-01 1.07599999999999999996
1  1.85e+04  0.03923193135  5.971558e-01 1.07599999999999999996
1  1.86e+04  0.03941882952  5.971558e-01 1.07599999999999999996
1  1.86e+04  0.03959799949  5.971558e-01 1.07599999999999999996
1  1.87e+04  0.03976685961  5.971558e-01 1.07599999999999999996
1  1.87e+04  0.03992351192  5.971558e-01 1.07599999999999999996
1  1.87e+04  0.04006682265  5.971558e-01 1.07599999999999999996
1  1.88e+04  0.04019645685  5.971558e-01 1.07599999999999999996
1  1.88e+04  0.04031286737  5.971558e-01 1.07599999999999999996
1  1.89e+04  0.04041724077  5.971558e-01 1.07599999999999999996
1  1.89e+04  0.04051140526  5.971558e-01 1.07599999999999999996
1  1.90e+04  0.04059770739  5.971558e-01 1.07599999999999999996
1  1.90e+04  0.04067886578  5.971558e-01 1.07599999999999999996
1  1.91e+04  0.04075781074  5.971558e-01 1.07599999999999999996
1  1.91e+04  0.04083751952  5.971558e-01 1.07599999999999999996
1  1.91e+04  0.040920856  5.971558e-01 1.07599999999999999996
1  1.92e+04  0.04101042368  5.971558e-01 1.07599999999999999996
1  1.92e+04  0.04110843929  5.971558e-01 1.07599999999999999996
1  1.93e+04  0.04121663291  5.971558e-01 1.07599999999999999996
1  1.93e+04  0.04133617892  5.971558e-01 1.07599999999999999996
1  1.94e+04  0.04146766006  5.971558e-01 1.07599999999999999996
1  1.94e+04  0.04161106494  5.971558e-01 1.07599999999999999996
1  1.95e+04  0.04176581738  5.971558e-01 1.07599999999999999996
1  1.95e+04  0.04193083449  5.971558e-01 1.07599999999999999996
1  1.95e+04  0.04210460856  5.971558e-01 1.07599999999999999996
1  1.96e+04  0.04228530709  5.971558e-01 1.07599999999999999996
1  1.96e+04  0.0424708844  5.971558e-01 1.07599999999999999996
1  1.97e+04  0.04265919808  5.971558e-01 1.07599999999999999996
1  1.97e+04  0.04284812365  5.971558e-01 1.07599999999999999996
1  1.98e+04  0.04303566134  5.971558e-01 1.07599999999999999996
1  1.98e+04  0.0432200298  5.971558e-01 1.07599999999999999996
1  1.99e+04  0.04339974253  5.971558e-01 1.07599999999999999996
1  1.99e+04  0.04357366419  5.971558e-01 1.07599999999999999996
1  2.00e+04  0.04374104514  5.971558e-01 1.07599999999999999996
1  2.00e+04  0.04390153397  5.971558e-01 1.07599999999999999996
1  2.00e+04  0.04405516884  5.971558e-01 1.07599999999999999996
1  2.01e+04  0.04420234962  5.971558e-01 1.07599999999999999996
1  2.01e+04  0.04434379355  5.971558e-01 1.07599999999999999996
1  2.02e+04  0.04448047785  5.971558e-01 1.07599999999999999996
1  2.02e+04  0.04461357325  5.971558e-01 1.07599999999999999996
1  2.03e+04  0.04474437227  5.971558e-01 1.07599999999999999996
1  2.03e+04  0.0448742164  5.971558e-01 1.07599999999999999996
1  2.04e+04  0.04500442601  5.971558e-01 1.07599999999999999996
1  2.04e+04  0.04513623626  5.971558e-01 1.07599999999999999996
1  2.05e+04  0.04527074214  5.971558e-01 1.07599999999999999996
1  2.05e+04  0.04540885478  5.971558e-01 1.07599999999999999996
1  2.06e+04  0.0455512706  5.971558e-01 1.07599999999999999996
1  2.06e+04  0.04569845411  5.971558e-01 1.07599999999999999996
1  2.07e+04  0.04585063451  5.971558e-01 1.07599999999999999996
1  2.07e+04  0.04600781517  5.971558e-01 1.07599999999999999996
1  2.07e+04  0.04616979473  5.971558e-01 1.07599999999999999996
1  2.08e+04  0.04633619787  5.971558e-01 1.07599999999999999996
1  2.08e+04  0.04650651325  5.971558e-01 1.07599999999999999996
1  2.09e+04  0.04668013599  5.971558e-01 1.07599999999999999996
1  2.09e+04  0.04685641189  5.971558e-01 1.07599999999999999996
1  2.10e+04  0.04703468057  5.971558e-01 1.07599999999999999996
1  2.10e+04  0.04721431516  5.971558e-01 1.07599999999999999996
1  2.11e+04  0.04739475619  5.971558e-01 1.07599999999999999996
1  2.11e+04  0.04757553826  5.971558e-01 1.07599999999999999996
1  2.12e+04  0.04775630818  5.971558e-01 1.07599999999999999996
1  2.12e+04  0.04793683424  5.971558e-01 1.07599999999999999996
1  2.13e+04  0.04811700666  5.971558e-01 1.07599999999999999996
1  2.13e+04  0.04829682977  5.971558e-01 1.07599999999999999996
1  2.14e+04  0.04847640723  5.971558e-01 1.07599999999999999996
1  2.14e+04  0.04865592146  5.971558e-01 1.07599999999999999996
1  2.15e+04  0.04883560924  5.971558e-01 1.07599999999999999996
1  2.15e+04  0.04901573509  5.971558e-01 1.07599999999999999996
1  2.16e+04  0.04919656444  5.971558e-01 1.07599999999999999996
1  2.16e+04  0.04937833807  5.971558e-01 1.07599999999999999996
1  2.17e+04  0.04956124953  5.971558e-01 1.07599999999999999996
1  2.17e+04  0.04974542676  5.971558e-01 1.07599999999999999996
1  2.18e+04  0.04993091879  5.971558e-01 1.07599999999999999996
1  2.18e+04  0.05011768825  5.971558e-01 1.07599999999999999996
1  2.19e+04  0.05030560998  5.971558e-01 1.07599999999999999996
1  2.19e+04  0.05049447562  5.971558e-01 1.07599999999999999996
1  2.20e+04  0.05068400405  5.971558e-01 1.07599999999999999996
1  2.20e+04  0.0508738568  5.971558e-01 1.07599999999999999996
1  2.21e+04  0.05106365779  5.971558e-01 1.07599999999999999996
1  2.21e+04  0.05125301624  5.971558e-01 1.07599999999999999996
1  2.22e+04  0.05144155146  5.971558e-01 1.07599999999999999996
1  2.22e+04  0.05162891839  5.971558e-01 1.07599999999999999996
1  2.23e+04  0.05181483225  5.971558e-01 1.07599999999999999996
1  2.23e+04  0.05199909115  5.971558e-01 1.07599999999999999996
1  2.24e+04  0.05218159527  5.971558e-01 1.07599999999999999996
1  2.24e+04  0.05236236149  5.971558e-01 1.07599999999999999996
1  2.25e+04  0.0525415326  5.971558e-01 1.07599999999999999996
1  2.25e+04  0.05271938026  5.971558e-01 1.07599999999999999996
1  2.26e+04  0.05289630151  5.971558e-01 1.07599999999999999996
1  2.26e+04  0.05307280868  5.971558e-01 1.07599999999999999996
1  2.27e+04  0.05324951308  5.971558e-01 1.07599999999999999996
1  2.28e+04  0.05342710299  5.971558e-01 1.07599999999999999996
1  2.28e+04  0.05360631698  5.971558e-01 1.07599999999999999996
1  2.29e+04  0.05378791374  5.971558e-01 1.07599999999999999996
1  2.29e+04  0.05397263979  5.971558e-01 1.07599999999999999996
1  2.30e+04  0.05416119652  5.971558e-01 1.07599999999999999996
1  2.30e+04  0.05435420823  5.971558e-01 1.07599999999999999996
1  2.31e+04  0.05455219255  5.971558e-01 1.07599999999999999996
1  2.31e+04  0.05475553466  5.971558e-01 1.07599999999999999996
1  2.32e+04  0.05496446655  5.971558e-01 1.07599999999999999996
1  2.32e+04  0.05517905217  5.971558e-01 1.07599999999999999996
1  2.33e+04  0.05539917923  5.971558e-01 1.07599999999999999996
1  2.33e+04  0.05562455795  5.971558e-01 1.07599999999999999996
1  2.34e+04  0.05585472685  5.971558e-01 1.07599999999999999996
1  2.34e+04  0.05608906531  5.971558e-01 1.07599999999999999996
1  2.35e+04  0.0563268125  5.971558e-01 1.07599999999999999996
1  2.36e+04  0.05656709174  5.971558e-01 1.07599999999999999996
1  2.36e+04  0.05680893953  5.971558e-01 1.07599999999999999996
1  2.37e+04  0.05705133811  5.971558e-01 1.07599999999999999996
1  2.37e+04  0.05729325028  5.971558e-01 1.07599999999999999996
1  2.38e+04  0.05753365532  5.971558e-01 1.07599999999999999996
1  2.38e+04  0.05777158473  5.971558e-01 1.07599999999999999996
1  2.39e+04  0.05800615653  5.971558e-01 1.07599999999999999996
1  2.39e+04  0.0582366069  5.971558e-01 1.07599999999999999996
1  2.40e+04  0.05846231816  5.971558e-01 1.07599999999999999996
1  2.40e+04  0.05868284209  5.971558e-01 1.07599999999999999996
1  2.41e+04  0.05889791778  5.971558e-01 1.07599999999999999996
1  2.42e+04  0.05910748334  5.971558e-01 1.07599999999999999996
1  2.42e+04  0.05931168112  5.971558e-01 1.07599999999999999996
1  2.43e+04  0.05951085612  5.971558e-01 1.07599999999999999996
1  2.43e+04  0.0597055477  5.971558e-01 1.07599999999999999996
1  2.44e+04  0.05989647462  5.971558e-01 1.07599999999999999996
1  2.44e+04  0.06008451415  5.971558e-01 1.07599999999999999996
1  2.45e+04  0.06027067559  5.971558e-01 1.07599999999999999996
1  2.45e+04  0.06045606935  5.971558e-01 1.07599999999999999996
1  2.46e+04  0.06064187239  5.971558e-01 1.07599999999999999996
1  2.47e+04  0.06082929135  5.971558e-01 1.07599999999999999996
1  2.47e+04  0.06101952451  5.971558e-01 1.07599999999999999996
1  2.48e+04  0.06121372391  5.971558e-01 1.07599999999999999996
1  2.48e+04  0.06141295894  5.971558e-01 1.07599999999999999996
1  2.49e+04  0.06161818256  5.971558e-01 1.07599999999999999996
1  2.49e+04  0.06183020135  5.971558e-01 1.07599999999999999996
1  2.50e+04  0.06204965026  5.971558e-01 1.07599999999999999996
1  2.51e+04  0.06227697294  5.971558e-01 1.07599999999999999996
1  2.51e+04  0.06251240818  5.971558e-01 1.07599999999999999996
1  2.52e+04  0.06275598282  5.971558e-01 1.07599999999999999996
1  2.52e+04  0.06300751126  5.971558e-01 1.07599999999999999996
1  2.53e+04  0.06326660141  5.971558e-01 1.07599999999999999996
1  2.54e+04  0.0635326669  5.971558e-01 1.07599999999999999996
1  2.54e+04  0.06380494485  5.971558e-01 1.07599999999999999996
1  2.55e+04  0.06408251872  5.971558e-01 1.07599999999999999996
1  2.55e+04  0.06436434531  5.971558e-01 1.07599999999999999996
1  2.56e+04  0.06464928504  5.971558e-01 1.07599999999999999996
1  2.56e+04  0.06493613465  5.971558e-01 1.07599999999999999996
1  2.57e+04  0.06522366114  5.971558e-01 1.07599999999999999996
1  2.58e+04  0.06551063613  5.971558e-01 1.07599999999999999996
1  2.58e+04  0.06579586965  5.971558e-01 1.07599999999999999996
1  2.59e+04  0.06607824233  5.971558e-01 1.07599999999999999996
1  2.59e+04  0.06635673528  5.971558e-01 1.07599999999999999996
1  2.60e+04  0.0666304569  5.971558e-01 1.07599999999999999996
1  2.61e+04  0.06689866586  5.971558e-01 1.07599999999999999996
1  2.61e+04  0.06716078984  5.971558e-01 1.07599999999999999996
1  2.62e+04  0.06741643953  5.971558e-01 1.07599999999999999996
1  2.62e+04  0.06766541763  5.971558e-01 1.07599999999999999996
1  2.63e+04  0.06790772269  5.971558e-01 1.07599999999999999996
1  2.64e+04  0.06814354774  5.971558e-01 1.07599999999999999996
1  2.64e+04  0.06837327384  5.971558e-01 1.07599999999999999996
1  2.65e+04  0.06859745875  5.971558e-01 1.07599999999999999996
1  2.65e+04  0.06881682112  5.971558e-01 1.07599999999999999996
1  2.66e+04  0.06903222066  5.971558e-01 1.07599999999999999996
1  2.67e+04  0.06924463483  5.971558e-01 1.07599999999999999996
1  2.67e+04  0.06945513281  5.971558e-01 1.07599999999999999996
1  2.68e+04  0.06966484731  5.971558e-01 1.07599999999999999996
1  2.69e+04  0.06987494529  5.971558e-01 1.07599999999999999996
1  2.69e+04  0.07008659806  5.971558e-01 1.07599999999999999996
1  2.70e+04  0.07030095184  5.971558e-01 1.07599999999999999996
1  2.70e+04  0.07051909943  5.971558e-01 1.07599999999999999996
1  2.71e+04  0.07074205379  5.971558e-01 1.07599999999999999996
1  2.72e+04  0.07097072408  5.971558e-01 1.07599999999999999996
1  2.72e+04  0.07120589492  5.971558e-01 1.07599999999999999996
1  2.73e+04  0.07144820917  5.971558e-01 1.07599999999999999996
1  2.74e+04  0.07169815463  5.971558e-01 1.07599999999999999996
1  2.74e+04  0.07195605494  5.971558e-01 1.07599999999999999996
1  2.75e+04  0.07222206474  5.971558e-01 1.07599999999999999996
1  2.75e+04  0.07249616897  5.971558e-01 1.07599999999999999996
1  2.76e+04  0.07277818644  5.971558e-01 1.07599999999999999996
1  2.77e+04  0.07306777707  5.971558e-01 1.07599999999999999996
1  2.77e+04  0.07336445281  5.971558e-01 1.07599999999999999996
1  2.78e+04  0.07366759161  5.971558e-01 1.07599999999999999996
1  2.79e+04  0.07397645404  5.971558e-01 1.07599999999999999996
1  2.79e+04  0.0742902022  5.971558e-01 1.07599999999999999996
1  2.80e+04  0.07460792012  5.971558e-01 1.07599999999999999996
1  2.81e+04  0.07492863537  5.971558e-01 1.07599999999999999996
1  2.81e+04  0.07525134128  5.971558e-01 1.07599999999999999996
1  2.82e+04  0.07557501917  5.971558e-01 1.07599999999999999996
1  2.82e+04  0.07589866027  5.971558e-01 1.07599999999999999996
1  2.83e+04  0.07622128675  5.971558e-01 1.07599999999999999996
1  2.84e+04  0.07654197155  5.971558e-01 1.07599999999999999996
1  2.84e+04  0.07685985657  5.971558e-01 1.07599999999999999996
1  2.85e+04  0.07717416896  5.971558e-01 1.07599999999999999996
1  2.86e+04  0.07748423529  5.971558e-01 1.07599999999999999996
1  2.86e+04  0.07778949325  5.971558e-01 1.07599999999999999996
1  2.87e+04  0.07808950083  5.971558e-01 1.07599999999999999996
1  2.88e+04  0.0783839429  5.971558e-01 1.07599999999999999996
1  2.88e+04  0.07867263505  5.971558e-01 1.07599999999999999996
1  2.89e+04  0.07895552468  5.971558e-01 1.07599999999999999996
1  2.90e+04  0.07923268951  5.971558e-01 1.07599999999999999996
1  2.90e+04  0.07950433351  5.971558e-01 1.07599999999999999996
1  2.91e+04  0.07977078038  5.971558e-01 1.07599999999999999996
1  2.92e+04  0.08003246492  5.971558e-01 1.07599999999999999996
1  2.92e+04  0.08028992233  5.971558e-01 1.07599999999999999996
1  2.93e+04  0.08054377588  5.971558e-01 1.07599999999999999996
1  2.94e+04  0.08079472316  5.971558e-01 1.07599999999999999996
1  2.94e+04  0.08104352124  5.971558e-01 1.07599999999999999996
1  2.95e+04  0.08129097116  5.971558e-01 1.07599999999999999996
1  2.96e+04  0.08153790195  5.971558e-01 1.07599999999999999996
1  2.96e+04  0.08178515469  5.971558e-01 1.07599999999999999996
1  2.97e+04  0.08203356675  5.971558e-01 1.07599999999999999996
1  2.98e+04  0.08228395672  5.971558e-01 1.07599999999999999996
1  2.99e+04  0.08253711016  5.971558e-01 1.07599999999999999996
1  2.99e+04  0.08279376641  5.971558e-01 1.07599999999999999996
1  3.00e+04  0.0830546068  5.971558e-01 1.07599999999999999996
1  3.01e+04  0.08332024429  5.971558e-01 1.07599999999999999996
1  3.01e+04  0.08359121471  5.971558e-01 1.07599999999999999996
1  3.02e+04  0.08386796971  5.971558e-01 1.07599999999999999996
1  3.03e+04  0.08415087133  5.971558e-01 1.07599999999999999996
1  3.03e+04  0.0844401884  5.971558e-01 1.07599999999999999996
1  3.04e+04  0.08473609449  5.971558e-01 1.07599999999999999996
1  3.05e+04  0.08503866753  5.971558e-01 1.07599999999999999996
1  3.05e+04  0.08534789088  5.971558e-01 1.07599999999999999996
1  3.06e+04  0.08566365588  5.971558e-01 1.07599999999999999996
1  3.07e+04  0.08598576555  5.971558e-01 1.07599999999999999996
1  3.08e+04  0.08631393956  5.971558e-01 1.07599999999999999996
1  3.08e+04  0.08664782012  5.971558e-01 1.07599999999999999996
1  3.09e+04  0.08698697875  5.971558e-01 1.07599999999999999996
1  3.10e+04  0.08733092386  5.971558e-01 1.07599999999999999996
1  3.10e+04  0.08767910882  5.971558e-01 1.07599999999999999996
1  3.11e+04  0.08803094063  5.971558e-01 1.07599999999999999996
1  3.12e+04  0.08838578891  5.971558e-01 1.07599999999999999996
1  3.13e+04  0.0887429951  5.971558e-01 1.07599999999999999996
1  3.13e+04  0.08910188194  5.971558e-01 1.07599999999999999996
1  3.14e+04  0.08946176283  5.971558e-01 1.07599999999999999996
1  3.15e+04  0.08982195126  5.971558e-01 1.07599999999999999996
1  3.16e+04  0.09018177003  5.971558e-01 1.07599999999999999996
1  3.16e+04  0.0905405602  5.971558e-01 1.07599999999999999996
1  3.17e+04  0.09089768978  5.971558e-01 1.07599999999999999996
1  3.18e+04  0.09125256185  5.971558e-01 1.07599999999999999996
1  3.18e+04  0.09160462229  5.971558e-01 1.07599999999999999996
1  3.19e+04  0.09195336677  5.971558e-01 1.07599999999999999996
1  3.20e+04  0.09229834717  5.971558e-01 1.07599999999999999996
1  3.21e+04  0.09263917716  5.971558e-01 1.07599999999999999996
1  3.21e+04  0.09297553698  5.971558e-01 1.07599999999999999996
1  3.22e+04  0.09330717734  5.971558e-01 1.07599999999999999996
1  3.23e+04  0.09363392243  5.971558e-01 1.07599999999999999996
1  3.24e+04  0.09395567192  5.971558e-01 1.07599999999999999996
1  3.24e+04  0.09427240212  5.971558e-01 1.07599999999999999996
1  3.25e+04  0.09458416603  5.971558e-01 1.07599999999999999996
1  3.26e+04  0.09489109257  5.971558e-01 1.07599999999999999996
1  3.27e+04  0.0951933848  5.971558e-01 1.07599999999999999996
1  3.27e+04  0.09549131733  5.971558e-01 1.07599999999999999996
1  3.28e+04  0.09578523277  5.971558e-01 1.07599999999999999996
1  3.29e+04  0.09607553754  5.971558e-01 1.07599999999999999996
1  3.30e+04  0.09636269683  5.971558e-01 1.07599999999999999996
1  3.30e+04  0.09664722893  5.971558e-01 1.07599999999999999996
1  3.31e+04  0.09692969903  5.971558e-01 1.07599999999999999996
1  3.32e+04  0.09721071242  5.971558e-01 1.07599999999999999996
1  3.33e+04  0.09749090729  5.971558e-01 1.07599999999999999996
1  3.33e+04  0.09777094715  5.971558e-01 1.07599999999999999996
1  3.34e+04  0.09805151298  5.971558e-01 1.07599999999999999996
1  3.35e+04  0.0983332951  5.971558e-01 1.07599999999999999996
1  3.36e+04  0.09861698498  5.971558e-01 1.07599999999999999996
1  3.37e+04  0.09890326691  5.971558e-01 1.07599999999999999996
1  3.37e+04  0.09919280973  5.971558e-01 1.07599999999999999996
1  3.38e+04  0.0994862586  5.971558e-01 1.07599999999999999996
1  3.39e+04  0.09978422697  5.971558e-01 1.07599999999999999996
1  3.40e+04  0.1000872888  5.971558e-01 1.07599999999999999996
1  3.40e+04  0.1003959709  5.971558e-01 1.07599999999999999996
1  3.41e+04  0.1007107463  5.971558e-01 1.07599999999999999996
1  3.42e+04  0.1010320272  5.971558e-01 1.07599999999999999996
1  3.43e+04  0.1013601591  5.971558e-01 1.07599999999999999996
1  3.44e+04  0.1016954156  5.971558e-01 1.07599999999999999996
1  3.44e+04  0.1020379938  5.971558e-01 1.07599999999999999996
1  3.45e+04  0.1023880104  5.971558e-01 1.07599999999999999996
1  3.46e+04  0.102745499  5.971558e-01 1.07599999999999999996
1  3.47e+04  0.1031104079  5.971558e-01 1.07599999999999999996
1  3.48e+04  0.1034825996  5.971558e-01 1.07599999999999999996
1  3.48e+04  0.1038618508  5.971558e-01 1.07599999999999999996
1  3.49e+04  0.1042478537  5.971558e-01 1.07599999999999999996
1  3.50e+04  0.1046402183  5.971558e-01 1.07599999999999999996
1  3.51e+04  0.1050384759  5.971558e-01 1.07599999999999999996
1  3.52e+04  0.1054420841  5.971558e-01 1.07599999999999999996
1  3.52e+04  0.1058504316  5.971558e-01 1.07599999999999999996
1  3.53e+04  0.1062628457  5.971558e-01 1.07599999999999999996
1  3.54e+04  0.1066785993  5.971558e-01 1.07599999999999999996
1  3.55e+04  0.1070969195  5.971558e-01 1.07599999999999999996
1  3.56e+04  0.1075169968  5.971558e-01 1.07599999999999999996
1  3.56e+04  0.1079379947  5.971558e-01 1.07599999999999999996
1  3.57e+04  0.10835906  5.971558e-01 1.07599999999999999996
1  3.58e+04  0.1087793335  5.971558e-01 1.07599999999999999996
1  3.59e+04  0.1091979607  5.971558e-01 1.07599999999999999996
1  3.60e+04  0.1096141026  5.971558e-01 1.07599999999999999996
1  3.61e+04  0.1100269468  5.971558e-01 1.07599999999999999996
1  3.61e+04  0.1104357177  5.971558e-01 1.07599999999999999996
1  3.62e+04  0.110839687  5.971558e-01 1.07599999999999999996
1  3.63e+04  0.111238183  5.971558e-01 1.07599999999999999996
1  3.64e+04  0.1116306001  5.971558e-01 1.07599999999999999996
1  3.65e+04  0.1120164066  5.971558e-01 1.07599999999999999996
1  3.66e+04  0.1123951527  5.971558e-01 1.07599999999999999996
1  3.66e+04  0.1127664762  5.971558e-01 1.07599999999999999996
1  3.67e+04  0.1131301084  5.971558e-01 1.07599999999999999996
1  3.68e+04  0.1134858783  5.971558e-01 1.07599999999999999996
1  3.69e+04  0.1138337155  5.971558e-01 1.07599999999999999996
1  3.70e+04  0.1141736523  5.971558e-01 1.07599999999999999996
1  3.71e+04  0.114505824  5.971558e-01 1.07599999999999999996
1  3.72e+04  0.1148304689  5.971558e-01 1.07599999999999999996
1  3.72e+04  0.1151479256  5.971558e-01 1.07599999999999999996
1  3.73e+04  0.1154586309  5.971558e-01 1.07599999999999999996
1  3.74e+04  0.1157631147  5.971558e-01 1.07599999999999999996
1  3.75e+04  0.1160619948  5.971558e-01 1.07599999999999999996
1  3.76e+04  0.1163559708  5.971558e-01 1.07599999999999999996
1  3.77e+04  0.116645816  5.971558e-01 1.07599999999999999996
1  3.78e+04  0.1169323694  5.971558e-01 1.07599999999999999996
1  3.78e+04  0.117216526  5.971558e-01 1.07599999999999999996
1  3.79e+04  0.1174992273  5.971558e-01 1.07599999999999999996
1  3.80e+04  0.1177814501  5.971558e-01 1.07599999999999999996
1  3.81e+04  0.1180641956  5.971558e-01 1.07599999999999999996
1  3.82e+04  0.118348478  5.971558e-01 1.07599999999999999996
1  3.83e+04  0.1186353123  5.971558e-01 1.07599999999999999996
1  3.84e+04  0.118925703  5.971558e-01 1.07599999999999999996
1  3.85e+04  0.119220632  5.971558e-01 1.07599999999999999996
1  3.85e+04  0.1195210467  5.971558e-01 1.07599999999999999996
1  3.86e+04  0.1198278493  5.971558e-01 1.07599999999999999996
1  3.87e+04  0.1201418852  5.971558e-01 1.07599999999999999996
1  3.88e+04  0.1204639333  5.971558e-01 1.07599999999999999996
1  3.89e+04  0.1207946963  5.971558e-01 1.07599999999999999996
1  3.90e+04  0.1211347919  5.971558e-01 1.07599999999999999996
1  3.91e+04  0.121484745  5.971558e-01 1.07599999999999999996
1  3.92e+04  0.1218449813  5.971558e-01 1.07599999999999999996
1  3.93e+04  0.1222158214  5.971558e-01 1.07599999999999999996
1  3.94e+04  0.1225974767  5.971558e-01 1.07599999999999999996
1  3.94e+04  0.1229900462  5.971558e-01 1.07599999999999999996
1  3.95e+04  0.1233935148  5.971558e-01 1.07599999999999999996
1  3.96e+04  0.1238077527  5.971558e-01 1.07599999999999999996
1  3.97e+04  0.1242325164  5.971558e-01 1.07599999999999999996
1  3.98e+04  0.1246674509  5.971558e-01 1.07599999999999999996
1  3.99e+04  0.1251120934  5.971558e-01 1.07599999999999999996
1  4.00e+04  0.1255658774  5.971558e-01 1.07599999999999999996
1  4.01e+04  0.1260281395  5.971558e-01 1.07599999999999999996
1  4.02e+04  0.1264981259  5.971558e-01 1.07599999999999999996
1  4.03e+04  0.1269750004  5.971558e-01 1.07599999999999999996
1  4.04e+04  0.1274578537  5.971558e-01 1.07599999999999999996
1  4.05e+04  0.1279457132  5.971558e-01 1.07599999999999999996
1  4.06e+04  0.128437553  5.971558e-01 1.07599999999999999996
1  4.06e+04  0.1289323056  5.971558e-01 1.07599999999999999996
1  4.07e+04  0.1294288726  5.971558e-01 1.07599999999999999996
1  4.08e+04  0.1299261372  5.971558e-01 1.07599999999999999996
1  4.09e+04  0.1304229756  5.971558e-01 1.07599999999999999996
1  4.10e+04  0.1309182688  5.971558e-01 1.07599999999999999996
1  4.11e+04  0.1314109151  5.971558e-01 1.07599999999999999996
1  4.12e+04  0.1318998406  5.971558e-01 1.07599999999999999996
1  4.13e+04  0.1323840113  5.971558e-01 1.07599999999999999996
1  4.14e+04  0.1328624432  5.971558e-01 1.07599999999999999996
1  4.15e+04  0.1333342124  5.971558e-01 1.07599999999999999996
1  4.16e+04  0.1337984649  5.971558e-01 1.07599999999999999996
1  4.17e+04  0.1342544244  5.971558e-01 1.07599999999999999996
1  4.18e+04  0.1347014008  5.971558e-01 1.07599999999999999996
1  4.19e+04  0.1351387964  5.971558e-01 1.07599999999999999996
1  4.20e+04  0.1355661118  5.971558e-01 1.07599999999999999996
1  4.21e+04  0.1359829507  5.971558e-01 1.07599999999999999996
1  4.22e+04  0.1363890234  5.971558e-01 1.07599999999999999996
1  4.23e+04  0.1367841492  5.971558e-01 1.07599999999999999996
1  4.24e+04  0.1371682581  5.971558e-01 1.07599999999999999996
1  4.25e+04  0.1375413908  5.971558e-01 1.07599999999999999996
1  4.26e+04  0.1379036982  5.971558e-01 1.07599999999999999996
1  4.27e+04  0.1382554389  5.971558e-01 1.07599999999999999996
1  4.28e+04  0.1385969771  5.971558e-01 1.07599999999999999996
1  4.29e+04  0.1389287779  5.971558e-01 1.07599999999999999996
1  4.30e+04  0.139251403  5.971558e-01 1.07599999999999999996
1  4.31e+04  0.1395655043  5.971558e-01 1.07599999999999999996
1  4.32e+04  0.1398718178  5.971558e-01 1.07599999999999999996
1  4.33e+04  0.140171156  5.971558e-01 1.07599999999999999996
1  4.34e+04  0.1404643999  5.971558e-01 1.07599999999999999996
1  4.35e+04  0.1407524901  5.971558e-01 1.07599999999999999996
1  4.36e+04  0.1410364183  5.971558e-01 1.07599999999999999996
1  4.37e+04  0.1413172172  5.971558e-01 1.07599999999999999996
1  4.38e+04  0.1415959508  5.971558e-01 1.07599999999999999996
1  4.39e+04  0.1418737044  5.971558e-01 1.07599999999999999996
1  4.40e+04  0.1421515746  5.971558e-01 1.07599999999999999996
1  4.41e+04  0.1424306588  5.971558e-01 1.07599999999999999996
1  4.42e+04  0.1427120455  5.971558e-01 1.07599999999999999996
1  4.43e+04  0.1429968039  5.971558e-01 1.07599999999999999996
1  4.44e+04  0.1432859749  5.971558e-01 1.07599999999999999996
1  4.45e+04  0.1435805613  5.971558e-01 1.07599999999999999996
1  4.46e+04  0.1438815193  5.971558e-01 1.07599999999999999996
1  4.47e+04  0.1441897501  5.971558e-01 1.07599999999999999996
1  4.48e+04  0.1445060923  5.971558e-01 1.07599999999999999996
1  4.49e+04  0.1448313148  5.971558e-01 1.07599999999999999996
1  4.50e+04  0.1451661105  5.971558e-01 1.07599999999999999996
1  4.51e+04  0.1455110908  5.971558e-01 1.07599999999999999996
1  4.52e+04  0.1458667811  5.971558e-01 1.07599999999999999996
1  4.53e+04  0.1462336165  5.971558e-01 1.07599999999999999996
1  4.54e+04  0.1466119392  5.971558e-01 1.07599999999999999996
1  4.55e+04  0.1470019963  5.971558e-01 1.07599999999999999996
1  4.56e+04  0.1474039385  5.971558e-01 1.07599999999999999996
1  4.57e+04  0.1478178197  5.971558e-01 1.07599999999999999996
1  4.58e+04  0.148243598  5.971558e-01 1.07599999999999999996
1  4.59e+04  0.1486811364  5.971558e-01 1.07599999999999999996
1  4.60e+04  0.1491302055  5.971558e-01 1.07599999999999999996
1  4.61e+04  0.1495904865  5.971558e-01 1.07599999999999999996
1  4.62e+04  0.1500615746  5.971558e-01 1.07599999999999999996
1  4.63e+04  0.1505429838  5.971558e-01 1.07599999999999999996
1  4.65e+04  0.1510341517  5.971558e-01 1.07599999999999999996
1  4.66e+04  0.1515344454  5.971558e-01 1.07599999999999999996
1  4.67e+04  0.1520431674  5.971558e-01 1.07599999999999999996
1  4.68e+04  0.1525595621  5.971558e-01 1.07599999999999999996
1  4.69e+04  0.1530828233  5.971558e-01 1.07599999999999999996
1  4.70e+04  0.1536121007  5.971558e-01 1.07599999999999999996
1  4.71e+04  0.1541465081  5.971558e-01 1.07599999999999999996
1  4.72e+04  0.1546851303  5.971558e-01 1.07599999999999999996
1  4.73e+04  0.1552270316  5.971558e-01 1.07599999999999999996
1  4.74e+04  0.1557712628  5.971558e-01 1.07599999999999999996
1  4.75e+04  0.1563168694  5.971558e-01 1.07599999999999999996
1  4.76e+04  0.1568628988  5.971558e-01 1.07599999999999999996
1  4.78e+04  0.1574084078  5.971558e-01 1.07599999999999999996
1  4.79e+04  0.1579524698  5.971558e-01 1.07599999999999999996
1  4.80e+04  0.1584941816  5.971558e-01 1.07599999999999999996
1  4.81e+04  0.1590326696  5.971558e-01 1.07599999999999999996
1  4.82e+04  0.1595670962  5.971558e-01 1.07599999999999999996
1  4.83e+04  0.1600966656  5.971558e-01 1.07599999999999999996
1  4.84e+04  0.1606206286  5.971558e-01 1.07599999999999999996
1  4.85e+04  0.1611382876  5.971558e-01 1.07599999999999999996
1  4.86e+04  0.1616490007  5.971558e-01 1.07599999999999999996
1  4.88e+04  0.1621521854  5.971558e-01 1.07599999999999999996
1  4.89e+04  0.1626473219  5.971558e-01 1.07599999999999999996
1  4.90e+04  0.1631339554  5.971558e-01 1.07599999999999999996
1  4.91e+04  0.1636116983  5.971558e-01 1.07599999999999999996
1  4.92e+04  0.1640802317  5.971558e-01 1.07599999999999999996
1  4.93e+04  0.1645393062  5.971558e-01 1.07599999999999999996
1  4.94e+04  0.1649887424  5.971558e-01 1.07599999999999999996
1  4.95e+04  0.1654284307  5.971558e-01 1.07599999999999999996
1  4.97e+04  0.1658583307  5.971558e-01 1.07599999999999999996
1  4.98e+04  0.1662784699  5.971558e-01 1.07599999999999999996
1  4.99e+04  0.1666889425  5.971558e-01 1.07599999999999999996
1  5.00e+04  0.1670899069  5.971558e-01 1.07599999999999999996
1  5.01e+04  0.1674815835  5.971558e-01 1.07599999999999999996
1  5.02e+04  0.1678642518  5.971558e-01 1.07599999999999999996
1  5.04e+04  0.1682382474  5.971558e-01 1.07599999999999999996
1  5.05e+04  0.1686039582  5.971558e-01 1.07599999999999999996
1  5.06e+04  0.168961821  5.971558e-01 1.07599999999999999996
1  5.07e+04  0.1693123172  5.971558e-01 1.07599999999999999996
1  5.08e+04  0.1696559687  5.971558e-01 1.07599999999999999996
1  5.09e+04  0.1699933334  5.971558e-01 1.07599999999999999996
1  5.11e+04  0.1703250012  5.971558e-01 1.07599999999999999996
1  5.12e+04  0.1706515886  5.971558e-01 1.07599999999999999996
1  5.13e+04  0.1709737347  5.971558e-01 1.07599999999999999996
1  5.14e+04  0.1712920961  5.971558e-01 1.07599999999999999996
1  5.15e+04  0.1716073424  5.971558e-01 1.07599999999999999996
1  5.16e+04  0.1719201518  5.971558e-01 1.07599999999999999996
1  5.18e+04  0.1722312059  5.971558e-01 1.07599999999999999996
1  5.19e+04  0.172541186  5.971558e-01 1.07599999999999999996
1  5.20e+04  0.1728507681  5.971558e-01 1.07599999999999999996
1  5.21e+04  0.1731606195  5.971558e-01 1.07599999999999999996
1  5.22e+04  0.173471394  5.971558e-01 1.07599999999999999996
1  5.24e+04  0.1737837289  5.971558e-01 1.07599999999999999996
1  5.25e+04  0.1740982409  5.971558e-01 1.07599999999999999996
1  5.26e+04  0.1744155233  5.971558e-01 1.07599999999999999996
1  5.27e+04  0.1747361425  5.971558e-01 1.07599999999999999996
1  5.28e+04  0.1750606359  5.971558e-01 1.07599999999999999996
1  5.30e+04  0.1753895086  5.971558e-01 1.07599999999999999996
1  5.31e+04  0.1757232321  5.971558e-01 1.07599999999999999996
1  5.32e+04  0.1760622418  5.971558e-01 1.07599999999999999996
1  5.33e+04  0.1764069358  5.971558e-01 1.07599999999999999996
1  5.35e+04  0.1767576735  5.971558e-01 1.07599999999999999996
1  5.36e+04  0.1771147747  5.971558e-01 1.07599999999999999996
1  5.37e+04  0.1774785189  5.971558e-01 1.07599999999999999996
1  5.38e+04  0.1778491448  5.971558e-01 1.07599999999999999996
1  5.40e+04  0.1782268504  5.971558e-01 1.07599999999999999996
1  5.41e+04  0.1786117931  5.971558e-01 1.07599999999999999996
1  5.42e+04  0.17900409  5.971558e-01 1.07599999999999999996
1  5.43e+04  0.1794038186  5.971558e-01 1.07599999999999999996
1  5.45e+04  0.1798110179  5.971558e-01 1.07599999999999999996
1  5.46e+04  0.1802256892  5.971558e-01 1.07599999999999999996
1  5.47e+04  0.1806477973  5.971558e-01 1.07599999999999999996
1  5.48e+04  0.1810772725  5.971558e-01 1.07599999999999999996
1  5.50e+04  0.1815140116  5.971558e-01 1.07599999999999999996
1  5.51e+04  0.1819578799  5.971558e-01 1.07599999999999999996
1  5.52e+04  0.182408713  5.971558e-01 1.07599999999999999996
1  5.53e+04  0.182866319  5.971558e-01 1.07599999999999999996
1  5.55e+04  0.18333048  5.971558e-01 1.07599999999999999996
1  5.56e+04  0.1838009546  5.971558e-01 1.07599999999999999996
1  5.57e+04  0.1842774801  5.971558e-01 1.07599999999999999996
1  5.58e+04  0.1847597741  5.971558e-01 1.07599999999999999996
1  5.60e+04  0.1852475373  5.971558e-01 1.07599999999999999996
1  5.61e+04  0.1857404552  5.971558e-01 1.07599999999999999996
1  5.62e+04  0.1862382005  5.971558e-01 1.07599999999999999996
1  5.64e+04  0.1867404348  5.971558e-01 1.07599999999999999996
1  5.65e+04  0.1872468111  5.971558e-01 1.07599999999999999996
1  5.66e+04  0.1877569754  5.971558e-01 1.07599999999999999996
1  5.68e+04  0.1882705688  5.971558e-01 1.07599999999999999996
1  5.69e+04  0.1887872291  5.971558e-01 1.07599999999999999996
1  5.70e+04  0.189306593  5.971558e-01 1.07599999999999999996
1  5.71e+04  0.189828297  5.971558e-01 1.07599999999999999996
1  5.73e+04  0.1903519796  5.971558e-01 1.07599999999999999996
1  5.74e+04  0.1908772823  5.971558e-01 1.07599999999999999996
1  5.75e+04  0.1914038513  5.971558e-01 1.07599999999999999996
1  5.77e+04  0.1919313383  5.971558e-01 1.07599999999999999996
1  5.78e+04  0.192459402  5.971558e-01 1.07599999999999999996
1  5.79e+04  0.1929877088  5.971558e-01 1.07599999999999999996
1  5.81e+04  0.1935159341  5.971558e-01 1.07599999999999999996
1  5.82e+04  0.1940437625  5.971558e-01 1.07599999999999999996
1  5.83e+04  0.1945708892  5.971558e-01 1.07599999999999999996
1  5.85e+04  0.1950970201  5.971558e-01 1.07599999999999999996
1  5.86e+04  0.1956218726  5.971558e-01 1.07599999999999999996
1  5.87e+04  0.1961451757  5.971558e-01 1.07599999999999999996
1  5.89e+04  0.1966666709  5.971558e-01 1.07599999999999999996
1  5.90e+04  0.1971861119  5.971558e-01 1.07599999999999999996
1  5.92e+04  0.1977032653  5.971558e-01 1.07599999999999999996
1  5.93e+04  0.1982179101  5.971558e-01 1.07599999999999999996
1  5.94e+04  0.1987298387  5.971558e-01 1.07599999999999999996
1  5.96e+04  0.1992388558  5.971558e-01 1.07599999999999999996
1  5.97e+04  0.1997447795  5.971558e-01 1.07599999999999999996
1  5.98e+04  0.2002474404  5.971558e-01 1.07599999999999999996
1  6.00e+04  0.2007466818  5.971558e-01 1.07599999999999999996
1  6.01e+04  0.2012423595  5.971558e-01 1.07599999999999999996
1  6.03e+04  0.201734342  5.971558e-01 1.07599999999999999996
1  6.04e+04  0.2022225095  5.971558e-01 1.07599999999999999996
1  6.05e+04  0.2027067545  5.971558e-01 1.07599999999999999996
1  6.07e+04  0.2031869811  5.971558e-01 1.07599999999999999996
1  6.08e+04  0.2036631049  5.971558e-01 1.07599999999999999996
1  6.10e+04  0.2041350527  5.971558e-01 1.07599999999999999996
1  6.11e+04  0.2046027623  5.971558e-01 1.07599999999999999996
1  6.12e+04  0.2050661824  5.971558e-01 1.07599999999999999996
1  6.14e+04  0.2055252718  5.971558e-01 1.07599999999999999996
1  6.15e+04  0.2059799999  5.971558e-01 1.07599999999999999996
1  6.17e+04  0.2064303458  5.971558e-01 1.07599999999999999996
1  6.18e+04  0.2068762984  5.971558e-01 1.07599999999999999996
1  6.19e+04  0.207317856  5.971558e-01 1.07599999999999999996
1  6.21e+04  0.2077550264  5.971558e-01 1.07599999999999999996
1  6.22e+04  0.208187826  5.971558e-01 1.07599999999999999996
1  6.24e+04  0.2086162805  5.971558e-01 1.07599999999999999996
1  6.25e+04  0.2090404238  5.971558e-01 1.07599999999999999996
1  6.27e+04  0.2094602983  5.971558e-01 1.07599999999999999996
1  6.28e+04  0.2098759548  5.971558e-01 1.07599999999999999996
1  6.30e+04  0.210287452  5.971558e-01 1.07599999999999999996
1  6.31e+04  0.2106948566  5.971558e-01 1.07599999999999999996
1  6.32e+04  0.2110982428  5.971558e-01 1.07599999999999999996
1  6.34e+04  0.2114976925  5.971558e-01 1.07599999999999999996
1  6.35e+04  0.2118932951  5.971558e-01 1.07599999999999999996
1  6.37e+04  0.2122851471  5.971558e-01 1.07599999999999999996
1  6.38e+04  0.2126733523  5.971558e-01 1.07599999999999999996
1  6.40e+04  0.2130580213  5.971558e-01 1.07599999999999999996
1  6.41e+04  0.2134392716  5.971558e-01 1.07599999999999999996
1  6.43e+04  0.2138172275  5.971558e-01 1.07599999999999999996
1  6.44e+04  0.2141920199  5.971558e-01 1.07599999999999999996
1  6.46e+04  0.2145637858  5.971558e-01 1.07599999999999999996
1  6.47e+04  0.2149326688  5.971558e-01 1.07599999999999999996
1  6.49e+04  0.2152988184  5.971558e-01 1.07599999999999999996
1  6.50e+04  0.21566239  5.971558e-01 1.07599999999999999996
1  6.52e+04  0.216023545  5.971558e-01 1.07599999999999999996
1  6.53e+04  0.21638245  5.971558e-01 1.07599999999999999996
1  6.55e+04  0.2167392772  5.971558e-01 1.07599999999999999996
1  6.56e+04  0.2170942038  5.971558e-01 1.07599999999999999996
1  6.58e+04  0.2174474119  5.971558e-01 1.07599999999999999996
1  6.59e+04  0.2177990883  5.971558e-01 1.07599999999999999996
1  6.61e+04  0.218149424  5.971558e-01 1.07599999999999999996
1  6.62e+04  0.2184986142  5.971558e-01 1.07599999999999999996
1  6.64e+04  0.2188468579  5.971558e-01 1.07599999999999999996
1  6.65e+04  0.2191943575  5.971558e-01 1.07599999999999999996
1  6.67e+04  0.2195413184  5.971558e-01 1.07599999999999999996
1  6.68e+04  0.2198879489  5.971558e-01 1.07599999999999999996
1  6.70e+04  0.2202344594  5.971558e-01 1.07599999999999999996
1  6.71e+04  0.2205810625  5.971558e-01 1.07599999999999999996
1  6.73e+04  0.220927972  5.971558e-01 1.07599999999999999996
1  6.75e+04  0.2212754031  5.971558e-01 1.07599999999999999996
1  6.76e+04  0.2216235713  5.971558e-01 1.07599999999999999996
1  6.78e+04  0.2219726924  5.971558e-01 1.07599999999999999996
1  6.79e+04  0.2223229817  5.971558e-01 1.07599999999999999996
1  6.81e+04  0.2226746536  5.971558e-01 1.07599999999999999996
1  6.82e+04  0.2230279212  5.971558e-01 1.07599999999999999996
1  6.84e+04  0.2233829955  5.971558e-01 1.07599999999999999996
1  6.85e+04  0.2237400851  5.971558e-01 1.07599999999999999996
1  6.87e+04  0.2240993954  5.971558e-01 1.07599999999999999996
1  6.89e+04  0.2244611282  5.971558e-01 1.07599999999999999996
1  6.90e+04  0.2248254813  5.971558e-01 1.07599999999999999996
1  6.92e+04  0.2251926476  5.971558e-01 1.07599999999999999996
1  6.93e+04  0.2255628145  5.971558e-01 1.07599999999999999996
1  6.95e+04  0.2259361639  5.971558e-01 1.07599999999999999996
1  6.97e+04  0.2263128709  5.971558e-01 1.07599999999999999996
1  6.98e+04  0.2266931038  5.971558e-01 1.07599999999999999996
1  7.00e+04  0.2270770234  5.971558e-01 1.07599999999999999996
1  7.01e+04  0.2274647822  5.971558e-01 1.07599999999999999996
1  7.03e+04  0.2278565245  5.971558e-01 1.07599999999999999996
1  7.05e+04  0.2282523853  5.971558e-01 1.07599999999999999996
1  7.06e+04  0.2286524902  5.971558e-01 1.07599999999999999996
1  7.08e+04  0.2290569547  5.971558e-01 1.07599999999999999996
1  7.10e+04  0.2294658842  5.971558e-01 1.07599999999999999996
1  7.11e+04  0.229879373  5.971558e-01 1.07599999999999999996
1  7.13e+04  0.2302975045  5.971558e-01 1.07599999999999999996
1  7.14e+04  0.2307203507  5.971558e-01 1.07599999999999999996
1  7.16e+04  0.2311479716  5.971558e-01 1.07599999999999999996
1  7.18e+04  0.2315804155  5.971558e-01 1.07599999999999999996
1  7.19e+04  0.2320177183  5.971558e-01 1.07599999999999999996
1  7.21e+04  0.2324599035  5.971558e-01 1.07599999999999999996
1  7.23e+04  0.2329069822  5.971558e-01 1.07599999999999999996
1  7.24e+04  0.2333589527  5.971558e-01 1.07599999999999999996
1  7.26e+04  0.2338158006  5.971558e-01 1.07599999999999999996
1  7.28e+04  0.234277499  5.971558e-01 1.07599999999999999996
1  7.29e+04  0.2347440081  5.971558e-01 1.07599999999999999996
1  7.31e+04  0.2352152754  5.971558e-01 1.07599999999999999996
1  7.33e+04  0.235691236  5.971558e-01 1.07599999999999999996
1  7.35e+04  0.2361718127  5.971558e-01 1.07599999999999999996
1  7.36e+04  0.2366569159  5.971558e-01 1.07599999999999999996
1  7.38e+04  0.2371464442  5.971558e-01 1.07599999999999999996
1  7.40e+04  0.2376402845  5.971558e-01 1.07599999999999999996
1  7.41e+04  0.2381383122  5.971558e-01 1.07599999999999999996
1  7.43e+04  0.2386403917  5.971558e-01 1.07599999999999999996
1  7.45e+04  0.2391463768  5.971558e-01 1.07599999999999999996
1  7.46e+04  0.239656111  5.971558e-01 1.07599999999999999996
1  7.48e+04  0.240169428  5.971558e-01 1.07599999999999999996
1  7.50e+04  0.240686152  5.971558e-01 1.07599999999999999996
1  7.52e+04  0.2412060987  5.971558e-01 1.07599999999999999996
1  7.53e+04  0.2417290751  5.971558e-01 1.07599999999999999996
1  7.55e+04  0.2422548809  5.971558e-01 1.07599999999999999996
1  7.57e+04  0.2427833081  5.971558e-01 1.07599999999999999996
1  7.59e+04  0.2433141425  5.971558e-01 1.07599999999999999996
1  7.60e+04  0.2438471637  5.971558e-01 1.07599999999999999996
1  7.62e+04  0.2443821461  5.971558e-01 1.07599999999999999996
1  7.64e+04  0.2449188593  5.971558e-01 1.07599999999999999996
1  7.66e+04  0.2454570687  5.971558e-01 1.07599999999999999996
1  7.67e+04  0.2459965364  5.971558e-01 1.07599999999999999996
1  7.69e+04  0.2465370217  5.971558e-01 1.07599999999999999996
1  7.71e+04  0.2470782817  5.971558e-01 1.07599999999999999996
1  7.73e+04  0.2476200722  5.971558e-01 1.07599999999999999996
1  7.74e+04  0.2481621481  5.971558e-01 1.07599999999999999996
1  7.76e+04  0.248704264  5.971558e-01 1.07599999999999999996
1  7.78e+04  0.2492461751  5.971558e-01 1.07599999999999999996
1  7.80e+04  0.2497876379  5.971558e-01 1.07599999999999999996
1  7.82e+04  0.2503284103  5.971558e-01 1.07599999999999999996
1  7.83e+04  0.2508682526  5.971558e-01 1.07599999999999999996
1  7.85e+04  0.2514069283  5.971558e-01 1.07599999999999999996
1  7.87e+04  0.2519442042  5.971558e-01 1.07599999999999999996
1  7.89e+04  0.2524798511  5.971558e-01 1.07599999999999999996
1  7.91e+04  0.2530136445  5.971558e-01 1.07599999999999999996
1  7.93e+04  0.2535453652  5.971558e-01 1.07599999999999999996
1  7.94e+04  0.2540747992  5.971558e-01 1.07599999999999999996
1  7.96e+04  0.254601739  5.971558e-01 1.07599999999999999996
1  7.98e+04  0.2551259834  5.971558e-01 1.07599999999999999996
1  8.00e+04  0.2556473382  5.971558e-01 1.07599999999999999996
1  8.02e+04  0.2561656165  5.971558e-01 1.07599999999999999996
1  8.04e+04  0.2566806392  5.971558e-01 1.07599999999999999996
1  8.05e+04  0.2571922352  5.971558e-01 1.07599999999999999996
1  8.07e+04  0.2577002417  5.971558e-01 1.07599999999999999996
1  8.09e+04  0.2582045047  5.971558e-01 1.07599999999999999996
1  8.11e+04  0.2587048789  5.971558e-01 1.07599999999999999996
1  8.13e+04  0.2592012282  5.971558e-01 1.07599999999999999996
1  8.15e+04  0.2596934259  5.971558e-01 1.07599999999999999996
1  8.17e+04  0.2601813544  5.971558e-01 1.07599999999999999996
1  8.18e+04  0.2606649063  5.971558e-01 1.07599999999999999996
1  8.20e+04  0.2611439834  5.971558e-01 1.07599999999999999996
1  8.22e+04  0.2616184976  5.971558e-01 1.07599999999999999996
1  8.24e+04  0.2620883704  5.971558e-01 1.07599999999999999996
1  8.26e+04  0.2625535335  5.971558e-01 1.07599999999999999996
1  8.28e+04  0.2630139282  5.971558e-01 1.07599999999999999996
1  8.30e+04  0.2634695059  5.971558e-01 1.07599999999999999996
1  8.32e+04  0.2639202275  5.971558e-01 1.07599999999999999996
1  8.34e+04  0.2643660639  5.971558e-01 1.07599999999999999996
1  8.36e+04  0.2648069955  5.971558e-01 1.07599999999999999996
1  8.38e+04  0.2652430122  5.971558e-01 1.07599999999999999996
1  8.39e+04  0.2656741133  5.971558e-01 1.07599999999999999996
1  8.41e+04  0.2661003074  5.971558e-01 1.07599999999999999996
1  8.43e+04  0.266521612  5.971558e-01 1.07599999999999999996
1  8.45e+04  0.2669380534  5.971558e-01 1.07599999999999999996
1  8.47e+04  0.2673496667  5.971558e-01 1.07599999999999999996
1  8.49e+04  0.2677564951  5.971558e-01 1.07599999999999999996
1  8.51e+04  0.2681585901  5.971558e-01 1.07599999999999999996
1  8.53e+04  0.2685560111  5.971558e-01 1.07599999999999999996
1  8.55e+04  0.2689488249  5.971558e-01 1.07599999999999999996
1  8.57e+04  0.2693371058  5.971558e-01 1.07599999999999999996
1  8.59e+04  0.2697209349  5.971558e-01 1.07599999999999999996
1  8.61e+04  0.2701004002  5.971558e-01 1.07599999999999999996
1  8.63e+04  0.2704755958  5.971558e-01 1.07599999999999999996
1  8.65e+04  0.2708466222  5.971558e-01 1.07599999999999999996
1  8.67e+04  0.2712135852  5.971558e-01 1.07599999999999999996
1  8.69e+04  0.2715765964  5.971558e-01 1.07599999999999999996
1  8.71e+04  0.271935772  5.971558e-01 1.07599999999999999996
1  8.73e+04  0.2722912333  5.971558e-01 1.07599999999999999996
1  8.75e+04  0.2726431058  5.971558e-01 1.07599999999999999996
1  8.77e+04  0.2729915187  5.971558e-01 1.07599999999999999996
1  8.79e+04  0.2733366054  5.971558e-01 1.07599999999999999996
1  8.81e+04  0.2736785022  5.971558e-01 1.07599999999999999996
1  8.83e+04  0.2740173484  5.971558e-01 1.07599999999999999996
1  8.85e+04  0.2743532861  5.971558e-01 1.07599999999999999996
1  8.87e+04  0.2746864596  5.971558e-01 1.07599999999999999996
1  8.89e+04  0.275017015  5.971558e-01 1.07599999999999999996
1  8.91e+04  0.2753451001  5.971558e-01 1.07599999999999999996
1  8.93e+04  0.2756708641  5.971558e-01 1.07599999999999999996
1  8.95e+04  0.275994457  5.971558e-01 1.07599999999999999996
1  8.97e+04  0.2763160295  5.971558e-01 1.07599999999999999996
1  8.99e+04  0.2766357327  5.971558e-01 1.07599999999999999996
1  9.02e+04  0.2769537176  5.971558e-01 1.07599999999999999996
1  9.04e+04  0.2772701353  5.971558e-01 1.07599999999999999996
1  9.06e+04  0.2775851359  5.971558e-01 1.07599999999999999996
1  9.08e+04  0.2778988691  5.971558e-01 1.07599999999999999996
1  9.10e+04  0.2782114834  5.971558e-01 1.07599999999999999996
1  9.12e+04  0.2785231259  5.971558e-01 1.07599999999999999996
1  9.14e+04  0.2788339425  5.971558e-01 1.07599999999999999996
1  9.16e+04  0.279144077  5.971558e-01 1.07599999999999999996
1  9.18e+04  0.2794536712  5.971558e-01 1.07599999999999999996
1  9.20e+04  0.2797628651  5.971558e-01 1.07599999999999999996
1  9.23e+04  0.2800717959  5.971558e-01 1.07599999999999999996
1  9.25e+04  0.2803805985  5.971558e-01 1.07599999999999999996
1  9.27e+04  0.2806894049  5.971558e-01 1.07599999999999999996
1  9.29e+04  0.2809983443  5.971558e-01 1.07599999999999999996
1  9.31e+04  0.2813075428  5.971558e-01 1.07599999999999999996
1  9.33e+04  0.2816171234  5.971558e-01 1.07599999999999999996
1  9.35e+04  0.2819272057  5.971558e-01 1.07599999999999999996
1  9.38e+04  0.282237906  5.971558e-01 1.07599999999999999996
1  9.40e+04  0.2825493369  5.971558e-01 1.07599999999999999996
1  9.42e+04  0.2828616076  5.971558e-01 1.07599999999999999996
1  9.44e+04  0.2831748236  5.971558e-01 1.07599999999999999996
1  9.46e+04  0.2834890864  5.971558e-01 1.07599999999999999996
1  9.48e+04  0.2838044939  5.971558e-01 1.07599999999999999996
1  9.51e+04  0.2841211402  5.971558e-01 1.07599999999999999996
1  9.53e+04  0.2844391152  5.971558e-01 1.07599999999999999996
1  9.55e+04  0.2847585053  5.971558e-01 1.07599999999999999996
1  9.57e+04  0.2850793926  5.971558e-01 1.07599999999999999996
1  9.59e+04  0.2854018554  5.971558e-01 1.07599999999999999996
1  9.62e+04  0.2857259681  5.971558e-01 1.07599999999999999996
1  9.64e+04  0.286051801  5.971558e-01 1.07599999999999999996
1  9.66e+04  0.2863794205  5.971558e-01 1.07599999999999999996
1  9.68e+04  0.2867088894  5.971558e-01 1.07599999999999999996
1  9.71e+04  0.2870402661  5.971558e-01 1.07599999999999999996
1  9.73e+04  0.2873736056  5.971558e-01 1.07599999999999999996
1  9.75e+04  0.287708959  5.971558e-01 1.07599999999999999996
1  9.77e+04  0.2880463735  5.971558e-01 1.07599999999999999996
1  9.79e+04  0.2883858928  5.971558e-01 1.07599999999999999996
1  9.82e+04  0.288727557  5.971558e-01 1.07599999999999999996
1  9.84e+04  0.2890714024  5.971558e-01 1.07599999999999999996
1  9.86e+04  0.2894174621  5.971558e-01 1.07599999999999999996
1  9.89e+04  0.2897657656  5.971558e-01 1.07599999999999999996
1  9.91e+04  0.2901163392  5.971558e-01 1.07599999999999999996
1  9.93e+04  0.2904692058  5.971558e-01 1.07599999999999999996
1  9.95e+04  0.2908243852  5.971558e-01 1.07599999999999999996
1  9.98e+04  0.2911818941  5.971558e-01 1.07599999999999999996
1  1.00e+05  0.2915417463  5.971558e-01 1.07599999999999999996
