1  1.00e-03  0.5586553139 -9.486 1.02279999999999999995
1  1.05e-03  0.5586541338 -9.486 1.02279999999999999995
1  1.10e-03  0.5586527238 -9.486 1.02279999999999999995
1  1.15e-03  0.5586514569 -9.486 1.02279999999999999995
1  1.20e-03  0.5586499165 -9.486 1.02279999999999999995
1  1.26e-03  0.5586484398 -9.486 1.02279999999999999995
1  1.32e-03  0.5586467769 -9.486 1.02279999999999999995
1  1.38e-03  0.5586450442 -9.486 1.02279999999999999995
1  1.45e-03  0.5586432823 -9.486 1.02279999999999999995
1  1.51e-03  0.5586415715 -9.486 1.02279999999999999995
1  1.58e-03  0.558639533 -9.486 1.02279999999999999995
1  1.66e-03  0.5586375853 -9.486 1.02279999999999999995
1  1.74e-03  0.5586354868 -9.486 1.02279999999999999995
1  1.82e-03  0.558633253 -9.486 1.02279999999999999995
1  1.91e-03  0.5586309476 -9.486 1.02279999999999999995
1  2.00e-03  0.5586284992 -9.486 1.02279999999999999995
1  2.09e-03  0.5586259198 -9.486 1.02279999999999999995
1  2.19e-03  0.5586232757 -9.486 1.02279999999999999995
1  2.29e-03  0.5586205453 -9.486 1.02279999999999999995
1  2.40e-03  0.5586176529 -9.486 1.02279999999999999995
1  2.51e-03  0.5586145376 -9.486 1.02279999999999999995
1  2.63e-03  0.5586113766 -9.486 1.02279999999999999995
1  2.75e-03  0.558608027 -9.486 1.02279999999999999995
1  2.88e-03  0.5586045361 -9.486 1.02279999999999999995
1  3.02e-03  0.5586008551 -9.486 1.02279999999999999995
1  3.16e-03  0.5585970506 -9.486 1.02279999999999999995
1  3.31e-03  0.5585929787 -9.486 1.02279999999999999995
1  3.47e-03  0.5585887891 -9.486 1.02279999999999999995
1  3.63e-03  0.5585843816 -9.486 1.02279999999999999995
1  3.80e-03  0.55857978 -9.486 1.02279999999999999995
1  3.98e-03  0.5585749381 -9.486 1.02279999999999999995
1  4.17e-03  0.5585698633 -9.486 1.02279999999999999995
1  4.37e-03  0.5585645882 -9.486 1.02279999999999999995
1  4.57e-03  0.5585590307 -9.486 1.02279999999999999995
1  4.79e-03  0.5585531989 -9.486 1.02279999999999999995
1  5.01e-03  0.5585471324 -9.486 1.02279999999999999995
1  5.25e-03  0.558540754 -9.486 1.02279999999999999995
1  5.50e-03  0.5585340599 -9.486 1.02279999999999999995
1  5.75e-03  0.5585270684 -9.486 1.02279999999999999995
1  6.03e-03  0.5585197696 -9.486 1.02279999999999999995
1  6.31e-03  0.5585120873 -9.486 1.02279999999999999995
1  6.61e-03  0.5585040692 -9.486 1.02279999999999999995
1  6.92e-03  0.5584956492 -9.486 1.02279999999999999995
1  7.24e-03  0.5584868486 -9.486 1.02279999999999999995
1  7.59e-03  0.5584776447 -9.486 1.02279999999999999995
1  7.94e-03  0.5584679661 -9.486 1.02279999999999999995
1  8.32e-03  0.5584578796 -9.486 1.02279999999999999995
1  8.71e-03  0.5584472851 -9.486 1.02279999999999999995
1  9.12e-03  0.5584362031 -9.486 1.02279999999999999995
1  9.55e-03  0.5584245814 -9.486 1.02279999999999999995
1  1.00e-02  0.5584124191 -9.486 1.02279999999999999995
1  1.05e-02  0.5583996767 -9.486 1.02279999999999999995
1  1.10e-02  0.5583863642 -9.486 1.02279999999999999995
1  1.15e-02  0.5583723716 -9.486 1.02279999999999999995
1  1.20e-02  0.558357744 -9.486 1.02279999999999999995
1  1.26e-02  0.5583424255 -9.486 1.02279999999999999995
1  1.32e-02  0.5583264112 -9.486 1.02279999999999999995
1  1.38e-02  0.5583096009 -9.486 1.02279999999999999995
1  1.45e-02  0.5582920233 -9.486 1.02279999999999999995
1  1.51e-02  0.5582735999 -9.486 1.02279999999999999995
1  1.58e-02  0.5582543076 -9.486 1.02279999999999999995
1  1.66e-02  0.5582340832 -9.486 1.02279999999999999995
1  1.74e-02  0.5582129042 -9.486 1.02279999999999999995
1  1.82e-02  0.5581907768 -9.486 1.02279999999999999995
1  1.91e-02  0.5581675022 -9.486 1.02279999999999999995
1  2.00e-02  0.5581432345 -9.486 1.02279999999999999995
1  2.09e-02  0.5581177511 -9.486 1.02279999999999999995
1  2.19e-02  0.5580911255 -9.486 1.02279999999999999995
1  2.29e-02  0.5580631619 -9.486 1.02279999999999999995
1  2.40e-02  0.5580339524 -9.486 1.02279999999999999995
1  2.51e-02  0.558003252 -9.486 1.02279999999999999995
1  2.63e-02  0.5579711548 -9.486 1.02279999999999999995
1  2.75e-02  0.5579375635 -9.486 1.02279999999999999995
1  2.88e-02  0.5579024393 -9.486 1.02279999999999999995
1  3.02e-02  0.5578654934 -9.486 1.02279999999999999995
1  3.16e-02  0.5578269649 -9.486 1.02279999999999999995
1  3.31e-02  0.5577864932 -9.486 1.02279999999999999995
1  3.47e-02  0.5577441132 -9.486 1.02279999999999999995
1  3.63e-02  0.5576997784 -9.486 1.02279999999999999995
1  3.80e-02  0.5576532351 -9.486 1.02279999999999999995
1  3.98e-02  0.557604625 -9.486 1.02279999999999999995
1  4.17e-02  0.5575535309 -9.486 1.02279999999999999995
1  4.37e-02  0.5575001848 -9.486 1.02279999999999999995
1  4.57e-02  0.5574441893 -9.486 1.02279999999999999995
1  4.79e-02  0.5573855143 -9.486 1.02279999999999999995
1  5.01e-02  0.5573241448 -9.486 1.02279999999999999995
1  5.25e-02  0.5572598435 -9.486 1.02279999999999999995
1  5.50e-02  0.5571925634 -9.486 1.02279999999999999995
1  5.75e-02  0.5571219735 -9.486 1.02279999999999999995
1  6.03e-02  0.5570480182 -9.486 1.02279999999999999995
1  6.31e-02  0.5569703349 -9.486 1.02279999999999999995
1  6.61e-02  0.5568892616 -9.486 1.02279999999999999995
1  6.92e-02  0.5568040855 -9.486 1.02279999999999999995
1  7.24e-02  0.5567150687 -9.486 1.02279999999999999995
1  7.59e-02  0.5566216304 -9.486 1.02279999999999999995
1  7.94e-02  0.556523967 -9.486 1.02279999999999999995
1  8.32e-02  0.5564213799 -9.486 1.02279999999999999995
1  8.71e-02  0.5563140752 -9.486 1.02279999999999999995
1  9.12e-02  0.5562013424 -9.486 1.02279999999999999995
1  9.55e-02  0.5560832902 -9.486 1.02279999999999999995
1  1.00e-01  0.555959926 -9.486 1.02279999999999999995
1  1.05e-01  0.5558302714 -9.486 1.02279999999999999995
1  1.10e-01  0.5556943623 -9.486 1.02279999999999999995
1  1.15e-01  0.5555520582 -9.486 1.02279999999999999995
1  1.20e-01  0.5554030604 -9.486 1.02279999999999999995
1  1.26e-01  0.5552468049 -9.486 1.02279999999999999995
1  1.32e-01  0.5550828865 -9.486 1.02279999999999999995
1  1.38e-01  0.5549110411 -9.486 1.02279999999999999995
1  1.45e-01  0.5547309872 -9.486 1.02279999999999999995
1  1.51e-01  0.5545417868 -9.486 1.02279999999999999995
1  1.58e-01  0.5543442922 -9.486 1.02279999999999999995
1  1.66e-01  0.5541364137 -9.486 1.02279999999999999995
1  1.74e-01  0.5539191054 -9.486 1.02279999999999999995
1  1.82e-01  0.5536905995 -9.486 1.02279999999999999995
1  1.91e-01  0.5534509352 -9.486 1.02279999999999999995
1  2.00e-01  0.5532002699 -9.486 1.02279999999999999995
1  2.09e-01  0.5529366324 -9.486 1.02279999999999999995
1  2.19e-01  0.552660628 -9.486 1.02279999999999999995
1  2.29e-01  0.5523708051 -9.486 1.02279999999999999995
1  2.40e-01  0.5520669962 -9.486 1.02279999999999999995
1  2.51e-01  0.5517486171 -9.486 1.02279999999999999995
1  2.63e-01  0.5514136701 -9.486 1.02279999999999999995
1  2.75e-01  0.5510627161 -9.486 1.02279999999999999995
1  2.88e-01  0.5506942973 -9.486 1.02279999999999999995
1  3.02e-01  0.5503082543 -9.486 1.02279999999999999995
1  3.16e-01  0.5499023944 -9.486 1.02279999999999999995
1  3.31e-01  0.5494767213 -9.486 1.02279999999999999995
1  3.47e-01  0.5490286411 -9.486 1.02279999999999999995
1  3.63e-01  0.5485592265 -9.486 1.02279999999999999995
1  3.80e-01  0.5480662602 -9.486 1.02279999999999999995
1  3.98e-01  0.5475497358 -9.486 1.02279999999999999995
1  4.17e-01  0.5470060844 -9.486 1.02279999999999999995
1  4.37e-01  0.5464347538 -9.486 1.02279999999999999995
1  4.57e-01  0.5458340793 -9.486 1.02279999999999999995
1  4.79e-01  0.5452045099 -9.486 1.02279999999999999995
1  5.01e-01  0.5445409618 -9.486 1.02279999999999999995
1  5.25e-01  0.5438454655 -9.486 1.02279999999999999995
1  5.50e-01  0.5431145068 -9.486 1.02279999999999999995
1  5.75e-01  0.5423437265 -9.486 1.02279999999999999995
1  6.03e-01  0.541536802 -9.486 1.02279999999999999995
1  6.31e-01  0.540686327 -9.486 1.02279999999999999995
1  6.61e-01  0.539790708 -9.486 1.02279999999999999995
1  6.92e-01  0.5388502815 -9.486 1.02279999999999999995
1  7.24e-01  0.5378622133 -9.486 1.02279999999999999995
1  7.59e-01  0.5368222711 -9.486 1.02279999999999999995
1  7.94e-01  0.535726633 -9.486 1.02279999999999999995
1  8.32e-01  0.534572741 -9.486 1.02279999999999999995
1  8.71e-01  0.5333605834 -9.486 1.02279999999999999995
1  9.12e-01  0.5320836816 -9.486 1.02279999999999999995
1  9.55e-01  0.5307417008 -9.486 1.02279999999999999995
1  1.00e+00  0.5293277535 -9.486 1.02279999999999999995
1  1.05e+00  0.5278351443 -9.486 1.02279999999999999995
1  1.10e+00  0.5262668202 -9.486 1.02279999999999999995
1  1.15e+00  0.5246168841 -9.486 1.02279999999999999995
1  1.20e+00  0.5228769412 -9.486 1.02279999999999999995
1  1.26e+00  0.521048175 -9.486 1.02279999999999999995
1  1.32e+00  0.5191179905 -9.486 1.02279999999999999995
1  1.38e+00  0.5170852455 -9.486 1.02279999999999999995
1  1.45e+00  0.5149493885 -9.486 1.02279999999999999995
1  1.51e+00  0.5126982606 -9.486 1.02279999999999999995
1  1.58e+00  0.5103231435 -9.486 1.02279999999999999995
1  1.66e+00  0.5078286496 -9.486 1.02279999999999999995
1  1.74e+00  0.5052102765 -9.486 1.02279999999999999995
1  1.82e+00  0.5024474691 -9.486 1.02279999999999999995
1  1.91e+00  0.4995463258 -9.486 1.02279999999999999995
1  2.00e+00  0.4964995605 -9.486 1.02279999999999999995
1  2.09e+00  0.4932929022 -9.486 1.02279999999999999995
1  2.19e+00  0.4899329035 -9.486 1.02279999999999999995
1  2.29e+00  0.4864138234 -9.486 1.02279999999999999995
1  2.40e+00  0.4827187732 -9.486 1.02279999999999999995
1  2.51e+00  0.478857978 -9.486 1.02279999999999999995
1  2.63e+00  0.474831428 -9.486 1.02279999999999999995
1  2.75e+00  0.4706155587 -9.486 1.02279999999999999995
1  2.88e+00  0.4662377603 -9.486 1.02279999999999999995
1  3.02e+00  0.4616747001 -9.486 1.02279999999999999995
1  3.16e+00  0.4569465364 -9.486 1.02279999999999999995
1  3.31e+00  0.4520473031 -9.486 1.02279999999999999995
1  3.47e+00  0.4469962597 -9.486 1.02279999999999999995
1  3.63e+00  0.4417889486 -9.486 1.02279999999999999995
1  3.80e+00  0.4364368669 -9.486 1.02279999999999999995
1  3.98e+00  0.4309672471 -9.486 1.02279999999999999995
1  4.17e+00  0.4253813425 -9.486 1.02279999999999999995
1  4.37e+00  0.4197156353 -9.486 1.02279999999999999995
1  4.57e+00  0.4139991217 -9.486 1.02279999999999999995
1  4.79e+00  0.4082144685 -9.486 1.02279999999999999995
1  5.01e+00  0.4024272669 -9.486 1.02279999999999999995
1  5.25e+00  0.3966461303 -9.486 1.02279999999999999995
1  5.50e+00  0.3909085899 -9.486 1.02279999999999999995
1  5.75e+00  0.3852556666 -9.486 1.02279999999999999995
1  6.03e+00  0.3796651288 -9.486 1.02279999999999999995
1  6.31e+00  0.3742262135 -9.486 1.02279999999999999995
1  6.61e+00  0.3689179045 -9.486 1.02279999999999999995
1  6.92e+00  0.3637643457 -9.486 1.02279999999999999995
1  7.24e+00  0.3588093811 -9.486 1.02279999999999999995
1  7.59e+00  0.3540589183 -9.486 1.02279999999999999995
1  7.94e+00  0.3495444928 -9.486 1.02279999999999999995
1  8.32e+00  0.3452200763 -9.486 1.02279999999999999995
1  8.71e+00  0.3411660918 -9.486 1.02279999999999999995
1  9.12e+00  0.3373115522 -9.486 1.02279999999999999995
1  9.55e+00  0.33371842 -9.486 1.02279999999999999995
1  1.00e+01  0.3303378922 -9.486 1.02279999999999999995
1  1.05e+01  0.3271957991 -9.486 1.02279999999999999995
1  1.10e+01  0.3242881346 -9.486 1.02279999999999999995
1  1.15e+01  0.3215784863 -9.486 1.02279999999999999995
1  1.20e+01  0.3190123531 -9.486 1.02279999999999999995
1  1.26e+01  0.3167633021 -9.486 1.02279999999999999995
1  1.32e+01  0.3146136429 -9.486 1.02279999999999999995
1  1.38e+01  0.3126616932 -9.486 1.02279999999999999995
1  1.45e+01  0.3108425525 -9.486 1.02279999999999999995
1  1.51e+01  0.309181248 -9.486 1.02279999999999999995
1  1.58e+01  0.3076652234 -9.486 1.02279999999999999995
1  1.66e+01  0.3062707783 -9.486 1.02279999999999999995
1  1.74e+01  0.3049809497 -9.486 1.02279999999999999995
1  1.82e+01  0.3038091585 -9.486 1.02279999999999999995
1  1.91e+01  0.3027438325 -9.486 1.02279999999999999995
1  2.00e+01  0.3017282379 -9.486 1.02279999999999999995
1  2.09e+01  0.3008316628 -9.486 1.02279999999999999995
1  2.19e+01  0.2999771475 -9.486 1.02279999999999999995
1  2.29e+01  0.2991871123 -9.486 1.02279999999999999995
1  2.40e+01  0.2984689006 -9.486 1.02279999999999999995
1  2.51e+01  0.2978026594 -9.486 1.02279999999999999995
1  2.63e+01  0.2971779793 -9.486 1.02279999999999999995
1  2.75e+01  0.2965709836 -9.486 1.02279999999999999995
1  2.88e+01  0.2960177058 -9.486 1.02279999999999999995
1  3.02e+01  0.2954973469 -9.486 1.02279999999999999995
1  3.16e+01  0.29500108 -9.486 1.02279999999999999995
1  3.31e+01  0.2945324366 -9.486 1.02279999999999999995
1  3.47e+01  0.2940695311 -9.486 1.02279999999999999995
1  3.63e+01  0.2936202016 -9.486 1.02279999999999999995
1  3.80e+01  0.2931800293 -9.486 1.02279999999999999995
1  3.98e+01  0.2927449221 -9.486 1.02279999999999999995
1  4.17e+01  0.2923098942 -9.486 1.02279999999999999995
1  4.37e+01  0.2918653846 -9.486 1.02279999999999999995
1  4.57e+01  0.2914110422 -9.486 1.02279999999999999995
1  4.79e+01  0.2909758206 -9.486 1.02279999999999999995
1  5.01e+01  0.2905049525 -9.486 1.02279999999999999995
1  5.25e+01  0.2900192125 -9.486 1.02279999999999999995
1  5.50e+01  0.2894928984 -9.486 1.02279999999999999995
1  5.75e+01  0.2889624527 -9.486 1.02279999999999999995
1  6.03e+01  0.2883758908 -9.486 1.02279999999999999995
1  6.31e+01  0.2877438765 -9.486 1.02279999999999999995
1  6.61e+01  0.287065748 -9.486 1.02279999999999999995
1  6.92e+01  0.2863281451 -9.486 1.02279999999999999995
1  7.24e+01  0.2855131489 -9.486 1.02279999999999999995
1  7.59e+01  0.2846047235 -9.486 1.02279999999999999995
1  7.94e+01  0.283601174 -9.486 1.02279999999999999995
1  8.32e+01  0.2824524926 -9.486 1.02279999999999999995
1  8.71e+01  0.2811807696 -9.486 1.02279999999999999995
1  9.12e+01  0.2797109888 -9.486 1.02279999999999999995
1  9.55e+01  0.2780323892 -9.486 1.02279999999999999995
1  1.00e+02  0.2760763136 -9.486 1.02279999999999999995
1  1.05e+02  0.273805028 -9.486 1.02279999999999999995
1  1.10e+02  0.271148939 -9.486 1.02279999999999999995
1  1.15e+02  0.2679612881 -9.486 1.02279999999999999995
1  1.20e+02  0.2641718986 -9.486 1.02279999999999999995
1  1.26e+02  0.2595943746 -9.486 1.02279999999999999995
1  1.32e+02  0.2540451968 -9.486 1.02279999999999999995
1  1.38e+02  0.2472562053 -9.486 1.02279999999999999995
1  1.45e+02  0.2389263579 -9.486 1.02279999999999999995
1  1.51e+02  0.2287032474 -9.486 1.02279999999999999995
1  1.58e+02  0.2162762251 -9.486 1.02279999999999999995
1  1.66e+02  0.2014056577 -9.486 1.02279999999999999995
1  1.74e+02  0.1841051182 -9.486 1.02279999999999999995
1  1.82e+02  0.1648168779 -9.486 1.02279999999999999995
1  1.91e+02  0.1444758394 -9.486 1.02279999999999999995
1  2.00e+02  0.1243676527 -9.486 1.02279999999999999995
1  2.09e+02  0.1057612246 -9.486 1.02279999999999999995
1  2.19e+02  0.08952365695 -9.486 1.02279999999999999995
1  2.29e+02  0.07603483685 -9.486 1.02279999999999999995
1  2.40e+02  0.06517256641 -9.486 1.02279999999999999995
1  2.51e+02  0.0566118431 -9.486 1.02279999999999999995
1  2.63e+02  0.04993610116 -9.486 1.02279999999999999995
1  2.75e+02  0.04473987259 -9.486 1.02279999999999999995
1  2.88e+02  0.04069301772 -9.486 1.02279999999999999995
1  3.02e+02  0.03751590407 -9.486 1.02279999999999999995
1  3.16e+02  0.03501217163 -9.486 1.02279999999999999995
1  3.31e+02  0.03301781399 -9.486 1.02279999999999999995
1  3.47e+02  0.03142362993 -9.486 1.02279999999999999995
1  3.63e+02  0.03013637603 -9.486 1.02279999999999999995
1  3.80e+02  0.02908771063 -9.486 1.02279999999999999995
1  3.98e+02  0.02822869911 -9.486 1.02279999999999999995
1  4.17e+02  0.02751824183 -9.486 1.02279999999999999995
1  4.37e+02  0.02692916565 -9.486 1.02279999999999999995
1  4.57e+02  0.02643680204 -9.486 1.02279999999999999995
1  4.79e+02  0.02602313569 -9.486 1.02279999999999999995
1  5.01e+02  0.02567470701 -9.486 1.02279999999999999995
1  5.25e+02  0.02537780228 -9.486 1.02279999999999999995
1  5.50e+02  0.02512579739 -9.486 1.02279999999999999995
1  5.75e+02  0.02491043384 -9.486 1.02279999999999999995
1  6.03e+02  0.02472319853 -9.486 1.02279999999999999995
1  6.31e+02  0.02456444422 -9.486 1.02279999999999999995
1  6.61e+02  0.02442518441 -9.486 1.02279999999999999995
1  6.92e+02  0.02430535268 -9.486 1.02279999999999999995
1  7.24e+02  0.0242009728 -9.486 1.02279999999999999995
1  7.59e+02  0.02410988223 -9.486 1.02279999999999999995
1  7.94e+02  0.02402923816 -9.486 1.02279999999999999995
1  8.32e+02  0.02396000114 -9.486 1.02279999999999999995
1  8.71e+02  0.02389854716 -9.486 1.02279999999999999995
1  9.12e+02  0.02384511273 -9.486 1.02279999999999999995
1  9.55e+02  0.02379695475 -9.486 1.02279999999999999995
1  1.00e+03  0.02375357424 -9.486 1.02279999999999999995
1  1.05e+03  0.02371669532 -9.486 1.02279999999999999995
1  1.10e+03  0.02368354772 -9.486 1.02279999999999999995
1  1.15e+03  0.02365453603 -9.486 1.02279999999999999995
1  1.20e+03  0.02362791836 -9.486 1.02279999999999999995
1  1.26e+03  0.02360455495 -9.486 1.02279999999999999995
1  1.32e+03  0.02358449948 -9.486 1.02279999999999999995
1  1.38e+03  0.02356619816 -9.486 1.02279999999999999995
1  1.45e+03  0.02354976275 -9.486 1.02279999999999999995
1  1.51e+03  0.02353371211 -9.486 1.02279999999999999995
1  1.58e+03  0.02352086319 -9.486 1.02279999999999999995
1  1.66e+03  0.02350851158 -9.486 1.02279999999999999995
1  1.74e+03  0.02349892566 -9.486 1.02279999999999999995
1  1.82e+03  0.02348912594 -9.486 1.02279999999999999995
1  1.91e+03  0.02347991442 -9.486 1.02279999999999999995
1  2.00e+03  0.02347268868 -9.486 1.02279999999999999995
1  2.09e+03  0.02346507298 -9.486 1.02279999999999999995
1  2.19e+03  0.02345876109 -9.486 1.02279999999999999995
1  2.29e+03  0.02345399717 -9.486 1.02279999999999999995
1  2.40e+03  0.02344860555 -9.486 1.02279999999999999995
1  2.51e+03  0.02344439183 -9.486 1.02279999999999999995
1  2.63e+03  0.02343945599 -9.486 1.02279999999999999995
1  2.75e+03  0.02343615608 -9.486 1.02279999999999999995
1  2.88e+03  0.02343299037 -9.486 1.02279999999999999995
1  3.02e+03  0.02342924838 -9.486 1.02279999999999999995
1  3.16e+03  0.02342625911 -9.486 1.02279999999999999995
1  3.31e+03  0.02342498059 -9.486 1.02279999999999999995
1  3.47e+03  0.02342222671 -9.486 1.02279999999999999995
1  3.63e+03  0.0234194117 -9.486 1.02279999999999999995
1  3.80e+03  0.02342038329 -9.486 1.02279999999999999995
1  3.98e+03  0.02342017247 -9.486 1.02279999999999999995
1  4.17e+03  0.02341734241 -9.486 1.02279999999999999995
1  4.37e+03  0.02341787453 -9.486 1.02279999999999999995
1  4.57e+03  0.02341909745 -9.486 1.02279999999999999995
1  4.79e+03  0.02341031498 -9.486 1.02279999999999999995
1  5.01e+03  0.02340397788 -9.486 1.02279999999999999995
1  5.25e+03  0.02340785977 -9.486 1.02279999999999999995
1  5.50e+03  0.02342865688 -9.486 1.02279999999999999995
1  5.75e+03  0.02340853376 -9.486 1.02279999999999999995
1  6.03e+03  0.02342366557 -9.486 1.02279999999999999995
1  6.31e+03  0.02344004461 -9.486 1.02279999999999999995
1  6.61e+03  0.02343781878 -9.486 1.02279999999999999995
1  6.92e+03  0.02345630945 -9.486 1.02279999999999999995
1  7.24e+03  0.02351927582 -9.486 1.02279999999999999995
1  7.59e+03  0.02348477906 -9.486 1.02279999999999999995
1  7.94e+03  0.02359483542 -9.486 1.02279999999999999995
1  8.32e+03  0.02371089952 -9.486 1.02279999999999999995
1  8.71e+03  0.02373793401 -9.486 1.02279999999999999995
1  9.12e+03  0.02380243025 -9.486 1.02279999999999999995
1  9.55e+03  0.02398820139 -9.486 1.02279999999999999995
1  1.00e+04  0.02426095356 -9.486 1.02279999999999999995
1  1.05e+04  0.02458494819 -9.486 1.02279999999999999995
1  1.10e+04  0.02495583882 -9.486 1.02279999999999999995
1  1.15e+04  0.02540545075 -9.486 1.02279999999999999995
1  1.20e+04  0.02591242484 -9.486 1.02279999999999999995
1  1.26e+04  0.02651170833 -9.486 1.02279999999999999995
1  1.32e+04  0.02731879151 -9.486 1.02279999999999999995
1  1.38e+04  0.02828994866 -9.486 1.02279999999999999995
1  1.45e+04  0.02952099257 -9.486 1.02279999999999999995
1  1.51e+04  0.03110593696 -9.486 1.02279999999999999995
1  1.58e+04  0.0327533305 -9.486 1.02279999999999999995
1  1.66e+04  0.03427885483 -9.486 1.02279999999999999995
1  1.74e+04  0.03645497353 -9.486 1.02279999999999999995
1  1.82e+04  0.03937589195 -9.486 1.02279999999999999995
1  1.91e+04  0.0418244978 -9.486 1.02279999999999999995
1  2.00e+04  0.04452444167 -9.486 1.02279999999999999995
1  2.09e+04  0.0482959789 -9.486 1.02279999999999999995
1  2.19e+04  0.05199434332 -9.486 1.02279999999999999995
1  2.29e+04  0.05607794534 -9.486 1.02279999999999999995
1  2.40e+04  0.060451173 -9.486 1.02279999999999999995
1  2.51e+04  0.06549592771 -9.486 1.02279999999999999995
1  2.63e+04  0.07048360995 -9.486 1.02279999999999999995
1  2.75e+04  0.07627152698 -9.486 1.02279999999999999995
1  2.88e+04  0.08193663022 -9.486 1.02279999999999999995
1  3.02e+04  0.08864739599 -9.486 1.02279999999999999995
1  3.16e+04  0.0945806817 -9.486 1.02279999999999999995
1  3.31e+04  0.1024533195 -9.486 1.02279999999999999995
1  3.47e+04  0.1088020754 -9.486 1.02279999999999999995
1  3.63e+04  0.1167728973 -9.486 1.02279999999999999995
1  3.80e+04  0.1249976562 -9.486 1.02279999999999999995
1  3.98e+04  0.1322055024 -9.486 1.02279999999999999995
1  4.17e+04  0.140796138 -9.486 1.02279999999999999995
1  4.37e+04  0.1501265453 -9.486 1.02279999999999999995
1  4.57e+04  0.158145779 -9.486 1.02279999999999999995
1  4.79e+04  0.1661179648 -9.486 1.02279999999999999995
1  5.01e+04  0.1762105104 -9.486 1.02279999999999999995
1  5.25e+04  0.1864046291 -9.486 1.02279999999999999995
1  5.50e+04  0.1943075523 -9.486 1.02279999999999999995
1  5.75e+04  0.202096226 -9.486 1.02279999999999999995
1  6.03e+04  0.2123762735 -9.486 1.02279999999999999995
1  6.31e+04  0.2236616565 -9.486 1.02279999999999999995
1  6.61e+04  0.233201383 -9.486 1.02279999999999999995
1  6.92e+04  0.2409088656 -9.486 1.02279999999999999995
1  7.24e+04  0.2486992777 -9.486 1.02279999999999999995
1  7.59e+04  0.2578660496 -9.486 1.02279999999999999995
1  7.94e+04  0.2682069537 -9.486 1.02279999999999999995
1  8.32e+04  0.2787965661 -9.486 1.02279999999999999995
1  8.71e+04  0.2887595366 -9.486 1.02279999999999999995
1  9.12e+04  0.2975846969 -9.486 1.02279999999999999995
1  9.55e+04  0.3052548422 -9.486 1.02279999999999999995
1  1.00e+05  0.3122402584 -9.486 1.02279999999999999995
1  1.05e+05  0.3192703688 -9.486 1.02279999999999999995
1  1.10e+05  0.3269619864 -9.486 1.02279999999999999995
1  1.15e+05  0.3355310967 -9.486 1.02279999999999999995
1  1.20e+05  0.3447569294 -9.486 1.02279999999999999995
1  1.26e+05  0.3541683146 -9.486 1.02279999999999999995
1  1.32e+05  0.3632865634 -9.486 1.02279999999999999995
1  1.38e+05  0.3717833751 -9.486 1.02279999999999999995
1  1.45e+05  0.379518665 -9.486 1.02279999999999999995
1  1.51e+05  0.3865004144 -9.486 1.02279999999999999995
1  1.58e+05  0.3928224923 -9.486 1.02279999999999999995
1  1.66e+05  0.3986143255 -9.486 1.02279999999999999995
1  1.74e+05  0.4040113466 -9.486 1.02279999999999999995
1  1.82e+05  0.4091412891 -9.486 1.02279999999999999995
1  1.91e+05  0.414118167 -9.486 1.02279999999999999995
1  2.00e+05  0.4190382176 -9.486 1.02279999999999999995
1  2.09e+05  0.4239758693 -9.486 1.02279999999999999995
1  2.19e+05  0.428980432 -9.486 1.02279999999999999995
1  2.29e+05  0.43407497 -9.486 1.02279999999999999995
1  2.40e+05  0.4392581858 -9.486 1.02279999999999999995
1  2.51e+05  0.4445090403 -9.486 1.02279999999999999995
1  2.63e+05  0.4497930007 -9.486 1.02279999999999999995
1  2.75e+05  0.4550685556 -9.486 1.02279999999999999995
1  2.88e+05  0.4602928811 -9.486 1.02279999999999999995
1  3.02e+05  0.4654260301 -9.486 1.02279999999999999995
1  3.16e+05  0.4704335038 -9.486 1.02279999999999999995
1  3.31e+05  0.4752874124 -9.486 1.02279999999999999995
1  3.47e+05  0.4799665959 -9.486 1.02279999999999999995
1  3.63e+05  0.4844560975 -9.486 1.02279999999999999995
1  3.80e+05  0.4887463209 -9.486 1.02279999999999999995
1  3.98e+05  0.4928320992 -9.486 1.02279999999999999995
1  4.17e+05  0.4967118157 -9.486 1.02279999999999999995
1  4.37e+05  0.5003866384 -9.486 1.02279999999999999995
1  4.57e+05  0.5038598863 -9.486 1.02279999999999999995
1  4.79e+05  0.5071365182 -9.486 1.02279999999999999995
1  5.01e+05  0.5102227233 -9.486 1.02279999999999999995
1  5.25e+05  0.513125593 -9.486 1.02279999999999999995
1  5.50e+05  0.5158528547 -9.486 1.02279999999999999995
1  5.75e+05  0.5184126539 -9.486 1.02279999999999999995
1  6.03e+05  0.5208133749 -9.486 1.02279999999999999995
1  6.31e+05  0.5230634917 -9.486 1.02279999999999999995
1  6.61e+05  0.5251714464 -9.486 1.02279999999999999995
1  6.92e+05  0.5271455504 -9.486 1.02279999999999999995
1  7.24e+05  0.5289939058 -9.486 1.02279999999999999995
1  7.59e+05  0.5307243449 -9.486 1.02279999999999999995
1  7.94e+05  0.5323443857 -9.486 1.02279999999999999995
1  8.32e+05  0.5338612005 -9.486 1.02279999999999999995
1  8.71e+05  0.5352815969 -9.486 1.02279999999999999995
1  9.12e+05  0.5366120073 -9.486 1.02279999999999999995
1  9.55e+05  0.5378584872 -9.486 1.02279999999999999995
1  1.00e+06  0.5390267194 -9.486 1.02279999999999999995
1  1.05e+06  0.5401220224 -9.486 1.02279999999999999995
1  1.10e+06  0.5411493633 -9.486 1.02279999999999999995
1  1.15e+06  0.5421133722 -9.486 1.02279999999999999995
1  1.20e+06  0.5430183591 -9.486 1.02279999999999999995
1  1.26e+06  0.5438683313 -9.486 1.02279999999999999995
1  1.32e+06  0.5446670113 -9.486 1.02279999999999999995
1  1.38e+06  0.5454178547 -9.486 1.02279999999999999995
1  1.45e+06  0.5461240679 -9.486 1.02279999999999999995
1  1.51e+06  0.5467886251 -9.486 1.02279999999999999995
1  1.58e+06  0.5474142848 -9.486 1.02279999999999999995
1  1.66e+06  0.5480036053 -9.486 1.02279999999999999995
1  1.74e+06  0.5485589597 -9.486 1.02279999999999999995
1  1.82e+06  0.5490825491 -9.486 1.02279999999999999995
1  1.91e+06  0.5495764188 -9.486 1.02279999999999999995
1  2.00e+06  0.5500424638 -9.486 1.02279999999999999995
1  2.09e+06  0.5504824421 -9.486 1.02279999999999999995
1  2.19e+06  0.5508979905 -9.486 1.02279999999999999995
1  2.29e+06  0.5512906283 -9.486 1.02279999999999999995
1  2.40e+06  0.5516617701 -9.486 1.02279999999999999995
1  2.51e+06  0.5520127305 -9.486 1.02279999999999999995
1  2.63e+06  0.5523447347 -9.486 1.02279999999999999995
1  2.75e+06  0.5526589227 -9.486 1.02279999999999999995
1  2.88e+06  0.552956358 -9.486 1.02279999999999999995
1  3.02e+06  0.5532380317 -9.486 1.02279999999999999995
1  3.16e+06  0.5535048686 -9.486 1.02279999999999999995
1  3.31e+06  0.5537577329 -9.486 1.02279999999999999995
1  3.47e+06  0.5539974312 -9.486 1.02279999999999999995
1  3.63e+06  0.5542247182 -9.486 1.02279999999999999995
1  3.80e+06  0.5544402991 -9.486 1.02279999999999999995
1  3.98e+06  0.5546448346 -9.486 1.02279999999999999995
1  4.17e+06  0.5548389431 -9.486 1.02279999999999999995
1  4.37e+06  0.5550232045 -9.486 1.02279999999999999995
1  4.57e+06  0.5551981621 -9.486 1.02279999999999999995
1  4.79e+06  0.5553643259 -9.486 1.02279999999999999995
1  5.01e+06  0.5555221746 -9.486 1.02279999999999999995
1  5.25e+06  0.5556721576 -9.486 1.02279999999999999995
1  5.50e+06  0.5558146978 -9.486 1.02279999999999999995
1  5.75e+06  0.5559501921 -9.486 1.02279999999999999995
1  6.03e+06  0.5560790146 -9.486 1.02279999999999999995
1  6.31e+06  0.5562015169 -9.486 1.02279999999999999995
1  6.61e+06  0.5563180304 -9.486 1.02279999999999999995
1  6.92e+06  0.5564288672 -9.486 1.02279999999999999995
1  7.24e+06  0.5565343217 -9.486 1.02279999999999999995
1  7.59e+06  0.5566346713 -9.486 1.02279999999999999995
1  7.94e+06  0.5567301779 -9.486 1.02279999999999999995
1  8.32e+06  0.5568210887 -9.486 1.02279999999999999995
1  8.71e+06  0.556907637 -9.486 1.02279999999999999995
1  9.12e+06  0.5569900436 -9.486 1.02279999999999999995
1  9.55e+06  0.5570685166 -9.486 1.02279999999999999995
1  1.00e+07  0.5571432533 -9.486 1.02279999999999999995
