1  1.00e-03  0.3729560607  1.616899e-01 1.05699999999999999999
1  1.05e-03  0.3729560643  1.616899e-01 1.05699999999999999999
1  1.10e-03  0.3729560648  1.616899e-01 1.05699999999999999999
1  1.15e-03  0.3729560652  1.616899e-01 1.05699999999999999999
1  1.20e-03  0.3729560628  1.616899e-01 1.05699999999999999999
1  1.26e-03  0.3729560663  1.616899e-01 1.05699999999999999999
1  1.32e-03  0.3729560632  1.616899e-01 1.05699999999999999999
1  1.38e-03  0.3729560578  1.616899e-01 1.05699999999999999999
1  1.45e-03  0.3729560613  1.616899e-01 1.05699999999999999999
1  1.51e-03  0.3729560637  1.616899e-01 1.05699999999999999999
1  1.58e-03  0.37295606  1.616899e-01 1.05699999999999999999
1  1.66e-03  0.3729560639  1.616899e-01 1.05699999999999999999
1  1.74e-03  0.3729560638  1.616899e-01 1.05699999999999999999
1  1.82e-03  0.3729560517  1.616899e-01 1.05699999999999999999
1  1.91e-03  0.3729560582  1.616899e-01 1.05699999999999999999
1  2.00e-03  0.3729560608  1.616899e-01 1.05699999999999999999
1  2.09e-03  0.3729560624  1.616899e-01 1.05699999999999999999
1  2.19e-03  0.3729569113  1.616899e-01 1.05699999999999999999
1  2.29e-03  0.3729560549  1.616899e-01 1.05699999999999999999
1  2.40e-03  0.3729560584  1.616899e-01 1.05699999999999999999
1  2.51e-03  0.3729560502  1.616899e-01 1.05699999999999999999
1  2.63e-03  0.3729560647  1.616899e-01 1.05699999999999999999
1  2.75e-03  0.3729560563  1.616899e-01 1.05699999999999999999
1  2.88e-03  0.372956057  1.616899e-01 1.05699999999999999999
1  3.02e-03  0.3729560589  1.616899e-01 1.05699999999999999999
1  3.16e-03  0.3729560589  1.616899e-01 1.05699999999999999999
1  3.31e-03  0.3729560595  1.616899e-01 1.05699999999999999999
1  3.47e-03  0.3729560599  1.616899e-01 1.05699999999999999999
1  3.63e-03  0.3729560565  1.616899e-01 1.05699999999999999999
1  3.80e-03  0.3729560585  1.616899e-01 1.05699999999999999999
1  3.98e-03  0.3729560652  1.616899e-01 1.05699999999999999999
1  4.17e-03  0.3729560528  1.616899e-01 1.05699999999999999999
1  4.37e-03  0.3729560657  1.616899e-01 1.05699999999999999999
1  4.57e-03  0.3729560635  1.616899e-01 1.05699999999999999999
1  4.79e-03  0.3729560524  1.616899e-01 1.05699999999999999999
1  5.01e-03  0.3729560577  1.616899e-01 1.05699999999999999999
1  5.25e-03  0.3729560612  1.616899e-01 1.05699999999999999999
1  5.50e-03  0.3729560518  1.616899e-01 1.05699999999999999999
1  5.75e-03  0.3729560442  1.616899e-01 1.05699999999999999999
1  6.03e-03  0.3729560562  1.616899e-01 1.05699999999999999999
1  6.31e-03  0.3729560514  1.616899e-01 1.05699999999999999999
1  6.61e-03  0.3729560592  1.616899e-01 1.05699999999999999999
1  6.92e-03  0.3729560479  1.616899e-01 1.05699999999999999999
1  7.24e-03  0.3729560465  1.616899e-01 1.05699999999999999999
1  7.59e-03  0.3729560541  1.616899e-01 1.05699999999999999999
1  7.94e-03  0.3729560472  1.616899e-01 1.05699999999999999999
1  8.32e-03  0.3729560462  1.616899e-01 1.05699999999999999999
1  8.71e-03  0.372956057  1.616899e-01 1.05699999999999999999
1  9.12e-03  0.3729560368  1.616899e-01 1.05699999999999999999
1  9.55e-03  0.372956037  1.616899e-01 1.05699999999999999999
1  1.00e-02  0.3729560529  1.616899e-01 1.05699999999999999999
1  1.05e-02  0.3729560373  1.616899e-01 1.05699999999999999999
1  1.10e-02  0.3729560305  1.616899e-01 1.05699999999999999999
1  1.15e-02  0.3729560441  1.616899e-01 1.05699999999999999999
1  1.20e-02  0.3729560395  1.616899e-01 1.05699999999999999999
1  1.26e-02  0.37295604  1.616899e-01 1.05699999999999999999
1  1.32e-02  0.3729560357  1.616899e-01 1.05699999999999999999
1  1.38e-02  0.3729560498  1.616899e-01 1.05699999999999999999
1  1.45e-02  0.3729560461  1.616899e-01 1.05699999999999999999
1  1.51e-02  0.3729560337  1.616899e-01 1.05699999999999999999
1  1.58e-02  0.3729560431  1.616899e-01 1.05699999999999999999
1  1.66e-02  0.3729560425  1.616899e-01 1.05699999999999999999
1  1.74e-02  0.3729560215  1.616899e-01 1.05699999999999999999
1  1.82e-02  0.3729560534  1.616899e-01 1.05699999999999999999
1  1.91e-02  0.3729560127  1.616899e-01 1.05699999999999999999
1  2.00e-02  0.3729560169  1.616899e-01 1.05699999999999999999
1  2.09e-02  0.3729560549  1.616899e-01 1.05699999999999999999
1  2.19e-02  0.3729560465  1.616899e-01 1.05699999999999999999
1  2.29e-02  0.3729561462  1.616899e-01 1.05699999999999999999
1  2.40e-02  0.3729563322  1.616899e-01 1.05699999999999999999
1  2.51e-02  0.3729560432  1.616899e-01 1.05699999999999999999
1  2.63e-02  0.3729560506  1.616899e-01 1.05699999999999999999
1  2.75e-02  0.3729559905  1.616899e-01 1.05699999999999999999
1  2.88e-02  0.3729559682  1.616899e-01 1.05699999999999999999
1  3.02e-02  0.3729560176  1.616899e-01 1.05699999999999999999
1  3.16e-02  0.3729560937  1.616899e-01 1.05699999999999999999
1  3.31e-02  0.3729561811  1.616899e-01 1.05699999999999999999
1  3.47e-02  0.3729560217  1.616899e-01 1.05699999999999999999
1  3.63e-02  0.3729556966  1.616899e-01 1.05699999999999999999
1  3.80e-02  0.3729540673  1.616899e-01 1.05699999999999999999
1  3.98e-02  0.3729559947  1.616899e-01 1.05699999999999999999
1  4.17e-02  0.3729559954  1.616899e-01 1.05699999999999999999
1  4.37e-02  0.3729559241  1.616899e-01 1.05699999999999999999
1  4.57e-02  0.3729559331  1.616899e-01 1.05699999999999999999
1  4.79e-02  0.3729561872  1.616899e-01 1.05699999999999999999
1  5.01e-02  0.3729556904  1.616899e-01 1.05699999999999999999
1  5.25e-02  0.3729559547  1.616899e-01 1.05699999999999999999
1  5.50e-02  0.3729559797  1.616899e-01 1.05699999999999999999
1  5.75e-02  0.3729559335  1.616899e-01 1.05699999999999999999
1  6.03e-02  0.3729559381  1.616899e-01 1.05699999999999999999
1  6.31e-02  0.372956017  1.616899e-01 1.05699999999999999999
1  6.61e-02  0.3729559566  1.616899e-01 1.05699999999999999999
1  6.92e-02  0.3729558005  1.616899e-01 1.05699999999999999999
1  7.24e-02  0.3729559382  1.616899e-01 1.05699999999999999999
1  7.59e-02  0.3729558073  1.616899e-01 1.05699999999999999999
1  7.94e-02  0.3729560582  1.616899e-01 1.05699999999999999999
1  8.32e-02  0.37295414  1.616899e-01 1.05699999999999999999
1  8.71e-02  0.3729557491  1.616899e-01 1.05699999999999999999
1  9.12e-02  0.3729558075  1.616899e-01 1.05699999999999999999
1  9.55e-02  0.3729556546  1.616899e-01 1.05699999999999999999
1  1.00e-01  0.3729557024  1.616899e-01 1.05699999999999999999
1  1.05e-01  0.3729550127  1.616899e-01 1.05699999999999999999
1  1.10e-01  0.3729557648  1.616899e-01 1.05699999999999999999
1  1.15e-01  0.372955824  1.616899e-01 1.05699999999999999999
1  1.20e-01  0.37295576  1.616899e-01 1.05699999999999999999
1  1.26e-01  0.3729556855  1.616899e-01 1.05699999999999999999
1  1.32e-01  0.3729559615  1.616899e-01 1.05699999999999999999
1  1.38e-01  0.3729557305  1.616899e-01 1.05699999999999999999
1  1.45e-01  0.3729558886  1.616899e-01 1.05699999999999999999
1  1.51e-01  0.372955819  1.616899e-01 1.05699999999999999999
1  1.58e-01  0.3729535223  1.616899e-01 1.05699999999999999999
1  1.66e-01  0.3729557071  1.616899e-01 1.05699999999999999999
1  1.74e-01  0.3729569902  1.616899e-01 1.05699999999999999999
1  1.82e-01  0.372955124  1.616899e-01 1.05699999999999999999
1  1.91e-01  0.3729556652  1.616899e-01 1.05699999999999999999
1  2.00e-01  0.3729552206  1.616899e-01 1.05699999999999999999
1  2.09e-01  0.3729558985  1.616899e-01 1.05699999999999999999
1  2.19e-01  0.3729558208  1.616899e-01 1.05699999999999999999
1  2.29e-01  0.3729554651  1.616899e-01 1.05699999999999999999
1  2.40e-01  0.3729553866  1.616899e-01 1.05699999999999999999
1  2.51e-01  0.3729553905  1.616899e-01 1.05699999999999999999
1  2.63e-01  0.3729554743  1.616899e-01 1.05699999999999999999
1  2.75e-01  0.3729548601  1.616899e-01 1.05699999999999999999
1  2.88e-01  0.3729546553  1.616899e-01 1.05699999999999999999
1  3.02e-01  0.3729556125  1.616899e-01 1.05699999999999999999
1  3.16e-01  0.372952905  1.616899e-01 1.05699999999999999999
1  3.31e-01  0.3729554481  1.616899e-01 1.05699999999999999999
1  3.47e-01  0.3729552675  1.616899e-01 1.05699999999999999999
1  3.63e-01  0.3729550107  1.616899e-01 1.05699999999999999999
1  3.80e-01  0.3729552306  1.616899e-01 1.05699999999999999999
1  3.98e-01  0.3729554367  1.616899e-01 1.05699999999999999999
1  4.17e-01  0.3729558628  1.616899e-01 1.05699999999999999999
1  4.37e-01  0.3729551148  1.616899e-01 1.05699999999999999999
1  4.57e-01  0.372955156  1.616899e-01 1.05699999999999999999
1  4.79e-01  0.3729551049  1.616899e-01 1.05699999999999999999
1  5.01e-01  0.3729550026  1.616899e-01 1.05699999999999999999
1  5.25e-01  0.3729547909  1.616899e-01 1.05699999999999999999
1  5.50e-01  0.3729550169  1.616899e-01 1.05699999999999999999
1  5.75e-01  0.3729550424  1.616899e-01 1.05699999999999999999
1  6.03e-01  0.3729549661  1.616899e-01 1.05699999999999999999
1  6.31e-01  0.3729541418  1.616899e-01 1.05699999999999999999
1  6.61e-01  0.3729558959  1.616899e-01 1.05699999999999999999
1  6.92e-01  0.3729549475  1.616899e-01 1.05699999999999999999
1  7.24e-01  0.3729558157  1.616899e-01 1.05699999999999999999
1  7.59e-01  0.3729551745  1.616899e-01 1.05699999999999999999
1  7.94e-01  0.3729554993  1.616899e-01 1.05699999999999999999
1  8.32e-01  0.3729336302  1.616899e-01 1.05699999999999999999
1  8.71e-01  0.3729559402  1.616899e-01 1.05699999999999999999
1  9.12e-01  0.3729553312  1.616899e-01 1.05699999999999999999
1  9.55e-01  0.3729541906  1.616899e-01 1.05699999999999999999
1  1.00e+00  0.3729537347  1.616899e-01 1.05699999999999999999
1  1.05e+00  0.3729538093  1.616899e-01 1.05699999999999999999
1  1.10e+00  0.3729550303  1.616899e-01 1.05699999999999999999
1  1.15e+00  0.3729554909  1.616899e-01 1.05699999999999999999
1  1.20e+00  0.3729557655  1.616899e-01 1.05699999999999999999
1  1.26e+00  0.372955524  1.616899e-01 1.05699999999999999999
1  1.32e+00  0.3729539082  1.616899e-01 1.05699999999999999999
1  1.38e+00  0.3729560912  1.616899e-01 1.05699999999999999999
1  1.45e+00  0.3729562233  1.616899e-01 1.05699999999999999999
1  1.51e+00  0.3729528991  1.616899e-01 1.05699999999999999999
1  1.58e+00  0.3729534297  1.616899e-01 1.05699999999999999999
1  1.66e+00  0.372954206  1.616899e-01 1.05699999999999999999
1  1.74e+00  0.372947747  1.616899e-01 1.05699999999999999999
1  1.82e+00  0.3729552547  1.616899e-01 1.05699999999999999999
1  1.91e+00  0.3729550824  1.616899e-01 1.05699999999999999999
1  2.00e+00  0.372952262  1.616899e-01 1.05699999999999999999
1  2.09e+00  0.3729548511  1.616899e-01 1.05699999999999999999
1  2.19e+00  0.372952829  1.616899e-01 1.05699999999999999999
1  2.29e+00  0.3729209586  1.616899e-01 1.05699999999999999999
1  2.40e+00  0.3729481529  1.616899e-01 1.05699999999999999999
1  2.51e+00  0.3729551555  1.616899e-01 1.05699999999999999999
1  2.63e+00  0.3729514414  1.616899e-01 1.05699999999999999999
1  2.75e+00  0.372950846  1.616899e-01 1.05699999999999999999
1  2.88e+00  0.3729226492  1.616899e-01 1.05699999999999999999
1  3.02e+00  0.3729495868  1.616899e-01 1.05699999999999999999
1  3.16e+00  0.3729505765  1.616899e-01 1.05699999999999999999
1  3.31e+00  0.3729341893  1.616899e-01 1.05699999999999999999
1  3.47e+00  0.3729249067  1.616899e-01 1.05699999999999999999
1  3.63e+00  0.3729853041  1.616899e-01 1.05699999999999999999
1  3.80e+00  0.3729553725  1.616899e-01 1.05699999999999999999
1  3.98e+00  0.3729480219  1.616899e-01 1.05699999999999999999
1  4.17e+00  0.3729464252  1.616899e-01 1.05699999999999999999
1  4.37e+00  0.3729515682  1.616899e-01 1.05699999999999999999
1  4.57e+00  0.372952652  1.616899e-01 1.05699999999999999999
1  4.79e+00  0.3729521932  1.616899e-01 1.05699999999999999999
1  5.01e+00  0.3729489456  1.616899e-01 1.05699999999999999999
1  5.25e+00  0.3729457002  1.616899e-01 1.05699999999999999999
1  5.50e+00  0.37295109  1.616899e-01 1.05699999999999999999
1  5.75e+00  0.3729447902  1.616899e-01 1.05699999999999999999
1  6.03e+00  0.3729128031  1.616899e-01 1.05699999999999999999
1  6.31e+00  0.3729466291  1.616899e-01 1.05699999999999999999
1  6.61e+00  0.3729416856  1.616899e-01 1.05699999999999999999
1  6.92e+00  0.3730139555  1.616899e-01 1.05699999999999999999
1  7.24e+00  0.3730952562  1.616899e-01 1.05699999999999999999
1  7.59e+00  0.3728986272  1.616899e-01 1.05699999999999999999
1  7.94e+00  0.3729157382  1.616899e-01 1.05699999999999999999
1  8.32e+00  0.3728354799  1.616899e-01 1.05699999999999999999
1  8.71e+00  0.3730718214  1.616899e-01 1.05699999999999999999
1  9.12e+00  0.3730692429  1.616899e-01 1.05699999999999999999
1  9.55e+00  0.373072325  1.616899e-01 1.05699999999999999999
1  1.00e+01  0.3729469636  1.616899e-01 1.05699999999999999999
1  1.05e+01  0.3730228246  1.616899e-01 1.05699999999999999999
1  1.10e+01  0.3730430175  1.616899e-01 1.05699999999999999999
1  1.15e+01  0.3729899178  1.616899e-01 1.05699999999999999999
1  1.20e+01  0.372960672  1.616899e-01 1.05699999999999999999
1  1.26e+01  0.3729398512  1.616899e-01 1.05699999999999999999
1  1.32e+01  0.3729599342  1.616899e-01 1.05699999999999999999
1  1.38e+01  0.372940812  1.616899e-01 1.05699999999999999999
1  1.45e+01  0.3729544959  1.616899e-01 1.05699999999999999999
1  1.51e+01  0.3729225033  1.616899e-01 1.05699999999999999999
1  1.58e+01  0.3728971035  1.616899e-01 1.05699999999999999999
1  1.66e+01  0.3728860756  1.616899e-01 1.05699999999999999999
1  1.74e+01  0.3731843298  1.616899e-01 1.05699999999999999999
1  1.82e+01  0.3727706414  1.616899e-01 1.05699999999999999999
1  1.91e+01  0.3729558706  1.616899e-01 1.05699999999999999999
1  2.00e+01  0.3729274999  1.616899e-01 1.05699999999999999999
1  2.09e+01  0.3721249615  1.616899e-01 1.05699999999999999999
1  2.19e+01  0.372741471  1.616899e-01 1.05699999999999999999
1  2.29e+01  0.3728032325  1.616899e-01 1.05699999999999999999
1  2.40e+01  0.3730814333  1.616899e-01 1.05699999999999999999
1  2.51e+01  0.3730547909  1.616899e-01 1.05699999999999999999
1  2.63e+01  0.3723187951  1.616899e-01 1.05699999999999999999
1  2.75e+01  0.3734141316  1.616899e-01 1.05699999999999999999
1  2.88e+01  0.3727459601  1.616899e-01 1.05699999999999999999
1  3.02e+01  0.3731363191  1.616899e-01 1.05699999999999999999
1  3.16e+01  0.3726899865  1.616899e-01 1.05699999999999999999
1  3.31e+01  0.3727105946  1.616899e-01 1.05699999999999999999
1  3.47e+01  0.37201942  1.616899e-01 1.05699999999999999999
1  3.63e+01  0.3730473677  1.616899e-01 1.05699999999999999999
1  3.80e+01  0.372856002  1.616899e-01 1.05699999999999999999
1  3.98e+01  0.3732454698  1.616899e-01 1.05699999999999999999
1  4.17e+01  0.3729298321  1.616899e-01 1.05699999999999999999
1  4.37e+01  0.3727304152  1.616899e-01 1.05699999999999999999
1  4.57e+01  0.3733029787  1.616899e-01 1.05699999999999999999
1  4.79e+01  0.3724830893  1.616899e-01 1.05699999999999999999
1  5.01e+01  0.3728083948  1.616899e-01 1.05699999999999999999
1  5.25e+01  0.3728920654  1.616899e-01 1.05699999999999999999
1  5.50e+01  0.373074936  1.616899e-01 1.05699999999999999999
1  5.75e+01  0.3725445233  1.616899e-01 1.05699999999999999999
1  6.03e+01  0.3726376842  1.616899e-01 1.05699999999999999999
1  6.31e+01  0.3725255746  1.616899e-01 1.05699999999999999999
1  6.61e+01  0.3727554259  1.616899e-01 1.05699999999999999999
1  6.92e+01  0.3729486327  1.616899e-01 1.05699999999999999999
1  7.24e+01  0.3727909865  1.616899e-01 1.05699999999999999999
1  7.59e+01  0.3729137513  1.616899e-01 1.05699999999999999999
1  7.94e+01  0.3725756469  1.616899e-01 1.05699999999999999999
1  8.32e+01  0.3729215063  1.616899e-01 1.05699999999999999999
1  8.71e+01  0.3726815114  1.616899e-01 1.05699999999999999999
1  9.12e+01  0.3728336625  1.616899e-01 1.05699999999999999999
1  9.55e+01  0.3732851938  1.616899e-01 1.05699999999999999999
1  1.00e+02  0.3728441663  1.616899e-01 1.05699999999999999999
1  1.05e+02  0.3728964927  1.616899e-01 1.05699999999999999999
1  1.10e+02  0.3730232129  1.616899e-01 1.05699999999999999999
1  1.15e+02  0.3727465689  1.616899e-01 1.05699999999999999999
1  1.20e+02  0.3726836227  1.616899e-01 1.05699999999999999999
1  1.26e+02  0.3728560667  1.616899e-01 1.05699999999999999999
1  1.32e+02  0.3728711538  1.616899e-01 1.05699999999999999999
1  1.38e+02  0.3726278599  1.616899e-01 1.05699999999999999999
1  1.45e+02  0.3727084653  1.616899e-01 1.05699999999999999999
1  1.51e+02  0.3729180974  1.616899e-01 1.05699999999999999999
1  1.58e+02  0.372994846  1.616899e-01 1.05699999999999999999
1  1.66e+02  0.3727864119  1.616899e-01 1.05699999999999999999
1  1.74e+02  0.3728852714  1.616899e-01 1.05699999999999999999
1  1.82e+02  0.3729051984  1.616899e-01 1.05699999999999999999
1  1.91e+02  0.3730716298  1.616899e-01 1.05699999999999999999
1  2.00e+02  0.3726437377  1.616899e-01 1.05699999999999999999
1  2.09e+02  0.372331013  1.616899e-01 1.05699999999999999999
1  2.19e+02  0.3729254341  1.616899e-01 1.05699999999999999999
1  2.29e+02  0.3727027638  1.616899e-01 1.05699999999999999999
1  2.40e+02  0.3725031823  1.616899e-01 1.05699999999999999999
1  2.51e+02  0.3725632799  1.616899e-01 1.05699999999999999999
1  2.63e+02  0.3730539783  1.616899e-01 1.05699999999999999999
1  2.75e+02  0.3724514251  1.616899e-01 1.05699999999999999999
1  2.88e+02  0.3722719763  1.616899e-01 1.05699999999999999999
1  3.02e+02  0.3723137658  1.616899e-01 1.05699999999999999999
1  3.16e+02  0.3729567545  1.616899e-01 1.05699999999999999999
1  3.31e+02  0.3722678837  1.616899e-01 1.05699999999999999999
1  3.47e+02  0.3723208954  1.616899e-01 1.05699999999999999999
1  3.63e+02  0.372108099  1.616899e-01 1.05699999999999999999
1  3.80e+02  0.3729522738  1.616899e-01 1.05699999999999999999
1  3.98e+02  0.372380142  1.616899e-01 1.05699999999999999999
1  4.17e+02  0.3722040043  1.616899e-01 1.05699999999999999999
1  4.37e+02  0.3727066152  1.616899e-01 1.05699999999999999999
1  4.57e+02  0.3720024667  1.616899e-01 1.05699999999999999999
1  4.79e+02  0.3725013912  1.616899e-01 1.05699999999999999999
1  5.01e+02  0.3723450177  1.616899e-01 1.05699999999999999999
1  5.25e+02  0.3715356824  1.616899e-01 1.05699999999999999999
1  5.50e+02  0.3730300889  1.616899e-01 1.05699999999999999999
1  5.75e+02  0.3729833756  1.616899e-01 1.05699999999999999999
1  6.03e+02  0.3725569492  1.616899e-01 1.05699999999999999999
1  6.31e+02  0.3715556707  1.616899e-01 1.05699999999999999999
1  6.61e+02  0.3725367409  1.616899e-01 1.05699999999999999999
1  6.92e+02  0.3730164716  1.616899e-01 1.05699999999999999999
1  7.24e+02  0.3727853916  1.616899e-01 1.05699999999999999999
1  7.59e+02  0.3712972005  1.616899e-01 1.05699999999999999999
1  7.94e+02  0.3729424837  1.616899e-01 1.05699999999999999999
1  8.32e+02  0.3727685221  1.616899e-01 1.05699999999999999999
1  8.71e+02  0.3730384472  1.616899e-01 1.05699999999999999999
1  9.12e+02  0.3710055218  1.616899e-01 1.05699999999999999999
1  9.55e+02  0.372817339  1.616899e-01 1.05699999999999999999
1  1.00e+03  0.372514496  1.616899e-01 1.05699999999999999999
1  1.05e+03  0.3718120712  1.616899e-01 1.05699999999999999999
1  1.10e+03  0.3705581562  1.616899e-01 1.05699999999999999999
1  1.15e+03  0.3724223893  1.616899e-01 1.05699999999999999999
1  1.20e+03  0.3707000839  1.616899e-01 1.05699999999999999999
1  1.26e+03  0.3715720557  1.616899e-01 1.05699999999999999999
1  1.32e+03  0.3751584273  1.616899e-01 1.05699999999999999999
1  1.38e+03  0.3743092184  1.616899e-01 1.05699999999999999999
1  1.45e+03  0.3706924619  1.616899e-01 1.05699999999999999999
1  1.51e+03  0.3658916292  1.616899e-01 1.05699999999999999999
1  1.58e+03  0.371981675  1.616899e-01 1.05699999999999999999
1  1.66e+03  0.3735169961  1.616899e-01 1.05699999999999999999
1  1.74e+03  0.3738790025  1.616899e-01 1.05699999999999999999
1  1.82e+03  0.3672915136  1.616899e-01 1.05699999999999999999
1  1.91e+03  0.3842532649  1.616899e-01 1.05699999999999999999
1  2.00e+03  0.3731372513  1.616899e-01 1.05699999999999999999
1  2.09e+03  0.3868530881  1.616899e-01 1.05699999999999999999
1  2.19e+03  0.3915488059  1.616899e-01 1.05699999999999999999
1  2.29e+03  0.3886601335  1.616899e-01 1.05699999999999999999
1  2.40e+03  0.3781675565  1.616899e-01 1.05699999999999999999
1  2.51e+03  0.3418222546  1.616899e-01 1.05699999999999999999
1  2.63e+03  0.3459451736  1.616899e-01 1.05699999999999999999
1  2.75e+03  0.3545684343  1.616899e-01 1.05699999999999999999
1  2.88e+03  0.355794637  1.616899e-01 1.05699999999999999999
1  3.02e+03  0.3227070339  1.616899e-01 1.05699999999999999999
1  3.16e+03  0.3410451245  1.616899e-01 1.05699999999999999999
1  3.31e+03  0.3570103099  1.616899e-01 1.05699999999999999999
1  3.47e+03  0.3545168347  1.616899e-01 1.05699999999999999999
1  3.63e+03  0.3507492936  1.616899e-01 1.05699999999999999999
1  3.80e+03  0.376148719  1.616899e-01 1.05699999999999999999
1  3.98e+03  0.4288216604  1.616899e-01 1.05699999999999999999
1  4.17e+03  0.3687608999  1.616899e-01 1.05699999999999999999
1  4.37e+03  0.4386247225  1.616899e-01 1.05699999999999999999
1  4.57e+03  0.3772583894  1.616899e-01 1.05699999999999999999
1  4.79e+03  0.4026593676  1.616899e-01 1.05699999999999999999
1  5.01e+03  0.4593240026  1.616899e-01 1.05699999999999999999
1  5.25e+03  0.4159762748  1.616899e-01 1.05699999999999999999
1  5.50e+03  0.3963205741  1.616899e-01 1.05699999999999999999
1  5.75e+03  0.3746673075  1.616899e-01 1.05699999999999999999
1  6.03e+03  0.40713722  1.616899e-01 1.05699999999999999999
1  6.31e+03  0.401659054  1.616899e-01 1.05699999999999999999
1  6.61e+03  0.4690059798  1.616899e-01 1.05699999999999999999
1  6.92e+03  0.3521449762  1.616899e-01 1.05699999999999999999
1  7.24e+03  0.3548818629  1.616899e-01 1.05699999999999999999
1  7.59e+03  0.432986092  1.616899e-01 1.05699999999999999999
1  7.94e+03  0.2986007423  1.616899e-01 1.05699999999999999999
1  8.32e+03  0.4392014652  1.616899e-01 1.05699999999999999999
1  8.71e+03  0.3016913908  1.616899e-01 1.05699999999999999999
1  9.12e+03  0.4250876248  1.616899e-01 1.05699999999999999999
1  9.55e+03  0.3125834577  1.616899e-01 1.05699999999999999999
1  1.00e+04  0.2686961909  1.616899e-01 1.05699999999999999999
1  1.05e+04  0.3587843734  1.616899e-01 1.05699999999999999999
1  1.10e+04  0.4235122545  1.616899e-01 1.05699999999999999999
1  1.15e+04  0.2841442375  1.616899e-01 1.05699999999999999999
1  1.20e+04  0.3518224138  1.616899e-01 1.05699999999999999999
1  1.26e+04  0.2928831137  1.616899e-01 1.05699999999999999999
1  1.32e+04  0.233760519  1.616899e-01 1.05699999999999999999
1  1.38e+04  0.3409576621  1.616899e-01 1.05699999999999999999
1  1.45e+04  0.2089831963  1.616899e-01 1.05699999999999999999
1  1.51e+04  0.3509647562  1.616899e-01 1.05699999999999999999
1  1.58e+04  0.2985446868  1.616899e-01 1.05699999999999999999
1  1.66e+04  0.2945397481  1.616899e-01 1.05699999999999999999
1  1.74e+04  0.3633535425  1.616899e-01 1.05699999999999999999
1  1.82e+04  0.3806750526  1.616899e-01 1.05699999999999999999
1  1.91e+04  0.3638001865  1.616899e-01 1.05699999999999999999
1  2.00e+04  0.3502630811  1.616899e-01 1.05699999999999999999
1  2.09e+04  0.3507807108  1.616899e-01 1.05699999999999999999
1  2.19e+04  0.3469607195  1.616899e-01 1.05699999999999999999
1  2.29e+04  0.3896198459  1.616899e-01 1.05699999999999999999
1  2.40e+04  0.3927848747  1.616899e-01 1.05699999999999999999
1  2.51e+04  0.30512693  1.616899e-01 1.05699999999999999999
1  2.63e+04  0.3012989974  1.616899e-01 1.05699999999999999999
1  2.75e+04  0.3544206982  1.616899e-01 1.05699999999999999999
1  2.88e+04  0.1986051275  1.616899e-01 1.05699999999999999999
1  3.02e+04  0.3764393106  1.616899e-01 1.05699999999999999999
1  3.16e+04  0.2281121377  1.616899e-01 1.05699999999999999999
1  3.31e+04  0.3027653801  1.616899e-01 1.05699999999999999999
1  3.47e+04  0.3843776071  1.616899e-01 1.05699999999999999999
1  3.63e+04  0.3800972586  1.616899e-01 1.05699999999999999999
1  3.80e+04  0.1840599006  1.616899e-01 1.05699999999999999999
1  3.98e+04  0.3042983406  1.616899e-01 1.05699999999999999999
1  4.17e+04  0.1810067138  1.616899e-01 1.05699999999999999999
1  4.37e+04  0.3489592316  1.616899e-01 1.05699999999999999999
1  4.57e+04  0.3451965319  1.616899e-01 1.05699999999999999999
1  4.79e+04  0.3769622603  1.616899e-01 1.05699999999999999999
1  5.01e+04  0.3050316935  1.616899e-01 1.05699999999999999999
1  5.25e+04  0.406464139  1.616899e-01 1.05699999999999999999
1  5.50e+04  0.2510328948  1.616899e-01 1.05699999999999999999
1  5.75e+04  0.1413638909  1.616899e-01 1.05699999999999999999
1  6.03e+04  0.3697926343  1.616899e-01 1.05699999999999999999
1  6.31e+04  0.1816089092  1.616899e-01 1.05699999999999999999
1  6.61e+04  0.1901365902  1.616899e-01 1.05699999999999999999
1  6.92e+04  0.404010525  1.616899e-01 1.05699999999999999999
1  7.24e+04  0.3334500291  1.616899e-01 1.05699999999999999999
1  7.59e+04  0.2995950844  1.616899e-01 1.05699999999999999999
1  7.94e+04  0.3954372033  1.616899e-01 1.05699999999999999999
1  8.32e+04  0.3888435093  1.616899e-01 1.05699999999999999999
1  8.71e+04  0.3683269539  1.616899e-01 1.05699999999999999999
1  9.12e+04  0.4178437842  1.616899e-01 1.05699999999999999999
1  9.55e+04  0.3907848773  1.616899e-01 1.05699999999999999999
1  1.00e+05  0.2719758428  1.616899e-01 1.05699999999999999999
1  1.05e+05  0.2371968842  1.616899e-01 1.05699999999999999999
1  1.10e+05  0.3315303751  1.616899e-01 1.05699999999999999999
1  1.15e+05  0.3989446238  1.616899e-01 1.05699999999999999999
1  1.20e+05  0.3291092759  1.616899e-01 1.05699999999999999999
1  1.26e+05  0.1982197573  1.616899e-01 1.05699999999999999999
1  1.32e+05  0.1476394026  1.616899e-01 1.05699999999999999999
1  1.38e+05  0.2166496712  1.616899e-01 1.05699999999999999999
1  1.45e+05  0.3246777064  1.616899e-01 1.05699999999999999999
1  1.51e+05  0.3733514038  1.616899e-01 1.05699999999999999999
1  1.58e+05  0.3343755008  1.616899e-01 1.05699999999999999999
1  1.66e+05  0.2532094468  1.616899e-01 1.05699999999999999999
1  1.74e+05  0.1957695212  1.616899e-01 1.05699999999999999999
1  1.82e+05  0.198168852  1.616899e-01 1.05699999999999999999
1  1.91e+05  0.2526140613  1.616899e-01 1.05699999999999999999
1  2.00e+05  0.3246133116  1.616899e-01 1.05699999999999999999
1  2.09e+05  0.3792365147  1.616899e-01 1.05699999999999999999
1  2.19e+05  0.3984539978  1.616899e-01 1.05699999999999999999
1  2.29e+05  0.384189608  1.616899e-01 1.05699999999999999999
1  2.40e+05  0.3513069252  1.616899e-01 1.05699999999999999999
1  2.51e+05  0.3176828415  1.616899e-01 1.05699999999999999999
1  2.63e+05  0.296677047  1.616899e-01 1.05699999999999999999
1  2.75e+05  0.2939693282  1.616899e-01 1.05699999999999999999
1  2.88e+05  0.3081573201  1.616899e-01 1.05699999999999999999
1  3.02e+05  0.3333927331  1.616899e-01 1.05699999999999999999
1  3.16e+05  0.3623888553  1.616899e-01 1.05699999999999999999
1  3.31e+05  0.3887454878  1.616899e-01 1.05699999999999999999
1  3.47e+05  0.4082093143  1.616899e-01 1.05699999999999999999
1  3.63e+05  0.4189618761  1.616899e-01 1.05699999999999999999
1  3.80e+05  0.4212512569  1.616899e-01 1.05699999999999999999
1  3.98e+05  0.4167143016  1.616899e-01 1.05699999999999999999
1  4.17e+05  0.4076609179  1.616899e-01 1.05699999999999999999
1  4.37e+05  0.3964836998  1.616899e-01 1.05699999999999999999
1  4.57e+05  0.3852591221  1.616899e-01 1.05699999999999999999
1  4.79e+05  0.3755392061  1.616899e-01 1.05699999999999999999
1  5.01e+05  0.3682962102  1.616899e-01 1.05699999999999999999
1  5.25e+05  0.36397064  1.616899e-01 1.05699999999999999999
1  5.50e+05  0.3625757221  1.616899e-01 1.05699999999999999999
1  5.75e+05  0.363821645  1.616899e-01 1.05699999999999999999
1  6.03e+05  0.3672349068  1.616899e-01 1.05699999999999999999
1  6.31e+05  0.3722589306  1.616899e-01 1.05699999999999999999
1  6.61e+05  0.3795145113  1.616899e-01 1.05699999999999999999
1  6.92e+05  0.3871939746  1.616899e-01 1.05699999999999999999
1  7.24e+05  0.3947508884  1.616899e-01 1.05699999999999999999
1  7.59e+05  0.4017730933  1.616899e-01 1.05699999999999999999
1  7.94e+05  0.4079784141  1.616899e-01 1.05699999999999999999
1  8.32e+05  0.4131994786  1.616899e-01 1.05699999999999999999
1  8.71e+05  0.4173633437  1.616899e-01 1.05699999999999999999
1  9.12e+05  0.4204698979  1.616899e-01 1.05699999999999999999
1  9.55e+05  0.4225715336  1.616899e-01 1.05699999999999999999
1  1.00e+06  0.4237554525  1.616899e-01 1.05699999999999999999
1  1.05e+06  0.4241086867  1.616899e-01 1.05699999999999999999
1  1.10e+06  0.42380715  1.616899e-01 1.05699999999999999999
1  1.15e+06  0.4229258968  1.616899e-01 1.05699999999999999999
1  1.20e+06  0.4215773881  1.616899e-01 1.05699999999999999999
1  1.26e+06  0.4198653576  1.616899e-01 1.05699999999999999999
1  1.32e+06  0.4178826695  1.616899e-01 1.05699999999999999999
1  1.38e+06  0.4157103832  1.616899e-01 1.05699999999999999999
1  1.45e+06  0.4134176766  1.616899e-01 1.05699999999999999999
1  1.51e+06  0.4110623511  1.616899e-01 1.05699999999999999999
1  1.58e+06  0.4086916972  1.616899e-01 1.05699999999999999999
1  1.66e+06  0.4063435606  1.616899e-01 1.05699999999999999999
1  1.74e+06  0.4040474891  1.616899e-01 1.05699999999999999999
1  1.82e+06  0.4018258792  1.616899e-01 1.05699999999999999999
1  1.91e+06  0.3996950702  1.616899e-01 1.05699999999999999999
1  2.00e+06  0.3976663521  1.616899e-01 1.05699999999999999999
1  2.09e+06  0.3957892777  1.616899e-01 1.05699999999999999999
1  2.19e+06  0.3939803379  1.616899e-01 1.05699999999999999999
1  2.29e+06  0.3922855367  1.616899e-01 1.05699999999999999999
1  2.40e+06  0.3907039904  1.616899e-01 1.05699999999999999999
1  2.51e+06  0.389233225  1.616899e-01 1.05699999999999999999
1  2.63e+06  0.3878695886  1.616899e-01 1.05699999999999999999
1  2.75e+06  0.3866085888  1.616899e-01 1.05699999999999999999
1  2.88e+06  0.3854451666  1.616899e-01 1.05699999999999999999
1  3.02e+06  0.3843739162  1.616899e-01 1.05699999999999999999
1  3.16e+06  0.3833892582  1.616899e-01 1.05699999999999999999
1  3.31e+06  0.3824855738  1.616899e-01 1.05699999999999999999
1  3.47e+06  0.3816573082  1.616899e-01 1.05699999999999999999
1  3.63e+06  0.3808990472  1.616899e-01 1.05699999999999999999
1  3.80e+06  0.3802055728  1.616899e-01 1.05699999999999999999
1  3.98e+06  0.3795719016  1.616899e-01 1.05699999999999999999
1  4.17e+06  0.3790058629  1.616899e-01 1.05699999999999999999
1  4.37e+06  0.3784767741  1.616899e-01 1.05699999999999999999
1  4.57e+06  0.3779942392  1.616899e-01 1.05699999999999999999
1  4.79e+06  0.3775543625  1.616899e-01 1.05699999999999999999
1  5.01e+06  0.3771535231  1.616899e-01 1.05699999999999999999
1  5.25e+06  0.376788367  1.616899e-01 1.05699999999999999999
1  5.50e+06  0.3764557957  1.616899e-01 1.05699999999999999999
1  5.75e+06  0.3761529543  1.616899e-01 1.05699999999999999999
1  6.03e+06  0.3758772176  1.616899e-01 1.05699999999999999999
1  6.31e+06  0.3756261763  1.616899e-01 1.05699999999999999999
1  6.61e+06  0.3753976229  1.616899e-01 1.05699999999999999999
1  6.92e+06  0.3751895375  1.616899e-01 1.05699999999999999999
1  7.24e+06  0.3750000743  1.616899e-01 1.05699999999999999999
1  7.59e+06  0.3748275483  1.616899e-01 1.05699999999999999999
1  7.94e+06  0.3746704229  1.616899e-01 1.05699999999999999999
1  8.32e+06  0.3745302064  1.616899e-01 1.05699999999999999999
1  8.71e+06  0.37439953  1.616899e-01 1.05699999999999999999
1  9.12e+06  0.3742804448  1.616899e-01 1.05699999999999999999
1  9.55e+06  0.3741718932  1.616899e-01 1.05699999999999999999
1  1.00e+07  0.3740729139  1.616899e-01 1.05699999999999999999
