1  1.00e-03  0.3736029487  1.583246e-01 1.03499999999999999997
1  1.05e-03  0.3736029491  1.583246e-01 1.03499999999999999997
1  1.10e-03  0.3736029461  1.583246e-01 1.03499999999999999997
1  1.15e-03  0.3736029477  1.583246e-01 1.03499999999999999997
1  1.20e-03  0.3736029437  1.583246e-01 1.03499999999999999997
1  1.26e-03  0.373602948  1.583246e-01 1.03499999999999999997
1  1.32e-03  0.3736029476  1.583246e-01 1.03499999999999999997
1  1.38e-03  0.3736029459  1.583246e-01 1.03499999999999999997
1  1.45e-03  0.3736029446  1.583246e-01 1.03499999999999999997
1  1.51e-03  0.3736029457  1.583246e-01 1.03499999999999999997
1  1.58e-03  0.3736029476  1.583246e-01 1.03499999999999999997
1  1.66e-03  0.3736029445  1.583246e-01 1.03499999999999999997
1  1.74e-03  0.3736029445  1.583246e-01 1.03499999999999999997
1  1.82e-03  0.3736029466  1.583246e-01 1.03499999999999999997
1  1.91e-03  0.3736029408  1.583246e-01 1.03499999999999999997
1  2.00e-03  0.3736029444  1.583246e-01 1.03499999999999999997
1  2.09e-03  0.3736029471  1.583246e-01 1.03499999999999999997
1  2.19e-03  0.3736029488  1.583246e-01 1.03499999999999999997
1  2.29e-03  0.3736029447  1.583246e-01 1.03499999999999999997
1  2.40e-03  0.3736029424  1.583246e-01 1.03499999999999999997
1  2.51e-03  0.3736029453  1.583246e-01 1.03499999999999999997
1  2.63e-03  0.3736029431  1.583246e-01 1.03499999999999999997
1  2.75e-03  0.3736029453  1.583246e-01 1.03499999999999999997
1  2.88e-03  0.3736029474  1.583246e-01 1.03499999999999999997
1  3.02e-03  0.3736029425  1.583246e-01 1.03499999999999999997
1  3.16e-03  0.3736029423  1.583246e-01 1.03499999999999999997
1  3.31e-03  0.3736029483  1.583246e-01 1.03499999999999999997
1  3.47e-03  0.373602945  1.583246e-01 1.03499999999999999997
1  3.63e-03  0.3736029429  1.583246e-01 1.03499999999999999997
1  3.80e-03  0.3736029456  1.583246e-01 1.03499999999999999997
1  3.98e-03  0.3736029435  1.583246e-01 1.03499999999999999997
1  4.17e-03  0.3736029462  1.583246e-01 1.03499999999999999997
1  4.37e-03  0.3736029419  1.583246e-01 1.03499999999999999997
1  4.57e-03  0.3736029383  1.583246e-01 1.03499999999999999997
1  4.79e-03  0.3736029406  1.583246e-01 1.03499999999999999997
1  5.01e-03  0.3736029347  1.583246e-01 1.03499999999999999997
1  5.25e-03  0.373602937  1.583246e-01 1.03499999999999999997
1  5.50e-03  0.3736029474  1.583246e-01 1.03499999999999999997
1  5.75e-03  0.3736029383  1.583246e-01 1.03499999999999999997
1  6.03e-03  0.3736029371  1.583246e-01 1.03499999999999999997
1  6.31e-03  0.3736029329  1.583246e-01 1.03499999999999999997
1  6.61e-03  0.3736029412  1.583246e-01 1.03499999999999999997
1  6.92e-03  0.3736029417  1.583246e-01 1.03499999999999999997
1  7.24e-03  0.3736029436  1.583246e-01 1.03499999999999999997
1  7.59e-03  0.3736029393  1.583246e-01 1.03499999999999999997
1  7.94e-03  0.3736029253  1.583246e-01 1.03499999999999999997
1  8.32e-03  0.3736029381  1.583246e-01 1.03499999999999999997
1  8.71e-03  0.3736029303  1.583246e-01 1.03499999999999999997
1  9.12e-03  0.373602936  1.583246e-01 1.03499999999999999997
1  9.55e-03  0.373602933  1.583246e-01 1.03499999999999999997
1  1.00e-02  0.373602924  1.583246e-01 1.03499999999999999997
1  1.05e-02  0.3736029242  1.583246e-01 1.03499999999999999997
1  1.10e-02  0.3736029336  1.583246e-01 1.03499999999999999997
1  1.15e-02  0.3736029146  1.583246e-01 1.03499999999999999997
1  1.20e-02  0.3736028926  1.583246e-01 1.03499999999999999997
1  1.26e-02  0.3736029335  1.583246e-01 1.03499999999999999997
1  1.32e-02  0.3736029163  1.583246e-01 1.03499999999999999997
1  1.38e-02  0.3736029045  1.583246e-01 1.03499999999999999997
1  1.45e-02  0.3736029149  1.583246e-01 1.03499999999999999997
1  1.51e-02  0.3736029178  1.583246e-01 1.03499999999999999997
1  1.58e-02  0.3736029077  1.583246e-01 1.03499999999999999997
1  1.66e-02  0.3736029126  1.583246e-01 1.03499999999999999997
1  1.74e-02  0.3736029168  1.583246e-01 1.03499999999999999997
1  1.82e-02  0.373602906  1.583246e-01 1.03499999999999999997
1  1.91e-02  0.3736029174  1.583246e-01 1.03499999999999999997
1  2.00e-02  0.3736029338  1.583246e-01 1.03499999999999999997
1  2.09e-02  0.3736028967  1.583246e-01 1.03499999999999999997
1  2.19e-02  0.373602924  1.583246e-01 1.03499999999999999997
1  2.29e-02  0.3736029744  1.583246e-01 1.03499999999999999997
1  2.40e-02  0.3736030706  1.583246e-01 1.03499999999999999997
1  2.51e-02  0.3736029219  1.583246e-01 1.03499999999999999997
1  2.63e-02  0.3736029167  1.583246e-01 1.03499999999999999997
1  2.75e-02  0.3736028353  1.583246e-01 1.03499999999999999997
1  2.88e-02  0.3736027796  1.583246e-01 1.03499999999999999997
1  3.02e-02  0.3736029418  1.583246e-01 1.03499999999999999997
1  3.16e-02  0.3736029124  1.583246e-01 1.03499999999999999997
1  3.31e-02  0.3736029506  1.583246e-01 1.03499999999999999997
1  3.47e-02  0.3736028464  1.583246e-01 1.03499999999999999997
1  3.63e-02  0.3736021046  1.583246e-01 1.03499999999999999997
1  3.80e-02  0.3734956204  1.583246e-01 1.03499999999999999997
1  3.98e-02  0.3736028623  1.583246e-01 1.03499999999999999997
1  4.17e-02  0.3736028947  1.583246e-01 1.03499999999999999997
1  4.37e-02  0.3736027473  1.583246e-01 1.03499999999999999997
1  4.57e-02  0.3736027258  1.583246e-01 1.03499999999999999997
1  4.79e-02  0.3736028296  1.583246e-01 1.03499999999999999997
1  5.01e-02  0.3736024898  1.583246e-01 1.03499999999999999997
1  5.25e-02  0.3736027347  1.583246e-01 1.03499999999999999997
1  5.50e-02  0.3736027655  1.583246e-01 1.03499999999999999997
1  5.75e-02  0.3736027356  1.583246e-01 1.03499999999999999997
1  6.03e-02  0.3736028524  1.583246e-01 1.03499999999999999997
1  6.31e-02  0.3736027606  1.583246e-01 1.03499999999999999997
1  6.61e-02  0.3736027198  1.583246e-01 1.03499999999999999997
1  6.92e-02  0.3736027969  1.583246e-01 1.03499999999999999997
1  7.24e-02  0.3736026816  1.583246e-01 1.03499999999999999997
1  7.59e-02  0.3736027075  1.583246e-01 1.03499999999999999997
1  7.94e-02  0.3736023586  1.583246e-01 1.03499999999999999997
1  8.32e-02  0.3736026579  1.583246e-01 1.03499999999999999997
1  8.71e-02  0.3736026341  1.583246e-01 1.03499999999999999997
1  9.12e-02  0.3736028382  1.583246e-01 1.03499999999999999997
1  9.55e-02  0.3736026608  1.583246e-01 1.03499999999999999997
1  1.00e-01  0.3736026777  1.583246e-01 1.03499999999999999997
1  1.05e-01  0.3736024853  1.583246e-01 1.03499999999999999997
1  1.10e-01  0.3736027242  1.583246e-01 1.03499999999999999997
1  1.15e-01  0.3736025895  1.583246e-01 1.03499999999999999997
1  1.20e-01  0.3736027866  1.583246e-01 1.03499999999999999997
1  1.26e-01  0.3736026167  1.583246e-01 1.03499999999999999997
1  1.32e-01  0.3736025737  1.583246e-01 1.03499999999999999997
1  1.38e-01  0.3736026796  1.583246e-01 1.03499999999999999997
1  1.45e-01  0.3736028224  1.583246e-01 1.03499999999999999997
1  1.51e-01  0.3736027591  1.583246e-01 1.03499999999999999997
1  1.58e-01  0.3736026168  1.583246e-01 1.03499999999999999997
1  1.66e-01  0.3736022564  1.583246e-01 1.03499999999999999997
1  1.74e-01  0.3736027814  1.583246e-01 1.03499999999999999997
1  1.82e-01  0.3736014636  1.583246e-01 1.03499999999999999997
1  1.91e-01  0.3736028161  1.583246e-01 1.03499999999999999997
1  2.00e-01  0.3736007745  1.583246e-01 1.03499999999999999997
1  2.09e-01  0.373602395  1.583246e-01 1.03499999999999999997
1  2.19e-01  0.3736024021  1.583246e-01 1.03499999999999999997
1  2.29e-01  0.3736026908  1.583246e-01 1.03499999999999999997
1  2.40e-01  0.3736026262  1.583246e-01 1.03499999999999999997
1  2.51e-01  0.3736024407  1.583246e-01 1.03499999999999999997
1  2.63e-01  0.3736027505  1.583246e-01 1.03499999999999999997
1  2.75e-01  0.3736021227  1.583246e-01 1.03499999999999999997
1  2.88e-01  0.3735993879  1.583246e-01 1.03499999999999999997
1  3.02e-01  0.3736027432  1.583246e-01 1.03499999999999999997
1  3.16e-01  0.3736024873  1.583246e-01 1.03499999999999999997
1  3.31e-01  0.3736020927  1.583246e-01 1.03499999999999999997
1  3.47e-01  0.3736026765  1.583246e-01 1.03499999999999999997
1  3.63e-01  0.3736016716  1.583246e-01 1.03499999999999999997
1  3.80e-01  0.3736026296  1.583246e-01 1.03499999999999999997
1  3.98e-01  0.3736029043  1.583246e-01 1.03499999999999999997
1  4.17e-01  0.3736022612  1.583246e-01 1.03499999999999999997
1  4.37e-01  0.3736026369  1.583246e-01 1.03499999999999999997
1  4.57e-01  0.3736020205  1.583246e-01 1.03499999999999999997
1  4.79e-01  0.3736027126  1.583246e-01 1.03499999999999999997
1  5.01e-01  0.3735972387  1.583246e-01 1.03499999999999999997
1  5.25e-01  0.3736021245  1.583246e-01 1.03499999999999999997
1  5.50e-01  0.3735925728  1.583246e-01 1.03499999999999999997
1  5.75e-01  0.3736026336  1.583246e-01 1.03499999999999999997
1  6.03e-01  0.3736025189  1.583246e-01 1.03499999999999999997
1  6.31e-01  0.3736003495  1.583246e-01 1.03499999999999999997
1  6.61e-01  0.3736023059  1.583246e-01 1.03499999999999999997
1  6.92e-01  0.3736011319  1.583246e-01 1.03499999999999999997
1  7.24e-01  0.3736066314  1.583246e-01 1.03499999999999999997
1  7.59e-01  0.3736009716  1.583246e-01 1.03499999999999999997
1  7.94e-01  0.3736012529  1.583246e-01 1.03499999999999999997
1  8.32e-01  0.3736014432  1.583246e-01 1.03499999999999999997
1  8.71e-01  0.3736022136  1.583246e-01 1.03499999999999999997
1  9.12e-01  0.3736029182  1.583246e-01 1.03499999999999999997
1  9.55e-01  0.3736009716  1.583246e-01 1.03499999999999999997
1  1.00e+00  0.3736012453  1.583246e-01 1.03499999999999999997
1  1.05e+00  0.3736008274  1.583246e-01 1.03499999999999999997
1  1.10e+00  0.3736013272  1.583246e-01 1.03499999999999999997
1  1.15e+00  0.3736017858  1.583246e-01 1.03499999999999999997
1  1.20e+00  0.3736028637  1.583246e-01 1.03499999999999999997
1  1.26e+00  0.3736084253  1.583246e-01 1.03499999999999999997
1  1.32e+00  0.3736000938  1.583246e-01 1.03499999999999999997
1  1.38e+00  0.3736147689  1.583246e-01 1.03499999999999999997
1  1.45e+00  0.3735941884  1.583246e-01 1.03499999999999999997
1  1.51e+00  0.3735992475  1.583246e-01 1.03499999999999999997
1  1.58e+00  0.3735997199  1.583246e-01 1.03499999999999999997
1  1.66e+00  0.3736014809  1.583246e-01 1.03499999999999999997
1  1.74e+00  0.3736153913  1.583246e-01 1.03499999999999999997
1  1.82e+00  0.3736019059  1.583246e-01 1.03499999999999999997
1  1.91e+00  0.3736016916  1.583246e-01 1.03499999999999999997
1  2.00e+00  0.3735998436  1.583246e-01 1.03499999999999999997
1  2.09e+00  0.3736025066  1.583246e-01 1.03499999999999999997
1  2.19e+00  0.3736022618  1.583246e-01 1.03499999999999999997
1  2.29e+00  0.3735885223  1.583246e-01 1.03499999999999999997
1  2.40e+00  0.3735990981  1.583246e-01 1.03499999999999999997
1  2.51e+00  0.3736005944  1.583246e-01 1.03499999999999999997
1  2.63e+00  0.3735972652  1.583246e-01 1.03499999999999999997
1  2.75e+00  0.3735966444  1.583246e-01 1.03499999999999999997
1  2.88e+00  0.3735662265  1.583246e-01 1.03499999999999999997
1  3.02e+00  0.3735608847  1.583246e-01 1.03499999999999999997
1  3.16e+00  0.3736035775  1.583246e-01 1.03499999999999999997
1  3.31e+00  0.3736102756  1.583246e-01 1.03499999999999999997
1  3.47e+00  0.3735956818  1.583246e-01 1.03499999999999999997
1  3.63e+00  0.3736297047  1.583246e-01 1.03499999999999999997
1  3.80e+00  0.3735960416  1.583246e-01 1.03499999999999999997
1  3.98e+00  0.3736023176  1.583246e-01 1.03499999999999999997
1  4.17e+00  0.3736016875  1.583246e-01 1.03499999999999999997
1  4.37e+00  0.3735942528  1.583246e-01 1.03499999999999999997
1  4.57e+00  0.3735950544  1.583246e-01 1.03499999999999999997
1  4.79e+00  0.3735967012  1.583246e-01 1.03499999999999999997
1  5.01e+00  0.3735997787  1.583246e-01 1.03499999999999999997
1  5.25e+00  0.3736000694  1.583246e-01 1.03499999999999999997
1  5.50e+00  0.3736930344  1.583246e-01 1.03499999999999999997
1  5.75e+00  0.3736018147  1.583246e-01 1.03499999999999999997
1  6.03e+00  0.3735999195  1.583246e-01 1.03499999999999999997
1  6.31e+00  0.3735935764  1.583246e-01 1.03499999999999999997
1  6.61e+00  0.3736020157  1.583246e-01 1.03499999999999999997
1  6.92e+00  0.3736181142  1.583246e-01 1.03499999999999999997
1  7.24e+00  0.3735693289  1.583246e-01 1.03499999999999999997
1  7.59e+00  0.3735776602  1.583246e-01 1.03499999999999999997
1  7.94e+00  0.3736617546  1.583246e-01 1.03499999999999999997
1  8.32e+00  0.3734060968  1.583246e-01 1.03499999999999999997
1  8.71e+00  0.3735917106  1.583246e-01 1.03499999999999999997
1  9.12e+00  0.373635928  1.583246e-01 1.03499999999999999997
1  9.55e+00  0.3735956364  1.583246e-01 1.03499999999999999997
1  1.00e+01  0.3736271361  1.583246e-01 1.03499999999999999997
1  1.05e+01  0.373576775  1.583246e-01 1.03499999999999999997
1  1.10e+01  0.3735987631  1.583246e-01 1.03499999999999999997
1  1.15e+01  0.3735234559  1.583246e-01 1.03499999999999999997
1  1.20e+01  0.373594788  1.583246e-01 1.03499999999999999997
1  1.26e+01  0.3735822986  1.583246e-01 1.03499999999999999997
1  1.32e+01  0.3736032704  1.583246e-01 1.03499999999999999997
1  1.38e+01  0.3736026405  1.583246e-01 1.03499999999999999997
1  1.45e+01  0.3735990943  1.583246e-01 1.03499999999999999997
1  1.51e+01  0.3735653419  1.583246e-01 1.03499999999999999997
1  1.58e+01  0.3735305609  1.583246e-01 1.03499999999999999997
1  1.66e+01  0.3734773589  1.583246e-01 1.03499999999999999997
1  1.74e+01  0.3737369474  1.583246e-01 1.03499999999999999997
1  1.82e+01  0.3738774513  1.583246e-01 1.03499999999999999997
1  1.91e+01  0.3736003005  1.583246e-01 1.03499999999999999997
1  2.00e+01  0.3735844282  1.583246e-01 1.03499999999999999997
1  2.09e+01  0.373305283  1.583246e-01 1.03499999999999999997
1  2.19e+01  0.3731585515  1.583246e-01 1.03499999999999999997
1  2.29e+01  0.3736804542  1.583246e-01 1.03499999999999999997
1  2.40e+01  0.3737893124  1.583246e-01 1.03499999999999999997
1  2.51e+01  0.373371145  1.583246e-01 1.03499999999999999997
1  2.63e+01  0.3741835564  1.583246e-01 1.03499999999999999997
1  2.75e+01  0.3737138059  1.583246e-01 1.03499999999999999997
1  2.88e+01  0.3739178206  1.583246e-01 1.03499999999999999997
1  3.02e+01  0.3734341146  1.583246e-01 1.03499999999999999997
1  3.16e+01  0.3733028654  1.583246e-01 1.03499999999999999997
1  3.31e+01  0.3733920751  1.583246e-01 1.03499999999999999997
1  3.47e+01  0.3731972277  1.583246e-01 1.03499999999999999997
1  3.63e+01  0.3737699783  1.583246e-01 1.03499999999999999997
1  3.80e+01  0.3734717133  1.583246e-01 1.03499999999999999997
1  3.98e+01  0.3733053064  1.583246e-01 1.03499999999999999997
1  4.17e+01  0.3737869019  1.583246e-01 1.03499999999999999997
1  4.37e+01  0.3743625214  1.583246e-01 1.03499999999999999997
1  4.57e+01  0.3732670199  1.583246e-01 1.03499999999999999997
1  4.79e+01  0.3734038929  1.583246e-01 1.03499999999999999997
1  5.01e+01  0.3735616456  1.583246e-01 1.03499999999999999997
1  5.25e+01  0.3734757471  1.583246e-01 1.03499999999999999997
1  5.50e+01  0.3733633662  1.583246e-01 1.03499999999999999997
1  5.75e+01  0.3742358409  1.583246e-01 1.03499999999999999997
1  6.03e+01  0.3736616669  1.583246e-01 1.03499999999999999997
1  6.31e+01  0.3738297352  1.583246e-01 1.03499999999999999997
1  6.61e+01  0.373454465  1.583246e-01 1.03499999999999999997
1  6.92e+01  0.373210381  1.583246e-01 1.03499999999999999997
1  7.24e+01  0.3733987608  1.583246e-01 1.03499999999999999997
1  7.59e+01  0.373939309  1.583246e-01 1.03499999999999999997
1  7.94e+01  0.3736924212  1.583246e-01 1.03499999999999999997
1  8.32e+01  0.3735201339  1.583246e-01 1.03499999999999999997
1  8.71e+01  0.3734445745  1.583246e-01 1.03499999999999999997
1  9.12e+01  0.3734132575  1.583246e-01 1.03499999999999999997
1  9.55e+01  0.3733174858  1.583246e-01 1.03499999999999999997
1  1.00e+02  0.3734045278  1.583246e-01 1.03499999999999999997
1  1.05e+02  0.3736037253  1.583246e-01 1.03499999999999999997
1  1.10e+02  0.3726347159  1.583246e-01 1.03499999999999999997
1  1.15e+02  0.3733949276  1.583246e-01 1.03499999999999999997
1  1.20e+02  0.3733615477  1.583246e-01 1.03499999999999999997
1  1.26e+02  0.3736314881  1.583246e-01 1.03499999999999999997
1  1.32e+02  0.3734059908  1.583246e-01 1.03499999999999999997
1  1.38e+02  0.3733151147  1.583246e-01 1.03499999999999999997
1  1.45e+02  0.3735956979  1.583246e-01 1.03499999999999999997
1  1.51e+02  0.3732189861  1.583246e-01 1.03499999999999999997
1  1.58e+02  0.3732331999  1.583246e-01 1.03499999999999999997
1  1.66e+02  0.3734445122  1.583246e-01 1.03499999999999999997
1  1.74e+02  0.3731150933  1.583246e-01 1.03499999999999999997
1  1.82e+02  0.3730996911  1.583246e-01 1.03499999999999999997
1  1.91e+02  0.373176705  1.583246e-01 1.03499999999999999997
1  2.00e+02  0.3738094593  1.583246e-01 1.03499999999999999997
1  2.09e+02  0.3733398793  1.583246e-01 1.03499999999999999997
1  2.19e+02  0.3733608478  1.583246e-01 1.03499999999999999997
1  2.29e+02  0.3736212949  1.583246e-01 1.03499999999999999997
1  2.40e+02  0.3734777692  1.583246e-01 1.03499999999999999997
1  2.51e+02  0.3735255119  1.583246e-01 1.03499999999999999997
1  2.63e+02  0.3732527835  1.583246e-01 1.03499999999999999997
1  2.75e+02  0.3733589531  1.583246e-01 1.03499999999999999997
1  2.88e+02  0.3730336414  1.583246e-01 1.03499999999999999997
1  3.02e+02  0.3729296525  1.583246e-01 1.03499999999999999997
1  3.16e+02  0.3735490543  1.583246e-01 1.03499999999999999997
1  3.31e+02  0.3728410183  1.583246e-01 1.03499999999999999997
1  3.47e+02  0.3730706548  1.583246e-01 1.03499999999999999997
1  3.63e+02  0.3729441801  1.583246e-01 1.03499999999999999997
1  3.80e+02  0.3734211089  1.583246e-01 1.03499999999999999997
1  3.98e+02  0.3727664478  1.583246e-01 1.03499999999999999997
1  4.17e+02  0.3727641389  1.583246e-01 1.03499999999999999997
1  4.37e+02  0.3728916173  1.583246e-01 1.03499999999999999997
1  4.57e+02  0.3734841731  1.583246e-01 1.03499999999999999997
1  4.79e+02  0.3732947218  1.583246e-01 1.03499999999999999997
1  5.01e+02  0.3735462867  1.583246e-01 1.03499999999999999997
1  5.25e+02  0.3728263221  1.583246e-01 1.03499999999999999997
1  5.50e+02  0.3731180404  1.583246e-01 1.03499999999999999997
1  5.75e+02  0.3726915181  1.583246e-01 1.03499999999999999997
1  6.03e+02  0.3726019507  1.583246e-01 1.03499999999999999997
1  6.31e+02  0.3736739028  1.583246e-01 1.03499999999999999997
1  6.61e+02  0.3722514901  1.583246e-01 1.03499999999999999997
1  6.92e+02  0.3721927813  1.583246e-01 1.03499999999999999997
1  7.24e+02  0.3721972978  1.583246e-01 1.03499999999999999997
1  7.59e+02  0.3733289287  1.583246e-01 1.03499999999999999997
1  7.94e+02  0.3717650098  1.583246e-01 1.03499999999999999997
1  8.32e+02  0.372496244  1.583246e-01 1.03499999999999999997
1  8.71e+02  0.3720483691  1.583246e-01 1.03499999999999999997
1  9.12e+02  0.3722837841  1.583246e-01 1.03499999999999999997
1  9.55e+02  0.3716856254  1.583246e-01 1.03499999999999999997
1  1.00e+03  0.3735578898  1.583246e-01 1.03499999999999999997
1  1.05e+03  0.3735049784  1.583246e-01 1.03499999999999999997
1  1.10e+03  0.3743479363  1.583246e-01 1.03499999999999999997
1  1.15e+03  0.3683754693  1.583246e-01 1.03499999999999999997
1  1.20e+03  0.3727503314  1.583246e-01 1.03499999999999999997
1  1.26e+03  0.3750431548  1.583246e-01 1.03499999999999999997
1  1.32e+03  0.3752020264  1.583246e-01 1.03499999999999999997
1  1.38e+03  0.3722921839  1.583246e-01 1.03499999999999999997
1  1.45e+03  0.3770467032  1.583246e-01 1.03499999999999999997
1  1.51e+03  0.3640367712  1.583246e-01 1.03499999999999999997
1  1.58e+03  0.3621063731  1.583246e-01 1.03499999999999999997
1  1.66e+03  0.36502798  1.583246e-01 1.03499999999999999997
1  1.74e+03  0.3637892601  1.583246e-01 1.03499999999999999997
1  1.82e+03  0.3711045509  1.583246e-01 1.03499999999999999997
1  1.91e+03  0.3861691744  1.583246e-01 1.03499999999999999997
1  2.00e+03  0.3789096258  1.583246e-01 1.03499999999999999997
1  2.09e+03  0.3737456343  1.583246e-01 1.03499999999999999997
1  2.19e+03  0.3798946504  1.583246e-01 1.03499999999999999997
1  2.29e+03  0.3764183921  1.583246e-01 1.03499999999999999997
1  2.40e+03  0.3572164241  1.583246e-01 1.03499999999999999997
1  2.51e+03  0.3354929124  1.583246e-01 1.03499999999999999997
1  2.63e+03  0.3698460038  1.583246e-01 1.03499999999999999997
1  2.75e+03  0.3302619569  1.583246e-01 1.03499999999999999997
1  2.88e+03  0.3740345888  1.583246e-01 1.03499999999999999997
1  3.02e+03  0.3367309995  1.583246e-01 1.03499999999999999997
1  3.16e+03  0.328258697  1.583246e-01 1.03499999999999999997
1  3.31e+03  0.3372131729  1.583246e-01 1.03499999999999999997
1  3.47e+03  0.3350851076  1.583246e-01 1.03499999999999999997
1  3.63e+03  0.3544065198  1.583246e-01 1.03499999999999999997
1  3.80e+03  0.4071974467  1.583246e-01 1.03499999999999999997
1  3.98e+03  0.4101133073  1.583246e-01 1.03499999999999999997
1  4.17e+03  0.3737929331  1.583246e-01 1.03499999999999999997
1  4.37e+03  0.4371783935  1.583246e-01 1.03499999999999999997
1  4.57e+03  0.3903819918  1.583246e-01 1.03499999999999999997
1  4.79e+03  0.3827736117  1.583246e-01 1.03499999999999999997
1  5.01e+03  0.4469675865  1.583246e-01 1.03499999999999999997
1  5.25e+03  0.4436412041  1.583246e-01 1.03499999999999999997
1  5.50e+03  0.4144469577  1.583246e-01 1.03499999999999999997
1  5.75e+03  0.4075281601  1.583246e-01 1.03499999999999999997
1  6.03e+03  0.4291806954  1.583246e-01 1.03499999999999999997
1  6.31e+03  0.4226981522  1.583246e-01 1.03499999999999999997
1  6.61e+03  0.4568189989  1.583246e-01 1.03499999999999999997
1  6.92e+03  0.32884148  1.583246e-01 1.03499999999999999997
1  7.24e+03  0.3931043586  1.583246e-01 1.03499999999999999997
1  7.59e+03  0.4101908029  1.583246e-01 1.03499999999999999997
1  7.94e+03  0.3142224303  1.583246e-01 1.03499999999999999997
1  8.32e+03  0.4241388455  1.583246e-01 1.03499999999999999997
1  8.71e+03  0.3336245435  1.583246e-01 1.03499999999999999997
1  9.12e+03  0.3950746394  1.583246e-01 1.03499999999999999997
1  9.55e+03  0.3532284408  1.583246e-01 1.03499999999999999997
1  1.00e+04  0.2286066001  1.583246e-01 1.03499999999999999997
1  1.05e+04  0.3493401493  1.583246e-01 1.03499999999999999997
1  1.10e+04  0.409053396  1.583246e-01 1.03499999999999999997
1  1.15e+04  0.3172582576  1.583246e-01 1.03499999999999999997
1  1.20e+04  0.3537360126  1.583246e-01 1.03499999999999999997
1  1.26e+04  0.3146495698  1.583246e-01 1.03499999999999999997
1  1.32e+04  0.213888127  1.583246e-01 1.03499999999999999997
1  1.38e+04  0.3641818955  1.583246e-01 1.03499999999999999997
1  1.45e+04  0.1901139885  1.583246e-01 1.03499999999999999997
1  1.51e+04  0.3641401536  1.583246e-01 1.03499999999999999997
1  1.58e+04  0.2998426511  1.583246e-01 1.03499999999999999997
1  1.66e+04  0.3065498836  1.583246e-01 1.03499999999999999997
1  1.74e+04  0.3633394971  1.583246e-01 1.03499999999999999997
1  1.82e+04  0.3561902914  1.583246e-01 1.03499999999999999997
1  1.91e+04  0.3757710644  1.583246e-01 1.03499999999999999997
1  2.00e+04  0.3453622929  1.583246e-01 1.03499999999999999997
1  2.09e+04  0.3651465879  1.583246e-01 1.03499999999999999997
1  2.19e+04  0.3613332566  1.583246e-01 1.03499999999999999997
1  2.29e+04  0.3826817103  1.583246e-01 1.03499999999999999997
1  2.40e+04  0.4016512706  1.583246e-01 1.03499999999999999997
1  2.51e+04  0.2913849905  1.583246e-01 1.03499999999999999997
1  2.63e+04  0.2962784969  1.583246e-01 1.03499999999999999997
1  2.75e+04  0.3584484626  1.583246e-01 1.03499999999999999997
1  2.88e+04  0.1957070735  1.583246e-01 1.03499999999999999997
1  3.02e+04  0.3783364767  1.583246e-01 1.03499999999999999997
1  3.16e+04  0.2192355074  1.583246e-01 1.03499999999999999997
1  3.31e+04  0.3206853488  1.583246e-01 1.03499999999999999997
1  3.47e+04  0.3790034052  1.583246e-01 1.03499999999999999997
1  3.63e+04  0.3700964791  1.583246e-01 1.03499999999999999997
1  3.80e+04  0.1923218411  1.583246e-01 1.03499999999999999997
1  3.98e+04  0.290942672  1.583246e-01 1.03499999999999999997
1  4.17e+04  0.1975738465  1.583246e-01 1.03499999999999999997
1  4.37e+04  0.3414735853  1.583246e-01 1.03499999999999999997
1  4.57e+04  0.3567157743  1.583246e-01 1.03499999999999999997
1  4.79e+04  0.3776740771  1.583246e-01 1.03499999999999999997
1  5.01e+04  0.2993605478  1.583246e-01 1.03499999999999999997
1  5.25e+04  0.4003705251  1.583246e-01 1.03499999999999999997
1  5.50e+04  0.2594792729  1.583246e-01 1.03499999999999999997
1  5.75e+04  0.1339657724  1.583246e-01 1.03499999999999999997
1  6.03e+04  0.3689949881  1.583246e-01 1.03499999999999999997
1  6.31e+04  0.1955790822  1.583246e-01 1.03499999999999999997
1  6.61e+04  0.188869084  1.583246e-01 1.03499999999999999997
1  6.92e+04  0.402604002  1.583246e-01 1.03499999999999999997
1  7.24e+04  0.3432558773  1.583246e-01 1.03499999999999999997
1  7.59e+04  0.3047804124  1.583246e-01 1.03499999999999999997
1  7.94e+04  0.3939230377  1.583246e-01 1.03499999999999999997
1  8.32e+04  0.3877501825  1.583246e-01 1.03499999999999999997
1  8.71e+04  0.367316211  1.583246e-01 1.03499999999999999997
1  9.12e+04  0.4168801653  1.583246e-01 1.03499999999999999997
1  9.55e+04  0.3926232603  1.583246e-01 1.03499999999999999997
1  1.00e+05  0.2745898636  1.583246e-01 1.03499999999999999997
1  1.05e+05  0.2360844434  1.583246e-01 1.03499999999999999997
1  1.10e+05  0.3276015393  1.583246e-01 1.03499999999999999997
1  1.15e+05  0.3978140236  1.583246e-01 1.03499999999999999997
1  1.20e+05  0.3335735966  1.583246e-01 1.03499999999999999997
1  1.26e+05  0.2051526975  1.583246e-01 1.03499999999999999997
1  1.32e+05  0.1521010283  1.583246e-01 1.03499999999999999997
1  1.38e+05  0.2170067251  1.583246e-01 1.03499999999999999997
1  1.45e+05  0.323414023  1.583246e-01 1.03499999999999999997
1  1.51e+05  0.3741048063  1.583246e-01 1.03499999999999999997
1  1.58e+05  0.3388395648  1.583246e-01 1.03499999999999999997
1  1.66e+05  0.2603230009  1.583246e-01 1.03499999999999999997
1  1.74e+05  0.203006934  1.583246e-01 1.03499999999999999997
1  1.82e+05  0.203369101  1.583246e-01 1.03499999999999999997
1  1.91e+05  0.2550532931  1.583246e-01 1.03499999999999999997
1  2.00e+05  0.3249879632  1.583246e-01 1.03499999999999999997
1  2.09e+05  0.3789574919  1.583246e-01 1.03499999999999999997
1  2.19e+05  0.3988425232  1.583246e-01 1.03499999999999999997
1  2.29e+05  0.3859706147  1.583246e-01 1.03499999999999999997
1  2.40e+05  0.354500741  1.583246e-01 1.03499999999999999997
1  2.51e+05  0.3217890805  1.583246e-01 1.03499999999999999997
1  2.63e+05  0.3009753222  1.583246e-01 1.03499999999999999997
1  2.75e+05  0.297791785  1.583246e-01 1.03499999999999999997
1  2.88e+05  0.3110576678  1.583246e-01 1.03499999999999999997
1  3.02e+05  0.3352005376  1.583246e-01 1.03499999999999999997
1  3.16e+05  0.3631766955  1.583246e-01 1.03499999999999999997
1  3.31e+05  0.3887495764  1.583246e-01 1.03499999999999999997
1  3.47e+05  0.4077397475  1.583246e-01 1.03499999999999999997
1  3.63e+05  0.4183264641  1.583246e-01 1.03499999999999999997
1  3.80e+05  0.4207040033  1.583246e-01 1.03499999999999999997
1  3.98e+05  0.4164297481  1.583246e-01 1.03499999999999999997
1  4.17e+05  0.4077297633  1.583246e-01 1.03499999999999999997
1  4.37e+05  0.3969228204  1.583246e-01 1.03499999999999999997
1  4.57e+05  0.3860292144  1.583246e-01 1.03499999999999999997
1  4.79e+05  0.3765646354  1.583246e-01 1.03499999999999999997
1  5.01e+05  0.3694834091  1.583246e-01 1.03499999999999999997
1  5.25e+05  0.3652230477  1.583246e-01 1.03499999999999999997
1  5.50e+05  0.3638045357  1.583246e-01 1.03499999999999999997
1  5.75e+05  0.3649525119  1.583246e-01 1.03499999999999999997
1  6.03e+05  0.3682111724  1.583246e-01 1.03499999999999999997
1  6.31e+05  0.37304225  1.583246e-01 1.03499999999999999997
1  6.61e+05  0.3797615287  1.583246e-01 1.03499999999999999997
1  6.92e+05  0.3874781066  1.583246e-01 1.03499999999999999997
1  7.24e+05  0.3947974648  1.583246e-01 1.03499999999999999997
1  7.59e+05  0.401605029  1.583246e-01 1.03499999999999999997
1  7.94e+05  0.4076249841  1.583246e-01 1.03499999999999999997
1  8.32e+05  0.4126931689  1.583246e-01 1.03499999999999999997
1  8.71e+05  0.4167373779  1.583246e-01 1.03499999999999999997
1  9.12e+05  0.4197564126  1.583246e-01 1.03499999999999999997
1  9.55e+05  0.4218003303  1.583246e-01 1.03499999999999999997
1  1.00e+06  0.4229116607  1.583246e-01 1.03499999999999999997
1  1.05e+06  0.4232988686  1.583246e-01 1.03499999999999999997
1  1.10e+06  0.4230086287  1.583246e-01 1.03499999999999999997
1  1.15e+06  0.4221548546  1.583246e-01 1.03499999999999999997
1  1.20e+06  0.4208467177  1.583246e-01 1.03499999999999999997
1  1.26e+06  0.4191849706  1.583246e-01 1.03499999999999999997
1  1.32e+06  0.4172598452  1.583246e-01 1.03499999999999999997
1  1.38e+06  0.415150129  1.583246e-01 1.03499999999999999997
1  1.45e+06  0.41292308  1.583246e-01 1.03499999999999999997
1  1.51e+06  0.4106349081  1.583246e-01 1.03499999999999999997
1  1.58e+06  0.4083316121  1.583246e-01 1.03499999999999999997
1  1.66e+06  0.4060500112  1.583246e-01 1.03499999999999999997
1  1.74e+06  0.4038188579  1.583246e-01 1.03499999999999999997
1  1.82e+06  0.4016599509  1.583246e-01 1.03499999999999999997
1  1.91e+06  0.3995891979  1.583246e-01 1.03499999999999999997
1  2.00e+06  0.3976611082  1.583246e-01 1.03499999999999999997
1  2.09e+06  0.3957932977  1.583246e-01 1.03499999999999999997
1  2.19e+06  0.3940352121  1.583246e-01 1.03499999999999999997
1  2.29e+06  0.3923880321  1.583246e-01 1.03499999999999999997
1  2.40e+06  0.3908509087  1.583246e-01 1.03499999999999999997
1  2.51e+06  0.3894214451  1.583246e-01 1.03499999999999999997
1  2.63e+06  0.3880960972  1.583246e-01 1.03499999999999999997
1  2.75e+06  0.3868705028  1.583246e-01 1.03499999999999999997
1  2.88e+06  0.385739748  1.583246e-01 1.03499999999999999997
1  3.02e+06  0.3846985806  1.583246e-01 1.03499999999999999997
1  3.16e+06  0.3837415786  1.583246e-01 1.03499999999999999997
1  3.31e+06  0.3828632818  1.583246e-01 1.03499999999999999997
1  3.47e+06  0.3820582915  1.583246e-01 1.03499999999999999997
1  3.63e+06  0.3813213451  1.583246e-01 1.03499999999999999997
1  3.80e+06  0.380647371  1.583246e-01 1.03499999999999999997
1  3.98e+06  0.3800449168  1.583246e-01 1.03499999999999999997
1  4.17e+06  0.3794814152  1.583246e-01 1.03499999999999999997
1  4.37e+06  0.3789672219  1.583246e-01 1.03499999999999999997
1  4.57e+06  0.3784982779  1.583246e-01 1.03499999999999999997
1  4.79e+06  0.3780707962  1.583246e-01 1.03499999999999999997
1  5.01e+06  0.3776812572  1.583246e-01 1.03499999999999999997
1  5.25e+06  0.3773264003  1.583246e-01 1.03499999999999999997
1  5.50e+06  0.3770032138  1.583246e-01 1.03499999999999999997
1  5.75e+06  0.3767089225  1.583246e-01 1.03499999999999999997
1  6.03e+06  0.3764409746  1.583246e-01 1.03499999999999999997
1  6.31e+06  0.3761970282  1.583246e-01 1.03499999999999999997
1  6.61e+06  0.3759749376  1.583246e-01 1.03499999999999999997
1  6.92e+06  0.3757727393  1.583246e-01 1.03499999999999999997
1  7.24e+06  0.3755886392  1.583246e-01 1.03499999999999999997
1  7.59e+06  0.3754209996  1.583246e-01 1.03499999999999999997
1  7.94e+06  0.37527145  1.583246e-01 1.03499999999999999997
1  8.32e+06  0.3751320863  1.583246e-01 1.03499999999999999997
1  8.71e+06  0.375005117  1.583246e-01 1.03499999999999999997
1  9.12e+06  0.374889412  1.583246e-01 1.03499999999999999997
1  9.55e+06  0.3747839435  1.583246e-01 1.03499999999999999997
1  1.00e+07  0.3746877769  1.583246e-01 1.03499999999999999997
