1  1.00e-03  0.1758963803 61668.86 0.93500000000000000000
1  1.05e-03  0.1758963825 61668.86 0.93500000000000000000
1  1.10e-03  0.1758963833 61668.86 0.93500000000000000000
1  1.15e-03  0.1758963814 61668.86 0.93500000000000000000
1  1.20e-03  0.1758963834 61668.86 0.93500000000000000000
1  1.26e-03  0.1758963829 61668.86 0.93500000000000000000
1  1.32e-03  0.1758963831 61668.86 0.93500000000000000000
1  1.38e-03  0.1758963849 61668.86 0.93500000000000000000
1  1.45e-03  0.1758963851 61668.86 0.93500000000000000000
1  1.51e-03  0.1758963845 61668.86 0.93500000000000000000
1  1.58e-03  0.175896382 61668.86 0.93500000000000000000
1  1.66e-03  0.1758963868 61668.86 0.93500000000000000000
1  1.74e-03  0.1758963863 61668.86 0.93500000000000000000
1  1.82e-03  0.175896385 61668.86 0.93500000000000000000
1  1.91e-03  0.1758963829 61668.86 0.93500000000000000000
1  2.00e-03  0.1758963821 61668.86 0.93500000000000000000
1  2.09e-03  0.1758963832 61668.86 0.93500000000000000000
1  2.19e-03  0.1758963842 61668.86 0.93500000000000000000
1  2.29e-03  0.175896382 61668.86 0.93500000000000000000
1  2.40e-03  0.175896385 61668.86 0.93500000000000000000
1  2.51e-03  0.175896388 61668.86 0.93500000000000000000
1  2.63e-03  0.1758963867 61668.86 0.93500000000000000000
1  2.75e-03  0.1758963851 61668.86 0.93500000000000000000
1  2.88e-03  0.1758963837 61668.86 0.93500000000000000000
1  3.02e-03  0.1758963873 61668.86 0.93500000000000000000
1  3.16e-03  0.1758963872 61668.86 0.93500000000000000000
1  3.31e-03  0.1758963848 61668.86 0.93500000000000000000
1  3.47e-03  0.1758963842 61668.86 0.93500000000000000000
1  3.63e-03  0.1758963834 61668.86 0.93500000000000000000
1  3.80e-03  0.1758963837 61668.86 0.93500000000000000000
1  3.98e-03  0.1758963879 61668.86 0.93500000000000000000
1  4.17e-03  0.1758963855 61668.86 0.93500000000000000000
1  4.37e-03  0.1758963896 61668.86 0.93500000000000000000
1  4.57e-03  0.1758963905 61668.86 0.93500000000000000000
1  4.79e-03  0.1758963861 61668.86 0.93500000000000000000
1  5.01e-03  0.1758963915 61668.86 0.93500000000000000000
1  5.25e-03  0.1758963916 61668.86 0.93500000000000000000
1  5.50e-03  0.175896387 61668.86 0.93500000000000000000
1  5.75e-03  0.1758963879 61668.86 0.93500000000000000000
1  6.03e-03  0.1758963938 61668.86 0.93500000000000000000
1  6.31e-03  0.1758963953 61668.86 0.93500000000000000000
1  6.61e-03  0.1758963901 61668.86 0.93500000000000000000
1  6.92e-03  0.1758963851 61668.86 0.93500000000000000000
1  7.24e-03  0.1758963848 61668.86 0.93500000000000000000
1  7.59e-03  0.1758963968 61668.86 0.93500000000000000000
1  7.94e-03  0.1758963914 61668.86 0.93500000000000000000
1  8.32e-03  0.1758963971 61668.86 0.93500000000000000000
1  8.71e-03  0.1758964023 61668.86 0.93500000000000000000
1  9.12e-03  0.1758963954 61668.86 0.93500000000000000000
1  9.55e-03  0.1758963913 61668.86 0.93500000000000000000
1  1.00e-02  0.1758964042 61668.86 0.93500000000000000000
1  1.05e-02  0.1758963921 61668.86 0.93500000000000000000
1  1.10e-02  0.1758963851 61668.86 0.93500000000000000000
1  1.15e-02  0.1758964042 61668.86 0.93500000000000000000
1  1.20e-02  0.1758964478 61668.86 0.93500000000000000000
1  1.26e-02  0.1758964069 61668.86 0.93500000000000000000
1  1.32e-02  0.175896393 61668.86 0.93500000000000000000
1  1.38e-02  0.1758964042 61668.86 0.93500000000000000000
1  1.45e-02  0.1758963929 61668.86 0.93500000000000000000
1  1.51e-02  0.1758963893 61668.86 0.93500000000000000000
1  1.58e-02  0.1758964039 61668.86 0.93500000000000000000
1  1.66e-02  0.1758964122 61668.86 0.93500000000000000000
1  1.74e-02  0.1758963933 61668.86 0.93500000000000000000
1  1.82e-02  0.1758964161 61668.86 0.93500000000000000000
1  1.91e-02  0.1758963981 61668.86 0.93500000000000000000
1  2.00e-02  0.1758964143 61668.86 0.93500000000000000000
1  2.09e-02  0.1758964079 61668.86 0.93500000000000000000
1  2.19e-02  0.1758964294 61668.86 0.93500000000000000000
1  2.29e-02  0.1758964196 61668.86 0.93500000000000000000
1  2.40e-02  0.1758965927 61668.86 0.93500000000000000000
1  2.51e-02  0.175896418 61668.86 0.93500000000000000000
1  2.63e-02  0.1758964218 61668.86 0.93500000000000000000
1  2.75e-02  0.1758964946 61668.86 0.93500000000000000000
1  2.88e-02  0.1758964865 61668.86 0.93500000000000000000
1  3.02e-02  0.1758964106 61668.86 0.93500000000000000000
1  3.16e-02  0.1758963945 61668.86 0.93500000000000000000
1  3.31e-02  0.1758963942 61668.86 0.93500000000000000000
1  3.47e-02  0.1758964577 61668.86 0.93500000000000000000
1  3.63e-02  0.175896467 61668.86 0.93500000000000000000
1  3.80e-02  0.1758964211 61668.86 0.93500000000000000000
1  3.98e-02  0.1758964006 61668.86 0.93500000000000000000
1  4.17e-02  0.1758964426 61668.86 0.93500000000000000000
1  4.37e-02  0.1758966764 61668.86 0.93500000000000000000
1  4.57e-02  0.1758965364 61668.86 0.93500000000000000000
1  4.79e-02  0.1758963022 61668.86 0.93500000000000000000
1  5.01e-02  0.1758969274 61668.86 0.93500000000000000000
1  5.25e-02  0.1758964974 61668.86 0.93500000000000000000
1  5.50e-02  0.1758964759 61668.86 0.93500000000000000000
1  5.75e-02  0.1758965048 61668.86 0.93500000000000000000
1  6.03e-02  0.17589647 61668.86 0.93500000000000000000
1  6.31e-02  0.1758964649 61668.86 0.93500000000000000000
1  6.61e-02  0.1758965084 61668.86 0.93500000000000000000
1  6.92e-02  0.1758965367 61668.86 0.93500000000000000000
1  7.24e-02  0.175896542 61668.86 0.93500000000000000000
1  7.59e-02  0.1758965368 61668.86 0.93500000000000000000
1  7.94e-02  0.1758965459 61668.86 0.93500000000000000000
1  8.32e-02  0.1758964094 61668.86 0.93500000000000000000
1  8.71e-02  0.1758966308 61668.86 0.93500000000000000000
1  9.12e-02  0.1758964205 61668.86 0.93500000000000000000
1  9.55e-02  0.1758968301 61668.86 0.93500000000000000000
1  1.00e-01  0.1758966131 61668.86 0.93500000000000000000
1  1.05e-01  0.1758967319 61668.86 0.93500000000000000000
1  1.10e-01  0.1758965009 61668.86 0.93500000000000000000
1  1.15e-01  0.1758965719 61668.86 0.93500000000000000000
1  1.20e-01  0.1758966579 61668.86 0.93500000000000000000
1  1.26e-01  0.1758966758 61668.86 0.93500000000000000000
1  1.32e-01  0.1758964814 61668.86 0.93500000000000000000
1  1.38e-01  0.1758966369 61668.86 0.93500000000000000000
1  1.45e-01  0.1758964732 61668.86 0.93500000000000000000
1  1.51e-01  0.1758964763 61668.86 0.93500000000000000000
1  1.58e-01  0.1758965306 61668.86 0.93500000000000000000
1  1.66e-01  0.1758966744 61668.86 0.93500000000000000000
1  1.74e-01  0.1758964109 61668.86 0.93500000000000000000
1  1.82e-01  0.175896891 61668.86 0.93500000000000000000
1  1.91e-01  0.1758967117 61668.86 0.93500000000000000000
1  2.00e-01  0.1758973984 61668.86 0.93500000000000000000
1  2.09e-01  0.1758965012 61668.86 0.93500000000000000000
1  2.19e-01  0.175896622 61668.86 0.93500000000000000000
1  2.29e-01  0.1758952951 61668.86 0.93500000000000000000
1  2.40e-01  0.1758966441 61668.86 0.93500000000000000000
1  2.51e-01  0.1758968555 61668.86 0.93500000000000000000
1  2.63e-01  0.1758965568 61668.86 0.93500000000000000000
1  2.75e-01  0.1758966327 61668.86 0.93500000000000000000
1  2.88e-01  0.1758968389 61668.86 0.93500000000000000000
1  3.02e-01  0.1758967109 61668.86 0.93500000000000000000
1  3.16e-01  0.1758974393 61668.86 0.93500000000000000000
1  3.31e-01  0.1758966418 61668.86 0.93500000000000000000
1  3.47e-01  0.1758990139 61668.86 0.93500000000000000000
1  3.63e-01  0.1758601341 61668.86 0.93500000000000000000
1  3.80e-01  0.1758970789 61668.86 0.93500000000000000000
1  3.98e-01  0.1758965253 61668.86 0.93500000000000000000
1  4.17e-01  0.1758968595 61668.86 0.93500000000000000000
1  4.37e-01  0.1758969381 61668.86 0.93500000000000000000
1  4.57e-01  0.1758971323 61668.86 0.93500000000000000000
1  4.79e-01  0.1758964313 61668.86 0.93500000000000000000
1  5.01e-01  0.1758965936 61668.86 0.93500000000000000000
1  5.25e-01  0.1758971594 61668.86 0.93500000000000000000
1  5.50e-01  0.1758970864 61668.86 0.93500000000000000000
1  5.75e-01  0.1758970842 61668.86 0.93500000000000000000
1  6.03e-01  0.1758995659 61668.86 0.93500000000000000000
1  6.31e-01  0.1758968137 61668.86 0.93500000000000000000
1  6.61e-01  0.175896719 61668.86 0.93500000000000000000
1  6.92e-01  0.1758975638 61668.86 0.93500000000000000000
1  7.24e-01  0.1758971757 61668.86 0.93500000000000000000
1  7.59e-01  0.1758967826 61668.86 0.93500000000000000000
1  7.94e-01  0.1758969776 61668.86 0.93500000000000000000
1  8.32e-01  0.1758975803 61668.86 0.93500000000000000000
1  8.71e-01  0.1758973213 61668.86 0.93500000000000000000
1  9.12e-01  0.1758967525 61668.86 0.93500000000000000000
1  9.55e-01  0.1758967933 61668.86 0.93500000000000000000
1  1.00e+00  0.1758958247 61668.86 0.93500000000000000000
1  1.05e+00  0.1758867912 61668.86 0.93500000000000000000
1  1.10e+00  0.1758980143 61668.86 0.93500000000000000000
1  1.15e+00  0.1758978388 61668.86 0.93500000000000000000
1  1.20e+00  0.1758975891 61668.86 0.93500000000000000000
1  1.26e+00  0.1758969728 61668.86 0.93500000000000000000
1  1.32e+00  0.1758866257 61668.86 0.93500000000000000000
1  1.38e+00  0.1758975613 61668.86 0.93500000000000000000
1  1.45e+00  0.1759462454 61668.86 0.93500000000000000000
1  1.51e+00  0.1758980473 61668.86 0.93500000000000000000
1  1.58e+00  0.1758962266 61668.86 0.93500000000000000000
1  1.66e+00  0.1758976845 61668.86 0.93500000000000000000
1  1.74e+00  0.1758975896 61668.86 0.93500000000000000000
1  1.82e+00  0.1758993027 61668.86 0.93500000000000000000
1  1.91e+00  0.1758988994 61668.86 0.93500000000000000000
1  2.00e+00  0.1758975724 61668.86 0.93500000000000000000
1  2.09e+00  0.1758965204 61668.86 0.93500000000000000000
1  2.19e+00  0.1758920869 61668.86 0.93500000000000000000
1  2.29e+00  0.1758979324 61668.86 0.93500000000000000000
1  2.40e+00  0.1758992553 61668.86 0.93500000000000000000
1  2.51e+00  0.1758995938 61668.86 0.93500000000000000000
1  2.63e+00  0.1759002187 61668.86 0.93500000000000000000
1  2.75e+00  0.1758992275 61668.86 0.93500000000000000000
1  2.88e+00  0.1758968702 61668.86 0.93500000000000000000
1  3.02e+00  0.175818167 61668.86 0.93500000000000000000
1  3.16e+00  0.1757687197 61668.86 0.93500000000000000000
1  3.31e+00  0.1759307908 61668.86 0.93500000000000000000
1  3.47e+00  0.1758932157 61668.86 0.93500000000000000000
1  3.63e+00  0.1758585841 61668.86 0.93500000000000000000
1  3.80e+00  0.1759830017 61668.86 0.93500000000000000000
1  3.98e+00  0.1758981205 61668.86 0.93500000000000000000
1  4.17e+00  0.1759025854 61668.86 0.93500000000000000000
1  4.37e+00  0.175897572 61668.86 0.93500000000000000000
1  4.57e+00  0.1758964069 61668.86 0.93500000000000000000
1  4.79e+00  0.1758954655 61668.86 0.93500000000000000000
1  5.01e+00  0.1759035407 61668.86 0.93500000000000000000
1  5.25e+00  0.1758963354 61668.86 0.93500000000000000000
1  5.50e+00  0.1759060118 61668.86 0.93500000000000000000
1  5.75e+00  0.1758992928 61668.86 0.93500000000000000000
1  6.03e+00  0.1758947536 61668.86 0.93500000000000000000
1  6.31e+00  0.1759027217 61668.86 0.93500000000000000000
1  6.61e+00  0.1759053283 61668.86 0.93500000000000000000
1  6.92e+00  0.1759027181 61668.86 0.93500000000000000000
1  7.24e+00  0.1758989947 61668.86 0.93500000000000000000
1  7.59e+00  0.1759035839 61668.86 0.93500000000000000000
1  7.94e+00  0.1759051527 61668.86 0.93500000000000000000
1  8.32e+00  0.1759079517 61668.86 0.93500000000000000000
1  8.71e+00  0.1759060131 61668.86 0.93500000000000000000
1  9.12e+00  0.1758994922 61668.86 0.93500000000000000000
1  9.55e+00  0.1759111162 61668.86 0.93500000000000000000
1  1.00e+01  0.1759131594 61668.86 0.93500000000000000000
1  1.05e+01  0.1759290457 61668.86 0.93500000000000000000
1  1.10e+01  0.1759445344 61668.86 0.93500000000000000000
1  1.15e+01  0.1757555761 61668.86 0.93500000000000000000
1  1.20e+01  0.1759041345 61668.86 0.93500000000000000000
1  1.26e+01  0.1759193951 61668.86 0.93500000000000000000
1  1.32e+01  0.17594405 61668.86 0.93500000000000000000
1  1.38e+01  0.175902613 61668.86 0.93500000000000000000
1  1.45e+01  0.1759166872 61668.86 0.93500000000000000000
1  1.51e+01  0.1759105299 61668.86 0.93500000000000000000
1  1.58e+01  0.1758924361 61668.86 0.93500000000000000000
1  1.66e+01  0.175929311 61668.86 0.93500000000000000000
1  1.74e+01  0.1759242238 61668.86 0.93500000000000000000
1  1.82e+01  0.1759355104 61668.86 0.93500000000000000000
1  1.91e+01  0.1758976819 61668.86 0.93500000000000000000
1  2.00e+01  0.1758959587 61668.86 0.93500000000000000000
1  2.09e+01  0.1745144239 61668.86 0.93500000000000000000
1  2.19e+01  0.1752959459 61668.86 0.93500000000000000000
1  2.29e+01  0.1758572889 61668.86 0.93500000000000000000
1  2.40e+01  0.1762735442 61668.86 0.93500000000000000000
1  2.51e+01  0.1754921646 61668.86 0.93500000000000000000
1  2.63e+01  0.1760593014 61668.86 0.93500000000000000000
1  2.75e+01  0.1753882556 61668.86 0.93500000000000000000
1  2.88e+01  0.1761227843 61668.86 0.93500000000000000000
1  3.02e+01  0.1754688821 61668.86 0.93500000000000000000
1  3.16e+01  0.1760731574 61668.86 0.93500000000000000000
1  3.31e+01  0.1763246491 61668.86 0.93500000000000000000
1  3.47e+01  0.1750914284 61668.86 0.93500000000000000000
1  3.63e+01  0.1767687529 61668.86 0.93500000000000000000
1  3.80e+01  0.176412191 61668.86 0.93500000000000000000
1  3.98e+01  0.1754634556 61668.86 0.93500000000000000000
1  4.17e+01  0.1763102802 61668.86 0.93500000000000000000
1  4.37e+01  0.1763150512 61668.86 0.93500000000000000000
1  4.57e+01  0.1759375193 61668.86 0.93500000000000000000
1  4.79e+01  0.1765350473 61668.86 0.93500000000000000000
1  5.01e+01  0.1759297462 61668.86 0.93500000000000000000
1  5.25e+01  0.1759414613 61668.86 0.93500000000000000000
1  5.50e+01  0.1762014269 61668.86 0.93500000000000000000
1  5.75e+01  0.1759313327 61668.86 0.93500000000000000000
1  6.03e+01  0.1757739886 61668.86 0.93500000000000000000
1  6.31e+01  0.1761402727 61668.86 0.93500000000000000000
1  6.61e+01  0.1759455432 61668.86 0.93500000000000000000
1  6.92e+01  0.1757284193 61668.86 0.93500000000000000000
1  7.24e+01  0.1760349559 61668.86 0.93500000000000000000
1  7.59e+01  0.1750861297 61668.86 0.93500000000000000000
1  7.94e+01  0.1751665248 61668.86 0.93500000000000000000
1  8.32e+01  0.1759494767 61668.86 0.93500000000000000000
1  8.71e+01  0.1759454722 61668.86 0.93500000000000000000
1  9.12e+01  0.1759659107 61668.86 0.93500000000000000000
1  9.55e+01  0.1760527174 61668.86 0.93500000000000000000
1  1.00e+02  0.1753869723 61668.86 0.93500000000000000000
1  1.05e+02  0.1757383117 61668.86 0.93500000000000000000
1  1.10e+02  0.1757192425 61668.86 0.93500000000000000000
1  1.15e+02  0.1759064709 61668.86 0.93500000000000000000
1  1.20e+02  0.1758444935 61668.86 0.93500000000000000000
1  1.26e+02  0.176961982 61668.86 0.93500000000000000000
1  1.32e+02  0.1757092981 61668.86 0.93500000000000000000
1  1.38e+02  0.1760833395 61668.86 0.93500000000000000000
1  1.45e+02  0.1760919891 61668.86 0.93500000000000000000
1  1.51e+02  0.1758953693 61668.86 0.93500000000000000000
1  1.58e+02  0.1759405853 61668.86 0.93500000000000000000
1  1.66e+02  0.1755291472 61668.86 0.93500000000000000000
1  1.74e+02  0.1762068482 61668.86 0.93500000000000000000
1  1.82e+02  0.1761444416 61668.86 0.93500000000000000000
1  1.91e+02  0.176168589 61668.86 0.93500000000000000000
1  2.00e+02  0.176016168 61668.86 0.93500000000000000000
1  2.09e+02  0.176917408 61668.86 0.93500000000000000000
1  2.19e+02  0.1761778547 61668.86 0.93500000000000000000
1  2.29e+02  0.1759707118 61668.86 0.93500000000000000000
1  2.40e+02  0.1761564354 61668.86 0.93500000000000000000
1  2.51e+02  0.1759227545 61668.86 0.93500000000000000000
1  2.63e+02  0.1760552226 61668.86 0.93500000000000000000
1  2.75e+02  0.17598495 61668.86 0.93500000000000000000
1  2.88e+02  0.1763351439 61668.86 0.93500000000000000000
1  3.02e+02  0.1759671143 61668.86 0.93500000000000000000
1  3.16e+02  0.1759339567 61668.86 0.93500000000000000000
1  3.31e+02  0.175370606 61668.86 0.93500000000000000000
1  3.47e+02  0.1762369862 61668.86 0.93500000000000000000
1  3.63e+02  0.1761499489 61668.86 0.93500000000000000000
1  3.80e+02  0.17634377 61668.86 0.93500000000000000000
1  3.98e+02  0.1764074921 61668.86 0.93500000000000000000
1  4.17e+02  0.1756563859 61668.86 0.93500000000000000000
1  4.37e+02  0.1762679401 61668.86 0.93500000000000000000
1  4.57e+02  0.1757632459 61668.86 0.93500000000000000000
1  4.79e+02  0.176082879 61668.86 0.93500000000000000000
1  5.01e+02  0.1764328789 61668.86 0.93500000000000000000
1  5.25e+02  0.1763468628 61668.86 0.93500000000000000000
1  5.50e+02  0.1757838643 61668.86 0.93500000000000000000
1  5.75e+02  0.1758685546 61668.86 0.93500000000000000000
1  6.03e+02  0.1768058645 61668.86 0.93500000000000000000
1  6.31e+02  0.1755212482 61668.86 0.93500000000000000000
1  6.61e+02  0.176046864 61668.86 0.93500000000000000000
1  6.92e+02  0.1756610657 61668.86 0.93500000000000000000
1  7.24e+02  0.176979614 61668.86 0.93500000000000000000
1  7.59e+02  0.1756478982 61668.86 0.93500000000000000000
1  7.94e+02  0.1768440436 61668.86 0.93500000000000000000
1  8.32e+02  0.1771016696 61668.86 0.93500000000000000000
1  8.71e+02  0.1762141081 61668.86 0.93500000000000000000
1  9.12e+02  0.1776002204 61668.86 0.93500000000000000000
1  9.55e+02  0.1758992748 61668.86 0.93500000000000000000
1  1.00e+03  0.1757284955 61668.86 0.93500000000000000000
1  1.05e+03  0.1756382587 61668.86 0.93500000000000000000
1  1.10e+03  0.1762802824 61668.86 0.93500000000000000000
1  1.15e+03  0.1773254064 61668.86 0.93500000000000000000
1  1.20e+03  0.1798124842 61668.86 0.93500000000000000000
1  1.26e+03  0.1784073099 61668.86 0.93500000000000000000
1  1.32e+03  0.1744017614 61668.86 0.93500000000000000000
1  1.38e+03  0.1754549689 61668.86 0.93500000000000000000
1  1.45e+03  0.1740658164 61668.86 0.93500000000000000000
1  1.51e+03  0.1821056464 61668.86 0.93500000000000000000
1  1.58e+03  0.1857274294 61668.86 0.93500000000000000000
1  1.66e+03  0.1872934762 61668.86 0.93500000000000000000
1  1.74e+03  0.1838379303 61668.86 0.93500000000000000000
1  1.82e+03  0.1708263247 61668.86 0.93500000000000000000
1  1.91e+03  0.1784896153 61668.86 0.93500000000000000000
1  2.00e+03  0.1663451076 61668.86 0.93500000000000000000
1  2.09e+03  0.1625650276 61668.86 0.93500000000000000000
1  2.19e+03  0.1684916769 61668.86 0.93500000000000000000
1  2.29e+03  0.1693619303 61668.86 0.93500000000000000000
1  2.40e+03  0.168528078 61668.86 0.93500000000000000000
1  2.51e+03  0.1976364969 61668.86 0.93500000000000000000
1  2.63e+03  0.1966206987 61668.86 0.93500000000000000000
1  2.75e+03  0.2038891489 61668.86 0.93500000000000000000
1  2.88e+03  0.179166257 61668.86 0.93500000000000000000
1  3.02e+03  0.2075079751 61668.86 0.93500000000000000000
1  3.16e+03  0.2163665608 61668.86 0.93500000000000000000
1  3.31e+03  0.2133127225 61668.86 0.93500000000000000000
1  3.47e+03  0.2082731887 61668.86 0.93500000000000000000
1  3.63e+03  0.1713464481 61668.86 0.93500000000000000000
1  3.80e+03  0.1599657088 61668.86 0.93500000000000000000
1  3.98e+03  0.1921350457 61668.86 0.93500000000000000000
1  4.17e+03  0.159341546 61668.86 0.93500000000000000000
1  4.37e+03  0.1642648535 61668.86 0.93500000000000000000
1  4.57e+03  0.1532042289 61668.86 0.93500000000000000000
1  4.79e+03  0.1848399771 61668.86 0.93500000000000000000
1  5.01e+03  0.1808212829 61668.86 0.93500000000000000000
1  5.25e+03  0.1616501947 61668.86 0.93500000000000000000
1  5.50e+03  0.160062139 61668.86 0.93500000000000000000
1  5.75e+03  0.1629936551 61668.86 0.93500000000000000000
1  6.03e+03  0.1783210342 61668.86 0.93500000000000000000
1  6.31e+03  0.2247415095 61668.86 0.93500000000000000000
1  6.61e+03  0.1667251583 61668.86 0.93500000000000000000
1  6.92e+03  0.209593091 61668.86 0.93500000000000000000
1  7.24e+03  0.1901163309 61668.86 0.93500000000000000000
1  7.59e+03  0.3651167027 61668.86 0.93500000000000000000
1  7.94e+03  0.1672742691 61668.86 0.93500000000000000000
1  8.32e+03  0.3950403664 61668.86 0.93500000000000000000
1  8.71e+03  0.1882551087 61668.86 0.93500000000000000000
1  9.12e+03  0.2624146702 61668.86 0.93500000000000000000
1  9.55e+03  0.2095325825 61668.86 0.93500000000000000000
1  1.00e+04  0.1540596249 61668.86 0.93500000000000000000
1  1.05e+04  0.2783391624 61668.86 0.93500000000000000000
1  1.10e+04  0.3424171178 61668.86 0.93500000000000000000
1  1.15e+04  0.1954023038 61668.86 0.93500000000000000000
1  1.20e+04  0.4123062221 61668.86 0.93500000000000000000
1  1.26e+04  0.2174005941 61668.86 0.93500000000000000000
1  1.32e+04  0.2676535077 61668.86 0.93500000000000000000
1  1.38e+04  0.2367598567 61668.86 0.93500000000000000000
1  1.45e+04  0.2862355968 61668.86 0.93500000000000000000
1  1.51e+04  0.274644231 61668.86 0.93500000000000000000
1  1.58e+04  0.475172623 61668.86 0.93500000000000000000
1  1.66e+04  0.2128251385 61668.86 0.93500000000000000000
1  1.74e+04  0.4342842635 61668.86 0.93500000000000000000
1  1.82e+04  0.2253562707 61668.86 0.93500000000000000000
1  1.91e+04  0.2258486728 61668.86 0.93500000000000000000
1  2.00e+04  0.58504151 61668.86 0.93500000000000000000
1  2.09e+04  0.264427739 61668.86 0.93500000000000000000
1  2.19e+04  0.1955792795 61668.86 0.93500000000000000000
1  2.29e+04  0.5671120159 61668.86 0.93500000000000000000
1  2.40e+04  0.3632623138 61668.86 0.93500000000000000000
1  2.51e+04  0.1869724234 61668.86 0.93500000000000000000
1  2.63e+04  0.4979398979 61668.86 0.93500000000000000000
1  2.75e+04  0.1866104289 61668.86 0.93500000000000000000
1  2.88e+04  0.430965847 61668.86 0.93500000000000000000
1  3.02e+04  0.2655624562 61668.86 0.93500000000000000000
1  3.16e+04  0.284388961 61668.86 0.93500000000000000000
1  3.31e+04  0.2237621208 61668.86 0.93500000000000000000
1  3.47e+04  0.6278369071 61668.86 0.93500000000000000000
1  3.63e+04  0.2042991322 61668.86 0.93500000000000000000
1  3.80e+04  0.4104733952 61668.86 0.93500000000000000000
1  3.98e+04  0.1732075195 61668.86 0.93500000000000000000
1  4.17e+04  0.3041033854 61668.86 0.93500000000000000000
1  4.37e+04  0.368186852 61668.86 0.93500000000000000000
1  4.57e+04  0.1797953646 61668.86 0.93500000000000000000
1  4.79e+04  0.5964628828 61668.86 0.93500000000000000000
1  5.01e+04  0.3595422176 61668.86 0.93500000000000000000
1  5.25e+04  0.2362068718 61668.86 0.93500000000000000000
1  5.50e+04  0.4383474512 61668.86 0.93500000000000000000
1  5.75e+04  0.2327310953 61668.86 0.93500000000000000000
1  6.03e+04  0.1889098845 61668.86 0.93500000000000000000
1  6.31e+04  0.2865914743 61668.86 0.93500000000000000000
1  6.61e+04  0.3394504431 61668.86 0.93500000000000000000
1  6.92e+04  0.2436916525 61668.86 0.93500000000000000000
1  7.24e+04  0.1810836021 61668.86 0.93500000000000000000
1  7.59e+04  0.3831659499 61668.86 0.93500000000000000000
1  7.94e+04  0.5106665943 61668.86 0.93500000000000000000
1  8.32e+04  0.3254037975 61668.86 0.93500000000000000000
1  8.71e+04  0.176766656 61668.86 0.93500000000000000000
1  9.12e+04  0.3020099916 61668.86 0.93500000000000000000
1  9.55e+04  0.457948058 61668.86 0.93500000000000000000
1  1.00e+05  0.4070040908 61668.86 0.93500000000000000000
1  1.05e+05  0.2451346533 61668.86 0.93500000000000000000
1  1.10e+05  0.1726337965 61668.86 0.93500000000000000000
1  1.15e+05  0.2245062715 61668.86 0.93500000000000000000
1  1.20e+05  0.2981424466 61668.86 0.93500000000000000000
1  1.26e+05  0.3118859181 61668.86 0.93500000000000000000
1  1.32e+05  0.268981692 61668.86 0.93500000000000000000
1  1.38e+05  0.2145677538 61668.86 0.93500000000000000000
1  1.45e+05  0.1816363417 61668.86 0.93500000000000000000
1  1.51e+05  0.1768181286 61668.86 0.93500000000000000000
1  1.58e+05  0.1923258902 61668.86 0.93500000000000000000
1  1.66e+05  0.2176966858 61668.86 0.93500000000000000000
1  1.74e+05  0.2431833477 61668.86 0.93500000000000000000
1  1.82e+05  0.2599531712 61668.86 0.93500000000000000000
1  1.91e+05  0.261782032 61668.86 0.93500000000000000000
1  2.00e+05  0.2476818681 61668.86 0.93500000000000000000
1  2.09e+05  0.2227464214 61668.86 0.93500000000000000000
1  2.19e+05  0.1960689733 61668.86 0.93500000000000000000
1  2.29e+05  0.1769187187 61668.86 0.93500000000000000000
1  2.40e+05  0.1712846321 61668.86 0.93500000000000000000
1  2.51e+05  0.1802587119 61668.86 0.93500000000000000000
1  2.63e+05  0.200491814 61668.86 0.93500000000000000000
1  2.75e+05  0.2260146882 61668.86 0.93500000000000000000
1  2.88e+05  0.2504156479 61668.86 0.93500000000000000000
1  3.02e+05  0.268577759 61668.86 0.93500000000000000000
1  3.16e+05  0.2776014058 61668.86 0.93500000000000000000
1  3.31e+05  0.2769219577 61668.86 0.93500000000000000000
1  3.47e+05  0.2678586753 61668.86 0.93500000000000000000
1  3.63e+05  0.2528946917 61668.86 0.93500000000000000000
1  3.80e+05  0.234941587 61668.86 0.93500000000000000000
1  3.98e+05  0.2167485375 61668.86 0.93500000000000000000
1  4.17e+05  0.2005221835 61668.86 0.93500000000000000000
1  4.37e+05  0.187753656 61668.86 0.93500000000000000000
1  4.57e+05  0.1792097601 61668.86 0.93500000000000000000
1  4.79e+05  0.1750315494 61668.86 0.93500000000000000000
1  5.01e+05  0.1748868137 61668.86 0.93500000000000000000
1  5.25e+05  0.1781349258 61668.86 0.93500000000000000000
1  5.50e+05  0.1839767714 61668.86 0.93500000000000000000
1  5.75e+05  0.1915753574 61668.86 0.93500000000000000000
1  6.03e+05  0.2001424664 61668.86 0.93500000000000000000
1  6.31e+05  0.2089931163 61668.86 0.93500000000000000000
1  6.61e+05  0.2175730456 61668.86 0.93500000000000000000
1  6.92e+05  0.2254657454 61668.86 0.93500000000000000000
1  7.24e+05  0.2338699676 61668.86 0.93500000000000000000
1  7.59e+05  0.2405590092 61668.86 0.93500000000000000000
1  7.94e+05  0.2457308389 61668.86 0.93500000000000000000
1  8.32e+05  0.2493769476 61668.86 0.93500000000000000000
1  8.71e+05  0.2515725451 61668.86 0.93500000000000000000
1  9.12e+05  0.2524491387 61668.86 0.93500000000000000000
1  9.55e+05  0.2521713858 61668.86 0.93500000000000000000
1  1.00e+06  0.2509187487 61668.86 0.93500000000000000000
1  1.05e+06  0.2488718069 61668.86 0.93500000000000000000
1  1.10e+06  0.2462026999 61668.86 0.93500000000000000000
1  1.15e+06  0.2430690027 61668.86 0.93500000000000000000
1  1.20e+06  0.2396103059 61668.86 0.93500000000000000000
1  1.26e+06  0.2359468209 61668.86 0.93500000000000000000
1  1.32e+06  0.2321794252 61668.86 0.93500000000000000000
1  1.38e+06  0.228390667 61668.86 0.93500000000000000000
1  1.45e+06  0.224646354 61668.86 0.93500000000000000000
1  1.51e+06  0.2209974473 61668.86 0.93500000000000000000
1  1.58e+06  0.2174820588 61668.86 0.93500000000000000000
1  1.66e+06  0.2141274138 61668.86 0.93500000000000000000
1  1.74e+06  0.2109516952 61668.86 0.93500000000000000000
1  1.82e+06  0.2079657148 61668.86 0.93500000000000000000
1  1.91e+06  0.2051743922 61668.86 0.93500000000000000000
1  2.00e+06  0.2025780323 61668.86 0.93500000000000000000
1  2.09e+06  0.2002216093 61668.86 0.93500000000000000000
1  2.19e+06  0.1980000926 61668.86 0.93500000000000000000
1  2.29e+06  0.1959566994 61668.86 0.93500000000000000000
1  2.40e+06  0.194082496 61668.86 0.93500000000000000000
1  2.51e+06  0.1923677479 61668.86 0.93500000000000000000
1  2.63e+06  0.1908023012 61668.86 0.93500000000000000000
1  2.75e+06  0.1893758787 61668.86 0.93500000000000000000
1  2.88e+06  0.1880783025 61668.86 0.93500000000000000000
1  3.02e+06  0.1868996599 61668.86 0.93500000000000000000
1  3.16e+06  0.1858304204 61668.86 0.93500000000000000000
1  3.31e+06  0.1848615161 61668.86 0.93500000000000000000
1  3.47e+06  0.1839843918 61668.86 0.93500000000000000000
1  3.63e+06  0.1831910328 61668.86 0.93500000000000000000
1  3.80e+06  0.182473974 61668.86 0.93500000000000000000
1  3.98e+06  0.1818262969 61668.86 0.93500000000000000000
1  4.17e+06  0.1812559874 61668.86 0.93500000000000000000
1  4.37e+06  0.1807271435 61668.86 0.93500000000000000000
1  4.57e+06  0.1802501466 61668.86 0.93500000000000000000
1  4.79e+06  0.1798200672 61668.86 0.93500000000000000000
1  5.01e+06  0.1794324075 61668.86 0.93500000000000000000
1  5.25e+06  0.1790830721 61668.86 0.93500000000000000000
1  5.50e+06  0.1787683382 61668.86 0.93500000000000000000
1  5.75e+06  0.1784848271 61668.86 0.93500000000000000000
1  6.03e+06  0.1782294759 61668.86 0.93500000000000000000
1  6.31e+06  0.1779995117 61668.86 0.93500000000000000000
1  6.61e+06  0.1777924263 61668.86 0.93500000000000000000
1  6.92e+06  0.177605953 61668.86 0.93500000000000000000
1  7.24e+06  0.1774380447 61668.86 0.93500000000000000000
1  7.59e+06  0.1772868541 61668.86 0.93500000000000000000
1  7.94e+06  0.1771507151 61668.86 0.93500000000000000000
1  8.32e+06  0.1770314651 61668.86 0.93500000000000000000
1  8.71e+06  0.1769207537 61668.86 0.93500000000000000000
1  9.12e+06  0.1768210483 61668.86 0.93500000000000000000
1  9.55e+06  0.176731248 61668.86 0.93500000000000000000
1  1.00e+07  0.1766503617 61668.86 0.93500000000000000000
