1  1.00e-03  0.276364372 -10.192179999999999 0.96699999999999999996
1  1.05e-03  0.2763643755 -10.192179999999999 0.96699999999999999996
1  1.10e-03  0.2763643684 -10.192179999999999 0.96699999999999999996
1  1.15e-03  0.276364376 -10.192179999999999 0.96699999999999999996
1  1.20e-03  0.2763643728 -10.192179999999999 0.96699999999999999996
1  1.26e-03  0.276364374 -10.192179999999999 0.96699999999999999996
1  1.32e-03  0.2763643698 -10.192179999999999 0.96699999999999999996
1  1.38e-03  0.2763643741 -10.192179999999999 0.96699999999999999996
1  1.45e-03  0.2763643744 -10.192179999999999 0.96699999999999999996
1  1.51e-03  0.2763643729 -10.192179999999999 0.96699999999999999996
1  1.58e-03  0.2763643756 -10.192179999999999 0.96699999999999999996
1  1.66e-03  0.2763643712 -10.192179999999999 0.96699999999999999996
1  1.74e-03  0.2763643705 -10.192179999999999 0.96699999999999999996
1  1.82e-03  0.2763643714 -10.192179999999999 0.96699999999999999996
1  1.91e-03  0.2763643804 -10.192179999999999 0.96699999999999999996
1  2.00e-03  0.2763643782 -10.192179999999999 0.96699999999999999996
1  2.09e-03  0.2763643757 -10.192179999999999 0.96699999999999999996
1  2.19e-03  0.2763643703 -10.192179999999999 0.96699999999999999996
1  2.29e-03  0.2763643777 -10.192179999999999 0.96699999999999999996
1  2.40e-03  0.2763643771 -10.192179999999999 0.96699999999999999996
1  2.51e-03  0.2763643692 -10.192179999999999 0.96699999999999999996
1  2.63e-03  0.27636438 -10.192179999999999 0.96699999999999999996
1  2.75e-03  0.2763643767 -10.192179999999999 0.96699999999999999996
1  2.88e-03  0.2763643673 -10.192179999999999 0.96699999999999999996
1  3.02e-03  0.276364382 -10.192179999999999 0.96699999999999999996
1  3.16e-03  0.2763643834 -10.192179999999999 0.96699999999999999996
1  3.31e-03  0.2763643764 -10.192179999999999 0.96699999999999999996
1  3.47e-03  0.2763643853 -10.192179999999999 0.96699999999999999996
1  3.63e-03  0.2763643829 -10.192179999999999 0.96699999999999999996
1  3.80e-03  0.2763643819 -10.192179999999999 0.96699999999999999996
1  3.98e-03  0.2763643868 -10.192179999999999 0.96699999999999999996
1  4.17e-03  0.2763643804 -10.192179999999999 0.96699999999999999996
1  4.37e-03  0.2763643775 -10.192179999999999 0.96699999999999999996
1  4.57e-03  0.2763643853 -10.192179999999999 0.96699999999999999996
1  4.79e-03  0.2763643811 -10.192179999999999 0.96699999999999999996
1  5.01e-03  0.276364336 -10.192179999999999 0.96699999999999999996
1  5.25e-03  0.2763643759 -10.192179999999999 0.96699999999999999996
1  5.50e-03  0.276364394 -10.192179999999999 0.96699999999999999996
1  5.75e-03  0.2763643809 -10.192179999999999 0.96699999999999999996
1  6.03e-03  0.2763643725 -10.192179999999999 0.96699999999999999996
1  6.31e-03  0.2763643955 -10.192179999999999 0.96699999999999999996
1  6.61e-03  0.2763643784 -10.192179999999999 0.96699999999999999996
1  6.92e-03  0.2763643982 -10.192179999999999 0.96699999999999999996
1  7.24e-03  0.2763643938 -10.192179999999999 0.96699999999999999996
1  7.59e-03  0.2763643809 -10.192179999999999 0.96699999999999999996
1  7.94e-03  0.2763644074 -10.192179999999999 0.96699999999999999996
1  8.32e-03  0.2763643815 -10.192179999999999 0.96699999999999999996
1  8.71e-03  0.2763643937 -10.192179999999999 0.96699999999999999996
1  9.12e-03  0.2763643803 -10.192179999999999 0.96699999999999999996
1  9.55e-03  0.2763644286 -10.192179999999999 0.96699999999999999996
1  1.00e-02  0.2763806783 -10.192179999999999 0.96699999999999999996
1  1.05e-02  0.2763644229 -10.192179999999999 0.96699999999999999996
1  1.10e-02  0.2763643825 -10.192179999999999 0.96699999999999999996
1  1.15e-02  0.2763644241 -10.192179999999999 0.96699999999999999996
1  1.20e-02  0.276364424 -10.192179999999999 0.96699999999999999996
1  1.26e-02  0.2763643938 -10.192179999999999 0.96699999999999999996
1  1.32e-02  0.2763644384 -10.192179999999999 0.96699999999999999996
1  1.38e-02  0.2763644279 -10.192179999999999 0.96699999999999999996
1  1.45e-02  0.2763646391 -10.192179999999999 0.96699999999999999996
1  1.51e-02  0.2763644401 -10.192179999999999 0.96699999999999999996
1  1.58e-02  0.2763644302 -10.192179999999999 0.96699999999999999996
1  1.66e-02  0.2763643985 -10.192179999999999 0.96699999999999999996
1  1.74e-02  0.2763644535 -10.192179999999999 0.96699999999999999996
1  1.82e-02  0.2763644031 -10.192179999999999 0.96699999999999999996
1  1.91e-02  0.2763644414 -10.192179999999999 0.96699999999999999996
1  2.00e-02  0.2763643958 -10.192179999999999 0.96699999999999999996
1  2.09e-02  0.276364418 -10.192179999999999 0.96699999999999999996
1  2.19e-02  0.2763643799 -10.192179999999999 0.96699999999999999996
1  2.29e-02  0.2763643985 -10.192179999999999 0.96699999999999999996
1  2.40e-02  0.2763644576 -10.192179999999999 0.96699999999999999996
1  2.51e-02  0.2763643728 -10.192179999999999 0.96699999999999999996
1  2.63e-02  0.2763644107 -10.192179999999999 0.96699999999999999996
1  2.75e-02  0.2763643652 -10.192179999999999 0.96699999999999999996
1  2.88e-02  0.2763644314 -10.192179999999999 0.96699999999999999996
1  3.02e-02  0.276364642 -10.192179999999999 0.96699999999999999996
1  3.16e-02  0.2763645413 -10.192179999999999 0.96699999999999999996
1  3.31e-02  0.2763645065 -10.192179999999999 0.96699999999999999996
1  3.47e-02  0.2763657166 -10.192179999999999 0.96699999999999999996
1  3.63e-02  0.2763645008 -10.192179999999999 0.96699999999999999996
1  3.80e-02  0.2763644672 -10.192179999999999 0.96699999999999999996
1  3.98e-02  0.2763645846 -10.192179999999999 0.96699999999999999996
1  4.17e-02  0.2763645451 -10.192179999999999 0.96699999999999999996
1  4.37e-02  0.276364535 -10.192179999999999 0.96699999999999999996
1  4.57e-02  0.2763644692 -10.192179999999999 0.96699999999999999996
1  4.79e-02  0.276364625 -10.192179999999999 0.96699999999999999996
1  5.01e-02  0.2763645967 -10.192179999999999 0.96699999999999999996
1  5.25e-02  0.2763642869 -10.192179999999999 0.96699999999999999996
1  5.50e-02  0.2763648637 -10.192179999999999 0.96699999999999999996
1  5.75e-02  0.2763644916 -10.192179999999999 0.96699999999999999996
1  6.03e-02  0.2763646825 -10.192179999999999 0.96699999999999999996
1  6.31e-02  0.2763647014 -10.192179999999999 0.96699999999999999996
1  6.61e-02  0.276364471 -10.192179999999999 0.96699999999999999996
1  6.92e-02  0.2763647065 -10.192179999999999 0.96699999999999999996
1  7.24e-02  0.276364533 -10.192179999999999 0.96699999999999999996
1  7.59e-02  0.2763646192 -10.192179999999999 0.96699999999999999996
1  7.94e-02  0.2763645276 -10.192179999999999 0.96699999999999999996
1  8.32e-02  0.2763658998 -10.192179999999999 0.96699999999999999996
1  8.71e-02  0.2763648022 -10.192179999999999 0.96699999999999999996
1  9.12e-02  0.2763648951 -10.192179999999999 0.96699999999999999996
1  9.55e-02  0.276364807 -10.192179999999999 0.96699999999999999996
1  1.00e-01  0.2763647922 -10.192179999999999 0.96699999999999999996
1  1.05e-01  0.2763647465 -10.192179999999999 0.96699999999999999996
1  1.10e-01  0.2763650213 -10.192179999999999 0.96699999999999999996
1  1.15e-01  0.2763644941 -10.192179999999999 0.96699999999999999996
1  1.20e-01  0.276364906 -10.192179999999999 0.96699999999999999996
1  1.26e-01  0.2763645865 -10.192179999999999 0.96699999999999999996
1  1.32e-01  0.2763647349 -10.192179999999999 0.96699999999999999996
1  1.38e-01  0.2763646233 -10.192179999999999 0.96699999999999999996
1  1.45e-01  0.276356191 -10.192179999999999 0.96699999999999999996
1  1.51e-01  0.2763654578 -10.192179999999999 0.96699999999999999996
1  1.58e-01  0.276365121 -10.192179999999999 0.96699999999999999996
1  1.66e-01  0.2763650806 -10.192179999999999 0.96699999999999999996
1  1.74e-01  0.2763647096 -10.192179999999999 0.96699999999999999996
1  1.82e-01  0.276364851 -10.192179999999999 0.96699999999999999996
1  1.91e-01  0.2763645829 -10.192179999999999 0.96699999999999999996
1  2.00e-01  0.2763649127 -10.192179999999999 0.96699999999999999996
1  2.09e-01  0.276370258 -10.192179999999999 0.96699999999999999996
1  2.19e-01  0.2763655152 -10.192179999999999 0.96699999999999999996
1  2.29e-01  0.2763640392 -10.192179999999999 0.96699999999999999996
1  2.40e-01  0.2763605302 -10.192179999999999 0.96699999999999999996
1  2.51e-01  0.2763650684 -10.192179999999999 0.96699999999999999996
1  2.63e-01  0.2763648977 -10.192179999999999 0.96699999999999999996
1  2.75e-01  0.2763650173 -10.192179999999999 0.96699999999999999996
1  2.88e-01  0.2763645436 -10.192179999999999 0.96699999999999999996
1  3.02e-01  0.2763650725 -10.192179999999999 0.96699999999999999996
1  3.16e-01  0.2763646128 -10.192179999999999 0.96699999999999999996
1  3.31e-01  0.2763657952 -10.192179999999999 0.96699999999999999996
1  3.47e-01  0.2763656617 -10.192179999999999 0.96699999999999999996
1  3.63e-01  0.276365224 -10.192179999999999 0.96699999999999999996
1  3.80e-01  0.2763657367 -10.192179999999999 0.96699999999999999996
1  3.98e-01  0.2763665958 -10.192179999999999 0.96699999999999999996
1  4.17e-01  0.2763657663 -10.192179999999999 0.96699999999999999996
1  4.37e-01  0.2763651433 -10.192179999999999 0.96699999999999999996
1  4.57e-01  0.2763644354 -10.192179999999999 0.96699999999999999996
1  4.79e-01  0.2763649545 -10.192179999999999 0.96699999999999999996
1  5.01e-01  0.2763648835 -10.192179999999999 0.96699999999999999996
1  5.25e-01  0.2763661367 -10.192179999999999 0.96699999999999999996
1  5.50e-01  0.2763620196 -10.192179999999999 0.96699999999999999996
1  5.75e-01  0.2763648361 -10.192179999999999 0.96699999999999999996
1  6.03e-01  0.276365909 -10.192179999999999 0.96699999999999999996
1  6.31e-01  0.2763666521 -10.192179999999999 0.96699999999999999996
1  6.61e-01  0.2763650189 -10.192179999999999 0.96699999999999999996
1  6.92e-01  0.276364524 -10.192179999999999 0.96699999999999999996
1  7.24e-01  0.2764058531 -10.192179999999999 0.96699999999999999996
1  7.59e-01  0.2763663181 -10.192179999999999 0.96699999999999999996
1  7.94e-01  0.2763675255 -10.192179999999999 0.96699999999999999996
1  8.32e-01  0.2763672735 -10.192179999999999 0.96699999999999999996
1  8.71e-01  0.2763645119 -10.192179999999999 0.96699999999999999996
1  9.12e-01  0.2763665481 -10.192179999999999 0.96699999999999999996
1  9.55e-01  0.2763645634 -10.192179999999999 0.96699999999999999996
1  1.00e+00  0.2763456162 -10.192179999999999 0.96699999999999999996
1  1.05e+00  0.2763677485 -10.192179999999999 0.96699999999999999996
1  1.10e+00  0.2763655234 -10.192179999999999 0.96699999999999999996
1  1.15e+00  0.276365175 -10.192179999999999 0.96699999999999999996
1  1.20e+00  0.2763688745 -10.192179999999999 0.96699999999999999996
1  1.26e+00  0.2763647545 -10.192179999999999 0.96699999999999999996
1  1.32e+00  0.2763695843 -10.192179999999999 0.96699999999999999996
1  1.38e+00  0.2763663384 -10.192179999999999 0.96699999999999999996
1  1.45e+00  0.276369753 -10.192179999999999 0.96699999999999999996
1  1.51e+00  0.2763648861 -10.192179999999999 0.96699999999999999996
1  1.58e+00  0.2763689355 -10.192179999999999 0.96699999999999999996
1  1.66e+00  0.2763654119 -10.192179999999999 0.96699999999999999996
1  1.74e+00  0.2763684256 -10.192179999999999 0.96699999999999999996
1  1.82e+00  0.2763653915 -10.192179999999999 0.96699999999999999996
1  1.91e+00  0.2763705557 -10.192179999999999 0.96699999999999999996
1  2.00e+00  0.2763710974 -10.192179999999999 0.96699999999999999996
1  2.09e+00  0.2763655879 -10.192179999999999 0.96699999999999999996
1  2.19e+00  0.2763688955 -10.192179999999999 0.96699999999999999996
1  2.29e+00  0.276370669 -10.192179999999999 0.96699999999999999996
1  2.40e+00  0.2763721467 -10.192179999999999 0.96699999999999999996
1  2.51e+00  0.2763687601 -10.192179999999999 0.96699999999999999996
1  2.63e+00  0.2763225751 -10.192179999999999 0.96699999999999999996
1  2.75e+00  0.2763655872 -10.192179999999999 0.96699999999999999996
1  2.88e+00  0.2763741865 -10.192179999999999 0.96699999999999999996
1  3.02e+00  0.2763693566 -10.192179999999999 0.96699999999999999996
1  3.16e+00  0.27637288 -10.192179999999999 0.96699999999999999996
1  3.31e+00  0.2763675462 -10.192179999999999 0.96699999999999999996
1  3.47e+00  0.2763670245 -10.192179999999999 0.96699999999999999996
1  3.63e+00  0.2763645367 -10.192179999999999 0.96699999999999999996
1  3.80e+00  0.2763699854 -10.192179999999999 0.96699999999999999996
1  3.98e+00  0.2764301551 -10.192179999999999 0.96699999999999999996
1  4.17e+00  0.2763536305 -10.192179999999999 0.96699999999999999996
1  4.37e+00  0.2763622081 -10.192179999999999 0.96699999999999999996
1  4.57e+00  0.2762383946 -10.192179999999999 0.96699999999999999996
1  4.79e+00  0.2763670789 -10.192179999999999 0.96699999999999999996
1  5.01e+00  0.2764434686 -10.192179999999999 0.96699999999999999996
1  5.25e+00  0.2763783428 -10.192179999999999 0.96699999999999999996
1  5.50e+00  0.2762889189 -10.192179999999999 0.96699999999999999996
1  5.75e+00  0.276384201 -10.192179999999999 0.96699999999999999996
1  6.03e+00  0.2763739512 -10.192179999999999 0.96699999999999999996
1  6.31e+00  0.2763177311 -10.192179999999999 0.96699999999999999996
1  6.61e+00  0.2764418721 -10.192179999999999 0.96699999999999999996
1  6.92e+00  0.2764282344 -10.192179999999999 0.96699999999999999996
1  7.24e+00  0.2764135341 -10.192179999999999 0.96699999999999999996
1  7.59e+00  0.2763132218 -10.192179999999999 0.96699999999999999996
1  7.94e+00  0.2764327724 -10.192179999999999 0.96699999999999999996
1  8.32e+00  0.2764986221 -10.192179999999999 0.96699999999999999996
1  8.71e+00  0.276537038 -10.192179999999999 0.96699999999999999996
1  9.12e+00  0.2763952442 -10.192179999999999 0.96699999999999999996
1  9.55e+00  0.2763649276 -10.192179999999999 0.96699999999999999996
1  1.00e+01  0.2764071148 -10.192179999999999 0.96699999999999999996
1  1.05e+01  0.2776050693 -10.192179999999999 0.96699999999999999996
1  1.10e+01  0.2764020671 -10.192179999999999 0.96699999999999999996
1  1.15e+01  0.2763705616 -10.192179999999999 0.96699999999999999996
1  1.20e+01  0.276401079 -10.192179999999999 0.96699999999999999996
1  1.26e+01  0.2764101654 -10.192179999999999 0.96699999999999999996
1  1.32e+01  0.276382071 -10.192179999999999 0.96699999999999999996
1  1.38e+01  0.2765110892 -10.192179999999999 0.96699999999999999996
1  1.45e+01  0.2763995705 -10.192179999999999 0.96699999999999999996
1  1.51e+01  0.2763803389 -10.192179999999999 0.96699999999999999996
1  1.58e+01  0.2764213109 -10.192179999999999 0.96699999999999999996
1  1.66e+01  0.2763035005 -10.192179999999999 0.96699999999999999996
1  1.74e+01  0.2763704776 -10.192179999999999 0.96699999999999999996
1  1.82e+01  0.2763870737 -10.192179999999999 0.96699999999999999996
1  1.91e+01  0.2764268348 -10.192179999999999 0.96699999999999999996
1  2.00e+01  0.2764246248 -10.192179999999999 0.96699999999999999996
1  2.09e+01  0.2755846983 -10.192179999999999 0.96699999999999999996
1  2.19e+01  0.2765532096 -10.192179999999999 0.96699999999999999996
1  2.29e+01  0.2758010841 -10.192179999999999 0.96699999999999999996
1  2.40e+01  0.2760684916 -10.192179999999999 0.96699999999999999996
1  2.51e+01  0.2764260006 -10.192179999999999 0.96699999999999999996
1  2.63e+01  0.277410186 -10.192179999999999 0.96699999999999999996
1  2.75e+01  0.2765945231 -10.192179999999999 0.96699999999999999996
1  2.88e+01  0.2759184355 -10.192179999999999 0.96699999999999999996
1  3.02e+01  0.2759470015 -10.192179999999999 0.96699999999999999996
1  3.16e+01  0.276845645 -10.192179999999999 0.96699999999999999996
1  3.31e+01  0.2765754432 -10.192179999999999 0.96699999999999999996
1  3.47e+01  0.2769939044 -10.192179999999999 0.96699999999999999996
1  3.63e+01  0.2769795277 -10.192179999999999 0.96699999999999999996
1  3.80e+01  0.2761674919 -10.192179999999999 0.96699999999999999996
1  3.98e+01  0.2764241858 -10.192179999999999 0.96699999999999999996
1  4.17e+01  0.276443783 -10.192179999999999 0.96699999999999999996
1  4.37e+01  0.2770138051 -10.192179999999999 0.96699999999999999996
1  4.57e+01  0.2759590314 -10.192179999999999 0.96699999999999999996
1  4.79e+01  0.2763148711 -10.192179999999999 0.96699999999999999996
1  5.01e+01  0.2765119453 -10.192179999999999 0.96699999999999999996
1  5.25e+01  0.2764610206 -10.192179999999999 0.96699999999999999996
1  5.50e+01  0.276475618 -10.192179999999999 0.96699999999999999996
1  5.75e+01  0.2767072188 -10.192179999999999 0.96699999999999999996
1  6.03e+01  0.2764663622 -10.192179999999999 0.96699999999999999996
1  6.31e+01  0.2764488674 -10.192179999999999 0.96699999999999999996
1  6.61e+01  0.2763678495 -10.192179999999999 0.96699999999999999996
1  6.92e+01  0.2766584772 -10.192179999999999 0.96699999999999999996
1  7.24e+01  0.2766291632 -10.192179999999999 0.96699999999999999996
1  7.59e+01  0.2773201395 -10.192179999999999 0.96699999999999999996
1  7.94e+01  0.2759937311 -10.192179999999999 0.96699999999999999996
1  8.32e+01  0.2766643037 -10.192179999999999 0.96699999999999999996
1  8.71e+01  0.2761849155 -10.192179999999999 0.96699999999999999996
1  9.12e+01  0.2767180345 -10.192179999999999 0.96699999999999999996
1  9.55e+01  0.2766128761 -10.192179999999999 0.96699999999999999996
1  1.00e+02  0.2771898421 -10.192179999999999 0.96699999999999999996
1  1.05e+02  0.2769610576 -10.192179999999999 0.96699999999999999996
1  1.10e+02  0.2769801712 -10.192179999999999 0.96699999999999999996
1  1.15e+02  0.2767741028 -10.192179999999999 0.96699999999999999996
1  1.20e+02  0.2757994069 -10.192179999999999 0.96699999999999999996
1  1.26e+02  0.2764717394 -10.192179999999999 0.96699999999999999996
1  1.32e+02  0.276304451 -10.192179999999999 0.96699999999999999996
1  1.38e+02  0.2763563182 -10.192179999999999 0.96699999999999999996
1  1.45e+02  0.2762503276 -10.192179999999999 0.96699999999999999996
1  1.51e+02  0.2766439574 -10.192179999999999 0.96699999999999999996
1  1.58e+02  0.2773218525 -10.192179999999999 0.96699999999999999996
1  1.66e+02  0.276855906 -10.192179999999999 0.96699999999999999996
1  1.74e+02  0.2759515598 -10.192179999999999 0.96699999999999999996
1  1.82e+02  0.276779022 -10.192179999999999 0.96699999999999999996
1  1.91e+02  0.276775496 -10.192179999999999 0.96699999999999999996
1  2.00e+02  0.2763313585 -10.192179999999999 0.96699999999999999996
1  2.09e+02  0.2771246269 -10.192179999999999 0.96699999999999999996
1  2.19e+02  0.2766436843 -10.192179999999999 0.96699999999999999996
1  2.29e+02  0.2770169514 -10.192179999999999 0.96699999999999999996
1  2.40e+02  0.2764666257 -10.192179999999999 0.96699999999999999996
1  2.51e+02  0.2771411886 -10.192179999999999 0.96699999999999999996
1  2.63e+02  0.2772187681 -10.192179999999999 0.96699999999999999996
1  2.75e+02  0.2772802038 -10.192179999999999 0.96699999999999999996
1  2.88e+02  0.2765610369 -10.192179999999999 0.96699999999999999996
1  3.02e+02  0.2774864066 -10.192179999999999 0.96699999999999999996
1  3.16e+02  0.2774402899 -10.192179999999999 0.96699999999999999996
1  3.31e+02  0.276870924 -10.192179999999999 0.96699999999999999996
1  3.47e+02  0.2764076001 -10.192179999999999 0.96699999999999999996
1  3.63e+02  0.2773446511 -10.192179999999999 0.96699999999999999996
1  3.80e+02  0.2773666862 -10.192179999999999 0.96699999999999999996
1  3.98e+02  0.2762919584 -10.192179999999999 0.96699999999999999996
1  4.17e+02  0.2778867848 -10.192179999999999 0.96699999999999999996
1  4.37e+02  0.2775827323 -10.192179999999999 0.96699999999999999996
1  4.57e+02  0.2777094632 -10.192179999999999 0.96699999999999999996
1  4.79e+02  0.2766648916 -10.192179999999999 0.96699999999999999996
1  5.01e+02  0.2784149195 -10.192179999999999 0.96699999999999999996
1  5.25e+02  0.2783407398 -10.192179999999999 0.96699999999999999996
1  5.50e+02  0.277768425 -10.192179999999999 0.96699999999999999996
1  5.75e+02  0.2766061812 -10.192179999999999 0.96699999999999999996
1  6.03e+02  0.2761245753 -10.192179999999999 0.96699999999999999996
1  6.31e+02  0.2764753042 -10.192179999999999 0.96699999999999999996
1  6.61e+02  0.2778507482 -10.192179999999999 0.96699999999999999996
1  6.92e+02  0.277612109 -10.192179999999999 0.96699999999999999996
1  7.24e+02  0.2785515304 -10.192179999999999 0.96699999999999999996
1  7.59e+02  0.2780923439 -10.192179999999999 0.96699999999999999996
1  7.94e+02  0.2767452656 -10.192179999999999 0.96699999999999999996
1  8.32e+02  0.2793024283 -10.192179999999999 0.96699999999999999996
1  8.71e+02  0.279605378 -10.192179999999999 0.96699999999999999996
1  9.12e+02  0.280124517 -10.192179999999999 0.96699999999999999996
1  9.55e+02  0.278279903 -10.192179999999999 0.96699999999999999996
1  1.00e+03  0.2763610135 -10.192179999999999 0.96699999999999999996
1  1.05e+03  0.2775581496 -10.192179999999999 0.96699999999999999996
1  1.10e+03  0.2787249515 -10.192179999999999 0.96699999999999999996
1  1.15e+03  0.2763435096 -10.192179999999999 0.96699999999999999996
1  1.20e+03  0.2792651363 -10.192179999999999 0.96699999999999999996
1  1.26e+03  0.2765397377 -10.192179999999999 0.96699999999999999996
1  1.32e+03  0.277665572 -10.192179999999999 0.96699999999999999996
1  1.38e+03  0.2822378867 -10.192179999999999 0.96699999999999999996
1  1.45e+03  0.287605318 -10.192179999999999 0.96699999999999999996
1  1.51e+03  0.2766606773 -10.192179999999999 0.96699999999999999996
1  1.58e+03  0.2913180179 -10.192179999999999 0.96699999999999999996
1  1.66e+03  0.282447033 -10.192179999999999 0.96699999999999999996
1  1.74e+03  0.2754574374 -10.192179999999999 0.96699999999999999996
1  1.82e+03  0.2751710611 -10.192179999999999 0.96699999999999999996
1  1.91e+03  0.2723506416 -10.192179999999999 0.96699999999999999996
1  2.00e+03  0.2609323338 -10.192179999999999 0.96699999999999999996
1  2.09e+03  0.2837781511 -10.192179999999999 0.96699999999999999996
1  2.19e+03  0.2894080105 -10.192179999999999 0.96699999999999999996
1  2.29e+03  0.2763705388 -10.192179999999999 0.96699999999999999996
1  2.40e+03  0.2775194436 -10.192179999999999 0.96699999999999999996
1  2.51e+03  0.2929273662 -10.192179999999999 0.96699999999999999996
1  2.63e+03  0.326402568 -10.192179999999999 0.96699999999999999996
1  2.75e+03  0.302298792 -10.192179999999999 0.96699999999999999996
1  2.88e+03  0.2983076103 -10.192179999999999 0.96699999999999999996
1  3.02e+03  0.2770439257 -10.192179999999999 0.96699999999999999996
1  3.16e+03  0.3203516446 -10.192179999999999 0.96699999999999999996
1  3.31e+03  0.2967951964 -10.192179999999999 0.96699999999999999996
1  3.47e+03  0.2698835002 -10.192179999999999 0.96699999999999999996
1  3.63e+03  0.2771994517 -10.192179999999999 0.96699999999999999996
1  3.80e+03  0.2874390099 -10.192179999999999 0.96699999999999999996
1  3.98e+03  0.2499081281 -10.192179999999999 0.96699999999999999996
1  4.17e+03  0.1931005934 -10.192179999999999 0.96699999999999999996
1  4.37e+03  0.253068832 -10.192179999999999 0.96699999999999999996
1  4.57e+03  0.2033841587 -10.192179999999999 0.96699999999999999996
1  4.79e+03  0.2842849057 -10.192179999999999 0.96699999999999999996
1  5.01e+03  0.2306713127 -10.192179999999999 0.96699999999999999996
1  5.25e+03  0.1911375649 -10.192179999999999 0.96699999999999999996
1  5.50e+03  0.239402935 -10.192179999999999 0.96699999999999999996
1  5.75e+03  0.2987557791 -10.192179999999999 0.96699999999999999996
1  6.03e+03  0.2937169748 -10.192179999999999 0.96699999999999999996
1  6.31e+03  0.2973447354 -10.192179999999999 0.96699999999999999996
1  6.61e+03  0.2788716767 -10.192179999999999 0.96699999999999999996
1  6.92e+03  0.1657926037 -10.192179999999999 0.96699999999999999996
1  7.24e+03  0.2682425418 -10.192179999999999 0.96699999999999999996
1  7.59e+03  0.3633539573 -10.192179999999999 0.96699999999999999996
1  7.94e+03  0.1698377995 -10.192179999999999 0.96699999999999999996
1  8.32e+03  0.3569780911 -10.192179999999999 0.96699999999999999996
1  8.71e+03  0.2580414138 -10.192179999999999 0.96699999999999999996
1  9.12e+03  0.3567084342 -10.192179999999999 0.96699999999999999996
1  9.55e+03  0.2682288501 -10.192179999999999 0.96699999999999999996
1  1.00e+04  0.2699174769 -10.192179999999999 0.96699999999999999996
1  1.05e+04  0.3571830449 -10.192179999999999 0.96699999999999999996
1  1.10e+04  0.2361439637 -10.192179999999999 0.96699999999999999996
1  1.15e+04  0.2282626635 -10.192179999999999 0.96699999999999999996
1  1.20e+04  0.4044527733 -10.192179999999999 0.96699999999999999996
1  1.26e+04  0.3406919913 -10.192179999999999 0.96699999999999999996
1  1.32e+04  0.3818628934 -10.192179999999999 0.96699999999999999996
1  1.38e+04  0.3781468546 -10.192179999999999 0.96699999999999999996
1  1.45e+04  0.3741294618 -10.192179999999999 0.96699999999999999996
1  1.51e+04  0.3568654763 -10.192179999999999 0.96699999999999999996
1  1.58e+04  0.4219668055 -10.192179999999999 0.96699999999999999996
1  1.66e+04  0.230854403 -10.192179999999999 0.96699999999999999996
1  1.74e+04  0.4353984319 -10.192179999999999 0.96699999999999999996
1  1.82e+04  0.4537214563 -10.192179999999999 0.96699999999999999996
1  1.91e+04  0.3934511276 -10.192179999999999 0.96699999999999999996
1  2.00e+04  0.3063129557 -10.192179999999999 0.96699999999999999996
1  2.09e+04  0.3634812646 -10.192179999999999 0.96699999999999999996
1  2.19e+04  0.3451196915 -10.192179999999999 0.96699999999999999996
1  2.29e+04  0.2451910037 -10.192179999999999 0.96699999999999999996
1  2.40e+04  0.4331738267 -10.192179999999999 0.96699999999999999996
1  2.51e+04  0.5319174066 -10.192179999999999 0.96699999999999999996
1  2.63e+04  0.3812537863 -10.192179999999999 0.96699999999999999996
1  2.75e+04  0.3907785031 -10.192179999999999 0.96699999999999999996
1  2.88e+04  0.2971846565 -10.192179999999999 0.96699999999999999996
1  3.02e+04  0.397393105 -10.192179999999999 0.96699999999999999996
1  3.16e+04  0.5818761877 -10.192179999999999 0.96699999999999999996
1  3.31e+04  0.238574084 -10.192179999999999 0.96699999999999999996
1  3.47e+04  0.2782718991 -10.192179999999999 0.96699999999999999996
1  3.63e+04  0.4469284808 -10.192179999999999 0.96699999999999999996
1  3.80e+04  0.3417207108 -10.192179999999999 0.96699999999999999996
1  3.98e+04  0.5410668528 -10.192179999999999 0.96699999999999999996
1  4.17e+04  0.3895581457 -10.192179999999999 0.96699999999999999996
1  4.37e+04  0.4806914434 -10.192179999999999 0.96699999999999999996
1  4.57e+04  0.2431224755 -10.192179999999999 0.96699999999999999996
1  4.79e+04  0.3080076257 -10.192179999999999 0.96699999999999999996
1  5.01e+04  0.3527575705 -10.192179999999999 0.96699999999999999996
1  5.25e+04  0.305423963 -10.192179999999999 0.96699999999999999996
1  5.50e+04  0.3266077688 -10.192179999999999 0.96699999999999999996
1  5.75e+04  0.5986569791 -10.192179999999999 0.96699999999999999996
1  6.03e+04  0.3083215592 -10.192179999999999 0.96699999999999999996
1  6.31e+04  0.4658468047 -10.192179999999999 0.96699999999999999996
1  6.61e+04  0.605586333 -10.192179999999999 0.96699999999999999996
1  6.92e+04  0.2874454545 -10.192179999999999 0.96699999999999999996
1  7.24e+04  0.306876616 -10.192179999999999 0.96699999999999999996
1  7.59e+04  0.443683221 -10.192179999999999 0.96699999999999999996
1  7.94e+04  0.3173180535 -10.192179999999999 0.96699999999999999996
1  8.32e+04  0.2370409538 -10.192179999999999 0.96699999999999999996
1  8.71e+04  0.273063175 -10.192179999999999 0.96699999999999999996
1  9.12e+04  0.2541165362 -10.192179999999999 0.96699999999999999996
1  9.55e+04  0.2520986645 -10.192179999999999 0.96699999999999999996
1  1.00e+05  0.3361210692 -10.192179999999999 0.96699999999999999996
1  1.05e+05  0.3682623519 -10.192179999999999 0.96699999999999999996
1  1.10e+05  0.2841982256 -10.192179999999999 0.96699999999999999996
1  1.15e+05  0.2268089835 -10.192179999999999 0.96699999999999999996
1  1.20e+05  0.3096304072 -10.192179999999999 0.96699999999999999996
1  1.26e+05  0.4491918452 -10.192179999999999 0.96699999999999999996
1  1.32e+05  0.492343296 -10.192179999999999 0.96699999999999999996
1  1.38e+05  0.406432469 -10.192179999999999 0.96699999999999999996
1  1.45e+05  0.294039192 -10.192179999999999 0.96699999999999999996
1  1.51e+05  0.266356679 -10.192179999999999 0.96699999999999999996
1  1.58e+05  0.3415827808 -10.192179999999999 0.96699999999999999996
1  1.66e+05  0.4513130656 -10.192179999999999 0.96699999999999999996
1  1.74e+05  0.5134940811 -10.192179999999999 0.96699999999999999996
1  1.82e+05  0.4932561533 -10.192179999999999 0.96699999999999999996
1  1.91e+05  0.4130486887 -10.192179999999999 0.96699999999999999996
1  2.00e+05  0.3239363233 -10.192179999999999 0.96699999999999999996
1  2.09e+05  0.2698573903 -10.192179999999999 0.96699999999999999996
1  2.19e+05  0.2675809776 -10.192179999999999 0.96699999999999999996
1  2.29e+05  0.3068239634 -10.192179999999999 0.96699999999999999996
1  2.40e+05  0.362681279 -10.192179999999999 0.96699999999999999996
1  2.51e+05  0.409950404 -10.192179999999999 0.96699999999999999996
1  2.63e+05  0.4325704493 -10.192179999999999 0.96699999999999999996
1  2.75e+05  0.4263918215 -10.192179999999999 0.96699999999999999996
1  2.88e+05  0.396900125 -10.192179999999999 0.96699999999999999996
1  3.02e+05  0.3546779789 -10.192179999999999 0.96699999999999999996
1  3.16e+05  0.3109606301 -10.192179999999999 0.96699999999999999996
1  3.31e+05  0.2745839859 -10.192179999999999 0.96699999999999999996
1  3.47e+05  0.2506315394 -10.192179999999999 0.96699999999999999996
1  3.63e+05  0.2404636666 -10.192179999999999 0.96699999999999999996
1  3.80e+05  0.2425748606 -10.192179999999999 0.96699999999999999996
1  3.98e+05  0.2537525178 -10.192179999999999 0.96699999999999999996
1  4.17e+05  0.2701650637 -10.192179999999999 0.96699999999999999996
1  4.37e+05  0.2881831264 -10.192179999999999 0.96699999999999999996
1  4.57e+05  0.3048788171 -10.192179999999999 0.96699999999999999996
1  4.79e+05  0.3182370283 -10.192179999999999 0.96699999999999999996
1  5.01e+05  0.3271537304 -10.192179999999999 0.96699999999999999996
1  5.25e+05  0.3313035104 -10.192179999999999 0.96699999999999999996
1  5.50e+05  0.3309467622 -10.192179999999999 0.96699999999999999996
1  5.75e+05  0.3267275426 -10.192179999999999 0.96699999999999999996
1  6.03e+05  0.3194934732 -10.192179999999999 0.96699999999999999996
1  6.31e+05  0.3101529308 -10.192179999999999 0.96699999999999999996
1  6.61e+05  0.2986717218 -10.192179999999999 0.96699999999999999996
1  6.92e+05  0.2861375743 -10.192179999999999 0.96699999999999999996
1  7.24e+05  0.2742277802 -10.192179999999999 0.96699999999999999996
1  7.59e+05  0.2632073252 -10.192179999999999 0.96699999999999999996
1  7.94e+05  0.2534544757 -10.192179999999999 0.96699999999999999996
1  8.32e+05  0.2451835133 -10.192179999999999 0.96699999999999999996
1  8.71e+05  0.2384761323 -10.192179999999999 0.96699999999999999996
1  9.12e+05  0.2333134893 -10.192179999999999 0.96699999999999999996
1  9.55e+05  0.2295161499 -10.192179999999999 0.96699999999999999996
1  1.00e+06  0.227155986 -10.192179999999999 0.96699999999999999996
1  1.05e+06  0.2259501118 -10.192179999999999 0.96699999999999999996
1  1.10e+06  0.225727299 -10.192179999999999 0.96699999999999999996
1  1.15e+06  0.2263179504 -10.192179999999999 0.96699999999999999996
1  1.20e+06  0.2275617414 -10.192179999999999 0.96699999999999999996
1  1.26e+06  0.2293123728 -10.192179999999999 0.96699999999999999996
1  1.32e+06  0.2314401092 -10.192179999999999 0.96699999999999999996
1  1.38e+06  0.2338326901 -10.192179999999999 0.96699999999999999996
1  1.45e+06  0.2363951048 -10.192179999999999 0.96699999999999999996
1  1.51e+06  0.2390486209 -10.192179999999999 0.96699999999999999996
1  1.58e+06  0.2417293643 -10.192179999999999 0.96699999999999999996
1  1.66e+06  0.2443866742 -10.192179999999999 0.96699999999999999996
1  1.74e+06  0.2469813864 -10.192179999999999 0.96699999999999999996
1  1.82e+06  0.2495352484 -10.192179999999999 0.96699999999999999996
1  1.91e+06  0.2519232022 -10.192179999999999 0.96699999999999999996
1  2.00e+06  0.2541834547 -10.192179999999999 0.96699999999999999996
1  2.09e+06  0.2563073565 -10.192179999999999 0.96699999999999999996
1  2.19e+06  0.2582906605 -10.192179999999999 0.96699999999999999996
1  2.29e+06  0.2601325747 -10.192179999999999 0.96699999999999999996
1  2.40e+06  0.261834963 -10.192179999999999 0.96699999999999999996
1  2.51e+06  0.2634016789 -10.192179999999999 0.96699999999999999996
1  2.63e+06  0.2648380186 -10.192179999999999 0.96699999999999999996
1  2.75e+06  0.2661502758 -10.192179999999999 0.96699999999999999996
1  2.88e+06  0.2673453859 -10.192179999999999 0.96699999999999999996
1  3.02e+06  0.2684306435 -10.192179999999999 0.96699999999999999996
1  3.16e+06  0.2694134831 -10.192179999999999 0.96699999999999999996
1  3.31e+06  0.2703013109 -10.192179999999999 0.96699999999999999996
1  3.47e+06  0.2711013791 -10.192179999999999 0.96699999999999999996
1  3.63e+06  0.2718385046 -10.192179999999999 0.96699999999999999996
1  3.80e+06  0.272482219 -10.192179999999999 0.96699999999999999996
1  3.98e+06  0.2730583392 -10.192179999999999 0.96699999999999999996
1  4.17e+06  0.273572827 -10.192179999999999 0.96699999999999999996
1  4.37e+06  0.2740312551 -10.192179999999999 0.96699999999999999996
1  4.57e+06  0.2744388054 -10.192179999999999 0.96699999999999999996
1  4.79e+06  0.2748002748 -10.192179999999999 0.96699999999999999996
1  5.01e+06  0.2751200869 -10.192179999999999 0.96699999999999999996
1  5.25e+06  0.2754023078 -10.192179999999999 0.96699999999999999996
1  5.50e+06  0.2756506633 -10.192179999999999 0.96699999999999999996
1  5.75e+06  0.275868559 -10.192179999999999 0.96699999999999999996
1  6.03e+06  0.2760591006 -10.192179999999999 0.96699999999999999996
1  6.31e+06  0.2762251141 -10.192179999999999 0.96699999999999999996
1  6.61e+06  0.2763691667 -10.192179999999999 0.96699999999999999996
1  6.92e+06  0.2764935861 -10.192179999999999 0.96699999999999999996
1  7.24e+06  0.2766047034 -10.192179999999999 0.96699999999999999996
1  7.59e+06  0.2766955776 -10.192179999999999 0.96699999999999999996
1  7.94e+06  0.2767725889 -10.192179999999999 0.96699999999999999996
1  8.32e+06  0.2768372854 -10.192179999999999 0.96699999999999999996
1  8.71e+06  0.2768910615 -10.192179999999999 0.96699999999999999996
1  9.12e+06  0.2769351716 -10.192179999999999 0.96699999999999999996
1  9.55e+06  0.2769707432 -10.192179999999999 0.96699999999999999996
1  1.00e+07  0.2769987882 -10.192179999999999 0.96699999999999999996
