1  1.00e-03  0.372412594  5.644121e-01 1.01699999999999999992
1  1.05e-03  0.3724126019  5.644121e-01 1.01699999999999999992
1  1.10e-03  0.3724125995  5.644121e-01 1.01699999999999999992
1  1.15e-03  0.3724125934  5.644121e-01 1.01699999999999999992
1  1.20e-03  0.3724125985  5.644121e-01 1.01699999999999999992
1  1.26e-03  0.3724125936  5.644121e-01 1.01699999999999999992
1  1.32e-03  0.3724125985  5.644121e-01 1.01699999999999999992
1  1.38e-03  0.3724125984  5.644121e-01 1.01699999999999999992
1  1.45e-03  0.3724125971  5.644121e-01 1.01699999999999999992
1  1.51e-03  0.3724126003  5.644121e-01 1.01699999999999999992
1  1.58e-03  0.3724125944  5.644121e-01 1.01699999999999999992
1  1.66e-03  0.3724126004  5.644121e-01 1.01699999999999999992
1  1.74e-03  0.3724125997  5.644121e-01 1.01699999999999999992
1  1.82e-03  0.3724125975  5.644121e-01 1.01699999999999999992
1  1.91e-03  0.3724125969  5.644121e-01 1.01699999999999999992
1  2.00e-03  0.3724125994  5.644121e-01 1.01699999999999999992
1  2.09e-03  0.3724125742  5.644121e-01 1.01699999999999999992
1  2.19e-03  0.3724125948  5.644121e-01 1.01699999999999999992
1  2.29e-03  0.3724125942  5.644121e-01 1.01699999999999999992
1  2.40e-03  0.3724125929  5.644121e-01 1.01699999999999999992
1  2.51e-03  0.3724125953  5.644121e-01 1.01699999999999999992
1  2.63e-03  0.3724125982  5.644121e-01 1.01699999999999999992
1  2.75e-03  0.3724125958  5.644121e-01 1.01699999999999999992
1  2.88e-03  0.3724125942  5.644121e-01 1.01699999999999999992
1  3.02e-03  0.3724125992  5.644121e-01 1.01699999999999999992
1  3.16e-03  0.3724125989  5.644121e-01 1.01699999999999999992
1  3.31e-03  0.3724125943  5.644121e-01 1.01699999999999999992
1  3.47e-03  0.372412601  5.644121e-01 1.01699999999999999992
1  3.63e-03  0.3724125938  5.644121e-01 1.01699999999999999992
1  3.80e-03  0.3724125963  5.644121e-01 1.01699999999999999992
1  3.98e-03  0.3724126039  5.644121e-01 1.01699999999999999992
1  4.17e-03  0.3724125906  5.644121e-01 1.01699999999999999992
1  4.37e-03  0.3724125947  5.644121e-01 1.01699999999999999992
1  4.57e-03  0.3724125982  5.644121e-01 1.01699999999999999992
1  4.79e-03  0.3724125919  5.644121e-01 1.01699999999999999992
1  5.01e-03  0.3724125962  5.644121e-01 1.01699999999999999992
1  5.25e-03  0.372412588  5.644121e-01 1.01699999999999999992
1  5.50e-03  0.3724125933  5.644121e-01 1.01699999999999999992
1  5.75e-03  0.3724125875  5.644121e-01 1.01699999999999999992
1  6.03e-03  0.3724125852  5.644121e-01 1.01699999999999999992
1  6.31e-03  0.3724125287  5.644121e-01 1.01699999999999999992
1  6.61e-03  0.3724125858  5.644121e-01 1.01699999999999999992
1  6.92e-03  0.3724125911  5.644121e-01 1.01699999999999999992
1  7.24e-03  0.3724125871  5.644121e-01 1.01699999999999999992
1  7.59e-03  0.372412159  5.644121e-01 1.01699999999999999992
1  7.94e-03  0.3724125949  5.644121e-01 1.01699999999999999992
1  8.32e-03  0.372412579  5.644121e-01 1.01699999999999999992
1  8.71e-03  0.3724125838  5.644121e-01 1.01699999999999999992
1  9.12e-03  0.3724125733  5.644121e-01 1.01699999999999999992
1  9.55e-03  0.3724125831  5.644121e-01 1.01699999999999999992
1  1.00e-02  0.3724125835  5.644121e-01 1.01699999999999999992
1  1.05e-02  0.3724125896  5.644121e-01 1.01699999999999999992
1  1.10e-02  0.372412576  5.644121e-01 1.01699999999999999992
1  1.15e-02  0.3724125901  5.644121e-01 1.01699999999999999992
1  1.20e-02  0.3724125802  5.644121e-01 1.01699999999999999992
1  1.26e-02  0.3724125628  5.644121e-01 1.01699999999999999992
1  1.32e-02  0.372412588  5.644121e-01 1.01699999999999999992
1  1.38e-02  0.3724125298  5.644121e-01 1.01699999999999999992
1  1.45e-02  0.372412584  5.644121e-01 1.01699999999999999992
1  1.51e-02  0.3724125861  5.644121e-01 1.01699999999999999992
1  1.58e-02  0.3724125854  5.644121e-01 1.01699999999999999992
1  1.66e-02  0.3724125651  5.644121e-01 1.01699999999999999992
1  1.74e-02  0.3724125874  5.644121e-01 1.01699999999999999992
1  1.82e-02  0.3724125686  5.644121e-01 1.01699999999999999992
1  1.91e-02  0.3724124946  5.644121e-01 1.01699999999999999992
1  2.00e-02  0.3724125448  5.644121e-01 1.01699999999999999992
1  2.09e-02  0.3724125878  5.644121e-01 1.01699999999999999992
1  2.19e-02  0.3724125522  5.644121e-01 1.01699999999999999992
1  2.29e-02  0.3724124587  5.644121e-01 1.01699999999999999992
1  2.40e-02  0.3724126525  5.644121e-01 1.01699999999999999992
1  2.51e-02  0.3724124503  5.644121e-01 1.01699999999999999992
1  2.63e-02  0.3724124692  5.644121e-01 1.01699999999999999992
1  2.75e-02  0.3724127641  5.644121e-01 1.01699999999999999992
1  2.88e-02  0.3724124711  5.644121e-01 1.01699999999999999992
1  3.02e-02  0.3724125188  5.644121e-01 1.01699999999999999992
1  3.16e-02  0.3724125278  5.644121e-01 1.01699999999999999992
1  3.31e-02  0.3724125666  5.644121e-01 1.01699999999999999992
1  3.47e-02  0.3724124918  5.644121e-01 1.01699999999999999992
1  3.63e-02  0.3724114831  5.644121e-01 1.01699999999999999992
1  3.80e-02  0.3724125711  5.644121e-01 1.01699999999999999992
1  3.98e-02  0.372412546  5.644121e-01 1.01699999999999999992
1  4.17e-02  0.3724124793  5.644121e-01 1.01699999999999999992
1  4.37e-02  0.372412429  5.644121e-01 1.01699999999999999992
1  4.57e-02  0.3724124538  5.644121e-01 1.01699999999999999992
1  4.79e-02  0.3724126303  5.644121e-01 1.01699999999999999992
1  5.01e-02  0.3724105587  5.644121e-01 1.01699999999999999992
1  5.25e-02  0.372412439  5.644121e-01 1.01699999999999999992
1  5.50e-02  0.3724124468  5.644121e-01 1.01699999999999999992
1  5.75e-02  0.3724123256  5.644121e-01 1.01699999999999999992
1  6.03e-02  0.3724123647  5.644121e-01 1.01699999999999999992
1  6.31e-02  0.3724124168  5.644121e-01 1.01699999999999999992
1  6.61e-02  0.3724124001  5.644121e-01 1.01699999999999999992
1  6.92e-02  0.3724124569  5.644121e-01 1.01699999999999999992
1  7.24e-02  0.3724123562  5.644121e-01 1.01699999999999999992
1  7.59e-02  0.3724120969  5.644121e-01 1.01699999999999999992
1  7.94e-02  0.3724122336  5.644121e-01 1.01699999999999999992
1  8.32e-02  0.3724124227  5.644121e-01 1.01699999999999999992
1  8.71e-02  0.3724124197  5.644121e-01 1.01699999999999999992
1  9.12e-02  0.3724125045  5.644121e-01 1.01699999999999999992
1  9.55e-02  0.372412292  5.644121e-01 1.01699999999999999992
1  1.00e-01  0.3724123655  5.644121e-01 1.01699999999999999992
1  1.05e-01  0.3724092801  5.644121e-01 1.01699999999999999992
1  1.10e-01  0.3724124728  5.644121e-01 1.01699999999999999992
1  1.15e-01  0.3724121933  5.644121e-01 1.01699999999999999992
1  1.20e-01  0.3724123088  5.644121e-01 1.01699999999999999992
1  1.26e-01  0.372412396  5.644121e-01 1.01699999999999999992
1  1.32e-01  0.3724122378  5.644121e-01 1.01699999999999999992
1  1.38e-01  0.3724124007  5.644121e-01 1.01699999999999999992
1  1.45e-01  0.3724123714  5.644121e-01 1.01699999999999999992
1  1.51e-01  0.3724123405  5.644121e-01 1.01699999999999999992
1  1.58e-01  0.3724123719  5.644121e-01 1.01699999999999999992
1  1.66e-01  0.3724087511  5.644121e-01 1.01699999999999999992
1  1.74e-01  0.3724124892  5.644121e-01 1.01699999999999999992
1  1.82e-01  0.3724124116  5.644121e-01 1.01699999999999999992
1  1.91e-01  0.3724124455  5.644121e-01 1.01699999999999999992
1  2.00e-01  0.3724123335  5.644121e-01 1.01699999999999999992
1  2.09e-01  0.3724120541  5.644121e-01 1.01699999999999999992
1  2.19e-01  0.3724120353  5.644121e-01 1.01699999999999999992
1  2.29e-01  0.3724123112  5.644121e-01 1.01699999999999999992
1  2.40e-01  0.3724122096  5.644121e-01 1.01699999999999999992
1  2.51e-01  0.3724122981  5.644121e-01 1.01699999999999999992
1  2.63e-01  0.372412225  5.644121e-01 1.01699999999999999992
1  2.75e-01  0.3724119648  5.644121e-01 1.01699999999999999992
1  2.88e-01  0.3724122055  5.644121e-01 1.01699999999999999992
1  3.02e-01  0.3724123192  5.644121e-01 1.01699999999999999992
1  3.16e-01  0.3724124319  5.644121e-01 1.01699999999999999992
1  3.31e-01  0.3724119161  5.644121e-01 1.01699999999999999992
1  3.47e-01  0.3724117967  5.644121e-01 1.01699999999999999992
1  3.63e-01  0.3724049679  5.644121e-01 1.01699999999999999992
1  3.80e-01  0.3724115785  5.644121e-01 1.01699999999999999992
1  3.98e-01  0.3724117249  5.644121e-01 1.01699999999999999992
1  4.17e-01  0.372412502  5.644121e-01 1.01699999999999999992
1  4.37e-01  0.3724117379  5.644121e-01 1.01699999999999999992
1  4.57e-01  0.3724123402  5.644121e-01 1.01699999999999999992
1  4.79e-01  0.3724116553  5.644121e-01 1.01699999999999999992
1  5.01e-01  0.3724123602  5.644121e-01 1.01699999999999999992
1  5.25e-01  0.3724123963  5.644121e-01 1.01699999999999999992
1  5.50e-01  0.3724125035  5.644121e-01 1.01699999999999999992
1  5.75e-01  0.3724112342  5.644121e-01 1.01699999999999999992
1  6.03e-01  0.3724088379  5.644121e-01 1.01699999999999999992
1  6.31e-01  0.3724118979  5.644121e-01 1.01699999999999999992
1  6.61e-01  0.3724084889  5.644121e-01 1.01699999999999999992
1  6.92e-01  0.3724114367  5.644121e-01 1.01699999999999999992
1  7.24e-01  0.3724115277  5.644121e-01 1.01699999999999999992
1  7.59e-01  0.372412357  5.644121e-01 1.01699999999999999992
1  7.94e-01  0.3724114996  5.644121e-01 1.01699999999999999992
1  8.32e-01  0.3724110098  5.644121e-01 1.01699999999999999992
1  8.71e-01  0.3724123137  5.644121e-01 1.01699999999999999992
1  9.12e-01  0.3724118058  5.644121e-01 1.01699999999999999992
1  9.55e-01  0.372413048  5.644121e-01 1.01699999999999999992
1  1.00e+00  0.3724124612  5.644121e-01 1.01699999999999999992
1  1.05e+00  0.372411525  5.644121e-01 1.01699999999999999992
1  1.10e+00  0.3724110998  5.644121e-01 1.01699999999999999992
1  1.15e+00  0.3724081728  5.644121e-01 1.01699999999999999992
1  1.20e+00  0.3724101356  5.644121e-01 1.01699999999999999992
1  1.26e+00  0.3724105371  5.644121e-01 1.01699999999999999992
1  1.32e+00  0.3724119183  5.644121e-01 1.01699999999999999992
1  1.38e+00  0.3724096671  5.644121e-01 1.01699999999999999992
1  1.45e+00  0.3724085103  5.644121e-01 1.01699999999999999992
1  1.51e+00  0.3724119391  5.644121e-01 1.01699999999999999992
1  1.58e+00  0.3724108428  5.644121e-01 1.01699999999999999992
1  1.66e+00  0.372409267  5.644121e-01 1.01699999999999999992
1  1.74e+00  0.3724106398  5.644121e-01 1.01699999999999999992
1  1.82e+00  0.3724106084  5.644121e-01 1.01699999999999999992
1  1.91e+00  0.3724105528  5.644121e-01 1.01699999999999999992
1  2.00e+00  0.37240995  5.644121e-01 1.01699999999999999992
1  2.09e+00  0.3724084674  5.644121e-01 1.01699999999999999992
1  2.19e+00  0.3724098303  5.644121e-01 1.01699999999999999992
1  2.29e+00  0.3724130656  5.644121e-01 1.01699999999999999992
1  2.40e+00  0.3724072098  5.644121e-01 1.01699999999999999992
1  2.51e+00  0.3724019225  5.644121e-01 1.01699999999999999992
1  2.63e+00  0.3724072582  5.644121e-01 1.01699999999999999992
1  2.75e+00  0.3724070606  5.644121e-01 1.01699999999999999992
1  2.88e+00  0.3724215227  5.644121e-01 1.01699999999999999992
1  3.02e+00  0.3724795884  5.644121e-01 1.01699999999999999992
1  3.16e+00  0.3723900556  5.644121e-01 1.01699999999999999992
1  3.31e+00  0.3724003296  5.644121e-01 1.01699999999999999992
1  3.47e+00  0.3724045062  5.644121e-01 1.01699999999999999992
1  3.63e+00  0.3723241977  5.644121e-01 1.01699999999999999992
1  3.80e+00  0.3724098957  5.644121e-01 1.01699999999999999992
1  3.98e+00  0.3724051663  5.644121e-01 1.01699999999999999992
1  4.17e+00  0.3724109559  5.644121e-01 1.01699999999999999992
1  4.37e+00  0.372406092  5.644121e-01 1.01699999999999999992
1  4.57e+00  0.3724039836  5.644121e-01 1.01699999999999999992
1  4.79e+00  0.3724095924  5.644121e-01 1.01699999999999999992
1  5.01e+00  0.3724028531  5.644121e-01 1.01699999999999999992
1  5.25e+00  0.3724100987  5.644121e-01 1.01699999999999999992
1  5.50e+00  0.3724104748  5.644121e-01 1.01699999999999999992
1  5.75e+00  0.3724267689  5.644121e-01 1.01699999999999999992
1  6.03e+00  0.3724111932  5.644121e-01 1.01699999999999999992
1  6.31e+00  0.3724114528  5.644121e-01 1.01699999999999999992
1  6.61e+00  0.3724075867  5.644121e-01 1.01699999999999999992
1  6.92e+00  0.372398845  5.644121e-01 1.01699999999999999992
1  7.24e+00  0.3723882896  5.644121e-01 1.01699999999999999992
1  7.59e+00  0.3723907089  5.644121e-01 1.01699999999999999992
1  7.94e+00  0.3723036488  5.644121e-01 1.01699999999999999992
1  8.32e+00  0.3725313154  5.644121e-01 1.01699999999999999992
1  8.71e+00  0.3723664846  5.644121e-01 1.01699999999999999992
1  9.12e+00  0.3724024889  5.644121e-01 1.01699999999999999992
1  9.55e+00  0.3723737994  5.644121e-01 1.01699999999999999992
1  1.00e+01  0.3724034495  5.644121e-01 1.01699999999999999992
1  1.05e+01  0.3723917217  5.644121e-01 1.01699999999999999992
1  1.10e+01  0.372537996  5.644121e-01 1.01699999999999999992
1  1.15e+01  0.3722799693  5.644121e-01 1.01699999999999999992
1  1.20e+01  0.3723776914  5.644121e-01 1.01699999999999999992
1  1.26e+01  0.3723635078  5.644121e-01 1.01699999999999999992
1  1.32e+01  0.372394413  5.644121e-01 1.01699999999999999992
1  1.38e+01  0.3723948485  5.644121e-01 1.01699999999999999992
1  1.45e+01  0.3723926099  5.644121e-01 1.01699999999999999992
1  1.51e+01  0.3723845592  5.644121e-01 1.01699999999999999992
1  1.58e+01  0.3723400975  5.644121e-01 1.01699999999999999992
1  1.66e+01  0.3722541815  5.644121e-01 1.01699999999999999992
1  1.74e+01  0.3724866605  5.644121e-01 1.01699999999999999992
1  1.82e+01  0.3724080732  5.644121e-01 1.01699999999999999992
1  1.91e+01  0.3724071673  5.644121e-01 1.01699999999999999992
1  2.00e+01  0.3724468652  5.644121e-01 1.01699999999999999992
1  2.09e+01  0.3734167181  5.644121e-01 1.01699999999999999992
1  2.19e+01  0.3725701406  5.644121e-01 1.01699999999999999992
1  2.29e+01  0.3719241323  5.644121e-01 1.01699999999999999992
1  2.40e+01  0.3720462522  5.644121e-01 1.01699999999999999992
1  2.51e+01  0.3719204918  5.644121e-01 1.01699999999999999992
1  2.63e+01  0.3728701961  5.644121e-01 1.01699999999999999992
1  2.75e+01  0.3718322629  5.644121e-01 1.01699999999999999992
1  2.88e+01  0.3722601448  5.644121e-01 1.01699999999999999992
1  3.02e+01  0.3720151921  5.644121e-01 1.01699999999999999992
1  3.16e+01  0.3725750671  5.644121e-01 1.01699999999999999992
1  3.31e+01  0.3725081568  5.644121e-01 1.01699999999999999992
1  3.47e+01  0.3728206188  5.644121e-01 1.01699999999999999992
1  3.63e+01  0.3721551397  5.644121e-01 1.01699999999999999992
1  3.80e+01  0.3722106447  5.644121e-01 1.01699999999999999992
1  3.98e+01  0.3722426798  5.644121e-01 1.01699999999999999992
1  4.17e+01  0.3721036817  5.644121e-01 1.01699999999999999992
1  4.37e+01  0.373261962  5.644121e-01 1.01699999999999999992
1  4.57e+01  0.3723453883  5.644121e-01 1.01699999999999999992
1  4.79e+01  0.3723007651  5.644121e-01 1.01699999999999999992
1  5.01e+01  0.3723031272  5.644121e-01 1.01699999999999999992
1  5.25e+01  0.3723570543  5.644121e-01 1.01699999999999999992
1  5.50e+01  0.3722166142  5.644121e-01 1.01699999999999999992
1  5.75e+01  0.3729926282  5.644121e-01 1.01699999999999999992
1  6.03e+01  0.372041971  5.644121e-01 1.01699999999999999992
1  6.31e+01  0.3726262953  5.644121e-01 1.01699999999999999992
1  6.61e+01  0.37229785  5.644121e-01 1.01699999999999999992
1  6.92e+01  0.3723912032  5.644121e-01 1.01699999999999999992
1  7.24e+01  0.3723684256  5.644121e-01 1.01699999999999999992
1  7.59e+01  0.3717202042  5.644121e-01 1.01699999999999999992
1  7.94e+01  0.3722710528  5.644121e-01 1.01699999999999999992
1  8.32e+01  0.3722408733  5.644121e-01 1.01699999999999999992
1  8.71e+01  0.372105118  5.644121e-01 1.01699999999999999992
1  9.12e+01  0.3723230122  5.644121e-01 1.01699999999999999992
1  9.55e+01  0.3727757399  5.644121e-01 1.01699999999999999992
1  1.00e+02  0.3722585229  5.644121e-01 1.01699999999999999992
1  1.05e+02  0.3724114019  5.644121e-01 1.01699999999999999992
1  1.10e+02  0.3723229703  5.644121e-01 1.01699999999999999992
1  1.15e+02  0.3723671415  5.644121e-01 1.01699999999999999992
1  1.20e+02  0.372386922  5.644121e-01 1.01699999999999999992
1  1.26e+02  0.3719617687  5.644121e-01 1.01699999999999999992
1  1.32e+02  0.3723730074  5.644121e-01 1.01699999999999999992
1  1.38e+02  0.3721751219  5.644121e-01 1.01699999999999999992
1  1.45e+02  0.3724489526  5.644121e-01 1.01699999999999999992
1  1.51e+02  0.3719613731  5.644121e-01 1.01699999999999999992
1  1.58e+02  0.3719246348  5.644121e-01 1.01699999999999999992
1  1.66e+02  0.371986152  5.644121e-01 1.01699999999999999992
1  1.74e+02  0.3723755386  5.644121e-01 1.01699999999999999992
1  1.82e+02  0.3723030281  5.644121e-01 1.01699999999999999992
1  1.91e+02  0.3721330932  5.644121e-01 1.01699999999999999992
1  2.00e+02  0.371836584  5.644121e-01 1.01699999999999999992
1  2.09e+02  0.3726369006  5.644121e-01 1.01699999999999999992
1  2.19e+02  0.3720043969  5.644121e-01 1.01699999999999999992
1  2.29e+02  0.3722519081  5.644121e-01 1.01699999999999999992
1  2.40e+02  0.3719423511  5.644121e-01 1.01699999999999999992
1  2.51e+02  0.371866467  5.644121e-01 1.01699999999999999992
1  2.63e+02  0.3723161934  5.644121e-01 1.01699999999999999992
1  2.75e+02  0.3719676963  5.644121e-01 1.01699999999999999992
1  2.88e+02  0.372401578  5.644121e-01 1.01699999999999999992
1  3.02e+02  0.3722775149  5.644121e-01 1.01699999999999999992
1  3.16e+02  0.3722524178  5.644121e-01 1.01699999999999999992
1  3.31e+02  0.3718472785  5.644121e-01 1.01699999999999999992
1  3.47e+02  0.371864891  5.644121e-01 1.01699999999999999992
1  3.63e+02  0.3716754502  5.644121e-01 1.01699999999999999992
1  3.80e+02  0.3719987708  5.644121e-01 1.01699999999999999992
1  3.98e+02  0.3716991243  5.644121e-01 1.01699999999999999992
1  4.17e+02  0.3719308736  5.644121e-01 1.01699999999999999992
1  4.37e+02  0.371535695  5.644121e-01 1.01699999999999999992
1  4.57e+02  0.3719217395  5.644121e-01 1.01699999999999999992
1  4.79e+02  0.3715736937  5.644121e-01 1.01699999999999999992
1  5.01e+02  0.3714754656  5.644121e-01 1.01699999999999999992
1  5.25e+02  0.3715968415  5.644121e-01 1.01699999999999999992
1  5.50e+02  0.3721723382  5.644121e-01 1.01699999999999999992
1  5.75e+02  0.3724111004  5.644121e-01 1.01699999999999999992
1  6.03e+02  0.3720713552  5.644121e-01 1.01699999999999999992
1  6.31e+02  0.3714693409  5.644121e-01 1.01699999999999999992
1  6.61e+02  0.3721068894  5.644121e-01 1.01699999999999999992
1  6.92e+02  0.3716697175  5.644121e-01 1.01699999999999999992
1  7.24e+02  0.3717343419  5.644121e-01 1.01699999999999999992
1  7.59e+02  0.3725326621  5.644121e-01 1.01699999999999999992
1  7.94e+02  0.3713692209  5.644121e-01 1.01699999999999999992
1  8.32e+02  0.3709513829  5.644121e-01 1.01699999999999999992
1  8.71e+02  0.3707136335  5.644121e-01 1.01699999999999999992
1  9.12e+02  0.3706969415  5.644121e-01 1.01699999999999999992
1  9.55e+02  0.3715623871  5.644121e-01 1.01699999999999999992
1  1.00e+03  0.3722943059  5.644121e-01 1.01699999999999999992
1  1.05e+03  0.3716110569  5.644121e-01 1.01699999999999999992
1  1.10e+03  0.371756224  5.644121e-01 1.01699999999999999992
1  1.15e+03  0.3704663148  5.644121e-01 1.01699999999999999992
1  1.20e+03  0.3712857846  5.644121e-01 1.01699999999999999992
1  1.26e+03  0.3709997622  5.644121e-01 1.01699999999999999992
1  1.32e+03  0.3737351172  5.644121e-01 1.01699999999999999992
1  1.38e+03  0.3739849224  5.644121e-01 1.01699999999999999992
1  1.45e+03  0.3688955565  5.644121e-01 1.01699999999999999992
1  1.51e+03  0.3704693209  5.644121e-01 1.01699999999999999992
1  1.58e+03  0.3717310198  5.644121e-01 1.01699999999999999992
1  1.66e+03  0.3694793446  5.644121e-01 1.01699999999999999992
1  1.74e+03  0.3743642053  5.644121e-01 1.01699999999999999992
1  1.82e+03  0.3766766435  5.644121e-01 1.01699999999999999992
1  1.91e+03  0.3714709058  5.644121e-01 1.01699999999999999992
1  2.00e+03  0.3847520141  5.644121e-01 1.01699999999999999992
1  2.09e+03  0.3855262529  5.644121e-01 1.01699999999999999992
1  2.19e+03  0.3706217685  5.644121e-01 1.01699999999999999992
1  2.29e+03  0.3614897658  5.644121e-01 1.01699999999999999992
1  2.40e+03  0.3610364077  5.644121e-01 1.01699999999999999992
1  2.51e+03  0.3751810534  5.644121e-01 1.01699999999999999992
1  2.63e+03  0.3509860978  5.644121e-01 1.01699999999999999992
1  2.75e+03  0.3451506946  5.644121e-01 1.01699999999999999992
1  2.88e+03  0.3445459578  5.644121e-01 1.01699999999999999992
1  3.02e+03  0.3782691565  5.644121e-01 1.01699999999999999992
1  3.16e+03  0.3634762067  5.644121e-01 1.01699999999999999992
1  3.31e+03  0.3562838532  5.644121e-01 1.01699999999999999992
1  3.47e+03  0.3675704381  5.644121e-01 1.01699999999999999992
1  3.63e+03  0.3997185966  5.644121e-01 1.01699999999999999992
1  3.80e+03  0.4115803157  5.644121e-01 1.01699999999999999992
1  3.98e+03  0.3669189527  5.644121e-01 1.01699999999999999992
1  4.17e+03  0.4065569171  5.644121e-01 1.01699999999999999992
1  4.37e+03  0.4040897429  5.644121e-01 1.01699999999999999992
1  4.57e+03  0.4219013896  5.644121e-01 1.01699999999999999992
1  4.79e+03  0.3735797898  5.644121e-01 1.01699999999999999992
1  5.01e+03  0.3858349437  5.644121e-01 1.01699999999999999992
1  5.25e+03  0.4617649347  5.644121e-01 1.01699999999999999992
1  5.50e+03  0.4217791264  5.644121e-01 1.01699999999999999992
1  5.75e+03  0.4692794998  5.644121e-01 1.01699999999999999992
1  6.03e+03  0.4249275135  5.644121e-01 1.01699999999999999992
1  6.31e+03  0.444253017  5.644121e-01 1.01699999999999999992
1  6.61e+03  0.3804629987  5.644121e-01 1.01699999999999999992
1  6.92e+03  0.3522316028  5.644121e-01 1.01699999999999999992
1  7.24e+03  0.4285285967  5.644121e-01 1.01699999999999999992
1  7.59e+03  0.3681053378  5.644121e-01 1.01699999999999999992
1  7.94e+03  0.3428464375  5.644121e-01 1.01699999999999999992
1  8.32e+03  0.3857385708  5.644121e-01 1.01699999999999999992
1  8.71e+03  0.392762279  5.644121e-01 1.01699999999999999992
1  9.12e+03  0.3463150768  5.644121e-01 1.01699999999999999992
1  9.55e+03  0.4245823479  5.644121e-01 1.01699999999999999992
1  1.00e+04  0.1855249426  5.644121e-01 1.01699999999999999992
1  1.05e+04  0.323121428  5.644121e-01 1.01699999999999999992
1  1.10e+04  0.3742599042  5.644121e-01 1.01699999999999999992
1  1.15e+04  0.388759775  5.644121e-01 1.01699999999999999992
1  1.20e+04  0.3521420523  5.644121e-01 1.01699999999999999992
1  1.26e+04  0.3634843271  5.644121e-01 1.01699999999999999992
1  1.32e+04  0.1942206294  5.644121e-01 1.01699999999999999992
1  1.38e+04  0.4006189425  5.644121e-01 1.01699999999999999992
1  1.45e+04  0.1780307746  5.644121e-01 1.01699999999999999992
1  1.51e+04  0.3820287039  5.644121e-01 1.01699999999999999992
1  1.58e+04  0.3183087945  5.644121e-01 1.01699999999999999992
1  1.66e+04  0.3385772464  5.644121e-01 1.01699999999999999992
1  1.74e+04  0.3722995378  5.644121e-01 1.01699999999999999992
1  1.82e+04  0.2867748776  5.644121e-01 1.01699999999999999992
1  1.91e+04  0.3921895348  5.644121e-01 1.01699999999999999992
1  2.00e+04  0.337737564  5.644121e-01 1.01699999999999999992
1  2.09e+04  0.3873041359  5.644121e-01 1.01699999999999999992
1  2.19e+04  0.3884411328  5.644121e-01 1.01699999999999999992
1  2.29e+04  0.3591212953  5.644121e-01 1.01699999999999999992
1  2.40e+04  0.4098177482  5.644121e-01 1.01699999999999999992
1  2.51e+04  0.2623241133  5.644121e-01 1.01699999999999999992
1  2.63e+04  0.3071859978  5.644121e-01 1.01699999999999999992
1  2.75e+04  0.3546665773  5.644121e-01 1.01699999999999999992
1  2.88e+04  0.1960161809  5.644121e-01 1.01699999999999999992
1  3.02e+04  0.3719060014  5.644121e-01 1.01699999999999999992
1  3.16e+04  0.2201314844  5.644121e-01 1.01699999999999999992
1  3.31e+04  0.3682106725  5.644121e-01 1.01699999999999999992
1  3.47e+04  0.3619275403  5.644121e-01 1.01699999999999999992
1  3.63e+04  0.3288780751  5.644121e-01 1.01699999999999999992
1  3.80e+04  0.2207978899  5.644121e-01 1.01699999999999999992
1  3.98e+04  0.2533623418  5.644121e-01 1.01699999999999999992
1  4.17e+04  0.2606770141  5.644121e-01 1.01699999999999999992
1  4.37e+04  0.3297002883  5.644121e-01 1.01699999999999999992
1  4.57e+04  0.3840420777  5.644121e-01 1.01699999999999999992
1  4.79e+04  0.3864302725  5.644121e-01 1.01699999999999999992
1  5.01e+04  0.2658024301  5.644121e-01 1.01699999999999999992
1  5.25e+04  0.3704937776  5.644121e-01 1.01699999999999999992
1  5.50e+04  0.2826458951  5.644121e-01 1.01699999999999999992
1  5.75e+04  0.1134139163  5.644121e-01 1.01699999999999999992
1  6.03e+04  0.3605573767  5.644121e-01 1.01699999999999999992
1  6.31e+04  0.2514359176  5.644121e-01 1.01699999999999999992
1  6.61e+04  0.2037012403  5.644121e-01 1.01699999999999999992
1  6.92e+04  0.3966737815  5.644121e-01 1.01699999999999999992
1  7.24e+04  0.3771630895  5.644121e-01 1.01699999999999999992
1  7.59e+04  0.3360898836  5.644121e-01 1.01699999999999999992
1  7.94e+04  0.3899757738  5.644121e-01 1.01699999999999999992
1  8.32e+04  0.3690217263  5.644121e-01 1.01699999999999999992
1  8.71e+04  0.3520994131  5.644121e-01 1.01699999999999999992
1  9.12e+04  0.41041728  5.644121e-01 1.01699999999999999992
1  9.55e+04  0.3930781898  5.644121e-01 1.01699999999999999992
1  1.00e+05  0.2683046653  5.644121e-01 1.01699999999999999992
1  1.05e+05  0.2122131326  5.644121e-01 1.01699999999999999992
1  1.10e+05  0.2977740181  5.644121e-01 1.01699999999999999992
1  1.15e+05  0.3856373164  5.644121e-01 1.01699999999999999992
1  1.20e+05  0.3464387536  5.644121e-01 1.01699999999999999992
1  1.26e+05  0.2265879103  5.644121e-01 1.01699999999999999992
1  1.32e+05  0.1611041018  5.644121e-01 1.01699999999999999992
1  1.38e+05  0.208829619  5.644121e-01 1.01699999999999999992
1  1.45e+05  0.311185912  5.644121e-01 1.01699999999999999992
1  1.51e+05  0.3746914804  5.644121e-01 1.01699999999999999992
1  1.58e+05  0.3590068081  5.644121e-01 1.01699999999999999992
1  1.66e+05  0.2937204367  5.644121e-01 1.01699999999999999992
1  1.74e+05  0.2367997865  5.644121e-01 1.01699999999999999992
1  1.82e+05  0.2271110218  5.644121e-01 1.01699999999999999992
1  1.91e+05  0.2656906081  5.644121e-01 1.01699999999999999992
1  2.00e+05  0.3264911927  5.644121e-01 1.01699999999999999992
1  2.09e+05  0.3786233074  5.644121e-01 1.01699999999999999992
1  2.19e+05  0.4032220444  5.644121e-01 1.01699999999999999992
1  2.29e+05  0.3983870728  5.644121e-01 1.01699999999999999992
1  2.40e+05  0.3746223062  5.644121e-01 1.01699999999999999992
1  2.51e+05  0.3466761946  5.644121e-01 1.01699999999999999992
1  2.63e+05  0.3266823056  5.644121e-01 1.01699999999999999992
1  2.75e+05  0.3207758909  5.644121e-01 1.01699999999999999992
1  2.88e+05  0.3290206208  5.644121e-01 1.01699999999999999992
1  3.02e+05  0.3473234404  5.644121e-01 1.01699999999999999992
1  3.16e+05  0.3699076195  5.644121e-01 1.01699999999999999992
1  3.31e+05  0.3913639163  5.644121e-01 1.01699999999999999992
1  3.47e+05  0.4078633028  5.644121e-01 1.01699999999999999992
1  3.63e+05  0.4175426499  5.644121e-01 1.01699999999999999992
1  3.80e+05  0.4202972277  5.644121e-01 1.01699999999999999992
1  3.98e+05  0.4172657179  5.644121e-01 1.01699999999999999992
1  4.17e+05  0.4102446827  5.644121e-01 1.01699999999999999992
1  4.37e+05  0.4011834283  5.644121e-01 1.01699999999999999992
1  4.57e+05  0.3918278243  5.644121e-01 1.01699999999999999992
1  4.79e+05  0.383521597  5.644121e-01 1.01699999999999999992
1  5.01e+05  0.3771391996  5.644121e-01 1.01699999999999999992
1  5.25e+05  0.3731108991  5.644121e-01 1.01699999999999999992
1  5.50e+05  0.3715009965  5.644121e-01 1.01699999999999999992
1  5.75e+05  0.3721074798  5.644121e-01 1.01699999999999999992
1  6.03e+05  0.3745610913  5.644121e-01 1.01699999999999999992
1  6.31e+05  0.3784108814  5.644121e-01 1.01699999999999999992
1  6.61e+05  0.3842011712  5.644121e-01 1.01699999999999999992
1  6.92e+05  0.3904015211  5.644121e-01 1.01699999999999999992
1  7.24e+05  0.3965392951  5.644121e-01 1.01699999999999999992
1  7.59e+05  0.4022549205  5.644121e-01 1.01699999999999999992
1  7.94e+05  0.407299801  5.644121e-01 1.01699999999999999992
1  8.32e+05  0.4115242465  5.644121e-01 1.01699999999999999992
1  8.71e+05  0.4148604805  5.644121e-01 1.01699999999999999992
1  9.12e+05  0.4172263331  5.644121e-01 1.01699999999999999992
1  9.55e+05  0.4188450065  5.644121e-01 1.01699999999999999992
1  1.00e+06  0.4196828116  5.644121e-01 1.01699999999999999992
1  1.05e+06  0.4198303905  5.644121e-01 1.01699999999999999992
1  1.10e+06  0.4193868998  5.644121e-01 1.01699999999999999992
1  1.15e+06  0.4184526551  5.644121e-01 1.01699999999999999992
1  1.20e+06  0.4171239866  5.644121e-01 1.01699999999999999992
1  1.26e+06  0.4154899032  5.644121e-01 1.01699999999999999992
1  1.32e+06  0.4136301729  5.644121e-01 1.01699999999999999992
1  1.38e+06  0.4116144598  5.644121e-01 1.01699999999999999992
1  1.45e+06  0.4095022209  5.644121e-01 1.01699999999999999992
1  1.51e+06  0.4073431145  5.644121e-01 1.01699999999999999992
1  1.58e+06  0.4051777308  5.644121e-01 1.01699999999999999992
1  1.66e+06  0.4030385024  5.644121e-01 1.01699999999999999992
1  1.74e+06  0.4009506897  5.644121e-01 1.01699999999999999992
1  1.82e+06  0.3989810559  5.644121e-01 1.01699999999999999992
1  1.91e+06  0.3970460455  5.644121e-01 1.01699999999999999992
1  2.00e+06  0.3952046043  5.644121e-01 1.01699999999999999992
1  2.09e+06  0.393462711  5.644121e-01 1.01699999999999999992
1  2.19e+06  0.391823435  5.644121e-01 1.01699999999999999992
1  2.29e+06  0.3902875368  5.644121e-01 1.01699999999999999992
1  2.40e+06  0.3888539795  5.644121e-01 1.01699999999999999992
1  2.51e+06  0.387520359  5.644121e-01 1.01699999999999999992
1  2.63e+06  0.3862832617  5.644121e-01 1.01699999999999999992
1  2.75e+06  0.3851385578  5.644121e-01 1.01699999999999999992
1  2.88e+06  0.3840816386  5.644121e-01 1.01699999999999999992
1  3.02e+06  0.3831076069  5.644121e-01 1.01699999999999999992
1  3.16e+06  0.3822114274  5.644121e-01 1.01699999999999999992
1  3.31e+06  0.3813880426  5.644121e-01 1.01699999999999999992
1  3.47e+06  0.3806324622  5.644121e-01 1.01699999999999999992
1  3.63e+06  0.3799557154  5.644121e-01 1.01699999999999999992
1  3.80e+06  0.3793199666  5.644121e-01 1.01699999999999999992
1  3.98e+06  0.3787381341  5.644121e-01 1.01699999999999999992
1  4.17e+06  0.3782059848  5.644121e-01 1.01699999999999999992
1  4.37e+06  0.377719532  5.644121e-01 1.01699999999999999992
1  4.57e+06  0.3772750406  5.644121e-01 1.01699999999999999992
1  4.79e+06  0.3768690262  5.644121e-01 1.01699999999999999992
1  5.01e+06  0.3764982507  5.644121e-01 1.01699999999999999992
1  5.25e+06  0.3761597143  5.644121e-01 1.01699999999999999992
1  5.50e+06  0.3758506455  5.644121e-01 1.01699999999999999992
1  5.75e+06  0.3755684902  5.644121e-01 1.01699999999999999992
1  6.03e+06  0.3753108994  5.644121e-01 1.01699999999999999992
1  6.31e+06  0.3750757162  5.644121e-01 1.01699999999999999992
1  6.61e+06  0.3748609641  5.644121e-01 1.01699999999999999992
1  6.92e+06  0.3746689954  5.644121e-01 1.01699999999999999992
1  7.24e+06  0.3744894397  5.644121e-01 1.01699999999999999992
1  7.59e+06  0.3743253763  5.644121e-01 1.01699999999999999992
1  7.94e+06  0.374175423  5.644121e-01 1.01699999999999999992
1  8.32e+06  0.3740383198  5.644121e-01 1.01699999999999999992
1  8.71e+06  0.3739129182  5.644121e-01 1.01699999999999999992
1  9.12e+06  0.3737981726  5.644121e-01 1.01699999999999999992
1  9.55e+06  0.3736931311  5.644121e-01 1.01699999999999999992
1  1.00e+07  0.3735969275  5.644121e-01 1.01699999999999999992
