1  1.00e-03  0.5709604361  5.277836e-01 0.95099999999999999996
1  1.05e-03  0.5709604254  5.277836e-01 0.95099999999999999996
1  1.10e-03  0.5709604249  5.277836e-01 0.95099999999999999996
1  1.15e-03  0.5709604369  5.277836e-01 0.95099999999999999996
1  1.20e-03  0.5709604287  5.277836e-01 0.95099999999999999996
1  1.26e-03  0.5709604374  5.277836e-01 0.95099999999999999996
1  1.32e-03  0.5709604385  5.277836e-01 0.95099999999999999996
1  1.38e-03  0.5709604246  5.277836e-01 0.95099999999999999996
1  1.45e-03  0.5709604259  5.277836e-01 0.95099999999999999996
1  1.51e-03  0.5709604208  5.277836e-01 0.95099999999999999996
1  1.58e-03  0.5709604251  5.277836e-01 0.95099999999999999996
1  1.66e-03  0.5709604384  5.277836e-01 0.95099999999999999996
1  1.74e-03  0.5709604279  5.277836e-01 0.95099999999999999996
1  1.82e-03  0.5709604297  5.277836e-01 0.95099999999999999996
1  1.91e-03  0.5709604165  5.277836e-01 0.95099999999999999996
1  2.00e-03  0.5709604246  5.277836e-01 0.95099999999999999996
1  2.09e-03  0.5709651587  5.277836e-01 0.95099999999999999996
1  2.19e-03  0.5709604336  5.277836e-01 0.95099999999999999996
1  2.29e-03  0.5709604335  5.277836e-01 0.95099999999999999996
1  2.40e-03  0.5709604389  5.277836e-01 0.95099999999999999996
1  2.51e-03  0.570960443  5.277836e-01 0.95099999999999999996
1  2.63e-03  0.5709604623  5.277836e-01 0.95099999999999999996
1  2.75e-03  0.5709604579  5.277836e-01 0.95099999999999999996
1  2.88e-03  0.5709604286  5.277836e-01 0.95099999999999999996
1  3.02e-03  0.5709604198  5.277836e-01 0.95099999999999999996
1  3.16e-03  0.5709604244  5.277836e-01 0.95099999999999999996
1  3.31e-03  0.5709604353  5.277836e-01 0.95099999999999999996
1  3.47e-03  0.5709604315  5.277836e-01 0.95099999999999999996
1  3.63e-03  0.570960428  5.277836e-01 0.95099999999999999996
1  3.80e-03  0.5709604269  5.277836e-01 0.95099999999999999996
1  3.98e-03  0.5709604258  5.277836e-01 0.95099999999999999996
1  4.17e-03  0.5709604363  5.277836e-01 0.95099999999999999996
1  4.37e-03  0.5709604368  5.277836e-01 0.95099999999999999996
1  4.57e-03  0.5709604304  5.277836e-01 0.95099999999999999996
1  4.79e-03  0.5709604279  5.277836e-01 0.95099999999999999996
1  5.01e-03  0.5709604243  5.277836e-01 0.95099999999999999996
1  5.25e-03  0.5709604361  5.277836e-01 0.95099999999999999996
1  5.50e-03  0.5709604169  5.277836e-01 0.95099999999999999996
1  5.75e-03  0.5709604166  5.277836e-01 0.95099999999999999996
1  6.03e-03  0.5709604379  5.277836e-01 0.95099999999999999996
1  6.31e-03  0.5709604148  5.277836e-01 0.95099999999999999996
1  6.61e-03  0.5709604426  5.277836e-01 0.95099999999999999996
1  6.92e-03  0.5709605907  5.277836e-01 0.95099999999999999996
1  7.24e-03  0.5709604439  5.277836e-01 0.95099999999999999996
1  7.59e-03  0.5709604459  5.277836e-01 0.95099999999999999996
1  7.94e-03  0.570960418  5.277836e-01 0.95099999999999999996
1  8.32e-03  0.5709604606  5.277836e-01 0.95099999999999999996
1  8.71e-03  0.5709604537  5.277836e-01 0.95099999999999999996
1  9.12e-03  0.5709604547  5.277836e-01 0.95099999999999999996
1  9.55e-03  0.5709604401  5.277836e-01 0.95099999999999999996
1  1.00e-02  0.5709604494  5.277836e-01 0.95099999999999999996
1  1.05e-02  0.5709603857  5.277836e-01 0.95099999999999999996
1  1.10e-02  0.5709604425  5.277836e-01 0.95099999999999999996
1  1.15e-02  0.5709604091  5.277836e-01 0.95099999999999999996
1  1.20e-02  0.5709604044  5.277836e-01 0.95099999999999999996
1  1.26e-02  0.5709604553  5.277836e-01 0.95099999999999999996
1  1.32e-02  0.5709604008  5.277836e-01 0.95099999999999999996
1  1.38e-02  0.5709604076  5.277836e-01 0.95099999999999999996
1  1.45e-02  0.5709604019  5.277836e-01 0.95099999999999999996
1  1.51e-02  0.5709604055  5.277836e-01 0.95099999999999999996
1  1.58e-02  0.570960407  5.277836e-01 0.95099999999999999996
1  1.66e-02  0.5709604371  5.277836e-01 0.95099999999999999996
1  1.74e-02  0.5709604108  5.277836e-01 0.95099999999999999996
1  1.82e-02  0.570960451  5.277836e-01 0.95099999999999999996
1  1.91e-02  0.5709604202  5.277836e-01 0.95099999999999999996
1  2.00e-02  0.5709604542  5.277836e-01 0.95099999999999999996
1  2.09e-02  0.570960372  5.277836e-01 0.95099999999999999996
1  2.19e-02  0.570960414  5.277836e-01 0.95099999999999999996
1  2.29e-02  0.5709604057  5.277836e-01 0.95099999999999999996
1  2.40e-02  0.5709604253  5.277836e-01 0.95099999999999999996
1  2.51e-02  0.5709607328  5.277836e-01 0.95099999999999999996
1  2.63e-02  0.5709610433  5.277836e-01 0.95099999999999999996
1  2.75e-02  0.5709605327  5.277836e-01 0.95099999999999999996
1  2.88e-02  0.5709603163  5.277836e-01 0.95099999999999999996
1  3.02e-02  0.5709601209  5.277836e-01 0.95099999999999999996
1  3.16e-02  0.5710850938  5.277836e-01 0.95099999999999999996
1  3.31e-02  0.5709601711  5.277836e-01 0.95099999999999999996
1  3.47e-02  0.5709604254  5.277836e-01 0.95099999999999999996
1  3.63e-02  0.5709611949  5.277836e-01 0.95099999999999999996
1  3.80e-02  0.5709605258  5.277836e-01 0.95099999999999999996
1  3.98e-02  0.5709606978  5.277836e-01 0.95099999999999999996
1  4.17e-02  0.5709612049  5.277836e-01 0.95099999999999999996
1  4.37e-02  0.5709605294  5.277836e-01 0.95099999999999999996
1  4.57e-02  0.5709605393  5.277836e-01 0.95099999999999999996
1  4.79e-02  0.5709604656  5.277836e-01 0.95099999999999999996
1  5.01e-02  0.570960496  5.277836e-01 0.95099999999999999996
1  5.25e-02  0.5709600502  5.277836e-01 0.95099999999999999996
1  5.50e-02  0.5709604082  5.277836e-01 0.95099999999999999996
1  5.75e-02  0.5709603734  5.277836e-01 0.95099999999999999996
1  6.03e-02  0.5709604182  5.277836e-01 0.95099999999999999996
1  6.31e-02  0.570960449  5.277836e-01 0.95099999999999999996
1  6.61e-02  0.5709602765  5.277836e-01 0.95099999999999999996
1  6.92e-02  0.5709602845  5.277836e-01 0.95099999999999999996
1  7.24e-02  0.5709618429  5.277836e-01 0.95099999999999999996
1  7.59e-02  0.5709610212  5.277836e-01 0.95099999999999999996
1  7.94e-02  0.5709602869  5.277836e-01 0.95099999999999999996
1  8.32e-02  0.5707931494  5.277836e-01 0.95099999999999999996
1  8.71e-02  0.5709607159  5.277836e-01 0.95099999999999999996
1  9.12e-02  0.5709612552  5.277836e-01 0.95099999999999999996
1  9.55e-02  0.5709606615  5.277836e-01 0.95099999999999999996
1  1.00e-01  0.5709607045  5.277836e-01 0.95099999999999999996
1  1.05e-01  0.5709606333  5.277836e-01 0.95099999999999999996
1  1.10e-01  0.5709605729  5.277836e-01 0.95099999999999999996
1  1.15e-01  0.5709604902  5.277836e-01 0.95099999999999999996
1  1.20e-01  0.5709601034  5.277836e-01 0.95099999999999999996
1  1.26e-01  0.5709603864  5.277836e-01 0.95099999999999999996
1  1.32e-01  0.5709606311  5.277836e-01 0.95099999999999999996
1  1.38e-01  0.5709606172  5.277836e-01 0.95099999999999999996
1  1.45e-01  0.5709601582  5.277836e-01 0.95099999999999999996
1  1.51e-01  0.5709606529  5.277836e-01 0.95099999999999999996
1  1.58e-01  0.5709602021  5.277836e-01 0.95099999999999999996
1  1.66e-01  0.5709607183  5.277836e-01 0.95099999999999999996
1  1.74e-01  0.570960086  5.277836e-01 0.95099999999999999996
1  1.82e-01  0.5709602853  5.277836e-01 0.95099999999999999996
1  1.91e-01  0.5709603473  5.277836e-01 0.95099999999999999996
1  2.00e-01  0.5709604314  5.277836e-01 0.95099999999999999996
1  2.09e-01  0.5709575884  5.277836e-01 0.95099999999999999996
1  2.19e-01  0.570959501  5.277836e-01 0.95099999999999999996
1  2.29e-01  0.5709603703  5.277836e-01 0.95099999999999999996
1  2.40e-01  0.5709602432  5.277836e-01 0.95099999999999999996
1  2.51e-01  0.5709598514  5.277836e-01 0.95099999999999999996
1  2.63e-01  0.5709606308  5.277836e-01 0.95099999999999999996
1  2.75e-01  0.5709605357  5.277836e-01 0.95099999999999999996
1  2.88e-01  0.5709602442  5.277836e-01 0.95099999999999999996
1  3.02e-01  0.5709599994  5.277836e-01 0.95099999999999999996
1  3.16e-01  0.5709594456  5.277836e-01 0.95099999999999999996
1  3.31e-01  0.5709607632  5.277836e-01 0.95099999999999999996
1  3.47e-01  0.5709596108  5.277836e-01 0.95099999999999999996
1  3.63e-01  0.5709605599  5.277836e-01 0.95099999999999999996
1  3.80e-01  0.5709591329  5.277836e-01 0.95099999999999999996
1  3.98e-01  0.570959098  5.277836e-01 0.95099999999999999996
1  4.17e-01  0.5709604425  5.277836e-01 0.95099999999999999996
1  4.37e-01  0.5709590772  5.277836e-01 0.95099999999999999996
1  4.57e-01  0.5709586612  5.277836e-01 0.95099999999999999996
1  4.79e-01  0.5709600868  5.277836e-01 0.95099999999999999996
1  5.01e-01  0.5709590705  5.277836e-01 0.95099999999999999996
1  5.25e-01  0.5709580156  5.277836e-01 0.95099999999999999996
1  5.50e-01  0.5709599688  5.277836e-01 0.95099999999999999996
1  5.75e-01  0.5709595941  5.277836e-01 0.95099999999999999996
1  6.03e-01  0.5709593179  5.277836e-01 0.95099999999999999996
1  6.31e-01  0.5709585618  5.277836e-01 0.95099999999999999996
1  6.61e-01  0.5709596771  5.277836e-01 0.95099999999999999996
1  6.92e-01  0.5709595917  5.277836e-01 0.95099999999999999996
1  7.24e-01  0.5709604743  5.277836e-01 0.95099999999999999996
1  7.59e-01  0.5709473021  5.277836e-01 0.95099999999999999996
1  7.94e-01  0.5709606055  5.277836e-01 0.95099999999999999996
1  8.32e-01  0.5709570377  5.277836e-01 0.95099999999999999996
1  8.71e-01  0.5709592986  5.277836e-01 0.95099999999999999996
1  9.12e-01  0.5709596426  5.277836e-01 0.95099999999999999996
1  9.55e-01  0.5709572795  5.277836e-01 0.95099999999999999996
1  1.00e+00  0.5709584458  5.277836e-01 0.95099999999999999996
1  1.05e+00  0.5709601578  5.277836e-01 0.95099999999999999996
1  1.10e+00  0.5709567876  5.277836e-01 0.95099999999999999996
1  1.15e+00  0.5709558437  5.277836e-01 0.95099999999999999996
1  1.20e+00  0.5709766545  5.277836e-01 0.95099999999999999996
1  1.26e+00  0.57095796  5.277836e-01 0.95099999999999999996
1  1.32e+00  0.570958086  5.277836e-01 0.95099999999999999996
1  1.38e+00  0.570956975  5.277836e-01 0.95099999999999999996
1  1.45e+00  0.570958438  5.277836e-01 0.95099999999999999996
1  1.51e+00  0.5709590259  5.277836e-01 0.95099999999999999996
1  1.58e+00  0.5709557055  5.277836e-01 0.95099999999999999996
1  1.66e+00  0.5709603353  5.277836e-01 0.95099999999999999996
1  1.74e+00  0.5709599483  5.277836e-01 0.95099999999999999996
1  1.82e+00  0.5709529482  5.277836e-01 0.95099999999999999996
1  1.91e+00  0.5709584887  5.277836e-01 0.95099999999999999996
1  2.00e+00  0.5709543448  5.277836e-01 0.95099999999999999996
1  2.09e+00  0.5709605391  5.277836e-01 0.95099999999999999996
1  2.19e+00  0.5709545049  5.277836e-01 0.95099999999999999996
1  2.29e+00  0.5709507823  5.277836e-01 0.95099999999999999996
1  2.40e+00  0.570952499  5.277836e-01 0.95099999999999999996
1  2.51e+00  0.570960801  5.277836e-01 0.95099999999999999996
1  2.63e+00  0.5709585101  5.277836e-01 0.95099999999999999996
1  2.75e+00  0.5709483878  5.277836e-01 0.95099999999999999996
1  2.88e+00  0.5709611207  5.277836e-01 0.95099999999999999996
1  3.02e+00  0.5709432654  5.277836e-01 0.95099999999999999996
1  3.16e+00  0.5709642468  5.277836e-01 0.95099999999999999996
1  3.31e+00  0.5709482  5.277836e-01 0.95099999999999999996
1  3.47e+00  0.5709454253  5.277836e-01 0.95099999999999999996
1  3.63e+00  0.5709465439  5.277836e-01 0.95099999999999999996
1  3.80e+00  0.5709601413  5.277836e-01 0.95099999999999999996
1  3.98e+00  0.5709391705  5.277836e-01 0.95099999999999999996
1  4.17e+00  0.5709618856  5.277836e-01 0.95099999999999999996
1  4.37e+00  0.5709467972  5.277836e-01 0.95099999999999999996
1  4.57e+00  0.5709401264  5.277836e-01 0.95099999999999999996
1  4.79e+00  0.5709431115  5.277836e-01 0.95099999999999999996
1  5.01e+00  0.570955535  5.277836e-01 0.95099999999999999996
1  5.25e+00  0.5709451817  5.277836e-01 0.95099999999999999996
1  5.50e+00  0.5709352029  5.277836e-01 0.95099999999999999996
1  5.75e+00  0.5709499005  5.277836e-01 0.95099999999999999996
1  6.03e+00  0.5709671314  5.277836e-01 0.95099999999999999996
1  6.31e+00  0.57093784  5.277836e-01 0.95099999999999999996
1  6.61e+00  0.57095724  5.277836e-01 0.95099999999999999996
1  6.92e+00  0.5709579704  5.277836e-01 0.95099999999999999996
1  7.24e+00  0.570927329  5.277836e-01 0.95099999999999999996
1  7.59e+00  0.5709264823  5.277836e-01 0.95099999999999999996
1  7.94e+00  0.5709202924  5.277836e-01 0.95099999999999999996
1  8.32e+00  0.5709593854  5.277836e-01 0.95099999999999999996
1  8.71e+00  0.5709715351  5.277836e-01 0.95099999999999999996
1  9.12e+00  0.5709533915  5.277836e-01 0.95099999999999999996
1  9.55e+00  0.5709535507  5.277836e-01 0.95099999999999999996
1  1.00e+01  0.5708919418  5.277836e-01 0.95099999999999999996
1  1.05e+01  0.5710120512  5.277836e-01 0.95099999999999999996
1  1.10e+01  0.5709118534  5.277836e-01 0.95099999999999999996
1  1.15e+01  0.5709407733  5.277836e-01 0.95099999999999999996
1  1.20e+01  0.5709388485  5.277836e-01 0.95099999999999999996
1  1.26e+01  0.570914298  5.277836e-01 0.95099999999999999996
1  1.32e+01  0.5709029394  5.277836e-01 0.95099999999999999996
1  1.38e+01  0.5709033722  5.277836e-01 0.95099999999999999996
1  1.45e+01  0.5709582666  5.277836e-01 0.95099999999999999996
1  1.51e+01  0.5709468591  5.277836e-01 0.95099999999999999996
1  1.58e+01  0.5709446626  5.277836e-01 0.95099999999999999996
1  1.66e+01  0.5708919239  5.277836e-01 0.95099999999999999996
1  1.74e+01  0.5709273711  5.277836e-01 0.95099999999999999996
1  1.82e+01  0.5710396041  5.277836e-01 0.95099999999999999996
1  1.91e+01  0.5709596607  5.277836e-01 0.95099999999999999996
1  2.00e+01  0.5707948138  5.277836e-01 0.95099999999999999996
1  2.09e+01  0.5707644096  5.277836e-01 0.95099999999999999996
1  2.19e+01  0.5709458447  5.277836e-01 0.95099999999999999996
1  2.29e+01  0.5709555914  5.277836e-01 0.95099999999999999996
1  2.40e+01  0.5705709196  5.277836e-01 0.95099999999999999996
1  2.51e+01  0.5708270813  5.277836e-01 0.95099999999999999996
1  2.63e+01  0.571186575  5.277836e-01 0.95099999999999999996
1  2.75e+01  0.5710164066  5.277836e-01 0.95099999999999999996
1  2.88e+01  0.5710413009  5.277836e-01 0.95099999999999999996
1  3.02e+01  0.5709604402  5.277836e-01 0.95099999999999999996
1  3.16e+01  0.5708604113  5.277836e-01 0.95099999999999999996
1  3.31e+01  0.5704439281  5.277836e-01 0.95099999999999999996
1  3.47e+01  0.5712051905  5.277836e-01 0.95099999999999999996
1  3.63e+01  0.5711637459  5.277836e-01 0.95099999999999999996
1  3.80e+01  0.5708863376  5.277836e-01 0.95099999999999999996
1  3.98e+01  0.5708738643  5.277836e-01 0.95099999999999999996
1  4.17e+01  0.5711137795  5.277836e-01 0.95099999999999999996
1  4.37e+01  0.5708513  5.277836e-01 0.95099999999999999996
1  4.57e+01  0.5709884098  5.277836e-01 0.95099999999999999996
1  4.79e+01  0.5707564575  5.277836e-01 0.95099999999999999996
1  5.01e+01  0.5710288446  5.277836e-01 0.95099999999999999996
1  5.25e+01  0.5706055157  5.277836e-01 0.95099999999999999996
1  5.50e+01  0.570359301  5.277836e-01 0.95099999999999999996
1  5.75e+01  0.5708640686  5.277836e-01 0.95099999999999999996
1  6.03e+01  0.5709196488  5.277836e-01 0.95099999999999999996
1  6.31e+01  0.570702698  5.277836e-01 0.95099999999999999996
1  6.61e+01  0.5708041172  5.277836e-01 0.95099999999999999996
1  6.92e+01  0.5707354584  5.277836e-01 0.95099999999999999996
1  7.24e+01  0.5706595954  5.277836e-01 0.95099999999999999996
1  7.59e+01  0.5710585335  5.277836e-01 0.95099999999999999996
1  7.94e+01  0.5709421323  5.277836e-01 0.95099999999999999996
1  8.32e+01  0.5708629786  5.277836e-01 0.95099999999999999996
1  8.71e+01  0.5709632093  5.277836e-01 0.95099999999999999996
1  9.12e+01  0.5706365046  5.277836e-01 0.95099999999999999996
1  9.55e+01  0.5709762452  5.277836e-01 0.95099999999999999996
1  1.00e+02  0.570811628  5.277836e-01 0.95099999999999999996
1  1.05e+02  0.571022735  5.277836e-01 0.95099999999999999996
1  1.10e+02  0.5705257848  5.277836e-01 0.95099999999999999996
1  1.15e+02  0.5707886629  5.277836e-01 0.95099999999999999996
1  1.20e+02  0.5707578033  5.277836e-01 0.95099999999999999996
1  1.26e+02  0.5703986935  5.277836e-01 0.95099999999999999996
1  1.32e+02  0.5704067889  5.277836e-01 0.95099999999999999996
1  1.38e+02  0.5709879732  5.277836e-01 0.95099999999999999996
1  1.45e+02  0.5707442762  5.277836e-01 0.95099999999999999996
1  1.51e+02  0.5701468142  5.277836e-01 0.95099999999999999996
1  1.58e+02  0.5708005599  5.277836e-01 0.95099999999999999996
1  1.66e+02  0.5709600321  5.277836e-01 0.95099999999999999996
1  1.74e+02  0.5706107249  5.277836e-01 0.95099999999999999996
1  1.82e+02  0.5702657605  5.277836e-01 0.95099999999999999996
1  1.91e+02  0.57032655  5.277836e-01 0.95099999999999999996
1  2.00e+02  0.5705710262  5.277836e-01 0.95099999999999999996
1  2.09e+02  0.5706969002  5.277836e-01 0.95099999999999999996
1  2.19e+02  0.5703474511  5.277836e-01 0.95099999999999999996
1  2.29e+02  0.5700339506  5.277836e-01 0.95099999999999999996
1  2.40e+02  0.5701339213  5.277836e-01 0.95099999999999999996
1  2.51e+02  0.5698072012  5.277836e-01 0.95099999999999999996
1  2.63e+02  0.57047801  5.277836e-01 0.95099999999999999996
1  2.75e+02  0.5701077143  5.277836e-01 0.95099999999999999996
1  2.88e+02  0.5704592429  5.277836e-01 0.95099999999999999996
1  3.02e+02  0.5701762706  5.277836e-01 0.95099999999999999996
1  3.16e+02  0.5697748587  5.277836e-01 0.95099999999999999996
1  3.31e+02  0.5704328936  5.277836e-01 0.95099999999999999996
1  3.47e+02  0.5709485679  5.277836e-01 0.95099999999999999996
1  3.63e+02  0.5703766293  5.277836e-01 0.95099999999999999996
1  3.80e+02  0.5694758428  5.277836e-01 0.95099999999999999996
1  3.98e+02  0.5698679102  5.277836e-01 0.95099999999999999996
1  4.17e+02  0.5701593185  5.277836e-01 0.95099999999999999996
1  4.37e+02  0.5690481871  5.277836e-01 0.95099999999999999996
1  4.57e+02  0.570864665  5.277836e-01 0.95099999999999999996
1  4.79e+02  0.5699871632  5.277836e-01 0.95099999999999999996
1  5.01e+02  0.5699797834  5.277836e-01 0.95099999999999999996
1  5.25e+02  0.5708219829  5.277836e-01 0.95099999999999999996
1  5.50e+02  0.5693716569  5.277836e-01 0.95099999999999999996
1  5.75e+02  0.5683819997  5.277836e-01 0.95099999999999999996
1  6.03e+02  0.5686489566  5.277836e-01 0.95099999999999999996
1  6.31e+02  0.5709470053  5.277836e-01 0.95099999999999999996
1  6.61e+02  0.5679765325  5.277836e-01 0.95099999999999999996
1  6.92e+02  0.5684061395  5.277836e-01 0.95099999999999999996
1  7.24e+02  0.5680844869  5.277836e-01 0.95099999999999999996
1  7.59e+02  0.5707808632  5.277836e-01 0.95099999999999999996
1  7.94e+02  0.567585949  5.277836e-01 0.95099999999999999996
1  8.32e+02  0.5695628015  5.277836e-01 0.95099999999999999996
1  8.71e+02  0.5680265993  5.277836e-01 0.95099999999999999996
1  9.12e+02  0.5666116755  5.277836e-01 0.95099999999999999996
1  9.55e+02  0.566489322  5.277836e-01 0.95099999999999999996
1  1.00e+03  0.5709042556  5.277836e-01 0.95099999999999999996
1  1.05e+03  0.5699646431  5.277836e-01 0.95099999999999999996
1  1.10e+03  0.5726532473  5.277836e-01 0.95099999999999999996
1  1.15e+03  0.5562878559  5.277836e-01 0.95099999999999999996
1  1.20e+03  0.5698053679  5.277836e-01 0.95099999999999999996
1  1.26e+03  0.576891988  5.277836e-01 0.95099999999999999996
1  1.32e+03  0.5778632818  5.277836e-01 0.95099999999999999996
1  1.38e+03  0.567249679  5.277836e-01 0.95099999999999999996
1  1.45e+03  0.5810611083  5.277836e-01 0.95099999999999999996
1  1.51e+03  0.5425066895  5.277836e-01 0.95099999999999999996
1  1.58e+03  0.5364871441  5.277836e-01 0.95099999999999999996
1  1.66e+03  0.5436639914  5.277836e-01 0.95099999999999999996
1  1.74e+03  0.5421997159  5.277836e-01 0.95099999999999999996
1  1.82e+03  0.5689744333  5.277836e-01 0.95099999999999999996
1  1.91e+03  0.605400703  5.277836e-01 0.95099999999999999996
1  2.00e+03  0.5876011018  5.277836e-01 0.95099999999999999996
1  2.09e+03  0.5690946719  5.277836e-01 0.95099999999999999996
1  2.19e+03  0.5842831115  5.277836e-01 0.95099999999999999996
1  2.29e+03  0.5736154211  5.277836e-01 0.95099999999999999996
1  2.40e+03  0.5191576994  5.277836e-01 0.95099999999999999996
1  2.51e+03  0.4628632428  5.277836e-01 0.95099999999999999996
1  2.63e+03  0.5639000793  5.277836e-01 0.95099999999999999996
1  2.75e+03  0.4414793836  5.277836e-01 0.95099999999999999996
1  2.88e+03  0.5747736799  5.277836e-01 0.95099999999999999996
1  3.02e+03  0.4812197337  5.277836e-01 0.95099999999999999996
1  3.16e+03  0.4342953654  5.277836e-01 0.95099999999999999996
1  3.31e+03  0.4508322774  5.277836e-01 0.95099999999999999996
1  3.47e+03  0.4692834877  5.277836e-01 0.95099999999999999996
1  3.63e+03  0.5233146656  5.277836e-01 0.95099999999999999996
1  3.80e+03  0.6545381557  5.277836e-01 0.95099999999999999996
1  3.98e+03  0.62482958  5.277836e-01 0.95099999999999999996
1  4.17e+03  0.5694496803  5.277836e-01 0.95099999999999999996
1  4.37e+03  0.6713169284  5.277836e-01 0.95099999999999999996
1  4.57e+03  0.6057838404  5.277836e-01 0.95099999999999999996
1  4.79e+03  0.5947056474  5.277836e-01 0.95099999999999999996
1  5.01e+03  0.6705773809  5.277836e-01 0.95099999999999999996
1  5.25e+03  0.6556782196  5.277836e-01 0.95099999999999999996
1  5.50e+03  0.6009044444  5.277836e-01 0.95099999999999999996
1  5.75e+03  0.5699525631  5.277836e-01 0.95099999999999999996
1  6.03e+03  0.5879759332  5.277836e-01 0.95099999999999999996
1  6.31e+03  0.661657267  5.277836e-01 0.95099999999999999996
1  6.61e+03  0.6824101538  5.277836e-01 0.95099999999999999996
1  6.92e+03  0.4448403059  5.277836e-01 0.95099999999999999996
1  7.24e+03  0.428893161  5.277836e-01 0.95099999999999999996
1  7.59e+03  0.6432212152  5.277836e-01 0.95099999999999999996
1  7.94e+03  0.3096851891  5.277836e-01 0.95099999999999999996
1  8.32e+03  0.6354195856  5.277836e-01 0.95099999999999999996
1  8.71e+03  0.2753887162  5.277836e-01 0.95099999999999999996
1  9.12e+03  0.60643622  5.277836e-01 0.95099999999999999996
1  9.55e+03  0.4749144183  5.277836e-01 0.95099999999999999996
1  1.00e+04  0.2739999594  5.277836e-01 0.95099999999999999996
1  1.05e+04  0.4236731216  5.277836e-01 0.95099999999999999996
1  1.10e+04  0.6211607023  5.277836e-01 0.95099999999999999996
1  1.15e+04  0.5415885348  5.277836e-01 0.95099999999999999996
1  1.20e+04  0.4099312536  5.277836e-01 0.95099999999999999996
1  1.26e+04  0.2862344244  5.277836e-01 0.95099999999999999996
1  1.32e+04  0.3056394978  5.277836e-01 0.95099999999999999996
1  1.38e+04  0.2382750222  5.277836e-01 0.95099999999999999996
1  1.45e+04  0.3331221315  5.277836e-01 0.95099999999999999996
1  1.51e+04  0.3479714891  5.277836e-01 0.95099999999999999996
1  1.58e+04  0.4808380217  5.277836e-01 0.95099999999999999996
1  1.66e+04  0.5849304869  5.277836e-01 0.95099999999999999996
1  1.74e+04  0.3645608727  5.277836e-01 0.95099999999999999996
1  1.82e+04  0.277116236  5.277836e-01 0.95099999999999999996
1  1.91e+04  0.1530204206  5.277836e-01 0.95099999999999999996
1  2.00e+04  0.4849670779  5.277836e-01 0.95099999999999999996
1  2.09e+04  0.4614163069  5.277836e-01 0.95099999999999999996
1  2.19e+04  0.1133329111  5.277836e-01 0.95099999999999999996
1  2.29e+04  0.4300632549  5.277836e-01 0.95099999999999999996
1  2.40e+04  0.3533747654  5.277836e-01 0.95099999999999999996
1  2.51e+04  0.1217490817  5.277836e-01 0.95099999999999999996
1  2.63e+04  0.5343809286  5.277836e-01 0.95099999999999999996
1  2.75e+04  0.05933575774  5.277836e-01 0.95099999999999999996
1  2.88e+04  0.4913111685  5.277836e-01 0.95099999999999999996
1  3.02e+04  0.1987048149  5.277836e-01 0.95099999999999999996
1  3.16e+04  0.3658013311  5.277836e-01 0.95099999999999999996
1  3.31e+04  0.1766628125  5.277836e-01 0.95099999999999999996
1  3.47e+04  0.4846414233  5.277836e-01 0.95099999999999999996
1  3.63e+04  0.0363935206  5.277836e-01 0.95099999999999999996
1  3.80e+04  0.5264018274  5.277836e-01 0.95099999999999999996
1  3.98e+04  0.06125107295  5.277836e-01 0.95099999999999999996
1  4.17e+04  0.4734935247  5.277836e-01 0.95099999999999999996
1  4.37e+04  0.277479524  5.277836e-01 0.95099999999999999996
1  4.57e+04  0.1179276159  5.277836e-01 0.95099999999999999996
1  4.79e+04  0.5155874162  5.277836e-01 0.95099999999999999996
1  5.01e+04  0.3070136178  5.277836e-01 0.95099999999999999996
1  5.25e+04  0.06975430645  5.277836e-01 0.95099999999999999996
1  5.50e+04  0.4982643962  5.277836e-01 0.95099999999999999996
1  5.75e+04  0.313361208  5.277836e-01 0.95099999999999999996
1  6.03e+04  0.0506939077  5.277836e-01 0.95099999999999999996
1  6.31e+04  0.4657735704  5.277836e-01 0.95099999999999999996
1  6.61e+04  0.4562768098  5.277836e-01 0.95099999999999999996
1  6.92e+04  0.1240542886  5.277836e-01 0.95099999999999999996
1  7.24e+04  0.241166818  5.277836e-01 0.95099999999999999996
1  7.59e+04  0.5172176691  5.277836e-01 0.95099999999999999996
1  7.94e+04  0.5102311144  5.277836e-01 0.95099999999999999996
1  8.32e+04  0.3161450345  5.277836e-01 0.95099999999999999996
1  8.71e+04  0.2087326201  5.277836e-01 0.95099999999999999996
1  9.12e+04  0.3162918748  5.277836e-01 0.95099999999999999996
1  9.55e+04  0.5123505691  5.277836e-01 0.95099999999999999996
1  1.00e+05  0.5456745815  5.277836e-01 0.95099999999999999996
1  1.05e+05  0.360139558  5.277836e-01 0.95099999999999999996
1  1.10e+05  0.1761745971  5.277836e-01 0.95099999999999999996
1  1.15e+05  0.2057347534  5.277836e-01 0.95099999999999999996
1  1.20e+05  0.4033094239  5.277836e-01 0.95099999999999999996
1  1.26e+05  0.5503902773  5.277836e-01 0.95099999999999999996
1  1.32e+05  0.5091052124  5.277836e-01 0.95099999999999999996
1  1.38e+05  0.3384561629  5.277836e-01 0.95099999999999999996
1  1.45e+05  0.1995118484  5.277836e-01 0.95099999999999999996
1  1.51e+05  0.1988905206  5.277836e-01 0.95099999999999999996
1  1.58e+05  0.3208880016  5.277836e-01 0.95099999999999999996
1  1.66e+05  0.47051877  5.277836e-01 0.95099999999999999996
1  1.74e+05  0.5571819704  5.277836e-01 0.95099999999999999996
1  1.82e+05  0.548135459  5.277836e-01 0.95099999999999999996
1  1.91e+05  0.4698445273  5.277836e-01 0.95099999999999999996
1  2.00e+05  0.3764395163  5.277836e-01 0.95099999999999999996
1  2.09e+05  0.3151778379  5.277836e-01 0.95099999999999999996
1  2.19e+05  0.3074962507  5.277836e-01 0.95099999999999999996
1  2.29e+05  0.348297226  5.277836e-01 0.95099999999999999996
1  2.40e+05  0.4163818942  5.277836e-01 0.95099999999999999996
1  2.51e+05  0.4871852856  5.277836e-01 0.95099999999999999996
1  2.63e+05  0.5419745681  5.277836e-01 0.95099999999999999996
1  2.75e+05  0.5716672432  5.277836e-01 0.95099999999999999996
1  2.88e+05  0.5762191093  5.277836e-01 0.95099999999999999996
1  3.02e+05  0.56162231  5.277836e-01 0.95099999999999999996
1  3.16e+05  0.5364024647  5.277836e-01 0.95099999999999999996
1  3.31e+05  0.508801166  5.277836e-01 0.95099999999999999996
1  3.47e+05  0.4850964258  5.277836e-01 0.95099999999999999996
1  3.63e+05  0.4690004775  5.277836e-01 0.95099999999999999996
1  3.80e+05  0.46182559  5.277836e-01 0.95099999999999999996
1  3.98e+05  0.4630616461  5.277836e-01 0.95099999999999999996
1  4.17e+05  0.4710746542  5.277836e-01 0.95099999999999999996
1  4.37e+05  0.4837391616  5.277836e-01 0.95099999999999999996
1  4.57e+05  0.4989145087  5.277836e-01 0.95099999999999999996
1  4.79e+05  0.514745383  5.277836e-01 0.95099999999999999996
1  5.01e+05  0.5298084354  5.277836e-01 0.95099999999999999996
1  5.25e+05  0.5431443777  5.277836e-01 0.95099999999999999996
1  5.50e+05  0.5542170299  5.277836e-01 0.95099999999999999996
1  5.75e+05  0.5628344828  5.277836e-01 0.95099999999999999996
1  6.03e+05  0.5690581538  5.277836e-01 0.95099999999999999996
1  6.31e+05  0.5731162285  5.277836e-01 0.95099999999999999996
1  6.61e+05  0.5752616936  5.277836e-01 0.95099999999999999996
1  6.92e+05  0.5758930414  5.277836e-01 0.95099999999999999996
1  7.24e+05  0.5754314531  5.277836e-01 0.95099999999999999996
1  7.59e+05  0.5741777369  5.277836e-01 0.95099999999999999996
1  7.94e+05  0.5724120647  5.277836e-01 0.95099999999999999996
1  8.32e+05  0.5703654024  5.277836e-01 0.95099999999999999996
1  8.71e+05  0.5682195784  5.277836e-01 0.95099999999999999996
1  9.12e+05  0.5661221469  5.277836e-01 0.95099999999999999996
1  9.55e+05  0.5641464886  5.277836e-01 0.95099999999999999996
1  1.00e+06  0.562368463  5.277836e-01 0.95099999999999999996
1  1.05e+06  0.5608249517  5.277836e-01 0.95099999999999999996
1  1.10e+06  0.5595322294  5.277836e-01 0.95099999999999999996
1  1.15e+06  0.558491272  5.277836e-01 0.95099999999999999996
1  1.20e+06  0.5576922237  5.277836e-01 0.95099999999999999996
1  1.26e+06  0.5571180293  5.277836e-01 0.95099999999999999996
1  1.32e+06  0.5567472895  5.277836e-01 0.95099999999999999996
1  1.38e+06  0.5565564369  5.277836e-01 0.95099999999999999996
1  1.45e+06  0.5565213353  5.277836e-01 0.95099999999999999996
1  1.51e+06  0.5566184095  5.277836e-01 0.95099999999999999996
1  1.58e+06  0.5568254014  5.277836e-01 0.95099999999999999996
1  1.66e+06  0.5571218365  5.277836e-01 0.95099999999999999996
1  1.74e+06  0.5574892739  5.277836e-01 0.95099999999999999996
1  1.82e+06  0.5579113968  5.277836e-01 0.95099999999999999996
1  1.91e+06  0.5583764266  5.277836e-01 0.95099999999999999996
1  2.00e+06  0.5588670801  5.277836e-01 0.95099999999999999996
1  2.09e+06  0.5593756852  5.277836e-01 0.95099999999999999996
1  2.19e+06  0.5598936013  5.277836e-01 0.95099999999999999996
1  2.29e+06  0.560413707  5.277836e-01 0.95099999999999999996
1  2.40e+06  0.5609302202  5.277836e-01 0.95099999999999999996
1  2.51e+06  0.5614385248  5.277836e-01 0.95099999999999999996
1  2.63e+06  0.5619350083  5.277836e-01 0.95099999999999999996
1  2.75e+06  0.5624169137  5.277836e-01 0.95099999999999999996
1  2.88e+06  0.5628822052  5.277836e-01 0.95099999999999999996
1  3.02e+06  0.5633294495  5.277836e-01 0.95099999999999999996
1  3.16e+06  0.5637577121  5.277836e-01 0.95099999999999999996
1  3.31e+06  0.5641664665  5.277836e-01 0.95099999999999999996
1  3.47e+06  0.564555516  5.277836e-01 0.95099999999999999996
1  3.63e+06  0.5649249282  5.277836e-01 0.95099999999999999996
1  3.80e+06  0.5652756041  5.277836e-01 0.95099999999999999996
1  3.98e+06  0.5656066729  5.277836e-01 0.95099999999999999996
1  4.17e+06  0.5659193757  5.277836e-01 0.95099999999999999996
1  4.37e+06  0.5662143567  5.277836e-01 0.95099999999999999996
1  4.57e+06  0.5664923218  5.277836e-01 0.95099999999999999996
1  4.79e+06  0.5667540167  5.277836e-01 0.95099999999999999996
1  5.01e+06  0.5670002092  5.277836e-01 0.95099999999999999996
1  5.25e+06  0.5672316753  5.277836e-01 0.95099999999999999996
1  5.50e+06  0.5674491878  5.277836e-01 0.95099999999999999996
1  5.75e+06  0.5676535079  5.277836e-01 0.95099999999999999996
1  6.03e+06  0.5678453788  5.277836e-01 0.95099999999999999996
1  6.31e+06  0.5680255203  5.277836e-01 0.95099999999999999996
1  6.61e+06  0.5681946256  5.277836e-01 0.95099999999999999996
1  6.92e+06  0.5683533591  5.277836e-01 0.95099999999999999996
1  7.24e+06  0.5685023543  5.277836e-01 0.95099999999999999996
1  7.59e+06  0.5686423751  5.277836e-01 0.95099999999999999996
1  7.94e+06  0.5687736554  5.277836e-01 0.95099999999999999996
1  8.32e+06  0.5688969114  5.277836e-01 0.95099999999999999996
1  8.71e+06  0.5690126517  5.277836e-01 0.95099999999999999996
1  9.12e+06  0.5691213552  5.277836e-01 0.95099999999999999996
1  9.55e+06  0.5692234719  5.277836e-01 0.95099999999999999996
1  1.00e+07  0.5693194238  5.277836e-01 0.95099999999999999996
