1  1.00e-03  0.2702438427  5.377732e-01 0.96900000000000000001
1  1.05e-03  0.2702438409  5.377732e-01 0.96900000000000000001
1  1.10e-03  0.2702438392  5.377732e-01 0.96900000000000000001
1  1.15e-03  0.2702438454  5.377732e-01 0.96900000000000000001
1  1.20e-03  0.2702438427  5.377732e-01 0.96900000000000000001
1  1.26e-03  0.2702438434  5.377732e-01 0.96900000000000000001
1  1.32e-03  0.2702438452  5.377732e-01 0.96900000000000000001
1  1.38e-03  0.2702438415  5.377732e-01 0.96900000000000000001
1  1.45e-03  0.2702438401  5.377732e-01 0.96900000000000000001
1  1.51e-03  0.2702438401  5.377732e-01 0.96900000000000000001
1  1.58e-03  0.2702438386  5.377732e-01 0.96900000000000000001
1  1.66e-03  0.2702438395  5.377732e-01 0.96900000000000000001
1  1.74e-03  0.2702438354  5.377732e-01 0.96900000000000000001
1  1.82e-03  0.2702438407  5.377732e-01 0.96900000000000000001
1  1.91e-03  0.2702438393  5.377732e-01 0.96900000000000000001
1  2.00e-03  0.2702438407  5.377732e-01 0.96900000000000000001
1  2.09e-03  0.2702438462  5.377732e-01 0.96900000000000000001
1  2.19e-03  0.2702438429  5.377732e-01 0.96900000000000000001
1  2.29e-03  0.2702438457  5.377732e-01 0.96900000000000000001
1  2.40e-03  0.2702438442  5.377732e-01 0.96900000000000000001
1  2.51e-03  0.2702438441  5.377732e-01 0.96900000000000000001
1  2.63e-03  0.2702438409  5.377732e-01 0.96900000000000000001
1  2.75e-03  0.2702438421  5.377732e-01 0.96900000000000000001
1  2.88e-03  0.2702438467  5.377732e-01 0.96900000000000000001
1  3.02e-03  0.2702438497  5.377732e-01 0.96900000000000000001
1  3.16e-03  0.2702438474  5.377732e-01 0.96900000000000000001
1  3.31e-03  0.2702438442  5.377732e-01 0.96900000000000000001
1  3.47e-03  0.2702438471  5.377732e-01 0.96900000000000000001
1  3.63e-03  0.2702438412  5.377732e-01 0.96900000000000000001
1  3.80e-03  0.2702438447  5.377732e-01 0.96900000000000000001
1  3.98e-03  0.2702438435  5.377732e-01 0.96900000000000000001
1  4.17e-03  0.2702438453  5.377732e-01 0.96900000000000000001
1  4.37e-03  0.2702438407  5.377732e-01 0.96900000000000000001
1  4.57e-03  0.270243842  5.377732e-01 0.96900000000000000001
1  4.79e-03  0.2702438444  5.377732e-01 0.96900000000000000001
1  5.01e-03  0.2702438455  5.377732e-01 0.96900000000000000001
1  5.25e-03  0.270243842  5.377732e-01 0.96900000000000000001
1  5.50e-03  0.2702438409  5.377732e-01 0.96900000000000000001
1  5.75e-03  0.2702438478  5.377732e-01 0.96900000000000000001
1  6.03e-03  0.270243843  5.377732e-01 0.96900000000000000001
1  6.31e-03  0.2702438491  5.377732e-01 0.96900000000000000001
1  6.61e-03  0.2702438428  5.377732e-01 0.96900000000000000001
1  6.92e-03  0.2702438468  5.377732e-01 0.96900000000000000001
1  7.24e-03  0.2702438449  5.377732e-01 0.96900000000000000001
1  7.59e-03  0.2702438431  5.377732e-01 0.96900000000000000001
1  7.94e-03  0.2702438502  5.377732e-01 0.96900000000000000001
1  8.32e-03  0.2702438376  5.377732e-01 0.96900000000000000001
1  8.71e-03  0.2702438454  5.377732e-01 0.96900000000000000001
1  9.12e-03  0.2702438396  5.377732e-01 0.96900000000000000001
1  9.55e-03  0.270243847  5.377732e-01 0.96900000000000000001
1  1.00e-02  0.2702438405  5.377732e-01 0.96900000000000000001
1  1.05e-02  0.2702438455  5.377732e-01 0.96900000000000000001
1  1.10e-02  0.2702438445  5.377732e-01 0.96900000000000000001
1  1.15e-02  0.2702438481  5.377732e-01 0.96900000000000000001
1  1.20e-02  0.2702438494  5.377732e-01 0.96900000000000000001
1  1.26e-02  0.2702438379  5.377732e-01 0.96900000000000000001
1  1.32e-02  0.2702438121  5.377732e-01 0.96900000000000000001
1  1.38e-02  0.2702438497  5.377732e-01 0.96900000000000000001
1  1.45e-02  0.270243852  5.377732e-01 0.96900000000000000001
1  1.51e-02  0.2702438515  5.377732e-01 0.96900000000000000001
1  1.58e-02  0.2702438537  5.377732e-01 0.96900000000000000001
1  1.66e-02  0.2702437605  5.377732e-01 0.96900000000000000001
1  1.74e-02  0.2702438499  5.377732e-01 0.96900000000000000001
1  1.82e-02  0.2702438493  5.377732e-01 0.96900000000000000001
1  1.91e-02  0.2702438511  5.377732e-01 0.96900000000000000001
1  2.00e-02  0.2702438425  5.377732e-01 0.96900000000000000001
1  2.09e-02  0.2702438528  5.377732e-01 0.96900000000000000001
1  2.19e-02  0.2702438481  5.377732e-01 0.96900000000000000001
1  2.29e-02  0.2702438499  5.377732e-01 0.96900000000000000001
1  2.40e-02  0.2702438506  5.377732e-01 0.96900000000000000001
1  2.51e-02  0.2702436717  5.377732e-01 0.96900000000000000001
1  2.63e-02  0.2702436577  5.377732e-01 0.96900000000000000001
1  2.75e-02  0.2702438527  5.377732e-01 0.96900000000000000001
1  2.88e-02  0.2702438713  5.377732e-01 0.96900000000000000001
1  3.02e-02  0.2702438667  5.377732e-01 0.96900000000000000001
1  3.16e-02  0.2702439784  5.377732e-01 0.96900000000000000001
1  3.31e-02  0.2702438881  5.377732e-01 0.96900000000000000001
1  3.47e-02  0.2702438581  5.377732e-01 0.96900000000000000001
1  3.63e-02  0.2702017219  5.377732e-01 0.96900000000000000001
1  3.80e-02  0.2702438177  5.377732e-01 0.96900000000000000001
1  3.98e-02  0.270244232  5.377732e-01 0.96900000000000000001
1  4.17e-02  0.2702436831  5.377732e-01 0.96900000000000000001
1  4.37e-02  0.270243829  5.377732e-01 0.96900000000000000001
1  4.57e-02  0.2702438238  5.377732e-01 0.96900000000000000001
1  4.79e-02  0.2702438432  5.377732e-01 0.96900000000000000001
1  5.01e-02  0.2702438478  5.377732e-01 0.96900000000000000001
1  5.25e-02  0.2702438631  5.377732e-01 0.96900000000000000001
1  5.50e-02  0.2702438485  5.377732e-01 0.96900000000000000001
1  5.75e-02  0.2702438488  5.377732e-01 0.96900000000000000001
1  6.03e-02  0.2702438258  5.377732e-01 0.96900000000000000001
1  6.31e-02  0.2702438504  5.377732e-01 0.96900000000000000001
1  6.61e-02  0.2702438746  5.377732e-01 0.96900000000000000001
1  6.92e-02  0.2702438232  5.377732e-01 0.96900000000000000001
1  7.24e-02  0.2702436086  5.377732e-01 0.96900000000000000001
1  7.59e-02  0.2702238012  5.377732e-01 0.96900000000000000001
1  7.94e-02  0.2702439223  5.377732e-01 0.96900000000000000001
1  8.32e-02  0.2702436943  5.377732e-01 0.96900000000000000001
1  8.71e-02  0.2702437723  5.377732e-01 0.96900000000000000001
1  9.12e-02  0.2702437733  5.377732e-01 0.96900000000000000001
1  9.55e-02  0.2702437622  5.377732e-01 0.96900000000000000001
1  1.00e-01  0.2702437749  5.377732e-01 0.96900000000000000001
1  1.05e-01  0.2702437962  5.377732e-01 0.96900000000000000001
1  1.10e-01  0.2702437883  5.377732e-01 0.96900000000000000001
1  1.15e-01  0.2702438871  5.377732e-01 0.96900000000000000001
1  1.20e-01  0.270243906  5.377732e-01 0.96900000000000000001
1  1.26e-01  0.2702438211  5.377732e-01 0.96900000000000000001
1  1.32e-01  0.2702438751  5.377732e-01 0.96900000000000000001
1  1.38e-01  0.2702437721  5.377732e-01 0.96900000000000000001
1  1.45e-01  0.2702439485  5.377732e-01 0.96900000000000000001
1  1.51e-01  0.2702438659  5.377732e-01 0.96900000000000000001
1  1.58e-01  0.2702437909  5.377732e-01 0.96900000000000000001
1  1.66e-01  0.270244005  5.377732e-01 0.96900000000000000001
1  1.74e-01  0.2702438648  5.377732e-01 0.96900000000000000001
1  1.82e-01  0.2702439564  5.377732e-01 0.96900000000000000001
1  1.91e-01  0.2702439615  5.377732e-01 0.96900000000000000001
1  2.00e-01  0.2702439817  5.377732e-01 0.96900000000000000001
1  2.09e-01  0.2702437749  5.377732e-01 0.96900000000000000001
1  2.19e-01  0.2702435257  5.377732e-01 0.96900000000000000001
1  2.29e-01  0.2702440114  5.377732e-01 0.96900000000000000001
1  2.40e-01  0.2702440256  5.377732e-01 0.96900000000000000001
1  2.51e-01  0.2702438187  5.377732e-01 0.96900000000000000001
1  2.63e-01  0.270244015  5.377732e-01 0.96900000000000000001
1  2.75e-01  0.2702438228  5.377732e-01 0.96900000000000000001
1  2.88e-01  0.2702439358  5.377732e-01 0.96900000000000000001
1  3.02e-01  0.2702438171  5.377732e-01 0.96900000000000000001
1  3.16e-01  0.2702437578  5.377732e-01 0.96900000000000000001
1  3.31e-01  0.2702440911  5.377732e-01 0.96900000000000000001
1  3.47e-01  0.2702454853  5.377732e-01 0.96900000000000000001
1  3.63e-01  0.2702441157  5.377732e-01 0.96900000000000000001
1  3.80e-01  0.2702437975  5.377732e-01 0.96900000000000000001
1  3.98e-01  0.2702438136  5.377732e-01 0.96900000000000000001
1  4.17e-01  0.2702442059  5.377732e-01 0.96900000000000000001
1  4.37e-01  0.2702437722  5.377732e-01 0.96900000000000000001
1  4.57e-01  0.2702439164  5.377732e-01 0.96900000000000000001
1  4.79e-01  0.2702439674  5.377732e-01 0.96900000000000000001
1  5.01e-01  0.2702437874  5.377732e-01 0.96900000000000000001
1  5.25e-01  0.2702423766  5.377732e-01 0.96900000000000000001
1  5.50e-01  0.2702438634  5.377732e-01 0.96900000000000000001
1  5.75e-01  0.2702467925  5.377732e-01 0.96900000000000000001
1  6.03e-01  0.2702443656  5.377732e-01 0.96900000000000000001
1  6.31e-01  0.2702440541  5.377732e-01 0.96900000000000000001
1  6.61e-01  0.2702438065  5.377732e-01 0.96900000000000000001
1  6.92e-01  0.2702442434  5.377732e-01 0.96900000000000000001
1  7.24e-01  0.2702438482  5.377732e-01 0.96900000000000000001
1  7.59e-01  0.2702447678  5.377732e-01 0.96900000000000000001
1  7.94e-01  0.2702435476  5.377732e-01 0.96900000000000000001
1  8.32e-01  0.270244413  5.377732e-01 0.96900000000000000001
1  8.71e-01  0.2702442303  5.377732e-01 0.96900000000000000001
1  9.12e-01  0.2702440722  5.377732e-01 0.96900000000000000001
1  9.55e-01  0.2702423898  5.377732e-01 0.96900000000000000001
1  1.00e+00  0.2702429005  5.377732e-01 0.96900000000000000001
1  1.05e+00  0.27024398  5.377732e-01 0.96900000000000000001
1  1.10e+00  0.2702441727  5.377732e-01 0.96900000000000000001
1  1.15e+00  0.2702450097  5.377732e-01 0.96900000000000000001
1  1.20e+00  0.2702400911  5.377732e-01 0.96900000000000000001
1  1.26e+00  0.2702443974  5.377732e-01 0.96900000000000000001
1  1.32e+00  0.2702444505  5.377732e-01 0.96900000000000000001
1  1.38e+00  0.2702448536  5.377732e-01 0.96900000000000000001
1  1.45e+00  0.2702446162  5.377732e-01 0.96900000000000000001
1  1.51e+00  0.2702438155  5.377732e-01 0.96900000000000000001
1  1.58e+00  0.2702442866  5.377732e-01 0.96900000000000000001
1  1.66e+00  0.2702449113  5.377732e-01 0.96900000000000000001
1  1.74e+00  0.2702452975  5.377732e-01 0.96900000000000000001
1  1.82e+00  0.2702443092  5.377732e-01 0.96900000000000000001
1  1.91e+00  0.2702452388  5.377732e-01 0.96900000000000000001
1  2.00e+00  0.270244024  5.377732e-01 0.96900000000000000001
1  2.09e+00  0.2702455494  5.377732e-01 0.96900000000000000001
1  2.19e+00  0.2702453402  5.377732e-01 0.96900000000000000001
1  2.29e+00  0.2702459611  5.377732e-01 0.96900000000000000001
1  2.40e+00  0.2702418738  5.377732e-01 0.96900000000000000001
1  2.51e+00  0.2702454443  5.377732e-01 0.96900000000000000001
1  2.63e+00  0.2702455124  5.377732e-01 0.96900000000000000001
1  2.75e+00  0.2702459219  5.377732e-01 0.96900000000000000001
1  2.88e+00  0.2702438105  5.377732e-01 0.96900000000000000001
1  3.02e+00  0.2702460802  5.377732e-01 0.96900000000000000001
1  3.16e+00  0.2702434858  5.377732e-01 0.96900000000000000001
1  3.31e+00  0.2702472983  5.377732e-01 0.96900000000000000001
1  3.47e+00  0.2702471639  5.377732e-01 0.96900000000000000001
1  3.63e+00  0.2702463661  5.377732e-01 0.96900000000000000001
1  3.80e+00  0.2702473591  5.377732e-01 0.96900000000000000001
1  3.98e+00  0.2702479611  5.377732e-01 0.96900000000000000001
1  4.17e+00  0.2702426634  5.377732e-01 0.96900000000000000001
1  4.37e+00  0.2702441523  5.377732e-01 0.96900000000000000001
1  4.57e+00  0.2702469818  5.377732e-01 0.96900000000000000001
1  4.79e+00  0.2702461545  5.377732e-01 0.96900000000000000001
1  5.01e+00  0.2702477602  5.377732e-01 0.96900000000000000001
1  5.25e+00  0.2702489741  5.377732e-01 0.96900000000000000001
1  5.50e+00  0.2702496218  5.377732e-01 0.96900000000000000001
1  5.75e+00  0.2702478562  5.377732e-01 0.96900000000000000001
1  6.03e+00  0.2702468611  5.377732e-01 0.96900000000000000001
1  6.31e+00  0.2702479498  5.377732e-01 0.96900000000000000001
1  6.61e+00  0.2702507399  5.377732e-01 0.96900000000000000001
1  6.92e+00  0.2702449076  5.377732e-01 0.96900000000000000001
1  7.24e+00  0.2702498727  5.377732e-01 0.96900000000000000001
1  7.59e+00  0.2702432428  5.377732e-01 0.96900000000000000001
1  7.94e+00  0.270243686  5.377732e-01 0.96900000000000000001
1  8.32e+00  0.2702444303  5.377732e-01 0.96900000000000000001
1  8.71e+00  0.2702475023  5.377732e-01 0.96900000000000000001
1  9.12e+00  0.2702584188  5.377732e-01 0.96900000000000000001
1  9.55e+00  0.2702454089  5.377732e-01 0.96900000000000000001
1  1.00e+01  0.270257357  5.377732e-01 0.96900000000000000001
1  1.05e+01  0.2702502282  5.377732e-01 0.96900000000000000001
1  1.10e+01  0.2702568848  5.377732e-01 0.96900000000000000001
1  1.15e+01  0.2702443225  5.377732e-01 0.96900000000000000001
1  1.20e+01  0.2702493273  5.377732e-01 0.96900000000000000001
1  1.26e+01  0.270254854  5.377732e-01 0.96900000000000000001
1  1.32e+01  0.2702572525  5.377732e-01 0.96900000000000000001
1  1.38e+01  0.2702460309  5.377732e-01 0.96900000000000000001
1  1.45e+01  0.2702578752  5.377732e-01 0.96900000000000000001
1  1.51e+01  0.2702722593  5.377732e-01 0.96900000000000000001
1  1.58e+01  0.2702599767  5.377732e-01 0.96900000000000000001
1  1.66e+01  0.2702689878  5.377732e-01 0.96900000000000000001
1  1.74e+01  0.2702544512  5.377732e-01 0.96900000000000000001
1  1.82e+01  0.2702501705  5.377732e-01 0.96900000000000000001
1  1.91e+01  0.2702449234  5.377732e-01 0.96900000000000000001
1  2.00e+01  0.2702540136  5.377732e-01 0.96900000000000000001
1  2.09e+01  0.2703596713  5.377732e-01 0.96900000000000000001
1  2.19e+01  0.270192902  5.377732e-01 0.96900000000000000001
1  2.29e+01  0.2702546502  5.377732e-01 0.96900000000000000001
1  2.40e+01  0.2702137898  5.377732e-01 0.96900000000000000001
1  2.51e+01  0.2702678199  5.377732e-01 0.96900000000000000001
1  2.63e+01  0.270217753  5.377732e-01 0.96900000000000000001
1  2.75e+01  0.270211392  5.377732e-01 0.96900000000000000001
1  2.88e+01  0.2702476101  5.377732e-01 0.96900000000000000001
1  3.02e+01  0.2703315566  5.377732e-01 0.96900000000000000001
1  3.16e+01  0.2702435012  5.377732e-01 0.96900000000000000001
1  3.31e+01  0.2701296675  5.377732e-01 0.96900000000000000001
1  3.47e+01  0.2701683283  5.377732e-01 0.96900000000000000001
1  3.63e+01  0.2703112219  5.377732e-01 0.96900000000000000001
1  3.80e+01  0.2702306893  5.377732e-01 0.96900000000000000001
1  3.98e+01  0.2702648408  5.377732e-01 0.96900000000000000001
1  4.17e+01  0.2703143492  5.377732e-01 0.96900000000000000001
1  4.37e+01  0.2703353359  5.377732e-01 0.96900000000000000001
1  4.57e+01  0.2702540635  5.377732e-01 0.96900000000000000001
1  4.79e+01  0.2702463259  5.377732e-01 0.96900000000000000001
1  5.01e+01  0.2703243888  5.377732e-01 0.96900000000000000001
1  5.25e+01  0.2702513883  5.377732e-01 0.96900000000000000001
1  5.50e+01  0.2701130718  5.377732e-01 0.96900000000000000001
1  5.75e+01  0.2702361011  5.377732e-01 0.96900000000000000001
1  6.03e+01  0.2702723219  5.377732e-01 0.96900000000000000001
1  6.31e+01  0.270295539  5.377732e-01 0.96900000000000000001
1  6.61e+01  0.2702575366  5.377732e-01 0.96900000000000000001
1  6.92e+01  0.2701717353  5.377732e-01 0.96900000000000000001
1  7.24e+01  0.2702590528  5.377732e-01 0.96900000000000000001
1  7.59e+01  0.2702387898  5.377732e-01 0.96900000000000000001
1  7.94e+01  0.2702330142  5.377732e-01 0.96900000000000000001
1  8.32e+01  0.2703520119  5.377732e-01 0.96900000000000000001
1  8.71e+01  0.270311365  5.377732e-01 0.96900000000000000001
1  9.12e+01  0.2703076583  5.377732e-01 0.96900000000000000001
1  9.55e+01  0.2702488088  5.377732e-01 0.96900000000000000001
1  1.00e+02  0.2702900754  5.377732e-01 0.96900000000000000001
1  1.05e+02  0.2702944872  5.377732e-01 0.96900000000000000001
1  1.10e+02  0.2701910392  5.377732e-01 0.96900000000000000001
1  1.15e+02  0.2702581579  5.377732e-01 0.96900000000000000001
1  1.20e+02  0.2703536051  5.377732e-01 0.96900000000000000001
1  1.26e+02  0.2702260927  5.377732e-01 0.96900000000000000001
1  1.32e+02  0.2702910635  5.377732e-01 0.96900000000000000001
1  1.38e+02  0.270389203  5.377732e-01 0.96900000000000000001
1  1.45e+02  0.2702471093  5.377732e-01 0.96900000000000000001
1  1.51e+02  0.2703514969  5.377732e-01 0.96900000000000000001
1  1.58e+02  0.2704484607  5.377732e-01 0.96900000000000000001
1  1.66e+02  0.2702813044  5.377732e-01 0.96900000000000000001
1  1.74e+02  0.2702794354  5.377732e-01 0.96900000000000000001
1  1.82e+02  0.2703686359  5.377732e-01 0.96900000000000000001
1  1.91e+02  0.2703695438  5.377732e-01 0.96900000000000000001
1  2.00e+02  0.2703752732  5.377732e-01 0.96900000000000000001
1  2.09e+02  0.2702638641  5.377732e-01 0.96900000000000000001
1  2.19e+02  0.2704267819  5.377732e-01 0.96900000000000000001
1  2.29e+02  0.2703723675  5.377732e-01 0.96900000000000000001
1  2.40e+02  0.2702761318  5.377732e-01 0.96900000000000000001
1  2.51e+02  0.2703151341  5.377732e-01 0.96900000000000000001
1  2.63e+02  0.2705124875  5.377732e-01 0.96900000000000000001
1  2.75e+02  0.2702994866  5.377732e-01 0.96900000000000000001
1  2.88e+02  0.2702966295  5.377732e-01 0.96900000000000000001
1  3.02e+02  0.2702465222  5.377732e-01 0.96900000000000000001
1  3.16e+02  0.2703504913  5.377732e-01 0.96900000000000000001
1  3.31e+02  0.270278394  5.377732e-01 0.96900000000000000001
1  3.47e+02  0.2704028363  5.377732e-01 0.96900000000000000001
1  3.63e+02  0.2704021984  5.377732e-01 0.96900000000000000001
1  3.80e+02  0.2703670375  5.377732e-01 0.96900000000000000001
1  3.98e+02  0.2703565283  5.377732e-01 0.96900000000000000001
1  4.17e+02  0.2704559842  5.377732e-01 0.96900000000000000001
1  4.37e+02  0.2702452832  5.377732e-01 0.96900000000000000001
1  4.57e+02  0.2706910481  5.377732e-01 0.96900000000000000001
1  4.79e+02  0.2703587916  5.377732e-01 0.96900000000000000001
1  5.01e+02  0.2704463313  5.377732e-01 0.96900000000000000001
1  5.25e+02  0.2707178373  5.377732e-01 0.96900000000000000001
1  5.50e+02  0.2702918331  5.377732e-01 0.96900000000000000001
1  5.75e+02  0.2703229101  5.377732e-01 0.96900000000000000001
1  6.03e+02  0.2702740183  5.377732e-01 0.96900000000000000001
1  6.31e+02  0.2706319103  5.377732e-01 0.96900000000000000001
1  6.61e+02  0.2702981618  5.377732e-01 0.96900000000000000001
1  6.92e+02  0.2705047383  5.377732e-01 0.96900000000000000001
1  7.24e+02  0.2704245719  5.377732e-01 0.96900000000000000001
1  7.59e+02  0.270558418  5.377732e-01 0.96900000000000000001
1  7.94e+02  0.2703740023  5.377732e-01 0.96900000000000000001
1  8.32e+02  0.2706798804  5.377732e-01 0.96900000000000000001
1  8.71e+02  0.2710633781  5.377732e-01 0.96900000000000000001
1  9.12e+02  0.2702610003  5.377732e-01 0.96900000000000000001
1  9.55e+02  0.2714184885  5.377732e-01 0.96900000000000000001
1  1.00e+03  0.2704664632  5.377732e-01 0.96900000000000000001
1  1.05e+03  0.2698349362  5.377732e-01 0.96900000000000000001
1  1.10e+03  0.2705594427  5.377732e-01 0.96900000000000000001
1  1.15e+03  0.2727287151  5.377732e-01 0.96900000000000000001
1  1.20e+03  0.2721660312  5.377732e-01 0.96900000000000000001
1  1.26e+03  0.2701608568  5.377732e-01 0.96900000000000000001
1  1.32e+03  0.2700228861  5.377732e-01 0.96900000000000000001
1  1.38e+03  0.2697523633  5.377732e-01 0.96900000000000000001
1  1.45e+03  0.2692972518  5.377732e-01 0.96900000000000000001
1  1.51e+03  0.2729983481  5.377732e-01 0.96900000000000000001
1  1.58e+03  0.2784794101  5.377732e-01 0.96900000000000000001
1  1.66e+03  0.2783820574  5.377732e-01 0.96900000000000000001
1  1.74e+03  0.2764648093  5.377732e-01 0.96900000000000000001
1  1.82e+03  0.2675074383  5.377732e-01 0.96900000000000000001
1  1.91e+03  0.2664764873  5.377732e-01 0.96900000000000000001
1  2.00e+03  0.2632382359  5.377732e-01 0.96900000000000000001
1  2.09e+03  0.2717305784  5.377732e-01 0.96900000000000000001
1  2.19e+03  0.2723926108  5.377732e-01 0.96900000000000000001
1  2.29e+03  0.2755938733  5.377732e-01 0.96900000000000000001
1  2.40e+03  0.2858596604  5.377732e-01 0.96900000000000000001
1  2.51e+03  0.2880584133  5.377732e-01 0.96900000000000000001
1  2.63e+03  0.2694209543  5.377732e-01 0.96900000000000000001
1  2.75e+03  0.3003574488  5.377732e-01 0.96900000000000000001
1  2.88e+03  0.271061745  5.377732e-01 0.96900000000000000001
1  3.02e+03  0.2811851015  5.377732e-01 0.96900000000000000001
1  3.16e+03  0.2958949746  5.377732e-01 0.96900000000000000001
1  3.31e+03  0.2955266228  5.377732e-01 0.96900000000000000001
1  3.47e+03  0.2895137776  5.377732e-01 0.96900000000000000001
1  3.63e+03  0.2744234147  5.377732e-01 0.96900000000000000001
1  3.80e+03  0.2483985633  5.377732e-01 0.96900000000000000001
1  3.98e+03  0.2635078713  5.377732e-01 0.96900000000000000001
1  4.17e+03  0.2665107247  5.377732e-01 0.96900000000000000001
1  4.37e+03  0.2507720842  5.377732e-01 0.96900000000000000001
1  4.57e+03  0.2582304268  5.377732e-01 0.96900000000000000001
1  4.79e+03  0.2676387476  5.377732e-01 0.96900000000000000001
1  5.01e+03  0.2486934484  5.377732e-01 0.96900000000000000001
1  5.25e+03  0.2465999236  5.377732e-01 0.96900000000000000001
1  5.50e+03  0.2556689482  5.377732e-01 0.96900000000000000001
1  5.75e+03  0.2626736434  5.377732e-01 0.96900000000000000001
1  6.03e+03  0.2571803582  5.377732e-01 0.96900000000000000001
1  6.31e+03  0.2452162032  5.377732e-01 0.96900000000000000001
1  6.61e+03  0.2488876515  5.377732e-01 0.96900000000000000001
1  6.92e+03  0.3041415398  5.377732e-01 0.96900000000000000001
1  7.24e+03  0.2919259177  5.377732e-01 0.96900000000000000001
1  7.59e+03  0.2560488746  5.377732e-01 0.96900000000000000001
1  7.94e+03  0.3277271891  5.377732e-01 0.96900000000000000001
1  8.32e+03  0.2530293919  5.377732e-01 0.96900000000000000001
1  8.71e+03  0.3361083306  5.377732e-01 0.96900000000000000001
1  9.12e+03  0.2659091843  5.377732e-01 0.96900000000000000001
1  9.55e+03  0.2842938812  5.377732e-01 0.96900000000000000001
1  1.00e+04  0.336931108  5.377732e-01 0.96900000000000000001
1  1.05e+04  0.3135901013  5.377732e-01 0.96900000000000000001
1  1.10e+04  0.2552154052  5.377732e-01 0.96900000000000000001
1  1.15e+04  0.2703104435  5.377732e-01 0.96900000000000000001
1  1.20e+04  0.298457841  5.377732e-01 0.96900000000000000001
1  1.26e+04  0.337942705  5.377732e-01 0.96900000000000000001
1  1.32e+04  0.3286253283  5.377732e-01 0.96900000000000000001
1  1.38e+04  0.3550842498  5.377732e-01 0.96900000000000000001
1  1.45e+04  0.3228521035  5.377732e-01 0.96900000000000000001
1  1.51e+04  0.3262215035  5.377732e-01 0.96900000000000000001
1  1.58e+04  0.282451047  5.377732e-01 0.96900000000000000001
1  1.66e+04  0.2611316202  5.377732e-01 0.96900000000000000001
1  1.74e+04  0.3199835423  5.377732e-01 0.96900000000000000001
1  1.82e+04  0.3508488701  5.377732e-01 0.96900000000000000001
1  1.91e+04  0.388353966  5.377732e-01 0.96900000000000000001
1  2.00e+04  0.2847792088  5.377732e-01 0.96900000000000000001
1  2.09e+04  0.2932913017  5.377732e-01 0.96900000000000000001
1  2.19e+04  0.3963564889  5.377732e-01 0.96900000000000000001
1  2.29e+04  0.3080580302  5.377732e-01 0.96900000000000000001
1  2.40e+04  0.3204646227  5.377732e-01 0.96900000000000000001
1  2.51e+04  0.3984541112  5.377732e-01 0.96900000000000000001
1  2.63e+04  0.2767779576  5.377732e-01 0.96900000000000000001
1  2.75e+04  0.4113208637  5.377732e-01 0.96900000000000000001
1  2.88e+04  0.2898289978  5.377732e-01 0.96900000000000000001
1  3.02e+04  0.3661737781  5.377732e-01 0.96900000000000000001
1  3.16e+04  0.3363631729  5.377732e-01 0.96900000000000000001
1  3.31e+04  0.368539717  5.377732e-01 0.96900000000000000001
1  3.47e+04  0.2963086551  5.377732e-01 0.96900000000000000001
1  3.63e+04  0.4196261822  5.377732e-01 0.96900000000000000001
1  3.80e+04  0.2752191933  5.377732e-01 0.96900000000000000001
1  3.98e+04  0.4193956763  5.377732e-01 0.96900000000000000001
1  4.17e+04  0.2846846944  5.377732e-01 0.96900000000000000001
1  4.37e+04  0.3651630701  5.377732e-01 0.96900000000000000001
1  4.57e+04  0.388542158  5.377732e-01 0.96900000000000000001
1  4.79e+04  0.2768257784  5.377732e-01 0.96900000000000000001
1  5.01e+04  0.3560395946  5.377732e-01 0.96900000000000000001
1  5.25e+04  0.4049782302  5.377732e-01 0.96900000000000000001
1  5.50e+04  0.2796059787  5.377732e-01 0.96900000000000000001
1  5.75e+04  0.3557495839  5.377732e-01 0.96900000000000000001
1  6.03e+04  0.4119825025  5.377732e-01 0.96900000000000000001
1  6.31e+04  0.287397761  5.377732e-01 0.96900000000000000001
1  6.61e+04  0.3124450114  5.377732e-01 0.96900000000000000001
1  6.92e+04  0.4020169814  5.377732e-01 0.96900000000000000001
1  7.24e+04  0.3515946515  5.377732e-01 0.96900000000000000001
1  7.59e+04  0.2770527215  5.377732e-01 0.96900000000000000001
1  7.94e+04  0.2921493596  5.377732e-01 0.96900000000000000001
1  8.32e+04  0.3499126908  5.377732e-01 0.96900000000000000001
1  8.71e+04  0.371276843  5.377732e-01 0.96900000000000000001
1  9.12e+04  0.3313902809  5.377732e-01 0.96900000000000000001
1  9.55e+04  0.278178682  5.377732e-01 0.96900000000000000001
1  1.00e+05  0.2807261116  5.377732e-01 0.96900000000000000001
1  1.05e+05  0.3401265749  5.377732e-01 0.96900000000000000001
1  1.10e+05  0.3854731894  5.377732e-01 0.96900000000000000001
1  1.15e+05  0.3650495646  5.377732e-01 0.96900000000000000001
1  1.20e+05  0.3055312023  5.377732e-01 0.96900000000000000001
1  1.26e+05  0.2720119994  5.377732e-01 0.96900000000000000001
1  1.32e+05  0.2946260644  5.377732e-01 0.96900000000000000001
1  1.38e+05  0.346533932  5.377732e-01 0.96900000000000000001
1  1.45e+05  0.3800713325  5.377732e-01 0.96900000000000000001
1  1.51e+05  0.3708675382  5.377732e-01 0.96900000000000000001
1  1.58e+05  0.3306369248  5.377732e-01 0.96900000000000000001
1  1.66e+05  0.289459222  5.377732e-01 0.96900000000000000001
1  1.74e+05  0.2711223339  5.377732e-01 0.96900000000000000001
1  1.82e+05  0.280552575  5.377732e-01 0.96900000000000000001
1  1.91e+05  0.3066031155  5.377732e-01 0.96900000000000000001
1  2.00e+05  0.3326799465  5.377732e-01 0.96900000000000000001
1  2.09e+05  0.3464002648  5.377732e-01 0.96900000000000000001
1  2.19e+05  0.3438040769  5.377732e-01 0.96900000000000000001
1  2.29e+05  0.3283300502  5.377732e-01 0.96900000000000000001
1  2.40e+05  0.3071320729  5.377732e-01 0.96900000000000000001
1  2.51e+05  0.2873372374  5.377732e-01 0.96900000000000000001
1  2.63e+05  0.2737060824  5.377732e-01 0.96900000000000000001
1  2.75e+05  0.2679551903  5.377732e-01 0.96900000000000000001
1  2.88e+05  0.2692788767  5.377732e-01 0.96900000000000000001
1  3.02e+05  0.2754049421  5.377732e-01 0.96900000000000000001
1  3.16e+05  0.2836480835  5.377732e-01 0.96900000000000000001
1  3.31e+05  0.2916682339  5.377732e-01 0.96900000000000000001
1  3.47e+05  0.2978583625  5.377732e-01 0.96900000000000000001
1  3.63e+05  0.3014208578  5.377732e-01 0.96900000000000000001
1  3.80e+05  0.302244718  5.377732e-01 0.96900000000000000001
1  3.98e+05  0.3006935092  5.377732e-01 0.96900000000000000001
1  4.17e+05  0.2973851502  5.377732e-01 0.96900000000000000001
1  4.37e+05  0.2930100868  5.377732e-01 0.96900000000000000001
1  4.57e+05  0.2882057512  5.377732e-01 0.96900000000000000001
1  4.79e+05  0.2834862404  5.377732e-01 0.96900000000000000001
1  5.01e+05  0.2792163528  5.377732e-01 0.96900000000000000001
1  5.25e+05  0.275616051  5.377732e-01 0.96900000000000000001
1  5.50e+05  0.2727823862  5.377732e-01 0.96900000000000000001
1  5.75e+05  0.2707187515  5.377732e-01 0.96900000000000000001
1  6.03e+05  0.2693645872  5.377732e-01 0.96900000000000000001
1  6.31e+05  0.2686215386  5.377732e-01 0.96900000000000000001
1  6.61e+05  0.2683849954  5.377732e-01 0.96900000000000000001
1  6.92e+05  0.2685397243  5.377732e-01 0.96900000000000000001
1  7.24e+05  0.2689551321  5.377732e-01 0.96900000000000000001
1  7.59e+05  0.2695417873  5.377732e-01 0.96900000000000000001
1  7.94e+05  0.2702212614  5.377732e-01 0.96900000000000000001
1  8.32e+05  0.2709318  5.377732e-01 0.96900000000000000001
1  8.71e+05  0.271627218  5.377732e-01 0.96900000000000000001
1  9.12e+05  0.2722750034  5.377732e-01 0.96900000000000000001
1  9.55e+05  0.2728540841  5.377732e-01 0.96900000000000000001
1  1.00e+06  0.2733525588  5.377732e-01 0.96900000000000000001
1  1.05e+06  0.2737655822  5.377732e-01 0.96900000000000000001
1  1.10e+06  0.2740935048  5.377732e-01 0.96900000000000000001
1  1.15e+06  0.274340309  5.377732e-01 0.96900000000000000001
1  1.20e+06  0.2745123428  5.377732e-01 0.96900000000000000001
1  1.26e+06  0.2746173302  5.377732e-01 0.96900000000000000001
1  1.32e+06  0.2746636235  5.377732e-01 0.96900000000000000001
1  1.38e+06  0.2746596612  5.377732e-01 0.96900000000000000001
1  1.45e+06  0.2746135904  5.377732e-01 0.96900000000000000001
1  1.51e+06  0.2745330214  5.377732e-01 0.96900000000000000001
1  1.58e+06  0.2744248826  5.377732e-01 0.96900000000000000001
1  1.66e+06  0.2742953493  5.377732e-01 0.96900000000000000001
1  1.74e+06  0.2741498265  5.377732e-01 0.96900000000000000001
1  1.82e+06  0.2739923092  5.377732e-01 0.96900000000000000001
1  1.91e+06  0.2738281224  5.377732e-01 0.96900000000000000001
1  2.00e+06  0.2736598429  5.377732e-01 0.96900000000000000001
1  2.09e+06  0.2734901871  5.377732e-01 0.96900000000000000001
1  2.19e+06  0.2733213555  5.377732e-01 0.96900000000000000001
1  2.29e+06  0.2731550991  5.377732e-01 0.96900000000000000001
1  2.40e+06  0.272992782  5.377732e-01 0.96900000000000000001
1  2.51e+06  0.2728354389  5.377732e-01 0.96900000000000000001
1  2.63e+06  0.2726838281  5.377732e-01 0.96900000000000000001
1  2.75e+06  0.2725384773  5.377732e-01 0.96900000000000000001
1  2.88e+06  0.2723997249  5.377732e-01 0.96900000000000000001
1  3.02e+06  0.2722677549  5.377732e-01 0.96900000000000000001
1  3.16e+06  0.2721426275  5.377732e-01 0.96900000000000000001
1  3.31e+06  0.272024305  5.377732e-01 0.96900000000000000001
1  3.47e+06  0.2719126733  5.377732e-01 0.96900000000000000001
1  3.63e+06  0.2718073918  5.377732e-01 0.96900000000000000001
1  3.80e+06  0.2717085965  5.377732e-01 0.96900000000000000001
1  3.98e+06  0.2716158571  5.377732e-01 0.96900000000000000001
1  4.17e+06  0.2715289071  5.377732e-01 0.96900000000000000001
1  4.37e+06  0.2714474673  5.377732e-01 0.96900000000000000001
1  4.57e+06  0.2713712528  5.377732e-01 0.96900000000000000001
1  4.79e+06  0.2712999775  5.377732e-01 0.96900000000000000001
1  5.01e+06  0.2712333584  5.377732e-01 0.96900000000000000001
1  5.25e+06  0.2711711187  5.377732e-01 0.96900000000000000001
1  5.50e+06  0.27111299  5.377732e-01 0.96900000000000000001
1  5.75e+06  0.2710587136  5.377732e-01 0.96900000000000000001
1  6.03e+06  0.2710080423  5.377732e-01 0.96900000000000000001
1  6.31e+06  0.2709607404  5.377732e-01 0.96900000000000000001
1  6.61e+06  0.2709165845  5.377732e-01 0.96900000000000000001
1  6.92e+06  0.2708753635  5.377732e-01 0.96900000000000000001
1  7.24e+06  0.2708368357  5.377732e-01 0.96900000000000000001
1  7.59e+06  0.2708009036  5.377732e-01 0.96900000000000000001
1  7.94e+06  0.2707673453  5.377732e-01 0.96900000000000000001
1  8.32e+06  0.2707359969  5.377732e-01 0.96900000000000000001
1  8.71e+06  0.2707067051  5.377732e-01 0.96900000000000000001
1  9.12e+06  0.2706793272  5.377732e-01 0.96900000000000000001
1  9.55e+06  0.2706537301  5.377732e-01 0.96900000000000000001
1  1.00e+07  0.2706297899  5.377732e-01 0.96900000000000000001
