1  1.00e-03  0.3746028087 59756.136 0.90599999999999999999
1  1.05e-03  0.3746028184 59756.136 0.90599999999999999999
1  1.10e-03  0.3746028184 59756.136 0.90599999999999999999
1  1.15e-03  0.3746028129 59756.136 0.90599999999999999999
1  1.20e-03  0.3746028209 59756.136 0.90599999999999999999
1  1.26e-03  0.3746028182 59756.136 0.90599999999999999999
1  1.32e-03  0.3746028132 59756.136 0.90599999999999999999
1  1.38e-03  0.3746028201 59756.136 0.90599999999999999999
1  1.45e-03  0.3746028266 59756.136 0.90599999999999999999
1  1.51e-03  0.3746028175 59756.136 0.90599999999999999999
1  1.58e-03  0.374602813 59756.136 0.90599999999999999999
1  1.66e-03  0.374602814 59756.136 0.90599999999999999999
1  1.74e-03  0.3746028154 59756.136 0.90599999999999999999
1  1.82e-03  0.3746028164 59756.136 0.90599999999999999999
1  1.91e-03  0.3746028161 59756.136 0.90599999999999999999
1  2.00e-03  0.3746028183 59756.136 0.90599999999999999999
1  2.09e-03  0.3746028116 59756.136 0.90599999999999999999
1  2.19e-03  0.3746028139 59756.136 0.90599999999999999999
1  2.29e-03  0.3746028146 59756.136 0.90599999999999999999
1  2.40e-03  0.3746028138 59756.136 0.90599999999999999999
1  2.51e-03  0.3746028115 59756.136 0.90599999999999999999
1  2.63e-03  0.3746028138 59756.136 0.90599999999999999999
1  2.75e-03  0.374602817 59756.136 0.90599999999999999999
1  2.88e-03  0.3746028147 59756.136 0.90599999999999999999
1  3.02e-03  0.3746028183 59756.136 0.90599999999999999999
1  3.16e-03  0.3746028171 59756.136 0.90599999999999999999
1  3.31e-03  0.3746028586 59756.136 0.90599999999999999999
1  3.47e-03  0.3746028221 59756.136 0.90599999999999999999
1  3.63e-03  0.3746028157 59756.136 0.90599999999999999999
1  3.80e-03  0.3746028208 59756.136 0.90599999999999999999
1  3.98e-03  0.3746028099 59756.136 0.90599999999999999999
1  4.17e-03  0.3746028113 59756.136 0.90599999999999999999
1  4.37e-03  0.3746028141 59756.136 0.90599999999999999999
1  4.57e-03  0.3746028126 59756.136 0.90599999999999999999
1  4.79e-03  0.3746028127 59756.136 0.90599999999999999999
1  5.01e-03  0.3746028149 59756.136 0.90599999999999999999
1  5.25e-03  0.3746028103 59756.136 0.90599999999999999999
1  5.50e-03  0.3746028071 59756.136 0.90599999999999999999
1  5.75e-03  0.3746028056 59756.136 0.90599999999999999999
1  6.03e-03  0.3746028043 59756.136 0.90599999999999999999
1  6.31e-03  0.3746028132 59756.136 0.90599999999999999999
1  6.61e-03  0.3746027987 59756.136 0.90599999999999999999
1  6.92e-03  0.374602809 59756.136 0.90599999999999999999
1  7.24e-03  0.3746028001 59756.136 0.90599999999999999999
1  7.59e-03  0.3746028008 59756.136 0.90599999999999999999
1  7.94e-03  0.3746028217 59756.136 0.90599999999999999999
1  8.32e-03  0.3746027987 59756.136 0.90599999999999999999
1  8.71e-03  0.3746028085 59756.136 0.90599999999999999999
1  9.12e-03  0.3746027926 59756.136 0.90599999999999999999
1  9.55e-03  0.3746028008 59756.136 0.90599999999999999999
1  1.00e-02  0.3746028036 59756.136 0.90599999999999999999
1  1.05e-02  0.3746028032 59756.136 0.90599999999999999999
1  1.10e-02  0.3746027924 59756.136 0.90599999999999999999
1  1.15e-02  0.3746027904 59756.136 0.90599999999999999999
1  1.20e-02  0.3746028068 59756.136 0.90599999999999999999
1  1.26e-02  0.3746027956 59756.136 0.90599999999999999999
1  1.32e-02  0.3746027981 59756.136 0.90599999999999999999
1  1.38e-02  0.3746028051 59756.136 0.90599999999999999999
1  1.45e-02  0.3746027708 59756.136 0.90599999999999999999
1  1.51e-02  0.374602789 59756.136 0.90599999999999999999
1  1.58e-02  0.3746028013 59756.136 0.90599999999999999999
1  1.66e-02  0.3746028082 59756.136 0.90599999999999999999
1  1.74e-02  0.3746027857 59756.136 0.90599999999999999999
1  1.82e-02  0.3746027153 59756.136 0.90599999999999999999
1  1.91e-02  0.3746027738 59756.136 0.90599999999999999999
1  2.00e-02  0.3746027765 59756.136 0.90599999999999999999
1  2.09e-02  0.3746027965 59756.136 0.90599999999999999999
1  2.19e-02  0.3746026732 59756.136 0.90599999999999999999
1  2.29e-02  0.374602819 59756.136 0.90599999999999999999
1  2.40e-02  0.3746027895 59756.136 0.90599999999999999999
1  2.51e-02  0.374602581 59756.136 0.90599999999999999999
1  2.63e-02  0.374602703 59756.136 0.90599999999999999999
1  2.75e-02  0.3746025964 59756.136 0.90599999999999999999
1  2.88e-02  0.374607195 59756.136 0.90599999999999999999
1  3.02e-02  0.3746027123 59756.136 0.90599999999999999999
1  3.16e-02  0.3746027128 59756.136 0.90599999999999999999
1  3.31e-02  0.3746027264 59756.136 0.90599999999999999999
1  3.47e-02  0.3746027437 59756.136 0.90599999999999999999
1  3.63e-02  0.3746027867 59756.136 0.90599999999999999999
1  3.80e-02  0.374602785 59756.136 0.90599999999999999999
1  3.98e-02  0.3746026722 59756.136 0.90599999999999999999
1  4.17e-02  0.3746027491 59756.136 0.90599999999999999999
1  4.37e-02  0.3746024008 59756.136 0.90599999999999999999
1  4.57e-02  0.3746025812 59756.136 0.90599999999999999999
1  4.79e-02  0.3746026923 59756.136 0.90599999999999999999
1  5.01e-02  0.3746027321 59756.136 0.90599999999999999999
1  5.25e-02  0.3746026103 59756.136 0.90599999999999999999
1  5.50e-02  0.3746026406 59756.136 0.90599999999999999999
1  5.75e-02  0.3746023143 59756.136 0.90599999999999999999
1  6.03e-02  0.3746024797 59756.136 0.90599999999999999999
1  6.31e-02  0.3746026486 59756.136 0.90599999999999999999
1  6.61e-02  0.3746026237 59756.136 0.90599999999999999999
1  6.92e-02  0.3746025814 59756.136 0.90599999999999999999
1  7.24e-02  0.3746026414 59756.136 0.90599999999999999999
1  7.59e-02  0.3746028663 59756.136 0.90599999999999999999
1  7.94e-02  0.3746027616 59756.136 0.90599999999999999999
1  8.32e-02  0.3746026179 59756.136 0.90599999999999999999
1  8.71e-02  0.374602446 59756.136 0.90599999999999999999
1  9.12e-02  0.3746025227 59756.136 0.90599999999999999999
1  9.55e-02  0.3746026859 59756.136 0.90599999999999999999
1  1.00e-01  0.3745999855 59756.136 0.90599999999999999999
1  1.05e-01  0.374602593 59756.136 0.90599999999999999999
1  1.10e-01  0.3746026721 59756.136 0.90599999999999999999
1  1.15e-01  0.3746023563 59756.136 0.90599999999999999999
1  1.20e-01  0.3746021663 59756.136 0.90599999999999999999
1  1.26e-01  0.3746025527 59756.136 0.90599999999999999999
1  1.32e-01  0.3746026508 59756.136 0.90599999999999999999
1  1.38e-01  0.3746026207 59756.136 0.90599999999999999999
1  1.45e-01  0.3746026142 59756.136 0.90599999999999999999
1  1.51e-01  0.3746026301 59756.136 0.90599999999999999999
1  1.58e-01  0.3746026751 59756.136 0.90599999999999999999
1  1.66e-01  0.3746026161 59756.136 0.90599999999999999999
1  1.74e-01  0.3746027252 59756.136 0.90599999999999999999
1  1.82e-01  0.3746025446 59756.136 0.90599999999999999999
1  1.91e-01  0.3746022977 59756.136 0.90599999999999999999
1  2.00e-01  0.374602378 59756.136 0.90599999999999999999
1  2.09e-01  0.3746025617 59756.136 0.90599999999999999999
1  2.19e-01  0.3746023206 59756.136 0.90599999999999999999
1  2.29e-01  0.3746025889 59756.136 0.90599999999999999999
1  2.40e-01  0.3746025623 59756.136 0.90599999999999999999
1  2.51e-01  0.3746023807 59756.136 0.90599999999999999999
1  2.63e-01  0.374601035 59756.136 0.90599999999999999999
1  2.75e-01  0.3746023101 59756.136 0.90599999999999999999
1  2.88e-01  0.3746026909 59756.136 0.90599999999999999999
1  3.02e-01  0.3746022252 59756.136 0.90599999999999999999
1  3.16e-01  0.3746019259 59756.136 0.90599999999999999999
1  3.31e-01  0.3746021702 59756.136 0.90599999999999999999
1  3.47e-01  0.3746026401 59756.136 0.90599999999999999999
1  3.63e-01  0.3745955222 59756.136 0.90599999999999999999
1  3.80e-01  0.3746017261 59756.136 0.90599999999999999999
1  3.98e-01  0.3746026063 59756.136 0.90599999999999999999
1  4.17e-01  0.3746022002 59756.136 0.90599999999999999999
1  4.37e-01  0.3746018477 59756.136 0.90599999999999999999
1  4.57e-01  0.3746004076 59756.136 0.90599999999999999999
1  4.79e-01  0.3746012677 59756.136 0.90599999999999999999
1  5.01e-01  0.3746016378 59756.136 0.90599999999999999999
1  5.25e-01  0.3746026496 59756.136 0.90599999999999999999
1  5.50e-01  0.3746018733 59756.136 0.90599999999999999999
1  5.75e-01  0.3746026521 59756.136 0.90599999999999999999
1  6.03e-01  0.3745935667 59756.136 0.90599999999999999999
1  6.31e-01  0.3746024835 59756.136 0.90599999999999999999
1  6.61e-01  0.3746067155 59756.136 0.90599999999999999999
1  6.92e-01  0.374601867 59756.136 0.90599999999999999999
1  7.24e-01  0.3746024026 59756.136 0.90599999999999999999
1  7.59e-01  0.3746012754 59756.136 0.90599999999999999999
1  7.94e-01  0.3746013921 59756.136 0.90599999999999999999
1  8.32e-01  0.3746011925 59756.136 0.90599999999999999999
1  8.71e-01  0.3746020566 59756.136 0.90599999999999999999
1  9.12e-01  0.3746009104 59756.136 0.90599999999999999999
1  9.55e-01  0.3746016969 59756.136 0.90599999999999999999
1  1.00e+00  0.3746004351 59756.136 0.90599999999999999999
1  1.05e+00  0.3745847644 59756.136 0.90599999999999999999
1  1.10e+00  0.3746022839 59756.136 0.90599999999999999999
1  1.15e+00  0.3746011907 59756.136 0.90599999999999999999
1  1.20e+00  0.3746016902 59756.136 0.90599999999999999999
1  1.26e+00  0.3746023556 59756.136 0.90599999999999999999
1  1.32e+00  0.3746004626 59756.136 0.90599999999999999999
1  1.38e+00  0.3746002974 59756.136 0.90599999999999999999
1  1.45e+00  0.3745779569 59756.136 0.90599999999999999999
1  1.51e+00  0.374599745 59756.136 0.90599999999999999999
1  1.58e+00  0.3745712631 59756.136 0.90599999999999999999
1  1.66e+00  0.3746015951 59756.136 0.90599999999999999999
1  1.74e+00  0.3745997987 59756.136 0.90599999999999999999
1  1.82e+00  0.3746009004 59756.136 0.90599999999999999999
1  1.91e+00  0.3746008343 59756.136 0.90599999999999999999
1  2.00e+00  0.3746009196 59756.136 0.90599999999999999999
1  2.09e+00  0.3746168579 59756.136 0.90599999999999999999
1  2.19e+00  0.3746017625 59756.136 0.90599999999999999999
1  2.29e+00  0.3746003045 59756.136 0.90599999999999999999
1  2.40e+00  0.3745998311 59756.136 0.90599999999999999999
1  2.51e+00  0.3745973852 59756.136 0.90599999999999999999
1  2.63e+00  0.3746017207 59756.136 0.90599999999999999999
1  2.75e+00  0.3745976254 59756.136 0.90599999999999999999
1  2.88e+00  0.3746001471 59756.136 0.90599999999999999999
1  3.02e+00  0.3746141523 59756.136 0.90599999999999999999
1  3.16e+00  0.3745328478 59756.136 0.90599999999999999999
1  3.31e+00  0.3746024137 59756.136 0.90599999999999999999
1  3.47e+00  0.3745968668 59756.136 0.90599999999999999999
1  3.63e+00  0.3746137611 59756.136 0.90599999999999999999
1  3.80e+00  0.3746006064 59756.136 0.90599999999999999999
1  3.98e+00  0.3746000793 59756.136 0.90599999999999999999
1  4.17e+00  0.3745959849 59756.136 0.90599999999999999999
1  4.37e+00  0.3745934339 59756.136 0.90599999999999999999
1  4.57e+00  0.3746030339 59756.136 0.90599999999999999999
1  4.79e+00  0.3745940538 59756.136 0.90599999999999999999
1  5.01e+00  0.3745916258 59756.136 0.90599999999999999999
1  5.25e+00  0.3745931234 59756.136 0.90599999999999999999
1  5.50e+00  0.3745917783 59756.136 0.90599999999999999999
1  5.75e+00  0.3745998029 59756.136 0.90599999999999999999
1  6.03e+00  0.3745941211 59756.136 0.90599999999999999999
1  6.31e+00  0.3745912407 59756.136 0.90599999999999999999
1  6.61e+00  0.3746713737 59756.136 0.90599999999999999999
1  6.92e+00  0.3745933351 59756.136 0.90599999999999999999
1  7.24e+00  0.3746002295 59756.136 0.90599999999999999999
1  7.59e+00  0.3746011611 59756.136 0.90599999999999999999
1  7.94e+00  0.3745896146 59756.136 0.90599999999999999999
1  8.32e+00  0.3745846359 59756.136 0.90599999999999999999
1  8.71e+00  0.3745848972 59756.136 0.90599999999999999999
1  9.12e+00  0.3745983289 59756.136 0.90599999999999999999
1  9.55e+00  0.3745989048 59756.136 0.90599999999999999999
1  1.00e+01  0.3745996464 59756.136 0.90599999999999999999
1  1.05e+01  0.3745982552 59756.136 0.90599999999999999999
1  1.10e+01  0.374584448 59756.136 0.90599999999999999999
1  1.15e+01  0.3745814112 59756.136 0.90599999999999999999
1  1.20e+01  0.3747108759 59756.136 0.90599999999999999999
1  1.26e+01  0.3745813168 59756.136 0.90599999999999999999
1  1.32e+01  0.3745927933 59756.136 0.90599999999999999999
1  1.38e+01  0.3745366332 59756.136 0.90599999999999999999
1  1.45e+01  0.3745944614 59756.136 0.90599999999999999999
1  1.51e+01  0.3745792764 59756.136 0.90599999999999999999
1  1.58e+01  0.374603609 59756.136 0.90599999999999999999
1  1.66e+01  0.3745713977 59756.136 0.90599999999999999999
1  1.74e+01  0.374290658 59756.136 0.90599999999999999999
1  1.82e+01  0.3745830067 59756.136 0.90599999999999999999
1  1.91e+01  0.3745769576 59756.136 0.90599999999999999999
1  2.00e+01  0.3745896869 59756.136 0.90599999999999999999
1  2.09e+01  0.3739120584 59756.136 0.90599999999999999999
1  2.19e+01  0.3750047555 59756.136 0.90599999999999999999
1  2.29e+01  0.3746076855 59756.136 0.90599999999999999999
1  2.40e+01  0.3743896756 59756.136 0.90599999999999999999
1  2.51e+01  0.3751989216 59756.136 0.90599999999999999999
1  2.63e+01  0.3746307125 59756.136 0.90599999999999999999
1  2.75e+01  0.3744524954 59756.136 0.90599999999999999999
1  2.88e+01  0.3744811737 59756.136 0.90599999999999999999
1  3.02e+01  0.3747412474 59756.136 0.90599999999999999999
1  3.16e+01  0.3745987234 59756.136 0.90599999999999999999
1  3.31e+01  0.3743903122 59756.136 0.90599999999999999999
1  3.47e+01  0.3745257457 59756.136 0.90599999999999999999
1  3.63e+01  0.3744577989 59756.136 0.90599999999999999999
1  3.80e+01  0.3747709098 59756.136 0.90599999999999999999
1  3.98e+01  0.3744394508 59756.136 0.90599999999999999999
1  4.17e+01  0.3743900543 59756.136 0.90599999999999999999
1  4.37e+01  0.3740894523 59756.136 0.90599999999999999999
1  4.57e+01  0.3746933059 59756.136 0.90599999999999999999
1  4.79e+01  0.3748367901 59756.136 0.90599999999999999999
1  5.01e+01  0.3745623602 59756.136 0.90599999999999999999
1  5.25e+01  0.374564109 59756.136 0.90599999999999999999
1  5.50e+01  0.3744007039 59756.136 0.90599999999999999999
1  5.75e+01  0.374489376 59756.136 0.90599999999999999999
1  6.03e+01  0.3750592971 59756.136 0.90599999999999999999
1  6.31e+01  0.3746718987 59756.136 0.90599999999999999999
1  6.61e+01  0.3745803852 59756.136 0.90599999999999999999
1  6.92e+01  0.3741328138 59756.136 0.90599999999999999999
1  7.24e+01  0.3746875319 59756.136 0.90599999999999999999
1  7.59e+01  0.3741492632 59756.136 0.90599999999999999999
1  7.94e+01  0.3743913765 59756.136 0.90599999999999999999
1  8.32e+01  0.374440552 59756.136 0.90599999999999999999
1  8.71e+01  0.3746665958 59756.136 0.90599999999999999999
1  9.12e+01  0.3746097018 59756.136 0.90599999999999999999
1  9.55e+01  0.3744481696 59756.136 0.90599999999999999999
1  1.00e+02  0.3748730374 59756.136 0.90599999999999999999
1  1.05e+02  0.3745070441 59756.136 0.90599999999999999999
1  1.10e+02  0.3746359312 59756.136 0.90599999999999999999
1  1.15e+02  0.3745913686 59756.136 0.90599999999999999999
1  1.20e+02  0.3744604431 59756.136 0.90599999999999999999
1  1.26e+02  0.3741025601 59756.136 0.90599999999999999999
1  1.32e+02  0.3745052106 59756.136 0.90599999999999999999
1  1.38e+02  0.3746062134 59756.136 0.90599999999999999999
1  1.45e+02  0.3745920136 59756.136 0.90599999999999999999
1  1.51e+02  0.3745549995 59756.136 0.90599999999999999999
1  1.58e+02  0.3739696381 59756.136 0.90599999999999999999
1  1.66e+02  0.374369715 59756.136 0.90599999999999999999
1  1.74e+02  0.3744572847 59756.136 0.90599999999999999999
1  1.82e+02  0.3742542375 59756.136 0.90599999999999999999
1  1.91e+02  0.3743709852 59756.136 0.90599999999999999999
1  2.00e+02  0.3747635867 59756.136 0.90599999999999999999
1  2.09e+02  0.3739967054 59756.136 0.90599999999999999999
1  2.19e+02  0.3746261994 59756.136 0.90599999999999999999
1  2.29e+02  0.3742660752 59756.136 0.90599999999999999999
1  2.40e+02  0.374185049 59756.136 0.90599999999999999999
1  2.51e+02  0.374077633 59756.136 0.90599999999999999999
1  2.63e+02  0.374330606 59756.136 0.90599999999999999999
1  2.75e+02  0.3745840619 59756.136 0.90599999999999999999
1  2.88e+02  0.3741991368 59756.136 0.90599999999999999999
1  3.02e+02  0.3739652028 59756.136 0.90599999999999999999
1  3.16e+02  0.3738761818 59756.136 0.90599999999999999999
1  3.31e+02  0.3742472252 59756.136 0.90599999999999999999
1  3.47e+02  0.3742833111 59756.136 0.90599999999999999999
1  3.63e+02  0.3745674553 59756.136 0.90599999999999999999
1  3.80e+02  0.374534437 59756.136 0.90599999999999999999
1  3.98e+02  0.3740263499 59756.136 0.90599999999999999999
1  4.17e+02  0.3744226599 59756.136 0.90599999999999999999
1  4.37e+02  0.3738375454 59756.136 0.90599999999999999999
1  4.57e+02  0.3737211357 59756.136 0.90599999999999999999
1  4.79e+02  0.3742836545 59756.136 0.90599999999999999999
1  5.01e+02  0.3738813373 59756.136 0.90599999999999999999
1  5.25e+02  0.374722431 59756.136 0.90599999999999999999
1  5.50e+02  0.3743829658 59756.136 0.90599999999999999999
1  5.75e+02  0.3739129513 59756.136 0.90599999999999999999
1  6.03e+02  0.3739835406 59756.136 0.90599999999999999999
1  6.31e+02  0.3737042204 59756.136 0.90599999999999999999
1  6.61e+02  0.3734871547 59756.136 0.90599999999999999999
1  6.92e+02  0.3733179187 59756.136 0.90599999999999999999
1  7.24e+02  0.3745834696 59756.136 0.90599999999999999999
1  7.59e+02  0.3732013712 59756.136 0.90599999999999999999
1  7.94e+02  0.3726065844 59756.136 0.90599999999999999999
1  8.32e+02  0.3740266047 59756.136 0.90599999999999999999
1  8.71e+02  0.3743832882 59756.136 0.90599999999999999999
1  9.12e+02  0.3720273324 59756.136 0.90599999999999999999
1  9.55e+02  0.3728176299 59756.136 0.90599999999999999999
1  1.00e+03  0.3737919753 59756.136 0.90599999999999999999
1  1.05e+03  0.3748162368 59756.136 0.90599999999999999999
1  1.10e+03  0.3727775876 59756.136 0.90599999999999999999
1  1.15e+03  0.3723887477 59756.136 0.90599999999999999999
1  1.20e+03  0.3736673341 59756.136 0.90599999999999999999
1  1.26e+03  0.3740516144 59756.136 0.90599999999999999999
1  1.32e+03  0.3738007926 59756.136 0.90599999999999999999
1  1.38e+03  0.3784121461 59756.136 0.90599999999999999999
1  1.45e+03  0.3732526419 59756.136 0.90599999999999999999
1  1.51e+03  0.3671061161 59756.136 0.90599999999999999999
1  1.58e+03  0.3651319819 59756.136 0.90599999999999999999
1  1.66e+03  0.3607818552 59756.136 0.90599999999999999999
1  1.74e+03  0.3634814723 59756.136 0.90599999999999999999
1  1.82e+03  0.381260089 59756.136 0.90599999999999999999
1  1.91e+03  0.3718400723 59756.136 0.90599999999999999999
1  2.00e+03  0.3822400724 59756.136 0.90599999999999999999
1  2.09e+03  0.3935993515 59756.136 0.90599999999999999999
1  2.19e+03  0.3949938185 59756.136 0.90599999999999999999
1  2.29e+03  0.3881331796 59756.136 0.90599999999999999999
1  2.40e+03  0.3617908202 59756.136 0.90599999999999999999
1  2.51e+03  0.3485247165 59756.136 0.90599999999999999999
1  2.63e+03  0.374381652 59756.136 0.90599999999999999999
1  2.75e+03  0.3340374496 59756.136 0.90599999999999999999
1  2.88e+03  0.3378763725 59756.136 0.90599999999999999999
1  3.02e+03  0.3727691295 59756.136 0.90599999999999999999
1  3.16e+03  0.3846931762 59756.136 0.90599999999999999999
1  3.31e+03  0.3943864963 59756.136 0.90599999999999999999
1  3.47e+03  0.3972907067 59756.136 0.90599999999999999999
1  3.63e+03  0.3664840579 59756.136 0.90599999999999999999
1  3.80e+03  0.3484508826 59756.136 0.90599999999999999999
1  3.98e+03  0.4361314232 59756.136 0.90599999999999999999
1  4.17e+03  0.3693739292 59756.136 0.90599999999999999999
1  4.37e+03  0.4453546222 59756.136 0.90599999999999999999
1  4.57e+03  0.4030033042 59756.136 0.90599999999999999999
1  4.79e+03  0.3902393176 59756.136 0.90599999999999999999
1  5.01e+03  0.4426282494 59756.136 0.90599999999999999999
1  5.25e+03  0.4358070588 59756.136 0.90599999999999999999
1  5.50e+03  0.4643338328 59756.136 0.90599999999999999999
1  5.75e+03  0.4323292539 59756.136 0.90599999999999999999
1  6.03e+03  0.457830088 59756.136 0.90599999999999999999
1  6.31e+03  0.4252314814 59756.136 0.90599999999999999999
1  6.61e+03  0.2987795972 59756.136 0.90599999999999999999
1  6.92e+03  0.3486355279 59756.136 0.90599999999999999999
1  7.24e+03  0.4507710506 59756.136 0.90599999999999999999
1  7.59e+03  0.3723128814 59756.136 0.90599999999999999999
1  7.94e+03  0.4513144985 59756.136 0.90599999999999999999
1  8.32e+03  0.378123057 59756.136 0.90599999999999999999
1  8.71e+03  0.4492986291 59756.136 0.90599999999999999999
1  9.12e+03  0.3039479162 59756.136 0.90599999999999999999
1  9.55e+03  0.275738622 59756.136 0.90599999999999999999
1  1.00e+04  0.4365100356 59756.136 0.90599999999999999999
1  1.05e+04  0.4046258063 59756.136 0.90599999999999999999
1  1.10e+04  0.3423628455 59756.136 0.90599999999999999999
1  1.15e+04  0.1389772167 59756.136 0.90599999999999999999
1  1.20e+04  0.392642679 59756.136 0.90599999999999999999
1  1.26e+04  0.3262628049 59756.136 0.90599999999999999999
1  1.32e+04  0.3396349885 59756.136 0.90599999999999999999
1  1.38e+04  0.3866873494 59756.136 0.90599999999999999999
1  1.45e+04  0.2627866645 59756.136 0.90599999999999999999
1  1.51e+04  0.3587398449 59756.136 0.90599999999999999999
1  1.58e+04  0.2077857184 59756.136 0.90599999999999999999
1  1.66e+04  0.2627829986 59756.136 0.90599999999999999999
1  1.74e+04  0.4083790614 59756.136 0.90599999999999999999
1  1.82e+04  0.4188821948 59756.136 0.90599999999999999999
1  1.91e+04  0.410698266 59756.136 0.90599999999999999999
1  2.00e+04  0.2513994812 59756.136 0.90599999999999999999
1  2.09e+04  0.3207989005 59756.136 0.90599999999999999999
1  2.19e+04  0.4191425448 59756.136 0.90599999999999999999
1  2.29e+04  0.3027819525 59756.136 0.90599999999999999999
1  2.40e+04  0.3582556667 59756.136 0.90599999999999999999
1  2.51e+04  0.3445495805 59756.136 0.90599999999999999999
1  2.63e+04  0.3939777855 59756.136 0.90599999999999999999
1  2.75e+04  0.3795931933 59756.136 0.90599999999999999999
1  2.88e+04  0.1064334211 59756.136 0.90599999999999999999
1  3.02e+04  0.4111819029 59756.136 0.90599999999999999999
1  3.16e+04  0.3209936509 59756.136 0.90599999999999999999
1  3.31e+04  0.4061601619 59756.136 0.90599999999999999999
1  3.47e+04  0.2926836711 59756.136 0.90599999999999999999
1  3.63e+04  0.3265727226 59756.136 0.90599999999999999999
1  3.80e+04  0.2111312579 59756.136 0.90599999999999999999
1  3.98e+04  0.3031877265 59756.136 0.90599999999999999999
1  4.17e+04  0.3711432557 59756.136 0.90599999999999999999
1  4.37e+04  0.3742246285 59756.136 0.90599999999999999999
1  4.57e+04  0.3746971952 59756.136 0.90599999999999999999
1  4.79e+04  0.4008102033 59756.136 0.90599999999999999999
1  5.01e+04  0.1611742765 59756.136 0.90599999999999999999
1  5.25e+04  0.3422573697 59756.136 0.90599999999999999999
1  5.50e+04  0.3112749474 59756.136 0.90599999999999999999
1  5.75e+04  0.1636476411 59756.136 0.90599999999999999999
1  6.03e+04  0.3832889368 59756.136 0.90599999999999999999
1  6.31e+04  0.3771744121 59756.136 0.90599999999999999999
1  6.61e+04  0.3334452884 59756.136 0.90599999999999999999
1  6.92e+04  0.3903346269 59756.136 0.90599999999999999999
1  7.24e+04  0.3917877958 59756.136 0.90599999999999999999
1  7.59e+04  0.4145377795 59756.136 0.90599999999999999999
1  7.94e+04  0.3884609341 59756.136 0.90599999999999999999
1  8.32e+04  0.2754919376 59756.136 0.90599999999999999999
1  8.71e+04  0.2709512362 59756.136 0.90599999999999999999
1  9.12e+04  0.3841015615 59756.136 0.90599999999999999999
1  9.55e+04  0.3930731626 59756.136 0.90599999999999999999
1  1.00e+05  0.25912613 59756.136 0.90599999999999999999
1  1.05e+05  0.1776332215 59756.136 0.90599999999999999999
1  1.10e+05  0.2529748398 59756.136 0.90599999999999999999
1  1.15e+05  0.3729733537 59756.136 0.90599999999999999999
1  1.20e+05  0.3970955975 59756.136 0.90599999999999999999
1  1.26e+05  0.3249501868 59756.136 0.90599999999999999999
1  1.32e+05  0.2570667308 59756.136 0.90599999999999999999
1  1.38e+05  0.2645254496 59756.136 0.90599999999999999999
1  1.45e+05  0.3319110846 59756.136 0.90599999999999999999
1  1.51e+05  0.3982968925 59756.136 0.90599999999999999999
1  1.58e+05  0.4212994328 59756.136 0.90599999999999999999
1  1.66e+05  0.4024515107 59756.136 0.90599999999999999999
1  1.74e+05  0.3705992039 59756.136 0.90599999999999999999
1  1.82e+05  0.3530212156 59756.136 0.90599999999999999999
1  1.91e+05  0.3590344249 59756.136 0.90599999999999999999
1  2.00e+05  0.381115404 59756.136 0.90599999999999999999
1  2.09e+05  0.4052616367 59756.136 0.90599999999999999999
1  2.19e+05  0.4207164067 59756.136 0.90599999999999999999
1  2.29e+05  0.4241452321 59756.136 0.90599999999999999999
1  2.40e+05  0.4185627846 59756.136 0.90599999999999999999
1  2.51e+05  0.4097798595 59756.136 0.90599999999999999999
1  2.63e+05  0.4030222921 59756.136 0.90599999999999999999
1  2.75e+05  0.4010775838 59756.136 0.90599999999999999999
1  2.88e+05  0.4040671429 59756.136 0.90599999999999999999
1  3.02e+05  0.4102569054 59756.136 0.90599999999999999999
1  3.16e+05  0.4171970944 59756.136 0.90599999999999999999
1  3.31e+05  0.4226822631 59756.136 0.90599999999999999999
1  3.47e+05  0.4253061478 59756.136 0.90599999999999999999
1  3.63e+05  0.424609749 59756.136 0.90599999999999999999
1  3.80e+05  0.4209402506 59756.136 0.90599999999999999999
1  3.98e+05  0.4151672915 59756.136 0.90599999999999999999
1  4.17e+05  0.4083777834 59756.136 0.90599999999999999999
1  4.37e+05  0.4016248277 59756.136 0.90599999999999999999
1  4.57e+05  0.3957625803 59756.136 0.90599999999999999999
1  4.79e+05  0.391367409 59756.136 0.90599999999999999999
1  5.01e+05  0.3887281765 59756.136 0.90599999999999999999
1  5.25e+05  0.3878823274 59756.136 0.90599999999999999999
1  5.50e+05  0.3886756393 59756.136 0.90599999999999999999
1  5.75e+05  0.3908283279 59756.136 0.90599999999999999999
1  6.03e+05  0.3939960209 59756.136 0.90599999999999999999
1  6.31e+05  0.3978193875 59756.136 0.90599999999999999999
1  6.61e+05  0.4019602335 59756.136 0.90599999999999999999
1  6.92e+05  0.4061245371 59756.136 0.90599999999999999999
1  7.24e+05  0.4104118658 59756.136 0.90599999999999999999
1  7.59e+05  0.414318651 59756.136 0.90599999999999999999
1  7.94e+05  0.4175517222 59756.136 0.90599999999999999999
1  8.32e+05  0.4200210928 59756.136 0.90599999999999999999
1  8.71e+05  0.4217032322 59756.136 0.90599999999999999999
1  9.12e+05  0.4226242733 59756.136 0.90599999999999999999
1  9.55e+05  0.4228445852 59756.136 0.90599999999999999999
1  1.00e+06  0.4224456437 59756.136 0.90599999999999999999
1  1.05e+06  0.4215195292 59756.136 0.90599999999999999999
1  1.10e+06  0.4201609915 59756.136 0.90599999999999999999
1  1.15e+06  0.4184618103 59756.136 0.90599999999999999999
1  1.20e+06  0.4165070738 59756.136 0.90599999999999999999
1  1.26e+06  0.4143729854 59756.136 0.90599999999999999999
1  1.32e+06  0.4121258252 59756.136 0.90599999999999999999
1  1.38e+06  0.4098993797 59756.136 0.90599999999999999999
1  1.45e+06  0.4075847251 59756.136 0.90599999999999999999
1  1.51e+06  0.405295834 59756.136 0.90599999999999999999
1  1.58e+06  0.4030621747 59756.136 0.90599999999999999999
1  1.66e+06  0.4009060908 59756.136 0.90599999999999999999
1  1.74e+06  0.3988438214 59756.136 0.90599999999999999999
1  1.82e+06  0.396886477 59756.136 0.90599999999999999999
1  1.91e+06  0.3950409394 59756.136 0.90599999999999999999
1  2.00e+06  0.3933106667 59756.136 0.90599999999999999999
1  2.09e+06  0.3916963997 59756.136 0.90599999999999999999
1  2.19e+06  0.3901967688 59756.136 0.90599999999999999999
1  2.29e+06  0.3888088065 59756.136 0.90599999999999999999
1  2.40e+06  0.3875283746 59756.136 0.90599999999999999999
1  2.51e+06  0.3863505152 59756.136 0.90599999999999999999
1  2.63e+06  0.3852697338 59756.136 0.90599999999999999999
1  2.75e+06  0.3843147701 59756.136 0.90599999999999999999
1  2.88e+06  0.3834078079 59756.136 0.90599999999999999999
1  3.02e+06  0.3825804301 59756.136 0.90599999999999999999
1  3.16e+06  0.381826811 59756.136 0.90599999999999999999
1  3.31e+06  0.3811413067 59756.136 0.90599999999999999999
1  3.47e+06  0.3805185092 59756.136 0.90599999999999999999
1  3.63e+06  0.3799532827 59756.136 0.90599999999999999999
1  3.80e+06  0.3794407862 59756.136 0.90599999999999999999
1  3.98e+06  0.3789764845 59756.136 0.90599999999999999999
1  4.17e+06  0.3785561514 59756.136 0.90599999999999999999
1  4.37e+06  0.378175866 59756.136 0.90599999999999999999
1  4.57e+06  0.3778320049 59756.136 0.90599999999999999999
1  4.79e+06  0.3775212302 59756.136 0.90599999999999999999
1  5.01e+06  0.3772404761 59756.136 0.90599999999999999999
1  5.25e+06  0.3769965796 59756.136 0.90599999999999999999
1  5.50e+06  0.3767667989 59756.136 0.90599999999999999999
1  5.75e+06  0.3765593975 59756.136 0.90599999999999999999
1  6.03e+06  0.3763722349 59756.136 0.90599999999999999999
1  6.31e+06  0.3762033639 59756.136 0.90599999999999999999
1  6.61e+06  0.3760510158 59756.136 0.90599999999999999999
1  6.92e+06  0.3759135856 59756.136 0.90599999999999999999
1  7.24e+06  0.3757896189 59756.136 0.90599999999999999999
1  7.59e+06  0.3756777981 59756.136 0.90599999999999999999
1  7.94e+06  0.3755769316 59756.136 0.90599999999999999999
1  8.32e+06  0.3754859414 59756.136 0.90599999999999999999
1  8.71e+06  0.3754038539 59756.136 0.90599999999999999999
1  9.12e+06  0.3753297895 59756.136 0.90599999999999999999
1  9.55e+06  0.3752629547 59756.136 0.90599999999999999999
1  1.00e+07  0.3752026331 59756.136 0.90599999999999999999
