1  1.00e-03  0.2875629269  5.949359e-01 1.07199999999999999998
1  1.05e-03  0.2875629306  5.949359e-01 1.07199999999999999998
1  1.10e-03  0.2875629355  5.949359e-01 1.07199999999999999998
1  1.15e-03  0.2875629361  5.949359e-01 1.07199999999999999998
1  1.20e-03  0.2875629321  5.949359e-01 1.07199999999999999998
1  1.26e-03  0.287562935  5.949359e-01 1.07199999999999999998
1  1.32e-03  0.2875629363  5.949359e-01 1.07199999999999999998
1  1.38e-03  0.2875629347  5.949359e-01 1.07199999999999999998
1  1.45e-03  0.2875629351  5.949359e-01 1.07199999999999999998
1  1.51e-03  0.2875629303  5.949359e-01 1.07199999999999999998
1  1.58e-03  0.2875629317  5.949359e-01 1.07199999999999999998
1  1.66e-03  0.2875629299  5.949359e-01 1.07199999999999999998
1  1.74e-03  0.2875629309  5.949359e-01 1.07199999999999999998
1  1.82e-03  0.2875629316  5.949359e-01 1.07199999999999999998
1  1.91e-03  0.2875629294  5.949359e-01 1.07199999999999999998
1  2.00e-03  0.2875629316  5.949359e-01 1.07199999999999999998
1  2.09e-03  0.2875629295  5.949359e-01 1.07199999999999999998
1  2.19e-03  0.2875629368  5.949359e-01 1.07199999999999999998
1  2.29e-03  0.2875629362  5.949359e-01 1.07199999999999999998
1  2.40e-03  0.2875629352  5.949359e-01 1.07199999999999999998
1  2.51e-03  0.2875629314  5.949359e-01 1.07199999999999999998
1  2.63e-03  0.2875629355  5.949359e-01 1.07199999999999999998
1  2.75e-03  0.2875629363  5.949359e-01 1.07199999999999999998
1  2.88e-03  0.2875629364  5.949359e-01 1.07199999999999999998
1  3.02e-03  0.2875629376  5.949359e-01 1.07199999999999999998
1  3.16e-03  0.2875629361  5.949359e-01 1.07199999999999999998
1  3.31e-03  0.2875629365  5.949359e-01 1.07199999999999999998
1  3.47e-03  0.2875629363  5.949359e-01 1.07199999999999999998
1  3.63e-03  0.2875629334  5.949359e-01 1.07199999999999999998
1  3.80e-03  0.287562935  5.949359e-01 1.07199999999999999998
1  3.98e-03  0.2875629328  5.949359e-01 1.07199999999999999998
1  4.17e-03  0.2875629373  5.949359e-01 1.07199999999999999998
1  4.37e-03  0.2875629326  5.949359e-01 1.07199999999999999998
1  4.57e-03  0.2875629324  5.949359e-01 1.07199999999999999998
1  4.79e-03  0.2875629346  5.949359e-01 1.07199999999999999998
1  5.01e-03  0.2875629342  5.949359e-01 1.07199999999999999998
1  5.25e-03  0.2875629339  5.949359e-01 1.07199999999999999998
1  5.50e-03  0.2875629365  5.949359e-01 1.07199999999999999998
1  5.75e-03  0.2875629317  5.949359e-01 1.07199999999999999998
1  6.03e-03  0.2875629346  5.949359e-01 1.07199999999999999998
1  6.31e-03  0.2875629357  5.949359e-01 1.07199999999999999998
1  6.61e-03  0.287562935  5.949359e-01 1.07199999999999999998
1  6.92e-03  0.2875629372  5.949359e-01 1.07199999999999999998
1  7.24e-03  0.2875629373  5.949359e-01 1.07199999999999999998
1  7.59e-03  0.2875629358  5.949359e-01 1.07199999999999999998
1  7.94e-03  0.2875629368  5.949359e-01 1.07199999999999999998
1  8.32e-03  0.2875629289  5.949359e-01 1.07199999999999999998
1  8.71e-03  0.2875629363  5.949359e-01 1.07199999999999999998
1  9.12e-03  0.2875629168  5.949359e-01 1.07199999999999999998
1  9.55e-03  0.2875629381  5.949359e-01 1.07199999999999999998
1  1.00e-02  0.2875629334  5.949359e-01 1.07199999999999999998
1  1.05e-02  0.2875629356  5.949359e-01 1.07199999999999999998
1  1.10e-02  0.2875629347  5.949359e-01 1.07199999999999999998
1  1.15e-02  0.2875629343  5.949359e-01 1.07199999999999999998
1  1.20e-02  0.2875629338  5.949359e-01 1.07199999999999999998
1  1.26e-02  0.2875629335  5.949359e-01 1.07199999999999999998
1  1.32e-02  0.2875629352  5.949359e-01 1.07199999999999999998
1  1.38e-02  0.28756288  5.949359e-01 1.07199999999999999998
1  1.45e-02  0.2875629346  5.949359e-01 1.07199999999999999998
1  1.51e-02  0.2875629397  5.949359e-01 1.07199999999999999998
1  1.58e-02  0.2875629345  5.949359e-01 1.07199999999999999998
1  1.66e-02  0.2875629338  5.949359e-01 1.07199999999999999998
1  1.74e-02  0.2875629371  5.949359e-01 1.07199999999999999998
1  1.82e-02  0.2875629358  5.949359e-01 1.07199999999999999998
1  1.91e-02  0.2875629389  5.949359e-01 1.07199999999999999998
1  2.00e-02  0.2875629382  5.949359e-01 1.07199999999999999998
1  2.09e-02  0.2875629381  5.949359e-01 1.07199999999999999998
1  2.19e-02  0.2875629377  5.949359e-01 1.07199999999999999998
1  2.29e-02  0.2875629366  5.949359e-01 1.07199999999999999998
1  2.40e-02  0.2875629398  5.949359e-01 1.07199999999999999998
1  2.51e-02  0.2875628868  5.949359e-01 1.07199999999999999998
1  2.63e-02  0.2875629524  5.949359e-01 1.07199999999999999998
1  2.75e-02  0.287562932  5.949359e-01 1.07199999999999999998
1  2.88e-02  0.2875629366  5.949359e-01 1.07199999999999999998
1  3.02e-02  0.2875629417  5.949359e-01 1.07199999999999999998
1  3.16e-02  0.2875629385  5.949359e-01 1.07199999999999999998
1  3.31e-02  0.2875629311  5.949359e-01 1.07199999999999999998
1  3.47e-02  0.2875629354  5.949359e-01 1.07199999999999999998
1  3.63e-02  0.2875629394  5.949359e-01 1.07199999999999999998
1  3.80e-02  0.2875629353  5.949359e-01 1.07199999999999999998
1  3.98e-02  0.2875629361  5.949359e-01 1.07199999999999999998
1  4.17e-02  0.2875628772  5.949359e-01 1.07199999999999999998
1  4.37e-02  0.2875629063  5.949359e-01 1.07199999999999999998
1  4.57e-02  0.2875629327  5.949359e-01 1.07199999999999999998
1  4.79e-02  0.2875629251  5.949359e-01 1.07199999999999999998
1  5.01e-02  0.2875629258  5.949359e-01 1.07199999999999999998
1  5.25e-02  0.2875629326  5.949359e-01 1.07199999999999999998
1  5.50e-02  0.2875629279  5.949359e-01 1.07199999999999999998
1  5.75e-02  0.2875629376  5.949359e-01 1.07199999999999999998
1  6.03e-02  0.2875629386  5.949359e-01 1.07199999999999999998
1  6.31e-02  0.2875628815  5.949359e-01 1.07199999999999999998
1  6.61e-02  0.2875629393  5.949359e-01 1.07199999999999999998
1  6.92e-02  0.287562949  5.949359e-01 1.07199999999999999998
1  7.24e-02  0.2875628112  5.949359e-01 1.07199999999999999998
1  7.59e-02  0.2875629386  5.949359e-01 1.07199999999999999998
1  7.94e-02  0.2875629437  5.949359e-01 1.07199999999999999998
1  8.32e-02  0.2875629416  5.949359e-01 1.07199999999999999998
1  8.71e-02  0.2875629304  5.949359e-01 1.07199999999999999998
1  9.12e-02  0.2875629281  5.949359e-01 1.07199999999999999998
1  9.55e-02  0.2875629233  5.949359e-01 1.07199999999999999998
1  1.00e-01  0.2875629237  5.949359e-01 1.07199999999999999998
1  1.05e-01  0.2875629363  5.949359e-01 1.07199999999999999998
1  1.10e-01  0.2875629173  5.949359e-01 1.07199999999999999998
1  1.15e-01  0.2875629464  5.949359e-01 1.07199999999999999998
1  1.20e-01  0.2875629293  5.949359e-01 1.07199999999999999998
1  1.26e-01  0.2875629494  5.949359e-01 1.07199999999999999998
1  1.32e-01  0.2875629417  5.949359e-01 1.07199999999999999998
1  1.38e-01  0.2875629414  5.949359e-01 1.07199999999999999998
1  1.45e-01  0.2875629309  5.949359e-01 1.07199999999999999998
1  1.51e-01  0.2875629061  5.949359e-01 1.07199999999999999998
1  1.58e-01  0.2875629322  5.949359e-01 1.07199999999999999998
1  1.66e-01  0.2875629278  5.949359e-01 1.07199999999999999998
1  1.74e-01  0.2875629556  5.949359e-01 1.07199999999999999998
1  1.82e-01  0.2875629529  5.949359e-01 1.07199999999999999998
1  1.91e-01  0.2875618662  5.949359e-01 1.07199999999999999998
1  2.00e-01  0.287562961  5.949359e-01 1.07199999999999999998
1  2.09e-01  0.2875629294  5.949359e-01 1.07199999999999999998
1  2.19e-01  0.2875629282  5.949359e-01 1.07199999999999999998
1  2.29e-01  0.2875629496  5.949359e-01 1.07199999999999999998
1  2.40e-01  0.2875629375  5.949359e-01 1.07199999999999999998
1  2.51e-01  0.2875629761  5.949359e-01 1.07199999999999999998
1  2.63e-01  0.2875629307  5.949359e-01 1.07199999999999999998
1  2.75e-01  0.2875629337  5.949359e-01 1.07199999999999999998
1  2.88e-01  0.2875629377  5.949359e-01 1.07199999999999999998
1  3.02e-01  0.287562926  5.949359e-01 1.07199999999999999998
1  3.16e-01  0.2875625347  5.949359e-01 1.07199999999999999998
1  3.31e-01  0.2875629749  5.949359e-01 1.07199999999999999998
1  3.47e-01  0.2875629676  5.949359e-01 1.07199999999999999998
1  3.63e-01  0.2875629811  5.949359e-01 1.07199999999999999998
1  3.80e-01  0.2875629695  5.949359e-01 1.07199999999999999998
1  3.98e-01  0.2875629857  5.949359e-01 1.07199999999999999998
1  4.17e-01  0.2875629267  5.949359e-01 1.07199999999999999998
1  4.37e-01  0.2875629836  5.949359e-01 1.07199999999999999998
1  4.57e-01  0.2875629268  5.949359e-01 1.07199999999999999998
1  4.79e-01  0.2875629816  5.949359e-01 1.07199999999999999998
1  5.01e-01  0.2875629486  5.949359e-01 1.07199999999999999998
1  5.25e-01  0.2875629248  5.949359e-01 1.07199999999999999998
1  5.50e-01  0.2875629752  5.949359e-01 1.07199999999999999998
1  5.75e-01  0.2875628378  5.949359e-01 1.07199999999999999998
1  6.03e-01  0.2875629623  5.949359e-01 1.07199999999999999998
1  6.31e-01  0.2875630393  5.949359e-01 1.07199999999999999998
1  6.61e-01  0.2875629335  5.949359e-01 1.07199999999999999998
1  6.92e-01  0.2875629924  5.949359e-01 1.07199999999999999998
1  7.24e-01  0.2875629347  5.949359e-01 1.07199999999999999998
1  7.59e-01  0.2875641059  5.949359e-01 1.07199999999999999998
1  7.94e-01  0.2875629306  5.949359e-01 1.07199999999999999998
1  8.32e-01  0.28756294  5.949359e-01 1.07199999999999999998
1  8.71e-01  0.287563804  5.949359e-01 1.07199999999999999998
1  9.12e-01  0.2875631253  5.949359e-01 1.07199999999999999998
1  9.55e-01  0.2875634456  5.949359e-01 1.07199999999999999998
1  1.00e+00  0.2875630205  5.949359e-01 1.07199999999999999998
1  1.05e+00  0.2875629129  5.949359e-01 1.07199999999999999998
1  1.10e+00  0.2875630988  5.949359e-01 1.07199999999999999998
1  1.15e+00  0.2875630572  5.949359e-01 1.07199999999999999998
1  1.20e+00  0.2875630807  5.949359e-01 1.07199999999999999998
1  1.26e+00  0.2875631532  5.949359e-01 1.07199999999999999998
1  1.32e+00  0.2875628977  5.949359e-01 1.07199999999999999998
1  1.38e+00  0.2875629736  5.949359e-01 1.07199999999999999998
1  1.45e+00  0.2875628098  5.949359e-01 1.07199999999999999998
1  1.51e+00  0.2875621693  5.949359e-01 1.07199999999999999998
1  1.58e+00  0.2875630264  5.949359e-01 1.07199999999999999998
1  1.66e+00  0.2875629042  5.949359e-01 1.07199999999999999998
1  1.74e+00  0.2875632447  5.949359e-01 1.07199999999999999998
1  1.82e+00  0.2875631371  5.949359e-01 1.07199999999999999998
1  1.91e+00  0.2875631527  5.949359e-01 1.07199999999999999998
1  2.00e+00  0.2875631335  5.949359e-01 1.07199999999999999998
1  2.09e+00  0.2875628706  5.949359e-01 1.07199999999999999998
1  2.19e+00  0.2875633143  5.949359e-01 1.07199999999999999998
1  2.29e+00  0.287553994  5.949359e-01 1.07199999999999999998
1  2.40e+00  0.2875629356  5.949359e-01 1.07199999999999999998
1  2.51e+00  0.2875629433  5.949359e-01 1.07199999999999999998
1  2.63e+00  0.2875633516  5.949359e-01 1.07199999999999999998
1  2.75e+00  0.2875635639  5.949359e-01 1.07199999999999999998
1  2.88e+00  0.2875632636  5.949359e-01 1.07199999999999999998
1  3.02e+00  0.2875630879  5.949359e-01 1.07199999999999999998
1  3.16e+00  0.2875631218  5.949359e-01 1.07199999999999999998
1  3.31e+00  0.2875630599  5.949359e-01 1.07199999999999999998
1  3.47e+00  0.287563375  5.949359e-01 1.07199999999999999998
1  3.63e+00  0.2875629532  5.949359e-01 1.07199999999999999998
1  3.80e+00  0.2875635763  5.949359e-01 1.07199999999999999998
1  3.98e+00  0.2875659276  5.949359e-01 1.07199999999999999998
1  4.17e+00  0.2875633644  5.949359e-01 1.07199999999999999998
1  4.37e+00  0.2875645268  5.949359e-01 1.07199999999999999998
1  4.57e+00  0.2875629681  5.949359e-01 1.07199999999999999998
1  4.79e+00  0.2875630644  5.949359e-01 1.07199999999999999998
1  5.01e+00  0.2875637418  5.949359e-01 1.07199999999999999998
1  5.25e+00  0.2875675957  5.949359e-01 1.07199999999999999998
1  5.50e+00  0.2875637512  5.949359e-01 1.07199999999999999998
1  5.75e+00  0.2875630944  5.949359e-01 1.07199999999999999998
1  6.03e+00  0.2875642437  5.949359e-01 1.07199999999999999998
1  6.31e+00  0.2875777991  5.949359e-01 1.07199999999999999998
1  6.61e+00  0.2875639261  5.949359e-01 1.07199999999999999998
1  6.92e+00  0.2875629134  5.949359e-01 1.07199999999999999998
1  7.24e+00  0.2875730178  5.949359e-01 1.07199999999999999998
1  7.59e+00  0.2875619567  5.949359e-01 1.07199999999999999998
1  7.94e+00  0.2875614294  5.949359e-01 1.07199999999999999998
1  8.32e+00  0.2875644754  5.949359e-01 1.07199999999999999998
1  8.71e+00  0.2875555824  5.949359e-01 1.07199999999999999998
1  9.12e+00  0.2875783825  5.949359e-01 1.07199999999999999998
1  9.55e+00  0.2875607057  5.949359e-01 1.07199999999999999998
1  1.00e+01  0.2875583869  5.949359e-01 1.07199999999999999998
1  1.05e+01  0.2875658716  5.949359e-01 1.07199999999999999998
1  1.10e+01  0.2875637031  5.949359e-01 1.07199999999999999998
1  1.15e+01  0.2875648707  5.949359e-01 1.07199999999999999998
1  1.20e+01  0.2875647787  5.949359e-01 1.07199999999999999998
1  1.26e+01  0.2875636994  5.949359e-01 1.07199999999999999998
1  1.32e+01  0.2875638874  5.949359e-01 1.07199999999999999998
1  1.38e+01  0.2875634015  5.949359e-01 1.07199999999999999998
1  1.45e+01  0.2875637519  5.949359e-01 1.07199999999999999998
1  1.51e+01  0.2875624333  5.949359e-01 1.07199999999999999998
1  1.58e+01  0.2875839544  5.949359e-01 1.07199999999999999998
1  1.66e+01  0.2875468102  5.949359e-01 1.07199999999999999998
1  1.74e+01  0.2875610062  5.949359e-01 1.07199999999999999998
1  1.82e+01  0.287562133  5.949359e-01 1.07199999999999999998
1  1.91e+01  0.2875655604  5.949359e-01 1.07199999999999999998
1  2.00e+01  0.287564673  5.949359e-01 1.07199999999999999998
1  2.09e+01  0.2874164131  5.949359e-01 1.07199999999999999998
1  2.19e+01  0.2876358301  5.949359e-01 1.07199999999999999998
1  2.29e+01  0.287503163  5.949359e-01 1.07199999999999999998
1  2.40e+01  0.2873586294  5.949359e-01 1.07199999999999999998
1  2.51e+01  0.2876086724  5.949359e-01 1.07199999999999999998
1  2.63e+01  0.2874116743  5.949359e-01 1.07199999999999999998
1  2.75e+01  0.2875481657  5.949359e-01 1.07199999999999999998
1  2.88e+01  0.2876338994  5.949359e-01 1.07199999999999999998
1  3.02e+01  0.2876095337  5.949359e-01 1.07199999999999999998
1  3.16e+01  0.2875966208  5.949359e-01 1.07199999999999999998
1  3.31e+01  0.2875967669  5.949359e-01 1.07199999999999999998
1  3.47e+01  0.2875678513  5.949359e-01 1.07199999999999999998
1  3.63e+01  0.2876152682  5.949359e-01 1.07199999999999999998
1  3.80e+01  0.2875277213  5.949359e-01 1.07199999999999999998
1  3.98e+01  0.2875434211  5.949359e-01 1.07199999999999999998
1  4.17e+01  0.2877111737  5.949359e-01 1.07199999999999999998
1  4.37e+01  0.2874445531  5.949359e-01 1.07199999999999999998
1  4.57e+01  0.287489009  5.949359e-01 1.07199999999999999998
1  4.79e+01  0.2875174976  5.949359e-01 1.07199999999999999998
1  5.01e+01  0.2875516274  5.949359e-01 1.07199999999999999998
1  5.25e+01  0.2875724745  5.949359e-01 1.07199999999999999998
1  5.50e+01  0.2875787539  5.949359e-01 1.07199999999999999998
1  5.75e+01  0.2876866335  5.949359e-01 1.07199999999999999998
1  6.03e+01  0.2875146851  5.949359e-01 1.07199999999999999998
1  6.31e+01  0.2875576872  5.949359e-01 1.07199999999999999998
1  6.61e+01  0.2875761565  5.949359e-01 1.07199999999999999998
1  6.92e+01  0.2875553339  5.949359e-01 1.07199999999999999998
1  7.24e+01  0.2875333508  5.949359e-01 1.07199999999999999998
1  7.59e+01  0.2876191773  5.949359e-01 1.07199999999999999998
1  7.94e+01  0.2876287955  5.949359e-01 1.07199999999999999998
1  8.32e+01  0.2875743608  5.949359e-01 1.07199999999999999998
1  8.71e+01  0.2875913169  5.949359e-01 1.07199999999999999998
1  9.12e+01  0.2875670761  5.949359e-01 1.07199999999999999998
1  9.55e+01  0.2875577002  5.949359e-01 1.07199999999999999998
1  1.00e+02  0.2876475689  5.949359e-01 1.07199999999999999998
1  1.05e+02  0.2875581844  5.949359e-01 1.07199999999999999998
1  1.10e+02  0.2875799341  5.949359e-01 1.07199999999999999998
1  1.15e+02  0.2875649904  5.949359e-01 1.07199999999999999998
1  1.20e+02  0.2876584579  5.949359e-01 1.07199999999999999998
1  1.26e+02  0.2875501382  5.949359e-01 1.07199999999999999998
1  1.32e+02  0.2875601232  5.949359e-01 1.07199999999999999998
1  1.38e+02  0.2874712466  5.949359e-01 1.07199999999999999998
1  1.45e+02  0.2875631852  5.949359e-01 1.07199999999999999998
1  1.51e+02  0.2875627826  5.949359e-01 1.07199999999999999998
1  1.58e+02  0.2875303918  5.949359e-01 1.07199999999999999998
1  1.66e+02  0.2875717898  5.949359e-01 1.07199999999999999998
1  1.74e+02  0.2875932144  5.949359e-01 1.07199999999999999998
1  1.82e+02  0.2875608672  5.949359e-01 1.07199999999999999998
1  1.91e+02  0.2875605174  5.949359e-01 1.07199999999999999998
1  2.00e+02  0.2876413368  5.949359e-01 1.07199999999999999998
1  2.09e+02  0.287559281  5.949359e-01 1.07199999999999999998
1  2.19e+02  0.2875723646  5.949359e-01 1.07199999999999999998
1  2.29e+02  0.2875913393  5.949359e-01 1.07199999999999999998
1  2.40e+02  0.2875882399  5.949359e-01 1.07199999999999999998
1  2.51e+02  0.2875530158  5.949359e-01 1.07199999999999999998
1  2.63e+02  0.28758521  5.949359e-01 1.07199999999999999998
1  2.75e+02  0.2875895662  5.949359e-01 1.07199999999999999998
1  2.88e+02  0.287570784  5.949359e-01 1.07199999999999999998
1  3.02e+02  0.2876022507  5.949359e-01 1.07199999999999999998
1  3.16e+02  0.2876368337  5.949359e-01 1.07199999999999999998
1  3.31e+02  0.2876491097  5.949359e-01 1.07199999999999999998
1  3.47e+02  0.2875553821  5.949359e-01 1.07199999999999999998
1  3.63e+02  0.2876001103  5.949359e-01 1.07199999999999999998
1  3.80e+02  0.2876147918  5.949359e-01 1.07199999999999999998
1  3.98e+02  0.2875586916  5.949359e-01 1.07199999999999999998
1  4.17e+02  0.2875653889  5.949359e-01 1.07199999999999999998
1  4.37e+02  0.2875743878  5.949359e-01 1.07199999999999999998
1  4.57e+02  0.2875757129  5.949359e-01 1.07199999999999999998
1  4.79e+02  0.2875429325  5.949359e-01 1.07199999999999999998
1  5.01e+02  0.2876643439  5.949359e-01 1.07199999999999999998
1  5.25e+02  0.2875381502  5.949359e-01 1.07199999999999999998
1  5.50e+02  0.2876187472  5.949359e-01 1.07199999999999999998
1  5.75e+02  0.2876136141  5.949359e-01 1.07199999999999999998
1  6.03e+02  0.2876619819  5.949359e-01 1.07199999999999999998
1  6.31e+02  0.2876613359  5.949359e-01 1.07199999999999999998
1  6.61e+02  0.2875756387  5.949359e-01 1.07199999999999999998
1  6.92e+02  0.2876575809  5.949359e-01 1.07199999999999999998
1  7.24e+02  0.2876170887  5.949359e-01 1.07199999999999999998
1  7.59e+02  0.2875463288  5.949359e-01 1.07199999999999999998
1  7.94e+02  0.2877354167  5.949359e-01 1.07199999999999999998
1  8.32e+02  0.2876206257  5.949359e-01 1.07199999999999999998
1  8.71e+02  0.2875769691  5.949359e-01 1.07199999999999999998
1  9.12e+02  0.2878286379  5.949359e-01 1.07199999999999999998
1  9.55e+02  0.2875286347  5.949359e-01 1.07199999999999999998
1  1.00e+03  0.2877146773  5.949359e-01 1.07199999999999999998
1  1.05e+03  0.2876741572  5.949359e-01 1.07199999999999999998
1  1.10e+03  0.2878432196  5.949359e-01 1.07199999999999999998
1  1.15e+03  0.2876787215  5.949359e-01 1.07199999999999999998
1  1.20e+03  0.287894057  5.949359e-01 1.07199999999999999998
1  1.26e+03  0.2875666405  5.949359e-01 1.07199999999999999998
1  1.32e+03  0.2875633955  5.949359e-01 1.07199999999999999998
1  1.38e+03  0.2874789178  5.949359e-01 1.07199999999999999998
1  1.45e+03  0.2875325965  5.949359e-01 1.07199999999999999998
1  1.51e+03  0.2879007912  5.949359e-01 1.07199999999999999998
1  1.58e+03  0.2883782752  5.949359e-01 1.07199999999999999998
1  1.66e+03  0.288125064  5.949359e-01 1.07199999999999999998
1  1.74e+03  0.288105993  5.949359e-01 1.07199999999999999998
1  1.82e+03  0.2879443871  5.949359e-01 1.07199999999999999998
1  1.91e+03  0.2869312544  5.949359e-01 1.07199999999999999998
1  2.00e+03  0.2875536872  5.949359e-01 1.07199999999999999998
1  2.09e+03  0.2869234768  5.949359e-01 1.07199999999999999998
1  2.19e+03  0.2864822982  5.949359e-01 1.07199999999999999998
1  2.29e+03  0.2867059732  5.949359e-01 1.07199999999999999998
1  2.40e+03  0.2870361013  5.949359e-01 1.07199999999999999998
1  2.51e+03  0.2886762042  5.949359e-01 1.07199999999999999998
1  2.63e+03  0.2906412802  5.949359e-01 1.07199999999999999998
1  2.75e+03  0.2879269994  5.949359e-01 1.07199999999999999998
1  2.88e+03  0.2915867836  5.949359e-01 1.07199999999999999998
1  3.02e+03  0.2892397808  5.949359e-01 1.07199999999999999998
1  3.16e+03  0.2867896051  5.949359e-01 1.07199999999999999998
1  3.31e+03  0.2868750054  5.949359e-01 1.07199999999999999998
1  3.47e+03  0.2856908353  5.949359e-01 1.07199999999999999998
1  3.63e+03  0.2851945004  5.949359e-01 1.07199999999999999998
1  3.80e+03  0.2870994004  5.949359e-01 1.07199999999999999998
1  3.98e+03  0.288072451  5.949359e-01 1.07199999999999999998
1  4.17e+03  0.283041562  5.949359e-01 1.07199999999999999998
1  4.37e+03  0.2888090658  5.949359e-01 1.07199999999999999998
1  4.57e+03  0.2818470903  5.949359e-01 1.07199999999999999998
1  4.79e+03  0.2855928103  5.949359e-01 1.07199999999999999998
1  5.01e+03  0.2871673532  5.949359e-01 1.07199999999999999998
1  5.25e+03  0.2862302769  5.949359e-01 1.07199999999999999998
1  5.50e+03  0.282065939  5.949359e-01 1.07199999999999999998
1  5.75e+03  0.2836956241  5.949359e-01 1.07199999999999999998
1  6.03e+03  0.2851290956  5.949359e-01 1.07199999999999999998
1  6.31e+03  0.2829520402  5.949359e-01 1.07199999999999999998
1  6.61e+03  0.2945758685  5.949359e-01 1.07199999999999999998
1  6.92e+03  0.2914420379  5.949359e-01 1.07199999999999999998
1  7.24e+03  0.292098624  5.949359e-01 1.07199999999999999998
1  7.59e+03  0.2919324473  5.949359e-01 1.07199999999999999998
1  7.94e+03  0.2962679918  5.949359e-01 1.07199999999999999998
1  8.32e+03  0.2956745772  5.949359e-01 1.07199999999999999998
1  8.71e+03  0.2995850639  5.949359e-01 1.07199999999999999998
1  9.12e+03  0.303640844  5.949359e-01 1.07199999999999999998
1  9.55e+03  0.2939583436  5.949359e-01 1.07199999999999999998
1  1.00e+04  0.2966169269  5.949359e-01 1.07199999999999999998
1  1.05e+04  0.2931473725  5.949359e-01 1.07199999999999999998
1  1.10e+04  0.3188419432  5.949359e-01 1.07199999999999999998
1  1.15e+04  0.2991434607  5.949359e-01 1.07199999999999999998
1  1.20e+04  0.3295202983  5.949359e-01 1.07199999999999999998
1  1.26e+04  0.3101960981  5.949359e-01 1.07199999999999999998
1  1.32e+04  0.3222091651  5.949359e-01 1.07199999999999999998
1  1.38e+04  0.3172026646  5.949359e-01 1.07199999999999999998
1  1.45e+04  0.3285961165  5.949359e-01 1.07199999999999999998
1  1.51e+04  0.3381531326  5.949359e-01 1.07199999999999999998
1  1.58e+04  0.3497321298  5.949359e-01 1.07199999999999999998
1  1.66e+04  0.3528060819  5.949359e-01 1.07199999999999999998
1  1.74e+04  0.3196239685  5.949359e-01 1.07199999999999999998
1  1.82e+04  0.2941101008  5.949359e-01 1.07199999999999999998
1  1.91e+04  0.3113399698  5.949359e-01 1.07199999999999999998
1  2.00e+04  0.3879226273  5.949359e-01 1.07199999999999999998
1  2.09e+04  0.3326523419  5.949359e-01 1.07199999999999999998
1  2.19e+04  0.2911750529  5.949359e-01 1.07199999999999999998
1  2.29e+04  0.3956285926  5.949359e-01 1.07199999999999999998
1  2.40e+04  0.3285174823  5.949359e-01 1.07199999999999999998
1  2.51e+04  0.296850413  5.949359e-01 1.07199999999999999998
1  2.63e+04  0.4124914783  5.949359e-01 1.07199999999999999998
1  2.75e+04  0.2903616583  5.949359e-01 1.07199999999999999998
1  2.88e+04  0.4062442144  5.949359e-01 1.07199999999999999998
1  3.02e+04  0.3089109508  5.949359e-01 1.07199999999999999998
1  3.16e+04  0.377031635  5.949359e-01 1.07199999999999999998
1  3.31e+04  0.3183020341  5.949359e-01 1.07199999999999999998
1  3.47e+04  0.4139112061  5.949359e-01 1.07199999999999999998
1  3.63e+04  0.286361782  5.949359e-01 1.07199999999999999998
1  3.80e+04  0.4164335253  5.949359e-01 1.07199999999999999998
1  3.98e+04  0.2983174772  5.949359e-01 1.07199999999999999998
1  4.17e+04  0.3966893692  5.949359e-01 1.07199999999999999998
1  4.37e+04  0.3550501807  5.949359e-01 1.07199999999999999998
1  4.57e+04  0.3000011949  5.949359e-01 1.07199999999999999998
1  4.79e+04  0.4042496243  5.949359e-01 1.07199999999999999998
1  5.01e+04  0.3577495901  5.949359e-01 1.07199999999999999998
1  5.25e+04  0.2898491652  5.949359e-01 1.07199999999999999998
1  5.50e+04  0.4068254579  5.949359e-01 1.07199999999999999998
1  5.75e+04  0.3680229801  5.949359e-01 1.07199999999999999998
1  6.03e+04  0.2911979393  5.949359e-01 1.07199999999999999998
1  6.31e+04  0.3936333845  5.949359e-01 1.07199999999999999998
1  6.61e+04  0.3914960183  5.949359e-01 1.07199999999999999998
1  6.92e+04  0.2950039129  5.949359e-01 1.07199999999999999998
1  7.24e+04  0.3110860608  5.949359e-01 1.07199999999999999998
1  7.59e+04  0.3761437249  5.949359e-01 1.07199999999999999998
1  7.94e+04  0.3729211284  5.949359e-01 1.07199999999999999998
1  8.32e+04  0.3198327875  5.949359e-01 1.07199999999999999998
1  8.71e+04  0.2874261327  5.949359e-01 1.07199999999999999998
1  9.12e+04  0.3131402619  5.949359e-01 1.07199999999999999998
1  9.55e+04  0.367071239  5.949359e-01 1.07199999999999999998
1  1.00e+05  0.381963955  5.949359e-01 1.07199999999999999998
1  1.05e+05  0.3382451653  5.949359e-01 1.07199999999999999998
1  1.10e+05  0.2906723775  5.949359e-01 1.07199999999999999998
1  1.15e+05  0.2965861611  5.949359e-01 1.07199999999999999998
1  1.20e+05  0.3478474317  5.949359e-01 1.07199999999999999998
1  1.26e+05  0.3885685874  5.949359e-01 1.07199999999999999998
1  1.32e+05  0.3804835034  5.949359e-01 1.07199999999999999998
1  1.38e+05  0.3359855739  5.949359e-01 1.07199999999999999998
1  1.45e+05  0.2961054475  5.949359e-01 1.07199999999999999998
1  1.51e+05  0.2900995751  5.949359e-01 1.07199999999999999998
1  1.58e+05  0.3161881506  5.949359e-01 1.07199999999999999998
1  1.66e+05  0.3510517276  5.949359e-01 1.07199999999999999998
1  1.74e+05  0.3710146436  5.949359e-01 1.07199999999999999998
1  1.82e+05  0.3664779685  5.949359e-01 1.07199999999999999998
1  1.91e+05  0.3431823143  5.949359e-01 1.07199999999999999998
1  2.00e+05  0.3146437964  5.949359e-01 1.07199999999999999998
1  2.09e+05  0.293301942  5.949359e-01 1.07199999999999999998
1  2.19e+05  0.2853425804  5.949359e-01 1.07199999999999999998
1  2.29e+05  0.2901450481  5.949359e-01 1.07199999999999999998
1  2.40e+05  0.3027151547  5.949359e-01 1.07199999999999999998
1  2.51e+05  0.3168829456  5.949359e-01 1.07199999999999999998
1  2.63e+05  0.3277240911  5.949359e-01 1.07199999999999999998
1  2.75e+05  0.3326581039  5.949359e-01 1.07199999999999999998
1  2.88e+05  0.3314051943  5.949359e-01 1.07199999999999999998
1  3.02e+05  0.3252921809  5.949359e-01 1.07199999999999999998
1  3.16e+05  0.3163855856  5.949359e-01 1.07199999999999999998
1  3.31e+05  0.3067658294  5.949359e-01 1.07199999999999999998
1  3.47e+05  0.2980737428  5.949359e-01 1.07199999999999999998
1  3.63e+05  0.2913274664  5.949359e-01 1.07199999999999999998
1  3.80e+05  0.2869394707  5.949359e-01 1.07199999999999999998
1  3.98e+05  0.2848466284  5.949359e-01 1.07199999999999999998
1  4.17e+05  0.2846794551  5.949359e-01 1.07199999999999999998
1  4.37e+05  0.2859211925  5.949359e-01 1.07199999999999999998
1  4.57e+05  0.2880314813  5.949359e-01 1.07199999999999999998
1  4.79e+05  0.2905274951  5.949359e-01 1.07199999999999999998
1  5.01e+05  0.2930264489  5.949359e-01 1.07199999999999999998
1  5.25e+05  0.2952584952  5.949359e-01 1.07199999999999999998
1  5.50e+05  0.2970600505  5.949359e-01 1.07199999999999999998
1  5.75e+05  0.2983563649  5.949359e-01 1.07199999999999999998
1  6.03e+05  0.299139982  5.949359e-01 1.07199999999999999998
1  6.31e+05  0.2994494811  5.949359e-01 1.07199999999999999998
1  6.61e+05  0.2993500707  5.949359e-01 1.07199999999999999998
1  6.92e+05  0.2989176898  5.949359e-01 1.07199999999999999998
1  7.24e+05  0.2982399606  5.949359e-01 1.07199999999999999998
1  7.59e+05  0.2973912918  5.949359e-01 1.07199999999999999998
1  7.94e+05  0.296438833  5.949359e-01 1.07199999999999999998
1  8.32e+05  0.2954386658  5.949359e-01 1.07199999999999999998
1  8.71e+05  0.2944353889  5.949359e-01 1.07199999999999999998
1  9.12e+05  0.2934627195  5.949359e-01 1.07199999999999999998
1  9.55e+05  0.292544683  5.949359e-01 1.07199999999999999998
1  1.00e+06  0.2916970793  5.949359e-01 1.07199999999999999998
1  1.05e+06  0.2909290092  5.949359e-01 1.07199999999999999998
1  1.10e+06  0.290244326  5.949359e-01 1.07199999999999999998
1  1.15e+06  0.2896429357  5.949359e-01 1.07199999999999999998
1  1.20e+06  0.2891219084  5.949359e-01 1.07199999999999999998
1  1.26e+06  0.2886763953  5.949359e-01 1.07199999999999999998
1  1.32e+06  0.2883003596  5.949359e-01 1.07199999999999999998
1  1.38e+06  0.2879871411  5.949359e-01 1.07199999999999999998
1  1.45e+06  0.2877298777  5.949359e-01 1.07199999999999999998
1  1.51e+06  0.2875218091  5.949359e-01 1.07199999999999999998
1  1.58e+06  0.2873566307  5.949359e-01 1.07199999999999999998
1  1.66e+06  0.2872280264  5.949359e-01 1.07199999999999999998
1  1.74e+06  0.2871306659  5.949359e-01 1.07199999999999999998
1  1.82e+06  0.2870596091  5.949359e-01 1.07199999999999999998
1  1.91e+06  0.2870104703  5.949359e-01 1.07199999999999999998
1  2.00e+06  0.2869794005  5.949359e-01 1.07199999999999999998
1  2.09e+06  0.2869630559  5.949359e-01 1.07199999999999999998
1  2.19e+06  0.2869585585  5.949359e-01 1.07199999999999999998
1  2.29e+06  0.2869634523  5.949359e-01 1.07199999999999999998
1  2.40e+06  0.2869756587  5.949359e-01 1.07199999999999999998
1  2.51e+06  0.2869934327  5.949359e-01 1.07199999999999999998
1  2.63e+06  0.2870153209  5.949359e-01 1.07199999999999999998
1  2.75e+06  0.2870401232  5.949359e-01 1.07199999999999999998
1  2.88e+06  0.2870668571  5.949359e-01 1.07199999999999999998
1  3.02e+06  0.2870947262  5.949359e-01 1.07199999999999999998
1  3.16e+06  0.2871231289  5.949359e-01 1.07199999999999999998
1  3.31e+06  0.2871514826  5.949359e-01 1.07199999999999999998
1  3.47e+06  0.2871794336  5.949359e-01 1.07199999999999999998
1  3.63e+06  0.2872066806  5.949359e-01 1.07199999999999999998
1  3.80e+06  0.2872329991  5.949359e-01 1.07199999999999999998
1  3.98e+06  0.2872582272  5.949359e-01 1.07199999999999999998
1  4.17e+06  0.2872822547  5.949359e-01 1.07199999999999999998
1  4.37e+06  0.2873050126  5.949359e-01 1.07199999999999999998
1  4.57e+06  0.2873264651  5.949359e-01 1.07199999999999999998
1  4.79e+06  0.2873466028  5.949359e-01 1.07199999999999999998
1  5.01e+06  0.2873654365  5.949359e-01 1.07199999999999999998
1  5.25e+06  0.287382993  5.949359e-01 1.07199999999999999998
1  5.50e+06  0.2873993109  5.949359e-01 1.07199999999999999998
1  5.75e+06  0.2874144372  5.949359e-01 1.07199999999999999998
1  6.03e+06  0.2874284251  5.949359e-01 1.07199999999999999998
1  6.31e+06  0.2874413411  5.949359e-01 1.07199999999999999998
1  6.61e+06  0.2874532246  5.949359e-01 1.07199999999999999998
1  6.92e+06  0.2874641461  5.949359e-01 1.07199999999999999998
1  7.24e+06  0.2874741657  5.949359e-01 1.07199999999999999998
1  7.59e+06  0.2874833422  5.949359e-01 1.07199999999999999998
1  7.94e+06  0.2874917333  5.949359e-01 1.07199999999999999998
1  8.32e+06  0.2874993943  5.949359e-01 1.07199999999999999998
1  8.71e+06  0.2875063785  5.949359e-01 1.07199999999999999998
1  9.12e+06  0.2875127363  5.949359e-01 1.07199999999999999998
1  9.55e+06  0.2875185159  5.949359e-01 1.07199999999999999998
1  1.00e+07  0.2875237623  5.949359e-01 1.07199999999999999998
