1  1.00e-03  0.5477392284 63317.76 0.95999999999999999998
1  1.05e-03  0.5477392208 63317.76 0.95999999999999999998
1  1.10e-03  0.5477392333 63317.76 0.95999999999999999998
1  1.15e-03  0.5477392301 63317.76 0.95999999999999999998
1  1.20e-03  0.5477392263 63317.76 0.95999999999999999998
1  1.26e-03  0.5477392385 63317.76 0.95999999999999999998
1  1.32e-03  0.5477392302 63317.76 0.95999999999999999998
1  1.38e-03  0.5477392333 63317.76 0.95999999999999999998
1  1.45e-03  0.5477392357 63317.76 0.95999999999999999998
1  1.51e-03  0.5477392209 63317.76 0.95999999999999999998
1  1.58e-03  0.5477392201 63317.76 0.95999999999999999998
1  1.66e-03  0.547739224 63317.76 0.95999999999999999998
1  1.74e-03  0.5477392258 63317.76 0.95999999999999999998
1  1.82e-03  0.5477392264 63317.76 0.95999999999999999998
1  1.91e-03  0.547739218 63317.76 0.95999999999999999998
1  2.00e-03  0.5477392204 63317.76 0.95999999999999999998
1  2.09e-03  0.5477392276 63317.76 0.95999999999999999998
1  2.19e-03  0.5477392329 63317.76 0.95999999999999999998
1  2.29e-03  0.5477392344 63317.76 0.95999999999999999998
1  2.40e-03  0.5477392369 63317.76 0.95999999999999999998
1  2.51e-03  0.5477392306 63317.76 0.95999999999999999998
1  2.63e-03  0.547739241 63317.76 0.95999999999999999998
1  2.75e-03  0.5477392305 63317.76 0.95999999999999999998
1  2.88e-03  0.5477392219 63317.76 0.95999999999999999998
1  3.02e-03  0.5477392431 63317.76 0.95999999999999999998
1  3.16e-03  0.5477392252 63317.76 0.95999999999999999998
1  3.31e-03  0.5477392236 63317.76 0.95999999999999999998
1  3.47e-03  0.5477392277 63317.76 0.95999999999999999998
1  3.63e-03  0.5477392235 63317.76 0.95999999999999999998
1  3.80e-03  0.5477392196 63317.76 0.95999999999999999998
1  3.98e-03  0.5477392336 63317.76 0.95999999999999999998
1  4.17e-03  0.5477392234 63317.76 0.95999999999999999998
1  4.37e-03  0.5477392357 63317.76 0.95999999999999999998
1  4.57e-03  0.5477392376 63317.76 0.95999999999999999998
1  4.79e-03  0.54773922 63317.76 0.95999999999999999998
1  5.01e-03  0.5477392335 63317.76 0.95999999999999999998
1  5.25e-03  0.5477392378 63317.76 0.95999999999999999998
1  5.50e-03  0.5477392178 63317.76 0.95999999999999999998
1  5.75e-03  0.547739221 63317.76 0.95999999999999999998
1  6.03e-03  0.5477392304 63317.76 0.95999999999999999998
1  6.31e-03  0.5477392168 63317.76 0.95999999999999999998
1  6.61e-03  0.547739231 63317.76 0.95999999999999999998
1  6.92e-03  0.5477392222 63317.76 0.95999999999999999998
1  7.24e-03  0.5477392234 63317.76 0.95999999999999999998
1  7.59e-03  0.5477392402 63317.76 0.95999999999999999998
1  7.94e-03  0.5477392184 63317.76 0.95999999999999999998
1  8.32e-03  0.5477392424 63317.76 0.95999999999999999998
1  8.71e-03  0.5477392475 63317.76 0.95999999999999999998
1  9.12e-03  0.5477392297 63317.76 0.95999999999999999998
1  9.55e-03  0.5477392245 63317.76 0.95999999999999999998
1  1.00e-02  0.5477393173 63317.76 0.95999999999999999998
1  1.05e-02  0.547739212 63317.76 0.95999999999999999998
1  1.10e-02  0.5477392139 63317.76 0.95999999999999999998
1  1.15e-02  0.5477392221 63317.76 0.95999999999999999998
1  1.20e-02  0.5477392252 63317.76 0.95999999999999999998
1  1.26e-02  0.5477392425 63317.76 0.95999999999999999998
1  1.32e-02  0.5477393227 63317.76 0.95999999999999999998
1  1.38e-02  0.5477392289 63317.76 0.95999999999999999998
1  1.45e-02  0.5477392164 63317.76 0.95999999999999999998
1  1.51e-02  0.5477392043 63317.76 0.95999999999999999998
1  1.58e-02  0.5477393816 63317.76 0.95999999999999999998
1  1.66e-02  0.5477392562 63317.76 0.95999999999999999998
1  1.74e-02  0.547739197 63317.76 0.95999999999999999998
1  1.82e-02  0.5477392514 63317.76 0.95999999999999999998
1  1.91e-02  0.5477391885 63317.76 0.95999999999999999998
1  2.00e-02  0.547739235 63317.76 0.95999999999999999998
1  2.09e-02  0.5477392171 63317.76 0.95999999999999999998
1  2.19e-02  0.5477392511 63317.76 0.95999999999999999998
1  2.29e-02  0.5477392467 63317.76 0.95999999999999999998
1  2.40e-02  0.5477391827 63317.76 0.95999999999999999998
1  2.51e-02  0.5477346784 63317.76 0.95999999999999999998
1  2.63e-02  0.5477389236 63317.76 0.95999999999999999998
1  2.75e-02  0.5477393941 63317.76 0.95999999999999999998
1  2.88e-02  0.5477391657 63317.76 0.95999999999999999998
1  3.02e-02  0.5477391129 63317.76 0.95999999999999999998
1  3.16e-02  0.5477391 63317.76 0.95999999999999999998
1  3.31e-02  0.547739256 63317.76 0.95999999999999999998
1  3.47e-02  0.5477390551 63317.76 0.95999999999999999998
1  3.63e-02  0.5477392559 63317.76 0.95999999999999999998
1  3.80e-02  0.5477393796 63317.76 0.95999999999999999998
1  3.98e-02  0.5477390962 63317.76 0.95999999999999999998
1  4.17e-02  0.5476907388 63317.76 0.95999999999999999998
1  4.37e-02  0.5477393137 63317.76 0.95999999999999999998
1  4.57e-02  0.5477397131 63317.76 0.95999999999999999998
1  4.79e-02  0.5477392878 63317.76 0.95999999999999999998
1  5.01e-02  0.5477392833 63317.76 0.95999999999999999998
1  5.25e-02  0.5477392381 63317.76 0.95999999999999999998
1  5.50e-02  0.5477392512 63317.76 0.95999999999999999998
1  5.75e-02  0.5477392595 63317.76 0.95999999999999999998
1  6.03e-02  0.5477393481 63317.76 0.95999999999999999998
1  6.31e-02  0.5477392397 63317.76 0.95999999999999999998
1  6.61e-02  0.5477391416 63317.76 0.95999999999999999998
1  6.92e-02  0.5477405789 63317.76 0.95999999999999999998
1  7.24e-02  0.5477392432 63317.76 0.95999999999999999998
1  7.59e-02  0.5477391411 63317.76 0.95999999999999999998
1  7.94e-02  0.5477390757 63317.76 0.95999999999999999998
1  8.32e-02  0.5477760163 63317.76 0.95999999999999999998
1  8.71e-02  0.5477407967 63317.76 0.95999999999999999998
1  9.12e-02  0.5477394581 63317.76 0.95999999999999999998
1  9.55e-02  0.547739525 63317.76 0.95999999999999999998
1  1.00e-01  0.5477394676 63317.76 0.95999999999999999998
1  1.05e-01  0.5477394194 63317.76 0.95999999999999999998
1  1.10e-01  0.5477393806 63317.76 0.95999999999999999998
1  1.15e-01  0.5477393844 63317.76 0.95999999999999999998
1  1.20e-01  0.5477390205 63317.76 0.95999999999999999998
1  1.26e-01  0.5477390475 63317.76 0.95999999999999999998
1  1.32e-01  0.5477395132 63317.76 0.95999999999999999998
1  1.38e-01  0.5477393182 63317.76 0.95999999999999999998
1  1.45e-01  0.547739331 63317.76 0.95999999999999999998
1  1.51e-01  0.5477406774 63317.76 0.95999999999999999998
1  1.58e-01  0.5477393648 63317.76 0.95999999999999999998
1  1.66e-01  0.5477393248 63317.76 0.95999999999999999998
1  1.74e-01  0.5477393744 63317.76 0.95999999999999999998
1  1.82e-01  0.5477395589 63317.76 0.95999999999999999998
1  1.91e-01  0.5477395713 63317.76 0.95999999999999999998
1  2.00e-01  0.5477393751 63317.76 0.95999999999999999998
1  2.09e-01  0.5477389056 63317.76 0.95999999999999999998
1  2.19e-01  0.5477391147 63317.76 0.95999999999999999998
1  2.29e-01  0.5477391273 63317.76 0.95999999999999999998
1  2.40e-01  0.5477389989 63317.76 0.95999999999999999998
1  2.51e-01  0.5477390623 63317.76 0.95999999999999999998
1  2.63e-01  0.5477384387 63317.76 0.95999999999999999998
1  2.75e-01  0.5477384901 63317.76 0.95999999999999999998
1  2.88e-01  0.5477391996 63317.76 0.95999999999999999998
1  3.02e-01  0.5477398589 63317.76 0.95999999999999999998
1  3.16e-01  0.5478944003 63317.76 0.95999999999999999998
1  3.31e-01  0.5477389995 63317.76 0.95999999999999999998
1  3.47e-01  0.5477393261 63317.76 0.95999999999999999998
1  3.63e-01  0.5477395176 63317.76 0.95999999999999999998
1  3.80e-01  0.5477380183 63317.76 0.95999999999999999998
1  3.98e-01  0.5477383756 63317.76 0.95999999999999999998
1  4.17e-01  0.5477385746 63317.76 0.95999999999999999998
1  4.37e-01  0.5477391957 63317.76 0.95999999999999999998
1  4.57e-01  0.5477387888 63317.76 0.95999999999999999998
1  4.79e-01  0.5477398343 63317.76 0.95999999999999999998
1  5.01e-01  0.5477384864 63317.76 0.95999999999999999998
1  5.25e-01  0.5477373486 63317.76 0.95999999999999999998
1  5.50e-01  0.5477375961 63317.76 0.95999999999999999998
1  5.75e-01  0.5477392255 63317.76 0.95999999999999999998
1  6.03e-01  0.5477406556 63317.76 0.95999999999999999998
1  6.31e-01  0.5477373914 63317.76 0.95999999999999999998
1  6.61e-01  0.5477388632 63317.76 0.95999999999999999998
1  6.92e-01  0.547737852 63317.76 0.95999999999999999998
1  7.24e-01  0.5477386565 63317.76 0.95999999999999999998
1  7.59e-01  0.5477392649 63317.76 0.95999999999999999998
1  7.94e-01  0.5477362481 63317.76 0.95999999999999999998
1  8.32e-01  0.5477395681 63317.76 0.95999999999999999998
1  8.71e-01  0.5477372164 63317.76 0.95999999999999999998
1  9.12e-01  0.547738192 63317.76 0.95999999999999999998
1  9.55e-01  0.5477393325 63317.76 0.95999999999999999998
1  1.00e+00  0.5477380173 63317.76 0.95999999999999999998
1  1.05e+00  0.5477386556 63317.76 0.95999999999999999998
1  1.10e+00  0.5477362644 63317.76 0.95999999999999999998
1  1.15e+00  0.5477352706 63317.76 0.95999999999999999998
1  1.20e+00  0.5477360484 63317.76 0.95999999999999999998
1  1.26e+00  0.5477392597 63317.76 0.95999999999999999998
1  1.32e+00  0.5477388731 63317.76 0.95999999999999999998
1  1.38e+00  0.5477375571 63317.76 0.95999999999999999998
1  1.45e+00  0.5477484918 63317.76 0.95999999999999999998
1  1.51e+00  0.5477394371 63317.76 0.95999999999999999998
1  1.58e+00  0.5477350305 63317.76 0.95999999999999999998
1  1.66e+00  0.5477365616 63317.76 0.95999999999999999998
1  1.74e+00  0.5477328949 63317.76 0.95999999999999999998
1  1.82e+00  0.5477362089 63317.76 0.95999999999999999998
1  1.91e+00  0.5477320594 63317.76 0.95999999999999999998
1  2.00e+00  0.5477314708 63317.76 0.95999999999999999998
1  2.09e+00  0.5477416406 63317.76 0.95999999999999999998
1  2.19e+00  0.5477375762 63317.76 0.95999999999999999998
1  2.29e+00  0.5477379315 63317.76 0.95999999999999999998
1  2.40e+00  0.5477325592 63317.76 0.95999999999999999998
1  2.51e+00  0.5477388552 63317.76 0.95999999999999999998
1  2.63e+00  0.5477377345 63317.76 0.95999999999999999998
1  2.75e+00  0.5477359922 63317.76 0.95999999999999999998
1  2.88e+00  0.5477294388 63317.76 0.95999999999999999998
1  3.02e+00  0.5477365064 63317.76 0.95999999999999999998
1  3.16e+00  0.5477357853 63317.76 0.95999999999999999998
1  3.31e+00  0.5477190867 63317.76 0.95999999999999999998
1  3.47e+00  0.5477338551 63317.76 0.95999999999999999998
1  3.63e+00  0.5477369358 63317.76 0.95999999999999999998
1  3.80e+00  0.547736098 63317.76 0.95999999999999999998
1  3.98e+00  0.5477278874 63317.76 0.95999999999999999998
1  4.17e+00  0.5477339523 63317.76 0.95999999999999999998
1  4.37e+00  0.5477298024 63317.76 0.95999999999999999998
1  4.57e+00  0.5476997409 63317.76 0.95999999999999999998
1  4.79e+00  0.5477219738 63317.76 0.95999999999999999998
1  5.01e+00  0.5477189733 63317.76 0.95999999999999999998
1  5.25e+00  0.5477193537 63317.76 0.95999999999999999998
1  5.50e+00  0.5477182527 63317.76 0.95999999999999999998
1  5.75e+00  0.5477091368 63317.76 0.95999999999999999998
1  6.03e+00  0.5477651343 63317.76 0.95999999999999999998
1  6.31e+00  0.5477167576 63317.76 0.95999999999999999998
1  6.61e+00  0.5477363519 63317.76 0.95999999999999999998
1  6.92e+00  0.547723469 63317.76 0.95999999999999999998
1  7.24e+00  0.5477132347 63317.76 0.95999999999999999998
1  7.59e+00  0.5478111196 63317.76 0.95999999999999999998
1  7.94e+00  0.5477615904 63317.76 0.95999999999999999998
1  8.32e+00  0.5477340403 63317.76 0.95999999999999999998
1  8.71e+00  0.547684601 63317.76 0.95999999999999999998
1  9.12e+00  0.5476417696 63317.76 0.95999999999999999998
1  9.55e+00  0.5477446979 63317.76 0.95999999999999999998
1  1.00e+01  0.5476667531 63317.76 0.95999999999999999998
1  1.05e+01  0.5477258521 63317.76 0.95999999999999999998
1  1.10e+01  0.5477398047 63317.76 0.95999999999999999998
1  1.15e+01  0.5477000528 63317.76 0.95999999999999999998
1  1.20e+01  0.5477083808 63317.76 0.95999999999999999998
1  1.26e+01  0.54768896 63317.76 0.95999999999999999998
1  1.32e+01  0.5476904558 63317.76 0.95999999999999999998
1  1.38e+01  0.547730134 63317.76 0.95999999999999999998
1  1.45e+01  0.5477303227 63317.76 0.95999999999999999998
1  1.51e+01  0.5476796924 63317.76 0.95999999999999999998
1  1.58e+01  0.5477424059 63317.76 0.95999999999999999998
1  1.66e+01  0.5477479906 63317.76 0.95999999999999999998
1  1.74e+01  0.5477198923 63317.76 0.95999999999999999998
1  1.82e+01  0.5476704698 63317.76 0.95999999999999999998
1  1.91e+01  0.5476964758 63317.76 0.95999999999999999998
1  2.00e+01  0.5477314986 63317.76 0.95999999999999999998
1  2.09e+01  0.5477543841 63317.76 0.95999999999999999998
1  2.19e+01  0.5475622466 63317.76 0.95999999999999999998
1  2.29e+01  0.5476825259 63317.76 0.95999999999999999998
1  2.40e+01  0.5477241828 63317.76 0.95999999999999999998
1  2.51e+01  0.5479518407 63317.76 0.95999999999999999998
1  2.63e+01  0.5480479346 63317.76 0.95999999999999999998
1  2.75e+01  0.5477176415 63317.76 0.95999999999999999998
1  2.88e+01  0.5475659795 63317.76 0.95999999999999999998
1  3.02e+01  0.5477477558 63317.76 0.95999999999999999998
1  3.16e+01  0.5473848365 63317.76 0.95999999999999999998
1  3.31e+01  0.5479409624 63317.76 0.95999999999999999998
1  3.47e+01  0.5476501725 63317.76 0.95999999999999999998
1  3.63e+01  0.547648956 63317.76 0.95999999999999999998
1  3.80e+01  0.5476200493 63317.76 0.95999999999999999998
1  3.98e+01  0.5476473556 63317.76 0.95999999999999999998
1  4.17e+01  0.5476264318 63317.76 0.95999999999999999998
1  4.37e+01  0.5477057556 63317.76 0.95999999999999999998
1  4.57e+01  0.5475038079 63317.76 0.95999999999999999998
1  4.79e+01  0.5477717724 63317.76 0.95999999999999999998
1  5.01e+01  0.5475233382 63317.76 0.95999999999999999998
1  5.25e+01  0.5477118591 63317.76 0.95999999999999999998
1  5.50e+01  0.5477465998 63317.76 0.95999999999999999998
1  5.75e+01  0.547856541 63317.76 0.95999999999999999998
1  6.03e+01  0.5475591883 63317.76 0.95999999999999999998
1  6.31e+01  0.5477523708 63317.76 0.95999999999999999998
1  6.61e+01  0.5474894302 63317.76 0.95999999999999999998
1  6.92e+01  0.5478260099 63317.76 0.95999999999999999998
1  7.24e+01  0.5475754741 63317.76 0.95999999999999999998
1  7.59e+01  0.5474603682 63317.76 0.95999999999999999998
1  7.94e+01  0.5478470136 63317.76 0.95999999999999999998
1  8.32e+01  0.5473869099 63317.76 0.95999999999999999998
1  8.71e+01  0.5477974086 63317.76 0.95999999999999999998
1  9.12e+01  0.5475157367 63317.76 0.95999999999999999998
1  9.55e+01  0.5476228527 63317.76 0.95999999999999999998
1  1.00e+02  0.5475504363 63317.76 0.95999999999999999998
1  1.05e+02  0.5475642057 63317.76 0.95999999999999999998
1  1.10e+02  0.5474478344 63317.76 0.95999999999999999998
1  1.15e+02  0.5474664176 63317.76 0.95999999999999999998
1  1.20e+02  0.547909711 63317.76 0.95999999999999999998
1  1.26e+02  0.5471157793 63317.76 0.95999999999999999998
1  1.32e+02  0.5476258215 63317.76 0.95999999999999999998
1  1.38e+02  0.5476370955 63317.76 0.95999999999999999998
1  1.45e+02  0.5472954741 63317.76 0.95999999999999999998
1  1.51e+02  0.5473152354 63317.76 0.95999999999999999998
1  1.58e+02  0.5473694872 63317.76 0.95999999999999999998
1  1.66e+02  0.547673454 63317.76 0.95999999999999999998
1  1.74e+02  0.5476230832 63317.76 0.95999999999999999998
1  1.82e+02  0.5470151283 63317.76 0.95999999999999999998
1  1.91e+02  0.547717153 63317.76 0.95999999999999999998
1  2.00e+02  0.547130778 63317.76 0.95999999999999999998
1  2.09e+02  0.5473563387 63317.76 0.95999999999999999998
1  2.19e+02  0.547668524 63317.76 0.95999999999999999998
1  2.29e+02  0.5475598272 63317.76 0.95999999999999999998
1  2.40e+02  0.5468900138 63317.76 0.95999999999999999998
1  2.51e+02  0.5475568662 63317.76 0.95999999999999999998
1  2.63e+02  0.5467993929 63317.76 0.95999999999999999998
1  2.75e+02  0.5467047052 63317.76 0.95999999999999999998
1  2.88e+02  0.5466457784 63317.76 0.95999999999999999998
1  3.02e+02  0.5474195772 63317.76 0.95999999999999999998
1  3.16e+02  0.5466624347 63317.76 0.95999999999999999998
1  3.31e+02  0.5471207948 63317.76 0.95999999999999999998
1  3.47e+02  0.5465977267 63317.76 0.95999999999999999998
1  3.63e+02  0.5469338227 63317.76 0.95999999999999999998
1  3.80e+02  0.5467338258 63317.76 0.95999999999999999998
1  3.98e+02  0.5472133198 63317.76 0.95999999999999999998
1  4.17e+02  0.546610511 63317.76 0.95999999999999999998
1  4.37e+02  0.5468756476 63317.76 0.95999999999999999998
1  4.57e+02  0.5460915951 63317.76 0.95999999999999999998
1  4.79e+02  0.5462259088 63317.76 0.95999999999999999998
1  5.01e+02  0.5458957831 63317.76 0.95999999999999999998
1  5.25e+02  0.5477110219 63317.76 0.95999999999999999998
1  5.50e+02  0.5464587166 63317.76 0.95999999999999999998
1  5.75e+02  0.5462523086 63317.76 0.95999999999999999998
1  6.03e+02  0.5477223167 63317.76 0.95999999999999999998
1  6.31e+02  0.5455577706 63317.76 0.95999999999999999998
1  6.61e+02  0.5474647008 63317.76 0.95999999999999999998
1  6.92e+02  0.5472690735 63317.76 0.95999999999999999998
1  7.24e+02  0.5459977508 63317.76 0.95999999999999999998
1  7.59e+02  0.5465295241 63317.76 0.95999999999999999998
1  7.94e+02  0.5444530023 63317.76 0.95999999999999999998
1  8.32e+02  0.5454983065 63317.76 0.95999999999999999998
1  8.71e+02  0.5445808291 63317.76 0.95999999999999999998
1  9.12e+02  0.5475639093 63317.76 0.95999999999999999998
1  9.55e+02  0.5433486763 63317.76 0.95999999999999999998
1  1.00e+03  0.5455435048 63317.76 0.95999999999999999998
1  1.05e+03  0.5475710464 63317.76 0.95999999999999999998
1  1.10e+03  0.5422317662 63317.76 0.95999999999999999998
1  1.15e+03  0.5478182428 63317.76 0.95999999999999999998
1  1.20e+03  0.5435239746 63317.76 0.95999999999999999998
1  1.26e+03  0.5452408825 63317.76 0.95999999999999999998
1  1.32e+03  0.5527403688 63317.76 0.95999999999999999998
1  1.38e+03  0.5478729979 63317.76 0.95999999999999999998
1  1.45e+03  0.5528035522 63317.76 0.95999999999999999998
1  1.51e+03  0.5288572974 63317.76 0.95999999999999999998
1  1.58e+03  0.5266249428 63317.76 0.95999999999999999998
1  1.66e+03  0.5262502079 63317.76 0.95999999999999999998
1  1.74e+03  0.5231813546 63317.76 0.95999999999999999998
1  1.82e+03  0.5516561862 63317.76 0.95999999999999999998
1  1.91e+03  0.5565942036 63317.76 0.95999999999999999998
1  2.00e+03  0.5772823635 63317.76 0.95999999999999999998
1  2.09e+03  0.5513855132 63317.76 0.95999999999999999998
1  2.19e+03  0.5331471715 63317.76 0.95999999999999999998
1  2.29e+03  0.5152436427 63317.76 0.95999999999999999998
1  2.40e+03  0.5090314599 63317.76 0.95999999999999999998
1  2.51e+03  0.5529080303 63317.76 0.95999999999999999998
1  2.63e+03  0.4872006344 63317.76 0.95999999999999999998
1  2.75e+03  0.5120830247 63317.76 0.95999999999999999998
1  2.88e+03  0.4403339838 63317.76 0.95999999999999999998
1  3.02e+03  0.5265575615 63317.76 0.95999999999999999998
1  3.16e+03  0.5679869884 63317.76 0.95999999999999999998
1  3.31e+03  0.583271018 63317.76 0.95999999999999999998
1  3.47e+03  0.5967860097 63317.76 0.95999999999999999998
1  3.63e+03  0.5739701833 63317.76 0.95999999999999999998
1  3.80e+03  0.5023072368 63317.76 0.95999999999999999998
1  3.98e+03  0.5984027837 63317.76 0.95999999999999999998
1  4.17e+03  0.6009093217 63317.76 0.95999999999999999998
1  4.37e+03  0.6000313878 63317.76 0.95999999999999999998
1  4.57e+03  0.5726199975 63317.76 0.95999999999999999998
1  4.79e+03  0.6623989066 63317.76 0.95999999999999999998
1  5.01e+03  0.5994930729 63317.76 0.95999999999999999998
1  5.25e+03  0.5410709699 63317.76 0.95999999999999999998
1  5.50e+03  0.517816622 63317.76 0.95999999999999999998
1  5.75e+03  0.4979558004 63317.76 0.95999999999999999998
1  6.03e+03  0.4753869386 63317.76 0.95999999999999999998
1  6.31e+03  0.5049713446 63317.76 0.95999999999999999998
1  6.61e+03  0.6146086084 63317.76 0.95999999999999999998
1  6.92e+03  0.6211142199 63317.76 0.95999999999999999998
1  7.24e+03  0.3948336967 63317.76 0.95999999999999999998
1  7.59e+03  0.5536463284 63317.76 0.95999999999999999998
1  7.94e+03  0.4841223563 63317.76 0.95999999999999999998
1  8.32e+03  0.4753789392 63317.76 0.95999999999999999998
1  8.71e+03  0.4219243939 63317.76 0.95999999999999999998
1  9.12e+03  0.5912611605 63317.76 0.95999999999999999998
1  9.55e+03  0.3209704783 63317.76 0.95999999999999999998
1  1.00e+04  0.4095089844 63317.76 0.95999999999999999998
1  1.05e+04  0.6298570816 63317.76 0.95999999999999999998
1  1.10e+04  0.4647962471 63317.76 0.95999999999999999998
1  1.15e+04  0.3641422949 63317.76 0.95999999999999999998
1  1.20e+04  0.2064392188 63317.76 0.95999999999999999998
1  1.26e+04  0.2704189367 63317.76 0.95999999999999999998
1  1.32e+04  0.2180374001 63317.76 0.95999999999999999998
1  1.38e+04  0.2790041304 63317.76 0.95999999999999999998
1  1.45e+04  0.1922543336 63317.76 0.95999999999999999998
1  1.51e+04  0.1999857106 63317.76 0.95999999999999999998
1  1.58e+04  0.226795956 63317.76 0.95999999999999999998
1  1.66e+04  0.3465121936 63317.76 0.95999999999999999998
1  1.74e+04  0.5470813346 63317.76 0.95999999999999999998
1  1.82e+04  0.5380471307 63317.76 0.95999999999999999998
1  1.91e+04  0.3134954909 63317.76 0.95999999999999999998
1  2.00e+04  0.1438123343 63317.76 0.95999999999999999998
1  2.09e+04  0.5432274902 63317.76 0.95999999999999999998
1  2.19e+04  0.5082860976 63317.76 0.95999999999999999998
1  2.29e+04  0.06562709871 63317.76 0.95999999999999999998
1  2.40e+04  0.5677320818 63317.76 0.95999999999999999998
1  2.51e+04  0.3585321358 63317.76 0.95999999999999999998
1  2.63e+04  0.1307582598 63317.76 0.95999999999999999998
1  2.75e+04  0.5220916577 63317.76 0.95999999999999999998
1  2.88e+04  0.1004254149 63317.76 0.95999999999999999998
1  3.02e+04  0.5736850755 63317.76 0.95999999999999999998
1  3.16e+04  0.05524678824 63317.76 0.95999999999999999998
1  3.31e+04  0.5774807085 63317.76 0.95999999999999999998
1  3.47e+04  0.06883152715 63317.76 0.95999999999999999998
1  3.63e+04  0.475741971 63317.76 0.95999999999999999998
1  3.80e+04  0.2379490217 63317.76 0.95999999999999999998
1  3.98e+04  0.302792901 63317.76 0.95999999999999999998
1  4.17e+04  0.4054840031 63317.76 0.95999999999999999998
1  4.37e+04  0.0827484451 63317.76 0.95999999999999999998
1  4.57e+04  0.5559844478 63317.76 0.95999999999999999998
1  4.79e+04  0.3075514942 63317.76 0.95999999999999999998
1  5.01e+04  0.1084209799 63317.76 0.95999999999999999998
1  5.25e+04  0.5247970313 63317.76 0.95999999999999999998
1  5.50e+04  0.3615456657 63317.76 0.95999999999999999998
1  5.75e+04  0.05083389393 63317.76 0.95999999999999999998
1  6.03e+04  0.4787457971 63317.76 0.95999999999999999998
1  6.31e+04  0.4255901212 63317.76 0.95999999999999999998
1  6.61e+04  0.07529434954 63317.76 0.95999999999999999998
1  6.92e+04  0.313614188 63317.76 0.95999999999999999998
1  7.24e+04  0.5711541235 63317.76 0.95999999999999999998
1  7.59e+04  0.4119168309 63317.76 0.95999999999999999998
1  7.94e+04  0.2196668683 63317.76 0.95999999999999999998
1  8.32e+04  0.2709140252 63317.76 0.95999999999999999998
1  8.71e+04  0.4629646335 63317.76 0.95999999999999999998
1  9.12e+04  0.56534088 63317.76 0.95999999999999999998
1  9.55e+04  0.4513113686 63317.76 0.95999999999999999998
1  1.00e+05  0.2463483935 63317.76 0.95999999999999999998
1  1.05e+05  0.1974220483 63317.76 0.95999999999999999998
1  1.10e+05  0.3617608279 63317.76 0.95999999999999999998
1  1.15e+05  0.5403274337 63317.76 0.95999999999999999998
1  1.20e+05  0.532080934 63317.76 0.95999999999999999998
1  1.26e+05  0.3551048857 63317.76 0.95999999999999999998
1  1.32e+05  0.193006401 63317.76 0.95999999999999999998
1  1.38e+05  0.1892229176 63317.76 0.95999999999999999998
1  1.45e+05  0.3291086029 63317.76 0.95999999999999999998
1  1.51e+05  0.4885412064 63317.76 0.95999999999999999998
1  1.58e+05  0.5550385479 63317.76 0.95999999999999999998
1  1.66e+05  0.5035407395 63317.76 0.95999999999999999998
1  1.74e+05  0.3886736272 63317.76 0.95999999999999999998
1  1.82e+05  0.2891690607 63317.76 0.95999999999999999998
1  1.91e+05  0.256838857 63317.76 0.95999999999999999998
1  2.00e+05  0.297805738 63317.76 0.95999999999999999998
1  2.09e+05  0.3834867852 63317.76 0.95999999999999999998
1  2.19e+05  0.4740207677 63317.76 0.95999999999999999998
1  2.29e+05  0.5381736473 63317.76 0.95999999999999999998
1  2.40e+05  0.562445934 63317.76 0.95999999999999999998
1  2.51e+05  0.550076661 63317.76 0.95999999999999999998
1  2.63e+05  0.5144866916 63317.76 0.95999999999999999998
1  2.75e+05  0.471812373 63317.76 0.95999999999999999998
1  2.88e+05  0.4354139199 63317.76 0.95999999999999999998
1  3.02e+05  0.4132641512 63317.76 0.95999999999999999998
1  3.16e+05  0.4077860196 63317.76 0.95999999999999999998
1  3.31e+05  0.4171596836 63317.76 0.95999999999999999998
1  3.47e+05  0.4371424084 63317.76 0.95999999999999999998
1  3.63e+05  0.4627385328 63317.76 0.95999999999999999998
1  3.80e+05  0.4893942035 63317.76 0.95999999999999999998
1  3.98e+05  0.5136529446 63317.76 0.95999999999999999998
1  4.17e+05  0.5333602453 63317.76 0.95999999999999999998
1  4.37e+05  0.5475637263 63317.76 0.95999999999999999998
1  4.57e+05  0.5562527733 63317.76 0.95999999999999999998
1  4.79e+05  0.5600490564 63317.76 0.95999999999999999998
1  5.01e+05  0.559919292 63317.76 0.95999999999999999998
1  5.25e+05  0.5569463609 63317.76 0.95999999999999999998
1  5.50e+05  0.552169348 63317.76 0.95999999999999999998
1  5.75e+05  0.5464874856 63317.76 0.95999999999999999998
1  6.03e+05  0.5406154299 63317.76 0.95999999999999999998
1  6.31e+05  0.5350752439 63317.76 0.95999999999999999998
1  6.61e+05  0.5302116096 63317.76 0.95999999999999999998
1  6.92e+05  0.5262158892 63317.76 0.95999999999999999998
1  7.24e+05  0.5231653029 63317.76 0.95999999999999999998
1  7.59e+05  0.5210557415 63317.76 0.95999999999999999998
1  7.94e+05  0.5198189616 63317.76 0.95999999999999999998
1  8.32e+05  0.5193527989 63317.76 0.95999999999999999998
1  8.71e+05  0.5195377012 63317.76 0.95999999999999999998
1  9.12e+05  0.5202498382 63317.76 0.95999999999999999998
1  9.55e+05  0.5213700613 63317.76 0.95999999999999999998
1  1.00e+06  0.5227895176 63317.76 0.95999999999999999998
1  1.05e+06  0.5244127031 63317.76 0.95999999999999999998
1  1.10e+06  0.5261586543 63317.76 0.95999999999999999998
1  1.15e+06  0.5279608605 63317.76 0.95999999999999999998
1  1.20e+06  0.5297678313 63317.76 0.95999999999999999998
1  1.26e+06  0.5315357356 63317.76 0.95999999999999999998
1  1.32e+06  0.5332359218 63317.76 0.95999999999999999998
1  1.38e+06  0.5348471077 63317.76 0.95999999999999999998
1  1.45e+06  0.536355371 63317.76 0.95999999999999999998
1  1.51e+06  0.5377527076 63317.76 0.95999999999999999998
1  1.58e+06  0.5390357578 63317.76 0.95999999999999999998
1  1.66e+06  0.5402047103 63317.76 0.95999999999999999998
1  1.74e+06  0.5412623821 63317.76 0.95999999999999999998
1  1.82e+06  0.5422134615 63317.76 0.95999999999999999998
1  1.91e+06  0.5430638975 63317.76 0.95999999999999999998
1  2.00e+06  0.5438204169 63317.76 0.95999999999999999998
1  2.09e+06  0.5444901501 63317.76 0.95999999999999999998
1  2.19e+06  0.5450803465 63317.76 0.95999999999999999998
1  2.29e+06  0.5455981656 63317.76 0.95999999999999999998
1  2.40e+06  0.546050527 63317.76 0.95999999999999999998
1  2.51e+06  0.5464443969 63317.76 0.95999999999999999998
1  2.63e+06  0.5467851324 63317.76 0.95999999999999999998
1  2.75e+06  0.5470788876 63317.76 0.95999999999999999998
1  2.88e+06  0.5473309305 63317.76 0.95999999999999999998
1  3.02e+06  0.5475460709 63317.76 0.95999999999999999998
1  3.16e+06  0.5477286729 63317.76 0.95999999999999999998
1  3.31e+06  0.5478826745 63317.76 0.95999999999999999998
1  3.47e+06  0.5480116123 63317.76 0.95999999999999999998
1  3.63e+06  0.5481186494 63317.76 0.95999999999999999998
1  3.80e+06  0.5482066042 63317.76 0.95999999999999999998
1  3.98e+06  0.54827798 63317.76 0.95999999999999999998
1  4.17e+06  0.5483349935 63317.76 0.95999999999999999998
1  4.37e+06  0.5483796022 63317.76 0.95999999999999999998
1  4.57e+06  0.5484135309 63317.76 0.95999999999999999998
1  4.79e+06  0.5484382953 63317.76 0.95999999999999999998
1  5.01e+06  0.5484553098 63317.76 0.95999999999999999998
1  5.25e+06  0.5484655597 63317.76 0.95999999999999999998
1  5.50e+06  0.5484701556 63317.76 0.95999999999999999998
1  5.75e+06  0.5484699837 63317.76 0.95999999999999999998
1  6.03e+06  0.5484658151 63317.76 0.95999999999999999998
1  6.31e+06  0.5484583196 63317.76 0.95999999999999999998
1  6.61e+06  0.5484480776 63317.76 0.95999999999999999998
1  6.92e+06  0.5484355914 63317.76 0.95999999999999999998
1  7.24e+06  0.5484212946 63317.76 0.95999999999999999998
1  7.59e+06  0.5484055605 63317.76 0.95999999999999999998
1  7.94e+06  0.5483887099 63317.76 0.95999999999999999998
1  8.32e+06  0.5483710178 63317.76 0.95999999999999999998
1  8.71e+06  0.548352719 63317.76 0.95999999999999999998
1  9.12e+06  0.5483340135 63317.76 0.95999999999999999998
1  9.55e+06  0.5483150709 63317.76 0.95999999999999999998
1  1.00e+07  0.548296052 63317.76 0.95999999999999999998
