1  1.00e-03  0.5477392279 66219.824 1.00399999999999999997
1  1.05e-03  0.5477392271 66219.824 1.00399999999999999997
1  1.10e-03  0.5477392252 66219.824 1.00399999999999999997
1  1.15e-03  0.5477392386 66219.824 1.00399999999999999997
1  1.20e-03  0.5477392309 66219.824 1.00399999999999999997
1  1.26e-03  0.5477392314 66219.824 1.00399999999999999997
1  1.32e-03  0.5477392366 66219.824 1.00399999999999999997
1  1.38e-03  0.5477392332 66219.824 1.00399999999999999997
1  1.45e-03  0.5477392274 66219.824 1.00399999999999999997
1  1.51e-03  0.5477392242 66219.824 1.00399999999999999997
1  1.58e-03  0.5477392163 66219.824 1.00399999999999999997
1  1.66e-03  0.5477392212 66219.824 1.00399999999999999997
1  1.74e-03  0.5477392227 66219.824 1.00399999999999999997
1  1.82e-03  0.5477392238 66219.824 1.00399999999999999997
1  1.91e-03  0.5477392222 66219.824 1.00399999999999999997
1  2.00e-03  0.5477392242 66219.824 1.00399999999999999997
1  2.09e-03  0.5477392341 66219.824 1.00399999999999999997
1  2.19e-03  0.5477392279 66219.824 1.00399999999999999997
1  2.29e-03  0.547739234 66219.824 1.00399999999999999997
1  2.40e-03  0.5477392284 66219.824 1.00399999999999999997
1  2.51e-03  0.5477392311 66219.824 1.00399999999999999997
1  2.63e-03  0.5477392604 66219.824 1.00399999999999999997
1  2.75e-03  0.5477392556 66219.824 1.00399999999999999997
1  2.88e-03  0.5477392292 66219.824 1.00399999999999999997
1  3.02e-03  0.5477392297 66219.824 1.00399999999999999997
1  3.16e-03  0.547739234 66219.824 1.00399999999999999997
1  3.31e-03  0.5477392223 66219.824 1.00399999999999999997
1  3.47e-03  0.5477392397 66219.824 1.00399999999999999997
1  3.63e-03  0.5477392287 66219.824 1.00399999999999999997
1  3.80e-03  0.5477392294 66219.824 1.00399999999999999997
1  3.98e-03  0.547739234 66219.824 1.00399999999999999997
1  4.17e-03  0.5477392194 66219.824 1.00399999999999999997
1  4.37e-03  0.5477392237 66219.824 1.00399999999999999997
1  4.57e-03  0.5477392265 66219.824 1.00399999999999999997
1  4.79e-03  0.5477392321 66219.824 1.00399999999999999997
1  5.01e-03  0.5477392357 66219.824 1.00399999999999999997
1  5.25e-03  0.5477392192 66219.824 1.00399999999999999997
1  5.50e-03  0.5477392248 66219.824 1.00399999999999999997
1  5.75e-03  0.5477391976 66219.824 1.00399999999999999997
1  6.03e-03  0.547739214 66219.824 1.00399999999999999997
1  6.31e-03  0.5477392353 66219.824 1.00399999999999999997
1  6.61e-03  0.5477392105 66219.824 1.00399999999999999997
1  6.92e-03  0.5477392232 66219.824 1.00399999999999999997
1  7.24e-03  0.5477392285 66219.824 1.00399999999999999997
1  7.59e-03  0.5477392165 66219.824 1.00399999999999999997
1  7.94e-03  0.5477392442 66219.824 1.00399999999999999997
1  8.32e-03  0.5477392211 66219.824 1.00399999999999999997
1  8.71e-03  0.5477392274 66219.824 1.00399999999999999997
1  9.12e-03  0.5477392246 66219.824 1.00399999999999999997
1  9.55e-03  0.5477392414 66219.824 1.00399999999999999997
1  1.00e-02  0.5477392224 66219.824 1.00399999999999999997
1  1.05e-02  0.5477392702 66219.824 1.00399999999999999997
1  1.10e-02  0.5477392224 66219.824 1.00399999999999999997
1  1.15e-02  0.5477392524 66219.824 1.00399999999999999997
1  1.20e-02  0.5477392505 66219.824 1.00399999999999999997
1  1.26e-02  0.5477392895 66219.824 1.00399999999999999997
1  1.32e-02  0.5477392693 66219.824 1.00399999999999999997
1  1.38e-02  0.5477392491 66219.824 1.00399999999999999997
1  1.45e-02  0.5477392598 66219.824 1.00399999999999999997
1  1.51e-02  0.5477392577 66219.824 1.00399999999999999997
1  1.58e-02  0.5477392562 66219.824 1.00399999999999999997
1  1.66e-02  0.547739212 66219.824 1.00399999999999999997
1  1.74e-02  0.5477392567 66219.824 1.00399999999999999997
1  1.82e-02  0.5477392243 66219.824 1.00399999999999999997
1  1.91e-02  0.5477392256 66219.824 1.00399999999999999997
1  2.00e-02  0.5477391839 66219.824 1.00399999999999999997
1  2.09e-02  0.5477392425 66219.824 1.00399999999999999997
1  2.19e-02  0.5477391627 66219.824 1.00399999999999999997
1  2.29e-02  0.5477391868 66219.824 1.00399999999999999997
1  2.40e-02  0.5477392161 66219.824 1.00399999999999999997
1  2.51e-02  0.547739585 66219.824 1.00399999999999999997
1  2.63e-02  0.5478435165 66219.824 1.00399999999999999997
1  2.75e-02  0.5477391638 66219.824 1.00399999999999999997
1  2.88e-02  0.5477392066 66219.824 1.00399999999999999997
1  3.02e-02  0.5477391184 66219.824 1.00399999999999999997
1  3.16e-02  0.5477390756 66219.824 1.00399999999999999997
1  3.31e-02  0.5477392471 66219.824 1.00399999999999999997
1  3.47e-02  0.5477392041 66219.824 1.00399999999999999997
1  3.63e-02  0.5477393677 66219.824 1.00399999999999999997
1  3.80e-02  0.5477392397 66219.824 1.00399999999999999997
1  3.98e-02  0.5477391595 66219.824 1.00399999999999999997
1  4.17e-02  0.5477398291 66219.824 1.00399999999999999997
1  4.37e-02  0.5477394555 66219.824 1.00399999999999999997
1  4.57e-02  0.5477395522 66219.824 1.00399999999999999997
1  4.79e-02  0.5477394139 66219.824 1.00399999999999999997
1  5.01e-02  0.5477394251 66219.824 1.00399999999999999997
1  5.25e-02  0.5477392661 66219.824 1.00399999999999999997
1  5.50e-02  0.5477393477 66219.824 1.00399999999999999997
1  5.75e-02  0.5477392469 66219.824 1.00399999999999999997
1  6.03e-02  0.547739088 66219.824 1.00399999999999999997
1  6.31e-02  0.5477393356 66219.824 1.00399999999999999997
1  6.61e-02  0.5477392222 66219.824 1.00399999999999999997
1  6.92e-02  0.5477391657 66219.824 1.00399999999999999997
1  7.24e-02  0.5477403954 66219.824 1.00399999999999999997
1  7.59e-02  0.5477390503 66219.824 1.00399999999999999997
1  7.94e-02  0.5477390484 66219.824 1.00399999999999999997
1  8.32e-02  0.5477388941 66219.824 1.00399999999999999997
1  8.71e-02  0.5477397713 66219.824 1.00399999999999999997
1  9.12e-02  0.5477394041 66219.824 1.00399999999999999997
1  9.55e-02  0.5477394245 66219.824 1.00399999999999999997
1  1.00e-01  0.5477394849 66219.824 1.00399999999999999997
1  1.05e-01  0.5477394726 66219.824 1.00399999999999999997
1  1.10e-01  0.5477394662 66219.824 1.00399999999999999997
1  1.15e-01  0.547739153 66219.824 1.00399999999999999997
1  1.20e-01  0.5477389108 66219.824 1.00399999999999999997
1  1.26e-01  0.5477399132 66219.824 1.00399999999999999997
1  1.32e-01  0.547739189 66219.824 1.00399999999999999997
1  1.38e-01  0.5477395361 66219.824 1.00399999999999999997
1  1.45e-01  0.5477388114 66219.824 1.00399999999999999997
1  1.51e-01  0.5477382215 66219.824 1.00399999999999999997
1  1.58e-01  0.5477387969 66219.824 1.00399999999999999997
1  1.66e-01  0.5477385181 66219.824 1.00399999999999999997
1  1.74e-01  0.5477393872 66219.824 1.00399999999999999997
1  1.82e-01  0.5477392087 66219.824 1.00399999999999999997
1  1.91e-01  0.5477390427 66219.824 1.00399999999999999997
1  2.00e-01  0.5477389924 66219.824 1.00399999999999999997
1  2.09e-01  0.5477388867 66219.824 1.00399999999999999997
1  2.19e-01  0.5477389616 66219.824 1.00399999999999999997
1  2.29e-01  0.5477393537 66219.824 1.00399999999999999997
1  2.40e-01  0.5477393812 66219.824 1.00399999999999999997
1  2.51e-01  0.5477383904 66219.824 1.00399999999999999997
1  2.63e-01  0.5477393594 66219.824 1.00399999999999999997
1  2.75e-01  0.547748628 66219.824 1.00399999999999999997
1  2.88e-01  0.5477389737 66219.824 1.00399999999999999997
1  3.02e-01  0.5477390844 66219.824 1.00399999999999999997
1  3.16e-01  0.5477389632 66219.824 1.00399999999999999997
1  3.31e-01  0.547739145 66219.824 1.00399999999999999997
1  3.47e-01  0.5477395931 66219.824 1.00399999999999999997
1  3.63e-01  0.5477389092 66219.824 1.00399999999999999997
1  3.80e-01  0.5477392416 66219.824 1.00399999999999999997
1  3.98e-01  0.5477391673 66219.824 1.00399999999999999997
1  4.17e-01  0.5477441628 66219.824 1.00399999999999999997
1  4.37e-01  0.5477394867 66219.824 1.00399999999999999997
1  4.57e-01  0.5477384197 66219.824 1.00399999999999999997
1  4.79e-01  0.5477393549 66219.824 1.00399999999999999997
1  5.01e-01  0.5477382983 66219.824 1.00399999999999999997
1  5.25e-01  0.5477368688 66219.824 1.00399999999999999997
1  5.50e-01  0.5477380972 66219.824 1.00399999999999999997
1  5.75e-01  0.5477395261 66219.824 1.00399999999999999997
1  6.03e-01  0.5477400185 66219.824 1.00399999999999999997
1  6.31e-01  0.5477381749 66219.824 1.00399999999999999997
1  6.61e-01  0.5477379937 66219.824 1.00399999999999999997
1  6.92e-01  0.5477366664 66219.824 1.00399999999999999997
1  7.24e-01  0.5477323556 66219.824 1.00399999999999999997
1  7.59e-01  0.5477325708 66219.824 1.00399999999999999997
1  7.94e-01  0.5477395315 66219.824 1.00399999999999999997
1  8.32e-01  0.547736225 66219.824 1.00399999999999999997
1  8.71e-01  0.5477391986 66219.824 1.00399999999999999997
1  9.12e-01  0.5477393855 66219.824 1.00399999999999999997
1  9.55e-01  0.5477368048 66219.824 1.00399999999999999997
1  1.00e+00  0.5477392577 66219.824 1.00399999999999999997
1  1.05e+00  0.5477370758 66219.824 1.00399999999999999997
1  1.10e+00  0.5477440481 66219.824 1.00399999999999999997
1  1.15e+00  0.547738575 66219.824 1.00399999999999999997
1  1.20e+00  0.5477026278 66219.824 1.00399999999999999997
1  1.26e+00  0.5477344674 66219.824 1.00399999999999999997
1  1.32e+00  0.5477395093 66219.824 1.00399999999999999997
1  1.38e+00  0.5477339099 66219.824 1.00399999999999999997
1  1.45e+00  0.5477336881 66219.824 1.00399999999999999997
1  1.51e+00  0.5477389235 66219.824 1.00399999999999999997
1  1.58e+00  0.5477704232 66219.824 1.00399999999999999997
1  1.66e+00  0.5477322013 66219.824 1.00399999999999999997
1  1.74e+00  0.5477327945 66219.824 1.00399999999999999997
1  1.82e+00  0.5477392142 66219.824 1.00399999999999999997
1  1.91e+00  0.5477389148 66219.824 1.00399999999999999997
1  2.00e+00  0.5477340568 66219.824 1.00399999999999999997
1  2.09e+00  0.5477407351 66219.824 1.00399999999999999997
1  2.19e+00  0.5477395146 66219.824 1.00399999999999999997
1  2.29e+00  0.5477348962 66219.824 1.00399999999999999997
1  2.40e+00  0.5477300452 66219.824 1.00399999999999999997
1  2.51e+00  0.5477298036 66219.824 1.00399999999999999997
1  2.63e+00  0.5477387547 66219.824 1.00399999999999999997
1  2.75e+00  0.5477242103 66219.824 1.00399999999999999997
1  2.88e+00  0.547738413 66219.824 1.00399999999999999997
1  3.02e+00  0.5477259196 66219.824 1.00399999999999999997
1  3.16e+00  0.5477281286 66219.824 1.00399999999999999997
1  3.31e+00  0.5477172576 66219.824 1.00399999999999999997
1  3.47e+00  0.5477307627 66219.824 1.00399999999999999997
1  3.63e+00  0.5477309644 66219.824 1.00399999999999999997
1  3.80e+00  0.547724007 66219.824 1.00399999999999999997
1  3.98e+00  0.5477005128 66219.824 1.00399999999999999997
1  4.17e+00  0.547739252 66219.824 1.00399999999999999997
1  4.37e+00  0.5477357058 66219.824 1.00399999999999999997
1  4.57e+00  0.5477387951 66219.824 1.00399999999999999997
1  4.79e+00  0.547737418 66219.824 1.00399999999999999997
1  5.01e+00  0.5477211598 66219.824 1.00399999999999999997
1  5.25e+00  0.5477188837 66219.824 1.00399999999999999997
1  5.50e+00  0.5477359445 66219.824 1.00399999999999999997
1  5.75e+00  0.5477129432 66219.824 1.00399999999999999997
1  6.03e+00  0.5477185918 66219.824 1.00399999999999999997
1  6.31e+00  0.5477332096 66219.824 1.00399999999999999997
1  6.61e+00  0.5477379997 66219.824 1.00399999999999999997
1  6.92e+00  0.5477391643 66219.824 1.00399999999999999997
1  7.24e+00  0.5477266469 66219.824 1.00399999999999999997
1  7.59e+00  0.5476982494 66219.824 1.00399999999999999997
1  7.94e+00  0.547711173 66219.824 1.00399999999999999997
1  8.32e+00  0.5477283138 66219.824 1.00399999999999999997
1  8.71e+00  0.5477713929 66219.824 1.00399999999999999997
1  9.12e+00  0.5476717038 66219.824 1.00399999999999999997
1  9.55e+00  0.5477680213 66219.824 1.00399999999999999997
1  1.00e+01  0.5476824796 66219.824 1.00399999999999999997
1  1.05e+01  0.5477289418 66219.824 1.00399999999999999997
1  1.10e+01  0.5477052824 66219.824 1.00399999999999999997
1  1.15e+01  0.5476963294 66219.824 1.00399999999999999997
1  1.20e+01  0.5477312922 66219.824 1.00399999999999999997
1  1.26e+01  0.5477051188 66219.824 1.00399999999999999997
1  1.32e+01  0.5477052913 66219.824 1.00399999999999999997
1  1.38e+01  0.5477397613 66219.824 1.00399999999999999997
1  1.45e+01  0.5477380912 66219.824 1.00399999999999999997
1  1.51e+01  0.5476352856 66219.824 1.00399999999999999997
1  1.58e+01  0.5476866378 66219.824 1.00399999999999999997
1  1.66e+01  0.5476832136 66219.824 1.00399999999999999997
1  1.74e+01  0.5477414764 66219.824 1.00399999999999999997
1  1.82e+01  0.5476748474 66219.824 1.00399999999999999997
1  1.91e+01  0.5477321467 66219.824 1.00399999999999999997
1  2.00e+01  0.5476690829 66219.824 1.00399999999999999997
1  2.09e+01  0.547715457 66219.824 1.00399999999999999997
1  2.19e+01  0.5476812836 66219.824 1.00399999999999999997
1  2.29e+01  0.5477363849 66219.824 1.00399999999999999997
1  2.40e+01  0.5477620153 66219.824 1.00399999999999999997
1  2.51e+01  0.5479332043 66219.824 1.00399999999999999997
1  2.63e+01  0.5475935279 66219.824 1.00399999999999999997
1  2.75e+01  0.5477487025 66219.824 1.00399999999999999997
1  2.88e+01  0.547621366 66219.824 1.00399999999999999997
1  3.02e+01  0.5476497625 66219.824 1.00399999999999999997
1  3.16e+01  0.5479528544 66219.824 1.00399999999999999997
1  3.31e+01  0.5476397553 66219.824 1.00399999999999999997
1  3.47e+01  0.5480202933 66219.824 1.00399999999999999997
1  3.63e+01  0.5477597638 66219.824 1.00399999999999999997
1  3.80e+01  0.5475319369 66219.824 1.00399999999999999997
1  3.98e+01  0.5476970979 66219.824 1.00399999999999999997
1  4.17e+01  0.5477649407 66219.824 1.00399999999999999997
1  4.37e+01  0.5481037407 66219.824 1.00399999999999999997
1  4.57e+01  0.5477973312 66219.824 1.00399999999999999997
1  4.79e+01  0.5476684018 66219.824 1.00399999999999999997
1  5.01e+01  0.5474594451 66219.824 1.00399999999999999997
1  5.25e+01  0.5477462611 66219.824 1.00399999999999999997
1  5.50e+01  0.5477026091 66219.824 1.00399999999999999997
1  5.75e+01  0.5474967159 66219.824 1.00399999999999999997
1  6.03e+01  0.5474995379 66219.824 1.00399999999999999997
1  6.31e+01  0.5474991198 66219.824 1.00399999999999999997
1  6.61e+01  0.5474981113 66219.824 1.00399999999999999997
1  6.92e+01  0.5477958367 66219.824 1.00399999999999999997
1  7.24e+01  0.547704947 66219.824 1.00399999999999999997
1  7.59e+01  0.5474650853 66219.824 1.00399999999999999997
1  7.94e+01  0.5474426363 66219.824 1.00399999999999999997
1  8.32e+01  0.5477679922 66219.824 1.00399999999999999997
1  8.71e+01  0.5478919903 66219.824 1.00399999999999999997
1  9.12e+01  0.5475430446 66219.824 1.00399999999999999997
1  9.55e+01  0.5475087762 66219.824 1.00399999999999999997
1  1.00e+02  0.5472389612 66219.824 1.00399999999999999997
1  1.05e+02  0.5476879256 66219.824 1.00399999999999999997
1  1.10e+02  0.5477877701 66219.824 1.00399999999999999997
1  1.15e+02  0.5476563806 66219.824 1.00399999999999999997
1  1.20e+02  0.5474578949 66219.824 1.00399999999999999997
1  1.26e+02  0.5472454924 66219.824 1.00399999999999999997
1  1.32e+02  0.5476713004 66219.824 1.00399999999999999997
1  1.38e+02  0.5471914147 66219.824 1.00399999999999999997
1  1.45e+02  0.5477425917 66219.824 1.00399999999999999997
1  1.51e+02  0.5472134847 66219.824 1.00399999999999999997
1  1.58e+02  0.5478165273 66219.824 1.00399999999999999997
1  1.66e+02  0.5470130781 66219.824 1.00399999999999999997
1  1.74e+02  0.5477300798 66219.824 1.00399999999999999997
1  1.82e+02  0.5475854764 66219.824 1.00399999999999999997
1  1.91e+02  0.547255753 66219.824 1.00399999999999999997
1  2.00e+02  0.5471800705 66219.824 1.00399999999999999997
1  2.09e+02  0.5475745439 66219.824 1.00399999999999999997
1  2.19e+02  0.5473037372 66219.824 1.00399999999999999997
1  2.29e+02  0.5473610826 66219.824 1.00399999999999999997
1  2.40e+02  0.5468173087 66219.824 1.00399999999999999997
1  2.51e+02  0.5466954355 66219.824 1.00399999999999999997
1  2.63e+02  0.5472462715 66219.824 1.00399999999999999997
1  2.75e+02  0.5472248433 66219.824 1.00399999999999999997
1  2.88e+02  0.5476568048 66219.824 1.00399999999999999997
1  3.02e+02  0.547695849 66219.824 1.00399999999999999997
1  3.16e+02  0.5474703393 66219.824 1.00399999999999999997
1  3.31e+02  0.5466908786 66219.824 1.00399999999999999997
1  3.47e+02  0.546492615 66219.824 1.00399999999999999997
1  3.63e+02  0.5462086956 66219.824 1.00399999999999999997
1  3.80e+02  0.5472111681 66219.824 1.00399999999999999997
1  3.98e+02  0.5464054887 66219.824 1.00399999999999999997
1  4.17e+02  0.5469484778 66219.824 1.00399999999999999997
1  4.37e+02  0.5463963267 66219.824 1.00399999999999999997
1  4.57e+02  0.5467719857 66219.824 1.00399999999999999997
1  4.79e+02  0.545846713 66219.824 1.00399999999999999997
1  5.01e+02  0.5458311226 66219.824 1.00399999999999999997
1  5.25e+02  0.5460023457 66219.824 1.00399999999999999997
1  5.50e+02  0.5472384488 66219.824 1.00399999999999999997
1  5.75e+02  0.5477477954 66219.824 1.00399999999999999997
1  6.03e+02  0.5478087612 66219.824 1.00399999999999999997
1  6.31e+02  0.5463287829 66219.824 1.00399999999999999997
1  6.61e+02  0.5472523072 66219.824 1.00399999999999999997
1  6.92e+02  0.5457041114 66219.824 1.00399999999999999997
1  7.24e+02  0.5459591834 66219.824 1.00399999999999999997
1  7.59e+02  0.5476913299 66219.824 1.00399999999999999997
1  7.94e+02  0.5447665787 66219.824 1.00399999999999999997
1  8.32e+02  0.5459291879 66219.824 1.00399999999999999997
1  8.71e+02  0.5452920823 66219.824 1.00399999999999999997
1  9.12e+02  0.5434444383 66219.824 1.00399999999999999997
1  9.55e+02  0.5461278467 66219.824 1.00399999999999999997
1  1.00e+03  0.547798994 66219.824 1.00399999999999999997
1  1.05e+03  0.545667422 66219.824 1.00399999999999999997
1  1.10e+03  0.5453224932 66219.824 1.00399999999999999997
1  1.15e+03  0.5445207614 66219.824 1.00399999999999999997
1  1.20e+03  0.5457231088 66219.824 1.00399999999999999997
1  1.26e+03  0.5452005607 66219.824 1.00399999999999999997
1  1.32e+03  0.5518012399 66219.824 1.00399999999999999997
1  1.38e+03  0.5521397092 66219.824 1.00399999999999999997
1  1.45e+03  0.5387007717 66219.824 1.00399999999999999997
1  1.51e+03  0.5444453616 66219.824 1.00399999999999999997
1  1.58e+03  0.5457153879 66219.824 1.00399999999999999997
1  1.66e+03  0.5407506258 66219.824 1.00399999999999999997
1  1.74e+03  0.5525674944 66219.824 1.00399999999999999997
1  1.82e+03  0.5576256404 66219.824 1.00399999999999999997
1  1.91e+03  0.5461266683 66219.824 1.00399999999999999997
1  2.00e+03  0.5762673012 66219.824 1.00399999999999999997
1  2.09e+03  0.5732261564 66219.824 1.00399999999999999997
1  2.19e+03  0.5403576531 66219.824 1.00399999999999999997
1  2.29e+03  0.5168863508 66219.824 1.00399999999999999997
1  2.40e+03  0.5127377381 66219.824 1.00399999999999999997
1  2.51e+03  0.5490079724 66219.824 1.00399999999999999997
1  2.63e+03  0.5021089876 66219.824 1.00399999999999999997
1  2.75e+03  0.4793456782 66219.824 1.00399999999999999997
1  2.88e+03  0.4779960077 66219.824 1.00399999999999999997
1  3.02e+03  0.5578348329 66219.824 1.00399999999999999997
1  3.16e+03  0.5275673307 66219.824 1.00399999999999999997
1  3.31e+03  0.5092144387 66219.824 1.00399999999999999997
1  3.47e+03  0.536242387 66219.824 1.00399999999999999997
1  3.63e+03  0.6004549869 66219.824 1.00399999999999999997
1  3.80e+03  0.6216398271 66219.824 1.00399999999999999997
1  3.98e+03  0.527557357 66219.824 1.00399999999999999997
1  4.17e+03  0.6212745484 66219.824 1.00399999999999999997
1  4.37e+03  0.5775421704 66219.824 1.00399999999999999997
1  4.57e+03  0.6472028415 66219.824 1.00399999999999999997
1  4.79e+03  0.5475231745 66219.824 1.00399999999999999997
1  5.01e+03  0.5952132314 66219.824 1.00399999999999999997
1  5.25e+03  0.6529417637 66219.824 1.00399999999999999997
1  5.50e+03  0.6575110463 66219.824 1.00399999999999999997
1  5.75e+03  0.639937435 66219.824 1.00399999999999999997
1  6.03e+03  0.644374947 66219.824 1.00399999999999999997
1  6.31e+03  0.6673744811 66219.824 1.00399999999999999997
1  6.61e+03  0.5457826282 66219.824 1.00399999999999999997
1  6.92e+03  0.4002459666 66219.824 1.00399999999999999997
1  7.24e+03  0.5253423636 66219.824 1.00399999999999999997
1  7.59e+03  0.5604664921 66219.824 1.00399999999999999997
1  7.94e+03  0.3599859387 66219.824 1.00399999999999999997
1  8.32e+03  0.5795213597 66219.824 1.00399999999999999997
1  8.71e+03  0.3435806728 66219.824 1.00399999999999999997
1  9.12e+03  0.4663058898 66219.824 1.00399999999999999997
1  9.55e+03  0.538225133 66219.824 1.00399999999999999997
1  1.00e+04  0.3013855022 66219.824 1.00399999999999999997
1  1.05e+04  0.4178899248 66219.824 1.00399999999999999997
1  1.10e+04  0.4721979678 66219.824 1.00399999999999999997
1  1.15e+04  0.5434619302 66219.824 1.00399999999999999997
1  1.20e+04  0.3499888712 66219.824 1.00399999999999999997
1  1.26e+04  0.3460336109 66219.824 1.00399999999999999997
1  1.32e+04  0.2915939282 66219.824 1.00399999999999999997
1  1.38e+04  0.3088310952 66219.824 1.00399999999999999997
1  1.45e+04  0.2908424695 66219.824 1.00399999999999999997
1  1.51e+04  0.3080118895 66219.824 1.00399999999999999997
1  1.58e+04  0.2975179531 66219.824 1.00399999999999999997
1  1.66e+04  0.3374715816 66219.824 1.00399999999999999997
1  1.74e+04  0.3425668587 66219.824 1.00399999999999999997
1  1.82e+04  0.4086336308 66219.824 1.00399999999999999997
1  1.91e+04  0.3550681536 66219.824 1.00399999999999999997
1  2.00e+04  0.1665324328 66219.824 1.00399999999999999997
1  2.09e+04  0.3355029797 66219.824 1.00399999999999999997
1  2.19e+04  0.3866720616 66219.824 1.00399999999999999997
1  2.29e+04  0.1677881925 66219.824 1.00399999999999999997
1  2.40e+04  0.3028621033 66219.824 1.00399999999999999997
1  2.51e+04  0.4170879358 66219.824 1.00399999999999999997
1  2.63e+04  0.1044731728 66219.824 1.00399999999999999997
1  2.75e+04  0.4144600821 66219.824 1.00399999999999999997
1  2.88e+04  0.1339332027 66219.824 1.00399999999999999997
1  3.02e+04  0.3316530744 66219.824 1.00399999999999999997
1  3.16e+04  0.2816313461 66219.824 1.00399999999999999997
1  3.31e+04  0.2580331814 66219.824 1.00399999999999999997
1  3.47e+04  0.1356271589 66219.824 1.00399999999999999997
1  3.63e+04  0.4544551673 66219.824 1.00399999999999999997
1  3.80e+04  0.05542693154 66219.824 1.00399999999999999997
1  3.98e+04  0.4714597034 66219.824 1.00399999999999999997
1  4.17e+04  0.04739301835 66219.824 1.00399999999999999997
1  4.37e+04  0.384002649 66219.824 1.00399999999999999997
1  4.57e+04  0.3438868276 66219.824 1.00399999999999999997
1  4.79e+04  0.06388126689 66219.824 1.00399999999999999997
1  5.01e+04  0.3869259047 66219.824 1.00399999999999999997
1  5.25e+04  0.4066505886 66219.824 1.00399999999999999997
1  5.50e+04  0.03441812682 66219.824 1.00399999999999999997
1  5.75e+04  0.3666959928 66219.824 1.00399999999999999997
1  6.03e+04  0.4107280497 66219.824 1.00399999999999999997
1  6.31e+04  0.0499030393 66219.824 1.00399999999999999997
1  6.61e+04  0.276945494 66219.824 1.00399999999999999997
1  6.92e+04  0.5165865003 66219.824 1.00399999999999999997
1  7.24e+04  0.302145519 66219.824 1.00399999999999999997
1  7.59e+04  0.1525151621 66219.824 1.00399999999999999997
1  7.94e+04  0.2996319252 66219.824 1.00399999999999999997
1  8.32e+04  0.4885030216 66219.824 1.00399999999999999997
1  8.71e+04  0.4915500445 66219.824 1.00399999999999999997
1  9.12e+04  0.3175863291 66219.824 1.00399999999999999997
1  9.55e+04  0.1813702367 66219.824 1.00399999999999999997
1  1.00e+05  0.2620520536 66219.824 1.00399999999999999997
1  1.05e+05  0.4628828352 66219.824 1.00399999999999999997
1  1.10e+05  0.5317115483 66219.824 1.00399999999999999997
1  1.15e+05  0.3851752707 66219.824 1.00399999999999999997
1  1.20e+05  0.1933029704 66219.824 1.00399999999999999997
1  1.26e+05  0.1578677732 66219.824 1.00399999999999999997
1  1.32e+05  0.2991782201 66219.824 1.00399999999999999997
1  1.38e+05  0.4717748966 66219.824 1.00399999999999999997
1  1.45e+05  0.5297730312 66219.824 1.00399999999999999997
1  1.51e+05  0.4472123339 66219.824 1.00399999999999999997
1  1.58e+05  0.3078744681 66219.824 1.00399999999999999997
1  1.66e+05  0.2169780106 66219.824 1.00399999999999999997
1  1.74e+05  0.2261727055 66219.824 1.00399999999999999997
1  1.82e+05  0.3172591847 66219.824 1.00399999999999999997
1  1.91e+05  0.432717113 66219.824 1.00399999999999999997
1  2.00e+05  0.5173236475 66219.824 1.00399999999999999997
1  2.09e+05  0.5439910991 66219.824 1.00399999999999999997
1  2.19e+05  0.5170415909 66219.824 1.00399999999999999997
1  2.29e+05  0.4604418031 66219.824 1.00399999999999999997
1  2.40e+05  0.402279575 66219.824 1.00399999999999999997
1  2.51e+05  0.3634046564 66219.824 1.00399999999999999997
1  2.63e+05  0.3528875133 66219.824 1.00399999999999999997
1  2.75e+05  0.3691070669 66219.824 1.00399999999999999997
1  2.88e+05  0.4037582996 66219.824 1.00399999999999999997
1  3.02e+05  0.4462919886 66219.824 1.00399999999999999997
1  3.16e+05  0.4872852102 66219.824 1.00399999999999999997
1  3.31e+05  0.5202473394 66219.824 1.00399999999999999997
1  3.47e+05  0.5420406538 66219.824 1.00399999999999999997
1  3.63e+05  0.5523900483 66219.824 1.00399999999999999997
1  3.80e+05  0.5529760775 66219.824 1.00399999999999999997
1  3.98e+05  0.5464842223 66219.824 1.00399999999999999997
1  4.17e+05  0.5358259706 66219.824 1.00399999999999999997
1  4.37e+05  0.5236134639 66219.824 1.00399999999999999997
1  4.57e+05  0.5118806875 66219.824 1.00399999999999999997
1  4.79e+05  0.5019989905 66219.824 1.00399999999999999997
1  5.01e+05  0.4947216033 66219.824 1.00399999999999999997
1  5.25e+05  0.4902976932 66219.824 1.00399999999999999997
1  5.50e+05  0.4886107598 66219.824 1.00399999999999999997
1  5.75e+05  0.4893119003 66219.824 1.00399999999999999997
1  6.03e+05  0.4919319688 66219.824 1.00399999999999999997
1  6.31e+05  0.4959665784 66219.824 1.00399999999999999997
1  6.61e+05  0.5009919541 66219.824 1.00399999999999999997
1  6.92e+05  0.5065533118 66219.824 1.00399999999999999997
1  7.24e+05  0.5122453649 66219.824 1.00399999999999999997
1  7.59e+05  0.5178189277 66219.824 1.00399999999999999997
1  7.94e+05  0.5230800229 66219.824 1.00399999999999999997
1  8.32e+05  0.5279002202 66219.824 1.00399999999999999997
1  8.71e+05  0.5322054844 66219.824 1.00399999999999999997
1  9.12e+05  0.5359646645 66219.824 1.00399999999999999997
1  9.55e+05  0.5391787339 66219.824 1.00399999999999999997
1  1.00e+06  0.5418713839 66219.824 1.00399999999999999997
1  1.05e+06  0.5440812103 66219.824 1.00399999999999999997
1  1.10e+06  0.5458477585 66219.824 1.00399999999999999997
1  1.15e+06  0.5472384379 66219.824 1.00399999999999999997
1  1.20e+06  0.5482965607 66219.824 1.00399999999999999997
1  1.26e+06  0.5490720247 66219.824 1.00399999999999999997
1  1.32e+06  0.549611306 66219.824 1.00399999999999999997
1  1.38e+06  0.5499565631 66219.824 1.00399999999999999997
1  1.45e+06  0.5501452221 66219.824 1.00399999999999999997
1  1.51e+06  0.5502099048 66219.824 1.00399999999999999997
1  1.58e+06  0.5501785902 66219.824 1.00399999999999999997
1  1.66e+06  0.5500749237 66219.824 1.00399999999999999997
1  1.74e+06  0.5499186111 66219.824 1.00399999999999999997
1  1.82e+06  0.5497258507 66219.824 1.00399999999999999997
1  1.91e+06  0.5495097717 66219.824 1.00399999999999999997
1  2.00e+06  0.5492808582 66219.824 1.00399999999999999997
1  2.09e+06  0.5490473434 66219.824 1.00399999999999999997
1  2.19e+06  0.5488155688 66219.824 1.00399999999999999997
1  2.29e+06  0.5485885099 66219.824 1.00399999999999999997
1  2.40e+06  0.5483733914 66219.824 1.00399999999999999997
1  2.51e+06  0.5481706746 66219.824 1.00399999999999999997
1  2.63e+06  0.5479819457 66219.824 1.00399999999999999997
1  2.75e+06  0.5478081223 66219.824 1.00399999999999999997
1  2.88e+06  0.5476495994 66219.824 1.00399999999999999997
1  3.02e+06  0.5475063706 66219.824 1.00399999999999999997
1  3.16e+06  0.5473781272 66219.824 1.00399999999999999997
1  3.31e+06  0.5472643392 66219.824 1.00399999999999999997
1  3.47e+06  0.5471643203 66219.824 1.00399999999999999997
1  3.63e+06  0.5470772801 66219.824 1.00399999999999999997
1  3.80e+06  0.547002365 66219.824 1.00399999999999999997
1  3.98e+06  0.5469386904 66219.824 1.00399999999999999997
1  4.17e+06  0.5468853649 66219.824 1.00399999999999999997
1  4.37e+06  0.5468415089 66219.824 1.00399999999999999997
1  4.57e+06  0.5468058216 66219.824 1.00399999999999999997
1  4.79e+06  0.5467784178 66219.824 1.00399999999999999997
1  5.01e+06  0.5467580304 66219.824 1.00399999999999999997
1  5.25e+06  0.5467439287 66219.824 1.00399999999999999997
1  5.50e+06  0.5467354303 66219.824 1.00399999999999999997
1  5.75e+06  0.5467319014 66219.824 1.00399999999999999997
1  6.03e+06  0.5467327572 66219.824 1.00399999999999999997
1  6.31e+06  0.54673746 66219.824 1.00399999999999999997
1  6.61e+06  0.5467455183 66219.824 1.00399999999999999997
1  6.92e+06  0.5467564838 66219.824 1.00399999999999999997
1  7.24e+06  0.5467699496 66219.824 1.00399999999999999997
1  7.59e+06  0.5467855475 66219.824 1.00399999999999999997
1  7.94e+06  0.5468029455 66219.824 1.00399999999999999997
1  8.32e+06  0.5468218449 66219.824 1.00399999999999999997
1  8.71e+06  0.5468419779 66219.824 1.00399999999999999997
1  9.12e+06  0.5468629942 66219.824 1.00399999999999999997
1  9.55e+06  0.5468849128 66219.824 1.00399999999999999997
1  1.00e+07  0.5469074224 66219.824 1.00399999999999999997
