1  1.00e-03  0.1758963844 -10.94052 1.03799999999999999992
1  1.05e-03  0.1758963811 -10.94052 1.03799999999999999992
1  1.10e-03  0.1758963828 -10.94052 1.03799999999999999992
1  1.15e-03  0.1758963811 -10.94052 1.03799999999999999992
1  1.20e-03  0.1758963812 -10.94052 1.03799999999999999992
1  1.26e-03  0.1758963832 -10.94052 1.03799999999999999992
1  1.32e-03  0.1758963816 -10.94052 1.03799999999999999992
1  1.38e-03  0.1758963808 -10.94052 1.03799999999999999992
1  1.45e-03  0.1758963843 -10.94052 1.03799999999999999992
1  1.51e-03  0.1758963832 -10.94052 1.03799999999999999992
1  1.58e-03  0.1758963858 -10.94052 1.03799999999999999992
1  1.66e-03  0.1758963859 -10.94052 1.03799999999999999992
1  1.74e-03  0.1758963875 -10.94052 1.03799999999999999992
1  1.82e-03  0.1758963876 -10.94052 1.03799999999999999992
1  1.91e-03  0.1758963832 -10.94052 1.03799999999999999992
1  2.00e-03  0.1758963836 -10.94052 1.03799999999999999992
1  2.09e-03  0.1758963828 -10.94052 1.03799999999999999992
1  2.19e-03  0.1758963837 -10.94052 1.03799999999999999992
1  2.29e-03  0.1758963823 -10.94052 1.03799999999999999992
1  2.40e-03  0.1758963863 -10.94052 1.03799999999999999992
1  2.51e-03  0.175896386 -10.94052 1.03799999999999999992
1  2.63e-03  0.1758963857 -10.94052 1.03799999999999999992
1  2.75e-03  0.1758963807 -10.94052 1.03799999999999999992
1  2.88e-03  0.1758963821 -10.94052 1.03799999999999999992
1  3.02e-03  0.1758963811 -10.94052 1.03799999999999999992
1  3.16e-03  0.1758963827 -10.94052 1.03799999999999999992
1  3.31e-03  0.1758963823 -10.94052 1.03799999999999999992
1  3.47e-03  0.1758963823 -10.94052 1.03799999999999999992
1  3.63e-03  0.1758963872 -10.94052 1.03799999999999999992
1  3.80e-03  0.175896378 -10.94052 1.03799999999999999992
1  3.98e-03  0.1758963948 -10.94052 1.03799999999999999992
1  4.17e-03  0.1758963849 -10.94052 1.03799999999999999992
1  4.37e-03  0.1758963903 -10.94052 1.03799999999999999992
1  4.57e-03  0.1758963897 -10.94052 1.03799999999999999992
1  4.79e-03  0.1758963908 -10.94052 1.03799999999999999992
1  5.01e-03  0.1758963696 -10.94052 1.03799999999999999992
1  5.25e-03  0.1758963951 -10.94052 1.03799999999999999992
1  5.50e-03  0.175896384 -10.94052 1.03799999999999999992
1  5.75e-03  0.1758963827 -10.94052 1.03799999999999999992
1  6.03e-03  0.1758963892 -10.94052 1.03799999999999999992
1  6.31e-03  0.1758963752 -10.94052 1.03799999999999999992
1  6.61e-03  0.1758963919 -10.94052 1.03799999999999999992
1  6.92e-03  0.17589638 -10.94052 1.03799999999999999992
1  7.24e-03  0.1758963809 -10.94052 1.03799999999999999992
1  7.59e-03  0.1758963693 -10.94052 1.03799999999999999992
1  7.94e-03  0.1758963829 -10.94052 1.03799999999999999992
1  8.32e-03  0.175896405 -10.94052 1.03799999999999999992
1  8.71e-03  0.1758963915 -10.94052 1.03799999999999999992
1  9.12e-03  0.1758964244 -10.94052 1.03799999999999999992
1  9.55e-03  0.1758963709 -10.94052 1.03799999999999999992
1  1.00e-02  0.1758963916 -10.94052 1.03799999999999999992
1  1.05e-02  0.1758963734 -10.94052 1.03799999999999999992
1  1.10e-02  0.1758963743 -10.94052 1.03799999999999999992
1  1.15e-02  0.1758963696 -10.94052 1.03799999999999999992
1  1.20e-02  0.1758963736 -10.94052 1.03799999999999999992
1  1.26e-02  0.1758963918 -10.94052 1.03799999999999999992
1  1.32e-02  0.1758963674 -10.94052 1.03799999999999999992
1  1.38e-02  0.1758963748 -10.94052 1.03799999999999999992
1  1.45e-02  0.1758963318 -10.94052 1.03799999999999999992
1  1.51e-02  0.1758963804 -10.94052 1.03799999999999999992
1  1.58e-02  0.1758963756 -10.94052 1.03799999999999999992
1  1.66e-02  0.1758964025 -10.94052 1.03799999999999999992
1  1.74e-02  0.1758963731 -10.94052 1.03799999999999999992
1  1.82e-02  0.1758963999 -10.94052 1.03799999999999999992
1  1.91e-02  0.1758963685 -10.94052 1.03799999999999999992
1  2.00e-02  0.175895715 -10.94052 1.03799999999999999992
1  2.09e-02  0.1758963929 -10.94052 1.03799999999999999992
1  2.19e-02  0.1758964106 -10.94052 1.03799999999999999992
1  2.29e-02  0.175896452 -10.94052 1.03799999999999999992
1  2.40e-02  0.1758964373 -10.94052 1.03799999999999999992
1  2.51e-02  0.1758964297 -10.94052 1.03799999999999999992
1  2.63e-02  0.1758964268 -10.94052 1.03799999999999999992
1  2.75e-02  0.1758965265 -10.94052 1.03799999999999999992
1  2.88e-02  0.1758960393 -10.94052 1.03799999999999999992
1  3.02e-02  0.1758962595 -10.94052 1.03799999999999999992
1  3.16e-02  0.1758963011 -10.94052 1.03799999999999999992
1  3.31e-02  0.175896268 -10.94052 1.03799999999999999992
1  3.47e-02  0.1758962746 -10.94052 1.03799999999999999992
1  3.63e-02  0.1758963371 -10.94052 1.03799999999999999992
1  3.80e-02  0.1758948982 -10.94052 1.03799999999999999992
1  3.98e-02  0.1758962707 -10.94052 1.03799999999999999992
1  4.17e-02  0.1758963758 -10.94052 1.03799999999999999992
1  4.37e-02  0.1758963171 -10.94052 1.03799999999999999992
1  4.57e-02  0.1758963009 -10.94052 1.03799999999999999992
1  4.79e-02  0.175896404 -10.94052 1.03799999999999999992
1  5.01e-02  0.1758964368 -10.94052 1.03799999999999999992
1  5.25e-02  0.1758961568 -10.94052 1.03799999999999999992
1  5.50e-02  0.1758965022 -10.94052 1.03799999999999999992
1  5.75e-02  0.1758958559 -10.94052 1.03799999999999999992
1  6.03e-02  0.1758963116 -10.94052 1.03799999999999999992
1  6.31e-02  0.1758962999 -10.94052 1.03799999999999999992
1  6.61e-02  0.1758961561 -10.94052 1.03799999999999999992
1  6.92e-02  0.1758962648 -10.94052 1.03799999999999999992
1  7.24e-02  0.1758962246 -10.94052 1.03799999999999999992
1  7.59e-02  0.1758962957 -10.94052 1.03799999999999999992
1  7.94e-02  0.17589619 -10.94052 1.03799999999999999992
1  8.32e-02  0.1758963656 -10.94052 1.03799999999999999992
1  8.71e-02  0.1758963633 -10.94052 1.03799999999999999992
1  9.12e-02  0.1758964248 -10.94052 1.03799999999999999992
1  9.55e-02  0.1758963924 -10.94052 1.03799999999999999992
1  1.00e-01  0.1758964854 -10.94052 1.03799999999999999992
1  1.05e-01  0.1758955827 -10.94052 1.03799999999999999992
1  1.10e-01  0.175896513 -10.94052 1.03799999999999999992
1  1.15e-01  0.1758956296 -10.94052 1.03799999999999999992
1  1.20e-01  0.1758962807 -10.94052 1.03799999999999999992
1  1.26e-01  0.175896327 -10.94052 1.03799999999999999992
1  1.32e-01  0.175896345 -10.94052 1.03799999999999999992
1  1.38e-01  0.1758964283 -10.94052 1.03799999999999999992
1  1.45e-01  0.1758961903 -10.94052 1.03799999999999999992
1  1.51e-01  0.1758962394 -10.94052 1.03799999999999999992
1  1.58e-01  0.1758961763 -10.94052 1.03799999999999999992
1  1.66e-01  0.1758957323 -10.94052 1.03799999999999999992
1  1.74e-01  0.1758965028 -10.94052 1.03799999999999999992
1  1.82e-01  0.1758963993 -10.94052 1.03799999999999999992
1  1.91e-01  0.1758963114 -10.94052 1.03799999999999999992
1  2.00e-01  0.1758934023 -10.94052 1.03799999999999999992
1  2.09e-01  0.1758964979 -10.94052 1.03799999999999999992
1  2.19e-01  0.1758966185 -10.94052 1.03799999999999999992
1  2.29e-01  0.1758896118 -10.94052 1.03799999999999999992
1  2.40e-01  0.1758962649 -10.94052 1.03799999999999999992
1  2.51e-01  0.1758964889 -10.94052 1.03799999999999999992
1  2.63e-01  0.1758959449 -10.94052 1.03799999999999999992
1  2.75e-01  0.1758962176 -10.94052 1.03799999999999999992
1  2.88e-01  0.1758963435 -10.94052 1.03799999999999999992
1  3.02e-01  0.1758964029 -10.94052 1.03799999999999999992
1  3.16e-01  0.1758968519 -10.94052 1.03799999999999999992
1  3.31e-01  0.1758962594 -10.94052 1.03799999999999999992
1  3.47e-01  0.1758966064 -10.94052 1.03799999999999999992
1  3.63e-01  0.1758963476 -10.94052 1.03799999999999999992
1  3.80e-01  0.1758970435 -10.94052 1.03799999999999999992
1  3.98e-01  0.1758970355 -10.94052 1.03799999999999999992
1  4.17e-01  0.1758961092 -10.94052 1.03799999999999999992
1  4.37e-01  0.1758972786 -10.94052 1.03799999999999999992
1  4.57e-01  0.1758967563 -10.94052 1.03799999999999999992
1  4.79e-01  0.1758968865 -10.94052 1.03799999999999999992
1  5.01e-01  0.1758972245 -10.94052 1.03799999999999999992
1  5.25e-01  0.1758969424 -10.94052 1.03799999999999999992
1  5.50e-01  0.1758968456 -10.94052 1.03799999999999999992
1  5.75e-01  0.175896265 -10.94052 1.03799999999999999992
1  6.03e-01  0.1758963885 -10.94052 1.03799999999999999992
1  6.31e-01  0.1758961465 -10.94052 1.03799999999999999992
1  6.61e-01  0.1758973257 -10.94052 1.03799999999999999992
1  6.92e-01  0.1758962815 -10.94052 1.03799999999999999992
1  7.24e-01  0.1758992504 -10.94052 1.03799999999999999992
1  7.59e-01  0.1758932211 -10.94052 1.03799999999999999992
1  7.94e-01  0.1758971724 -10.94052 1.03799999999999999992
1  8.32e-01  0.1758975897 -10.94052 1.03799999999999999992
1  8.71e-01  0.1758973505 -10.94052 1.03799999999999999992
1  9.12e-01  0.1758979544 -10.94052 1.03799999999999999992
1  9.55e-01  0.1758963444 -10.94052 1.03799999999999999992
1  1.00e+00  0.1758972196 -10.94052 1.03799999999999999992
1  1.05e+00  0.1758980879 -10.94052 1.03799999999999999992
1  1.10e+00  0.1758968185 -10.94052 1.03799999999999999992
1  1.15e+00  0.1758912534 -10.94052 1.03799999999999999992
1  1.20e+00  0.1758979618 -10.94052 1.03799999999999999992
1  1.26e+00  0.175898808 -10.94052 1.03799999999999999992
1  1.32e+00  0.1758983522 -10.94052 1.03799999999999999992
1  1.38e+00  0.175896158 -10.94052 1.03799999999999999992
1  1.45e+00  0.1758969842 -10.94052 1.03799999999999999992
1  1.51e+00  0.1758959062 -10.94052 1.03799999999999999992
1  1.58e+00  0.1758964908 -10.94052 1.03799999999999999992
1  1.66e+00  0.1759011705 -10.94052 1.03799999999999999992
1  1.74e+00  0.1758995722 -10.94052 1.03799999999999999992
1  1.82e+00  0.1758994564 -10.94052 1.03799999999999999992
1  1.91e+00  0.1758960089 -10.94052 1.03799999999999999992
1  2.00e+00  0.1759004667 -10.94052 1.03799999999999999992
1  2.09e+00  0.1759007272 -10.94052 1.03799999999999999992
1  2.19e+00  0.1758962953 -10.94052 1.03799999999999999992
1  2.29e+00  0.1758999169 -10.94052 1.03799999999999999992
1  2.40e+00  0.175899062 -10.94052 1.03799999999999999992
1  2.51e+00  0.1758993202 -10.94052 1.03799999999999999992
1  2.63e+00  0.175898345 -10.94052 1.03799999999999999992
1  2.75e+00  0.1759023724 -10.94052 1.03799999999999999992
1  2.88e+00  0.1759069136 -10.94052 1.03799999999999999992
1  3.02e+00  0.1759007691 -10.94052 1.03799999999999999992
1  3.16e+00  0.1758932801 -10.94052 1.03799999999999999992
1  3.31e+00  0.1759020242 -10.94052 1.03799999999999999992
1  3.47e+00  0.1759040087 -10.94052 1.03799999999999999992
1  3.63e+00  0.1758890716 -10.94052 1.03799999999999999992
1  3.80e+00  0.1759033315 -10.94052 1.03799999999999999992
1  3.98e+00  0.1759025454 -10.94052 1.03799999999999999992
1  4.17e+00  0.1758978062 -10.94052 1.03799999999999999992
1  4.37e+00  0.1758882547 -10.94052 1.03799999999999999992
1  4.57e+00  0.1758988335 -10.94052 1.03799999999999999992
1  4.79e+00  0.1758974553 -10.94052 1.03799999999999999992
1  5.01e+00  0.1759049614 -10.94052 1.03799999999999999992
1  5.25e+00  0.1759077343 -10.94052 1.03799999999999999992
1  5.50e+00  0.175906862 -10.94052 1.03799999999999999992
1  5.75e+00  0.1759066534 -10.94052 1.03799999999999999992
1  6.03e+00  0.1758967955 -10.94052 1.03799999999999999992
1  6.31e+00  0.175899759 -10.94052 1.03799999999999999992
1  6.61e+00  0.1758894901 -10.94052 1.03799999999999999992
1  6.92e+00  0.1759266703 -10.94052 1.03799999999999999992
1  7.24e+00  0.1758891859 -10.94052 1.03799999999999999992
1  7.59e+00  0.1759114915 -10.94052 1.03799999999999999992
1  7.94e+00  0.175848364 -10.94052 1.03799999999999999992
1  8.32e+00  0.1758923617 -10.94052 1.03799999999999999992
1  8.71e+00  0.1758822742 -10.94052 1.03799999999999999992
1  9.12e+00  0.1759094066 -10.94052 1.03799999999999999992
1  9.55e+00  0.1758966078 -10.94052 1.03799999999999999992
1  1.00e+01  0.1759252209 -10.94052 1.03799999999999999992
1  1.05e+01  0.1759459793 -10.94052 1.03799999999999999992
1  1.10e+01  0.1759357927 -10.94052 1.03799999999999999992
1  1.15e+01  0.1759233353 -10.94052 1.03799999999999999992
1  1.20e+01  0.1758958474 -10.94052 1.03799999999999999992
1  1.26e+01  0.1758904567 -10.94052 1.03799999999999999992
1  1.32e+01  0.175903231 -10.94052 1.03799999999999999992
1  1.38e+01  0.1759286983 -10.94052 1.03799999999999999992
1  1.45e+01  0.1759013851 -10.94052 1.03799999999999999992
1  1.51e+01  0.1758990056 -10.94052 1.03799999999999999992
1  1.58e+01  0.1759280994 -10.94052 1.03799999999999999992
1  1.66e+01  0.1759213503 -10.94052 1.03799999999999999992
1  1.74e+01  0.1759298703 -10.94052 1.03799999999999999992
1  1.82e+01  0.175934248 -10.94052 1.03799999999999999992
1  1.91e+01  0.1759312606 -10.94052 1.03799999999999999992
1  2.00e+01  0.1759362504 -10.94052 1.03799999999999999992
1  2.09e+01  0.1758466478 -10.94052 1.03799999999999999992
1  2.19e+01  0.175876895 -10.94052 1.03799999999999999992
1  2.29e+01  0.1758345581 -10.94052 1.03799999999999999992
1  2.40e+01  0.175918319 -10.94052 1.03799999999999999992
1  2.51e+01  0.1758808943 -10.94052 1.03799999999999999992
1  2.63e+01  0.1758056406 -10.94052 1.03799999999999999992
1  2.75e+01  0.1757933211 -10.94052 1.03799999999999999992
1  2.88e+01  0.1759936768 -10.94052 1.03799999999999999992
1  3.02e+01  0.1759275081 -10.94052 1.03799999999999999992
1  3.16e+01  0.1758109519 -10.94052 1.03799999999999999992
1  3.31e+01  0.1759144739 -10.94052 1.03799999999999999992
1  3.47e+01  0.1760602567 -10.94052 1.03799999999999999992
1  3.63e+01  0.1760672506 -10.94052 1.03799999999999999992
1  3.80e+01  0.1758940435 -10.94052 1.03799999999999999992
1  3.98e+01  0.175921509 -10.94052 1.03799999999999999992
1  4.17e+01  0.1757853461 -10.94052 1.03799999999999999992
1  4.37e+01  0.1760459065 -10.94052 1.03799999999999999992
1  4.57e+01  0.1758849913 -10.94052 1.03799999999999999992
1  4.79e+01  0.175834846 -10.94052 1.03799999999999999992
1  5.01e+01  0.1759087203 -10.94052 1.03799999999999999992
1  5.25e+01  0.1759335605 -10.94052 1.03799999999999999992
1  5.50e+01  0.1759781772 -10.94052 1.03799999999999999992
1  5.75e+01  0.1756701091 -10.94052 1.03799999999999999992
1  6.03e+01  0.1758902175 -10.94052 1.03799999999999999992
1  6.31e+01  0.1759096873 -10.94052 1.03799999999999999992
1  6.61e+01  0.1759004153 -10.94052 1.03799999999999999992
1  6.92e+01  0.1760630018 -10.94052 1.03799999999999999992
1  7.24e+01  0.1761508701 -10.94052 1.03799999999999999992
1  7.59e+01  0.1760800429 -10.94052 1.03799999999999999992
1  7.94e+01  0.1761085622 -10.94052 1.03799999999999999992
1  8.32e+01  0.1760249461 -10.94052 1.03799999999999999992
1  8.71e+01  0.1758935543 -10.94052 1.03799999999999999992
1  9.12e+01  0.1760831973 -10.94052 1.03799999999999999992
1  9.55e+01  0.1757495568 -10.94052 1.03799999999999999992
1  1.00e+02  0.1758853425 -10.94052 1.03799999999999999992
1  1.05e+02  0.1758751005 -10.94052 1.03799999999999999992
1  1.10e+02  0.1761572248 -10.94052 1.03799999999999999992
1  1.15e+02  0.1759665742 -10.94052 1.03799999999999999992
1  1.20e+02  0.1760524325 -10.94052 1.03799999999999999992
1  1.26e+02  0.1759571111 -10.94052 1.03799999999999999992
1  1.32e+02  0.1758983249 -10.94052 1.03799999999999999992
1  1.38e+02  0.176001008 -10.94052 1.03799999999999999992
1  1.45e+02  0.1760868801 -10.94052 1.03799999999999999992
1  1.51e+02  0.1761302196 -10.94052 1.03799999999999999992
1  1.58e+02  0.1761947521 -10.94052 1.03799999999999999992
1  1.66e+02  0.1762049225 -10.94052 1.03799999999999999992
1  1.74e+02  0.1761324826 -10.94052 1.03799999999999999992
1  1.82e+02  0.175984857 -10.94052 1.03799999999999999992
1  1.91e+02  0.1760888328 -10.94052 1.03799999999999999992
1  2.00e+02  0.1763036621 -10.94052 1.03799999999999999992
1  2.09e+02  0.1762088271 -10.94052 1.03799999999999999992
1  2.19e+02  0.1759796272 -10.94052 1.03799999999999999992
1  2.29e+02  0.1759608881 -10.94052 1.03799999999999999992
1  2.40e+02  0.1762655431 -10.94052 1.03799999999999999992
1  2.51e+02  0.1761297476 -10.94052 1.03799999999999999992
1  2.63e+02  0.1763607589 -10.94052 1.03799999999999999992
1  2.75e+02  0.1764275544 -10.94052 1.03799999999999999992
1  2.88e+02  0.1764748285 -10.94052 1.03799999999999999992
1  3.02e+02  0.1759574133 -10.94052 1.03799999999999999992
1  3.16e+02  0.1765960704 -10.94052 1.03799999999999999992
1  3.31e+02  0.1765020266 -10.94052 1.03799999999999999992
1  3.47e+02  0.1765026107 -10.94052 1.03799999999999999992
1  3.63e+02  0.1760424152 -10.94052 1.03799999999999999992
1  3.80e+02  0.1759814229 -10.94052 1.03799999999999999992
1  3.98e+02  0.17623067 -10.94052 1.03799999999999999992
1  4.17e+02  0.1759901235 -10.94052 1.03799999999999999992
1  4.37e+02  0.1767939235 -10.94052 1.03799999999999999992
1  4.57e+02  0.1767347438 -10.94052 1.03799999999999999992
1  4.79e+02  0.1769458225 -10.94052 1.03799999999999999992
1  5.01e+02  0.1764492363 -10.94052 1.03799999999999999992
1  5.25e+02  0.176706565 -10.94052 1.03799999999999999992
1  5.50e+02  0.1762439842 -10.94052 1.03799999999999999992
1  5.75e+02  0.1767134773 -10.94052 1.03799999999999999992
1  6.03e+02  0.1769366044 -10.94052 1.03799999999999999992
1  6.31e+02  0.1767210443 -10.94052 1.03799999999999999992
1  6.61e+02  0.1760777717 -10.94052 1.03799999999999999992
1  6.92e+02  0.1769129331 -10.94052 1.03799999999999999992
1  7.24e+02  0.1768816424 -10.94052 1.03799999999999999992
1  7.59e+02  0.1763029556 -10.94052 1.03799999999999999992
1  7.94e+02  0.1759309927 -10.94052 1.03799999999999999992
1  8.32e+02  0.176549265 -10.94052 1.03799999999999999992
1  8.71e+02  0.1763960024 -10.94052 1.03799999999999999992
1  9.12e+02  0.1762054637 -10.94052 1.03799999999999999992
1  9.55e+02  0.1792077344 -10.94052 1.03799999999999999992
1  1.00e+03  0.1778955044 -10.94052 1.03799999999999999992
1  1.05e+03  0.1747836918 -10.94052 1.03799999999999999992
1  1.10e+03  0.1746640976 -10.94052 1.03799999999999999992
1  1.15e+03  0.1809184529 -10.94052 1.03799999999999999992
1  1.20e+03  0.1841322365 -10.94052 1.03799999999999999992
1  1.26e+03  0.1849660606 -10.94052 1.03799999999999999992
1  1.32e+03  0.1764520455 -10.94052 1.03799999999999999992
1  1.38e+03  0.1718202469 -10.94052 1.03799999999999999992
1  1.45e+03  0.1664656367 -10.94052 1.03799999999999999992
1  1.51e+03  0.1782981612 -10.94052 1.03799999999999999992
1  1.58e+03  0.1898898133 -10.94052 1.03799999999999999992
1  1.66e+03  0.1898114356 -10.94052 1.03799999999999999992
1  1.74e+03  0.1750467566 -10.94052 1.03799999999999999992
1  1.82e+03  0.1978634918 -10.94052 1.03799999999999999992
1  1.91e+03  0.1596048142 -10.94052 1.03799999999999999992
1  2.00e+03  0.1718029218 -10.94052 1.03799999999999999992
1  2.09e+03  0.1759547525 -10.94052 1.03799999999999999992
1  2.19e+03  0.1777362843 -10.94052 1.03799999999999999992
1  2.29e+03  0.1817990162 -10.94052 1.03799999999999999992
1  2.40e+03  0.158283068 -10.94052 1.03799999999999999992
1  2.51e+03  0.1750262589 -10.94052 1.03799999999999999992
1  2.63e+03  0.2231486781 -10.94052 1.03799999999999999992
1  2.75e+03  0.2180448582 -10.94052 1.03799999999999999992
1  2.88e+03  0.1762866209 -10.94052 1.03799999999999999992
1  3.02e+03  0.2179150438 -10.94052 1.03799999999999999992
1  3.16e+03  0.2415483854 -10.94052 1.03799999999999999992
1  3.31e+03  0.2243060155 -10.94052 1.03799999999999999992
1  3.47e+03  0.1676427742 -10.94052 1.03799999999999999992
1  3.63e+03  0.143280692 -10.94052 1.03799999999999999992
1  3.80e+03  0.2399973437 -10.94052 1.03799999999999999992
1  3.98e+03  0.1329314735 -10.94052 1.03799999999999999992
1  4.17e+03  0.1899615028 -10.94052 1.03799999999999999992
1  4.37e+03  0.09072687909 -10.94052 1.03799999999999999992
1  4.57e+03  0.1805604438 -10.94052 1.03799999999999999992
1  4.79e+03  0.1606270761 -10.94052 1.03799999999999999992
1  5.01e+03  0.1120912375 -10.94052 1.03799999999999999992
1  5.25e+03  0.0906893837 -10.94052 1.03799999999999999992
1  5.50e+03  0.08968719815 -10.94052 1.03799999999999999992
1  5.75e+03  0.09688113479 -10.94052 1.03799999999999999992
1  6.03e+03  0.1026900565 -10.94052 1.03799999999999999992
1  6.31e+03  0.1579868979 -10.94052 1.03799999999999999992
1  6.61e+03  0.2476831977 -10.94052 1.03799999999999999992
1  6.92e+03  0.1593084049 -10.94052 1.03799999999999999992
1  7.24e+03  0.1475179774 -10.94052 1.03799999999999999992
1  7.59e+03  0.2798966728 -10.94052 1.03799999999999999992
1  7.94e+03  0.1000366406 -10.94052 1.03799999999999999992
1  8.32e+03  0.2938229833 -10.94052 1.03799999999999999992
1  8.71e+03  0.2018394688 -10.94052 1.03799999999999999992
1  9.12e+03  0.1697490816 -10.94052 1.03799999999999999992
1  9.55e+03  0.3634468995 -10.94052 1.03799999999999999992
1  1.00e+04  0.2990276765 -10.94052 1.03799999999999999992
1  1.05e+04  0.1445352974 -10.94052 1.03799999999999999992
1  1.10e+04  0.1607508745 -10.94052 1.03799999999999999992
1  1.15e+04  0.3064848468 -10.94052 1.03799999999999999992
1  1.20e+04  0.3068351404 -10.94052 1.03799999999999999992
1  1.26e+04  0.3753087768 -10.94052 1.03799999999999999992
1  1.32e+04  0.3666891062 -10.94052 1.03799999999999999992
1  1.38e+04  0.3614762967 -10.94052 1.03799999999999999992
1  1.45e+04  0.3759469728 -10.94052 1.03799999999999999992
1  1.51e+04  0.2902633981 -10.94052 1.03799999999999999992
1  1.58e+04  0.3411706997 -10.94052 1.03799999999999999992
1  1.66e+04  0.232502814 -10.94052 1.03799999999999999992
1  1.74e+04  0.3103558698 -10.94052 1.03799999999999999992
1  1.82e+04  0.4007551406 -10.94052 1.03799999999999999992
1  1.91e+04  0.3696958981 -10.94052 1.03799999999999999992
1  2.00e+04  0.3733208781 -10.94052 1.03799999999999999992
1  2.09e+04  0.3031722843 -10.94052 1.03799999999999999992
1  2.19e+04  0.4174289091 -10.94052 1.03799999999999999992
1  2.29e+04  0.3981205234 -10.94052 1.03799999999999999992
1  2.40e+04  0.3235549168 -10.94052 1.03799999999999999992
1  2.51e+04  0.4513706904 -10.94052 1.03799999999999999992
1  2.63e+04  0.2732107473 -10.94052 1.03799999999999999992
1  2.75e+04  0.4691297624 -10.94052 1.03799999999999999992
1  2.88e+04  0.2860949026 -10.94052 1.03799999999999999992
1  3.02e+04  0.5035359061 -10.94052 1.03799999999999999992
1  3.16e+04  0.2747751564 -10.94052 1.03799999999999999992
1  3.31e+04  0.4634047198 -10.94052 1.03799999999999999992
1  3.47e+04  0.2773920865 -10.94052 1.03799999999999999992
1  3.63e+04  0.5373754037 -10.94052 1.03799999999999999992
1  3.80e+04  0.2665102711 -10.94052 1.03799999999999999992
1  3.98e+04  0.4151474987 -10.94052 1.03799999999999999992
1  4.17e+04  0.4171312799 -10.94052 1.03799999999999999992
1  4.37e+04  0.2800659165 -10.94052 1.03799999999999999992
1  4.57e+04  0.5403670185 -10.94052 1.03799999999999999992
1  4.79e+04  0.283806871 -10.94052 1.03799999999999999992
1  5.01e+04  0.2784816003 -10.94052 1.03799999999999999992
1  5.25e+04  0.4975124473 -10.94052 1.03799999999999999992
1  5.50e+04  0.3885249406 -10.94052 1.03799999999999999992
1  5.75e+04  0.2030947307 -10.94052 1.03799999999999999992
1  6.03e+04  0.4488856954 -10.94052 1.03799999999999999992
1  6.31e+04  0.4883988167 -10.94052 1.03799999999999999992
1  6.61e+04  0.2283003113 -10.94052 1.03799999999999999992
1  6.92e+04  0.3065556137 -10.94052 1.03799999999999999992
1  7.24e+04  0.4978001044 -10.94052 1.03799999999999999992
1  7.59e+04  0.3939624517 -10.94052 1.03799999999999999992
1  7.94e+04  0.2184634224 -10.94052 1.03799999999999999992
1  8.32e+04  0.2233596886 -10.94052 1.03799999999999999992
1  8.71e+04  0.3350432132 -10.94052 1.03799999999999999992
1  9.12e+04  0.4046974994 -10.94052 1.03799999999999999992
1  9.55e+04  0.3694112544 -10.94052 1.03799999999999999992
1  1.00e+05  0.2610359472 -10.94052 1.03799999999999999992
1  1.05e+05  0.1859695514 -10.94052 1.03799999999999999992
1  1.10e+05  0.2291105352 -10.94052 1.03799999999999999992
1  1.15e+05  0.3536523882 -10.94052 1.03799999999999999992
1  1.20e+05  0.4361991474 -10.94052 1.03799999999999999992
1  1.26e+05  0.3998273419 -10.94052 1.03799999999999999992
1  1.32e+05  0.2851868174 -10.94052 1.03799999999999999992
1  1.38e+05  0.1965557025 -10.94052 1.03799999999999999992
1  1.45e+05  0.2016436898 -10.94052 1.03799999999999999992
1  1.51e+05  0.2853113384 -10.94052 1.03799999999999999992
1  1.58e+05  0.3790992326 -10.94052 1.03799999999999999992
1  1.66e+05  0.4206583626 -10.94052 1.03799999999999999992
1  1.74e+05  0.391562599 -10.94052 1.03799999999999999992
1  1.82e+05  0.3164210815 -10.94052 1.03799999999999999992
1  1.91e+05  0.237702852 -10.94052 1.03799999999999999992
1  2.00e+05  0.1894076157 -10.94052 1.03799999999999999992
1  2.09e+05  0.1838280555 -10.94052 1.03799999999999999992
1  2.19e+05  0.2128370191 -10.94052 1.03799999999999999992
1  2.29e+05  0.2574288148 -10.94052 1.03799999999999999992
1  2.40e+05  0.2981732103 -10.94052 1.03799999999999999992
1  2.51e+05  0.3220474794 -10.94052 1.03799999999999999992
1  2.63e+05  0.324560475 -10.94052 1.03799999999999999992
1  2.75e+05  0.3083420222 -10.94052 1.03799999999999999992
1  2.88e+05  0.2801061048 -10.94052 1.03799999999999999992
1  3.02e+05  0.247589941 -10.94052 1.03799999999999999992
1  3.16e+05  0.2173633035 -10.94052 1.03799999999999999992
1  3.31e+05  0.1937441837 -10.94052 1.03799999999999999992
1  3.47e+05  0.1786413038 -10.94052 1.03799999999999999992
1  3.63e+05  0.171978924 -10.94052 1.03799999999999999992
1  3.80e+05  0.1723675403 -10.94052 1.03799999999999999992
1  3.98e+05  0.1777757605 -10.94052 1.03799999999999999992
1  4.17e+05  0.1860671409 -10.94052 1.03799999999999999992
1  4.37e+05  0.1953547971 -10.94052 1.03799999999999999992
1  4.57e+05  0.2041841387 -10.94052 1.03799999999999999992
1  4.79e+05  0.2115823912 -10.94052 1.03799999999999999992
1  5.01e+05  0.2170208419 -10.94052 1.03799999999999999992
1  5.25e+05  0.2203308107 -10.94052 1.03799999999999999992
1  5.50e+05  0.221604184 -10.94052 1.03799999999999999992
1  5.75e+05  0.2210984772 -10.94052 1.03799999999999999992
1  6.03e+05  0.2191571634 -10.94052 1.03799999999999999992
1  6.31e+05  0.2161492598 -10.94052 1.03799999999999999992
1  6.61e+05  0.2123738155 -10.94052 1.03799999999999999992
1  6.92e+05  0.2081890013 -10.94052 1.03799999999999999992
1  7.24e+05  0.203871533 -10.94052 1.03799999999999999992
1  7.59e+05  0.1996220086 -10.94052 1.03799999999999999992
1  7.94e+05  0.1955871748 -10.94052 1.03799999999999999992
1  8.32e+05  0.1918660913 -10.94052 1.03799999999999999992
1  8.71e+05  0.1885288837 -10.94052 1.03799999999999999992
1  9.12e+05  0.1855801213 -10.94052 1.03799999999999999992
1  9.55e+05  0.1830350601 -10.94052 1.03799999999999999992
1  1.00e+06  0.1808797055 -10.94052 1.03799999999999999992
1  1.05e+06  0.1790884315 -10.94052 1.03799999999999999992
1  1.10e+06  0.177635595 -10.94052 1.03799999999999999992
1  1.15e+06  0.1764702226 -10.94052 1.03799999999999999992
1  1.20e+06  0.1755628194 -10.94052 1.03799999999999999992
1  1.26e+06  0.1748770589 -10.94052 1.03799999999999999992
1  1.32e+06  0.1743787222 -10.94052 1.03799999999999999992
1  1.38e+06  0.1740409192 -10.94052 1.03799999999999999992
1  1.45e+06  0.1738261706 -10.94052 1.03799999999999999992
1  1.51e+06  0.1737146064 -10.94052 1.03799999999999999992
1  1.58e+06  0.1736847503 -10.94052 1.03799999999999999992
1  1.66e+06  0.1737182485 -10.94052 1.03799999999999999992
1  1.74e+06  0.173802446 -10.94052 1.03799999999999999992
1  1.82e+06  0.1739185482 -10.94052 1.03799999999999999992
1  1.91e+06  0.1740590453 -10.94052 1.03799999999999999992
1  2.00e+06  0.1742153218 -10.94052 1.03799999999999999992
1  2.09e+06  0.1743804759 -10.94052 1.03799999999999999992
1  2.19e+06  0.1745508434 -10.94052 1.03799999999999999992
1  2.29e+06  0.1747184852 -10.94052 1.03799999999999999992
1  2.40e+06  0.1748821524 -10.94052 1.03799999999999999992
1  2.51e+06  0.1750394825 -10.94052 1.03799999999999999992
1  2.63e+06  0.1751900292 -10.94052 1.03799999999999999992
1  2.75e+06  0.1753300979 -10.94052 1.03799999999999999992
1  2.88e+06  0.1754603542 -10.94052 1.03799999999999999992
1  3.02e+06  0.1755804613 -10.94052 1.03799999999999999992
1  3.16e+06  0.175690352 -10.94052 1.03799999999999999992
1  3.31e+06  0.1757909403 -10.94052 1.03799999999999999992
1  3.47e+06  0.1758808972 -10.94052 1.03799999999999999992
1  3.63e+06  0.1759614743 -10.94052 1.03799999999999999992
1  3.80e+06  0.1760331486 -10.94052 1.03799999999999999992
1  3.98e+06  0.1760964461 -10.94052 1.03799999999999999992
1  4.17e+06  0.1761524094 -10.94052 1.03799999999999999992
1  4.37e+06  0.1762005816 -10.94052 1.03799999999999999992
1  4.57e+06  0.1762420614 -10.94052 1.03799999999999999992
1  4.79e+06  0.1762773996 -10.94052 1.03799999999999999992
1  5.01e+06  0.176307129 -10.94052 1.03799999999999999992
1  5.25e+06  0.176332067 -10.94052 1.03799999999999999992
1  5.50e+06  0.1763520526 -10.94052 1.03799999999999999992
1  5.75e+06  0.1763678779 -10.94052 1.03799999999999999992
1  6.03e+06  0.1763799672 -10.94052 1.03799999999999999992
1  6.31e+06  0.1763889282 -10.94052 1.03799999999999999992
1  6.61e+06  0.1763946809 -10.94052 1.03799999999999999992
1  6.92e+06  0.1763977953 -10.94052 1.03799999999999999992
1  7.24e+06  0.1763985799 -10.94052 1.03799999999999999992
1  7.59e+06  0.176397317 -10.94052 1.03799999999999999992
1  7.94e+06  0.1763943982 -10.94052 1.03799999999999999992
1  8.32e+06  0.176389777 -10.94052 1.03799999999999999992
1  8.71e+06  0.1763838128 -10.94052 1.03799999999999999992
1  9.12e+06  0.1763766971 -10.94052 1.03799999999999999992
1  9.55e+06  0.1763686027 -10.94052 1.03799999999999999992
1  1.00e+07  0.1763597698 -10.94052 1.03799999999999999992
