1  1.00e-03  0.5516190677  1.407329e-01 0.91999999999999999996
1  1.05e-03  0.5516190624  1.407329e-01 0.91999999999999999996
1  1.10e-03  0.5516190793  1.407329e-01 0.91999999999999999996
1  1.15e-03  0.5516190751  1.407329e-01 0.91999999999999999996
1  1.20e-03  0.5516190671  1.407329e-01 0.91999999999999999996
1  1.26e-03  0.5516190881  1.407329e-01 0.91999999999999999996
1  1.32e-03  0.5516190797  1.407329e-01 0.91999999999999999996
1  1.38e-03  0.5516190866  1.407329e-01 0.91999999999999999996
1  1.45e-03  0.5516190792  1.407329e-01 0.91999999999999999996
1  1.51e-03  0.5516190694  1.407329e-01 0.91999999999999999996
1  1.58e-03  0.5516190939  1.407329e-01 0.91999999999999999996
1  1.66e-03  0.5516190644  1.407329e-01 0.91999999999999999996
1  1.74e-03  0.5516190647  1.407329e-01 0.91999999999999999996
1  1.82e-03  0.5516190647  1.407329e-01 0.91999999999999999996
1  1.91e-03  0.5516190684  1.407329e-01 0.91999999999999999996
1  2.00e-03  0.5516190724  1.407329e-01 0.91999999999999999996
1  2.09e-03  0.551619077  1.407329e-01 0.91999999999999999996
1  2.19e-03  0.5516190844  1.407329e-01 0.91999999999999999996
1  2.29e-03  0.551619083  1.407329e-01 0.91999999999999999996
1  2.40e-03  0.5516190805  1.407329e-01 0.91999999999999999996
1  2.51e-03  0.5516190759  1.407329e-01 0.91999999999999999996
1  2.63e-03  0.5516190736  1.407329e-01 0.91999999999999999996
1  2.75e-03  0.551619082  1.407329e-01 0.91999999999999999996
1  2.88e-03  0.5516190552  1.407329e-01 0.91999999999999999996
1  3.02e-03  0.551619079  1.407329e-01 0.91999999999999999996
1  3.16e-03  0.5516190692  1.407329e-01 0.91999999999999999996
1  3.31e-03  0.5516233373  1.407329e-01 0.91999999999999999996
1  3.47e-03  0.551619079  1.407329e-01 0.91999999999999999996
1  3.63e-03  0.5516190814  1.407329e-01 0.91999999999999999996
1  3.80e-03  0.5516190709  1.407329e-01 0.91999999999999999996
1  3.98e-03  0.5516190654  1.407329e-01 0.91999999999999999996
1  4.17e-03  0.5516189783  1.407329e-01 0.91999999999999999996
1  4.37e-03  0.5516190693  1.407329e-01 0.91999999999999999996
1  4.57e-03  0.5516190648  1.407329e-01 0.91999999999999999996
1  4.79e-03  0.5516190807  1.407329e-01 0.91999999999999999996
1  5.01e-03  0.5516190625  1.407329e-01 0.91999999999999999996
1  5.25e-03  0.5516190696  1.407329e-01 0.91999999999999999996
1  5.50e-03  0.5516190886  1.407329e-01 0.91999999999999999996
1  5.75e-03  0.5516190852  1.407329e-01 0.91999999999999999996
1  6.03e-03  0.5516190641  1.407329e-01 0.91999999999999999996
1  6.31e-03  0.5516190678  1.407329e-01 0.91999999999999999996
1  6.61e-03  0.5516190648  1.407329e-01 0.91999999999999999996
1  6.92e-03  0.5516190927  1.407329e-01 0.91999999999999999996
1  7.24e-03  0.5516190929  1.407329e-01 0.91999999999999999996
1  7.59e-03  0.5516190706  1.407329e-01 0.91999999999999999996
1  7.94e-03  0.5516190727  1.407329e-01 0.91999999999999999996
1  8.32e-03  0.5516190915  1.407329e-01 0.91999999999999999996
1  8.71e-03  0.5516190622  1.407329e-01 0.91999999999999999996
1  9.12e-03  0.5516191  1.407329e-01 0.91999999999999999996
1  9.55e-03  0.5516196338  1.407329e-01 0.91999999999999999996
1  1.00e-02  0.5516190733  1.407329e-01 0.91999999999999999996
1  1.05e-02  0.5516190834  1.407329e-01 0.91999999999999999996
1  1.10e-02  0.5516190737  1.407329e-01 0.91999999999999999996
1  1.15e-02  0.5516190571  1.407329e-01 0.91999999999999999996
1  1.20e-02  0.5516190536  1.407329e-01 0.91999999999999999996
1  1.26e-02  0.5516190927  1.407329e-01 0.91999999999999999996
1  1.32e-02  0.5516190739  1.407329e-01 0.91999999999999999996
1  1.38e-02  0.5516190486  1.407329e-01 0.91999999999999999996
1  1.45e-02  0.5516190608  1.407329e-01 0.91999999999999999996
1  1.51e-02  0.551619075  1.407329e-01 0.91999999999999999996
1  1.58e-02  0.5516190559  1.407329e-01 0.91999999999999999996
1  1.66e-02  0.5516190477  1.407329e-01 0.91999999999999999996
1  1.74e-02  0.5516190866  1.407329e-01 0.91999999999999999996
1  1.82e-02  0.5516190383  1.407329e-01 0.91999999999999999996
1  1.91e-02  0.5516190919  1.407329e-01 0.91999999999999999996
1  2.00e-02  0.5516190893  1.407329e-01 0.91999999999999999996
1  2.09e-02  0.5516190408  1.407329e-01 0.91999999999999999996
1  2.19e-02  0.551619048  1.407329e-01 0.91999999999999999996
1  2.29e-02  0.5516190252  1.407329e-01 0.91999999999999999996
1  2.40e-02  0.5516190946  1.407329e-01 0.91999999999999999996
1  2.51e-02  0.5516185587  1.407329e-01 0.91999999999999999996
1  2.63e-02  0.5516188888  1.407329e-01 0.91999999999999999996
1  2.75e-02  0.5516191907  1.407329e-01 0.91999999999999999996
1  2.88e-02  0.5516189811  1.407329e-01 0.91999999999999999996
1  3.02e-02  0.5516190543  1.407329e-01 0.91999999999999999996
1  3.16e-02  0.5516189203  1.407329e-01 0.91999999999999999996
1  3.31e-02  0.5516191117  1.407329e-01 0.91999999999999999996
1  3.47e-02  0.5516190819  1.407329e-01 0.91999999999999999996
1  3.63e-02  0.551619086  1.407329e-01 0.91999999999999999996
1  3.80e-02  0.5516192039  1.407329e-01 0.91999999999999999996
1  3.98e-02  0.551618966  1.407329e-01 0.91999999999999999996
1  4.17e-02  0.5516189473  1.407329e-01 0.91999999999999999996
1  4.37e-02  0.551619272  1.407329e-01 0.91999999999999999996
1  4.57e-02  0.5517803643  1.407329e-01 0.91999999999999999996
1  4.79e-02  0.5516192015  1.407329e-01 0.91999999999999999996
1  5.01e-02  0.551619147  1.407329e-01 0.91999999999999999996
1  5.25e-02  0.551619099  1.407329e-01 0.91999999999999999996
1  5.50e-02  0.5516191139  1.407329e-01 0.91999999999999999996
1  5.75e-02  0.5516191565  1.407329e-01 0.91999999999999999996
1  6.03e-02  0.5516191938  1.407329e-01 0.91999999999999999996
1  6.31e-02  0.551619169  1.407329e-01 0.91999999999999999996
1  6.61e-02  0.551618999  1.407329e-01 0.91999999999999999996
1  6.92e-02  0.5516191382  1.407329e-01 0.91999999999999999996
1  7.24e-02  0.5516192637  1.407329e-01 0.91999999999999999996
1  7.59e-02  0.5516190958  1.407329e-01 0.91999999999999999996
1  7.94e-02  0.5516188746  1.407329e-01 0.91999999999999999996
1  8.32e-02  0.5516191927  1.407329e-01 0.91999999999999999996
1  8.71e-02  0.5516191584  1.407329e-01 0.91999999999999999996
1  9.12e-02  0.5516193834  1.407329e-01 0.91999999999999999996
1  9.55e-02  0.5516253903  1.407329e-01 0.91999999999999999996
1  1.00e-01  0.5516178853  1.407329e-01 0.91999999999999999996
1  1.05e-01  0.5516191892  1.407329e-01 0.91999999999999999996
1  1.10e-01  0.5516192664  1.407329e-01 0.91999999999999999996
1  1.15e-01  0.5516189354  1.407329e-01 0.91999999999999999996
1  1.20e-01  0.5516192634  1.407329e-01 0.91999999999999999996
1  1.26e-01  0.5516190308  1.407329e-01 0.91999999999999999996
1  1.32e-01  0.551618888  1.407329e-01 0.91999999999999999996
1  1.38e-01  0.5516192051  1.407329e-01 0.91999999999999999996
1  1.45e-01  0.5516191546  1.407329e-01 0.91999999999999999996
1  1.51e-01  0.5516202533  1.407329e-01 0.91999999999999999996
1  1.58e-01  0.5516190757  1.407329e-01 0.91999999999999999996
1  1.66e-01  0.5516188434  1.407329e-01 0.91999999999999999996
1  1.74e-01  0.5516194186  1.407329e-01 0.91999999999999999996
1  1.82e-01  0.5516195564  1.407329e-01 0.91999999999999999996
1  1.91e-01  0.551619562  1.407329e-01 0.91999999999999999996
1  2.00e-01  0.5516194168  1.407329e-01 0.91999999999999999996
1  2.09e-01  0.5516184414  1.407329e-01 0.91999999999999999996
1  2.19e-01  0.5516183756  1.407329e-01 0.91999999999999999996
1  2.29e-01  0.5516195006  1.407329e-01 0.91999999999999999996
1  2.40e-01  0.551619  1.407329e-01 0.91999999999999999996
1  2.51e-01  0.5516187087  1.407329e-01 0.91999999999999999996
1  2.63e-01  0.5516192155  1.407329e-01 0.91999999999999999996
1  2.75e-01  0.5516188408  1.407329e-01 0.91999999999999999996
1  2.88e-01  0.5516193563  1.407329e-01 0.91999999999999999996
1  3.02e-01  0.5516203909  1.407329e-01 0.91999999999999999996
1  3.16e-01  0.5516192562  1.407329e-01 0.91999999999999999996
1  3.31e-01  0.5516198251  1.407329e-01 0.91999999999999999996
1  3.47e-01  0.5516266494  1.407329e-01 0.91999999999999999996
1  3.63e-01  0.5516180218  1.407329e-01 0.91999999999999999996
1  3.80e-01  0.5516193876  1.407329e-01 0.91999999999999999996
1  3.98e-01  0.5516193257  1.407329e-01 0.91999999999999999996
1  4.17e-01  0.5516179011  1.407329e-01 0.91999999999999999996
1  4.37e-01  0.5516187417  1.407329e-01 0.91999999999999999996
1  4.57e-01  0.5516174739  1.407329e-01 0.91999999999999999996
1  4.79e-01  0.5516187316  1.407329e-01 0.91999999999999999996
1  5.01e-01  0.5516226743  1.407329e-01 0.91999999999999999996
1  5.25e-01  0.551617438  1.407329e-01 0.91999999999999999996
1  5.50e-01  0.5516170929  1.407329e-01 0.91999999999999999996
1  5.75e-01  0.5516194081  1.407329e-01 0.91999999999999999996
1  6.03e-01  0.5516188474  1.407329e-01 0.91999999999999999996
1  6.31e-01  0.5516166592  1.407329e-01 0.91999999999999999996
1  6.61e-01  0.5516190632  1.407329e-01 0.91999999999999999996
1  6.92e-01  0.5516167879  1.407329e-01 0.91999999999999999996
1  7.24e-01  0.5516190556  1.407329e-01 0.91999999999999999996
1  7.59e-01  0.5516187895  1.407329e-01 0.91999999999999999996
1  7.94e-01  0.5516302534  1.407329e-01 0.91999999999999999996
1  8.32e-01  0.5516166241  1.407329e-01 0.91999999999999999996
1  8.71e-01  0.5516192434  1.407329e-01 0.91999999999999999996
1  9.12e-01  0.551619351  1.407329e-01 0.91999999999999999996
1  9.55e-01  0.5516177996  1.407329e-01 0.91999999999999999996
1  1.00e+00  0.5516190551  1.407329e-01 0.91999999999999999996
1  1.05e+00  0.5516066979  1.407329e-01 0.91999999999999999996
1  1.10e+00  0.5516155875  1.407329e-01 0.91999999999999999996
1  1.15e+00  0.5516185069  1.407329e-01 0.91999999999999999996
1  1.20e+00  0.5516153063  1.407329e-01 0.91999999999999999996
1  1.26e+00  0.5516143024  1.407329e-01 0.91999999999999999996
1  1.32e+00  0.5516191443  1.407329e-01 0.91999999999999999996
1  1.38e+00  0.5516138211  1.407329e-01 0.91999999999999999996
1  1.45e+00  0.5516114116  1.407329e-01 0.91999999999999999996
1  1.51e+00  0.5516178382  1.407329e-01 0.91999999999999999996
1  1.58e+00  0.5516171822  1.407329e-01 0.91999999999999999996
1  1.66e+00  0.5516133293  1.407329e-01 0.91999999999999999996
1  1.74e+00  0.5516149081  1.407329e-01 0.91999999999999999996
1  1.82e+00  0.5516040717  1.407329e-01 0.91999999999999999996
1  1.91e+00  0.5516175084  1.407329e-01 0.91999999999999999996
1  2.00e+00  0.551624202  1.407329e-01 0.91999999999999999996
1  2.09e+00  0.5516153125  1.407329e-01 0.91999999999999999996
1  2.19e+00  0.5516135442  1.407329e-01 0.91999999999999999996
1  2.29e+00  0.5516134431  1.407329e-01 0.91999999999999999996
1  2.40e+00  0.5516237954  1.407329e-01 0.91999999999999999996
1  2.51e+00  0.55161617  1.407329e-01 0.91999999999999999996
1  2.63e+00  0.551609791  1.407329e-01 0.91999999999999999996
1  2.75e+00  0.5516116668  1.407329e-01 0.91999999999999999996
1  2.88e+00  0.551614243  1.407329e-01 0.91999999999999999996
1  3.02e+00  0.5516495291  1.407329e-01 0.91999999999999999996
1  3.16e+00  0.5516146973  1.407329e-01 0.91999999999999999996
1  3.31e+00  0.5515948192  1.407329e-01 0.91999999999999999996
1  3.47e+00  0.5516170112  1.407329e-01 0.91999999999999999996
1  3.63e+00  0.551608962  1.407329e-01 0.91999999999999999996
1  3.80e+00  0.5516268237  1.407329e-01 0.91999999999999999996
1  3.98e+00  0.5516064349  1.407329e-01 0.91999999999999999996
1  4.17e+00  0.5516047846  1.407329e-01 0.91999999999999999996
1  4.37e+00  0.5516051401  1.407329e-01 0.91999999999999999996
1  4.57e+00  0.551590733  1.407329e-01 0.91999999999999999996
1  4.79e+00  0.5516016545  1.407329e-01 0.91999999999999999996
1  5.01e+00  0.5516099756  1.407329e-01 0.91999999999999999996
1  5.25e+00  0.5516343179  1.407329e-01 0.91999999999999999996
1  5.50e+00  0.5515941423  1.407329e-01 0.91999999999999999996
1  5.75e+00  0.5516060371  1.407329e-01 0.91999999999999999996
1  6.03e+00  0.551615586  1.407329e-01 0.91999999999999999996
1  6.31e+00  0.5515997516  1.407329e-01 0.91999999999999999996
1  6.61e+00  0.5515955953  1.407329e-01 0.91999999999999999996
1  6.92e+00  0.5515957215  1.407329e-01 0.91999999999999999996
1  7.24e+00  0.5516027598  1.407329e-01 0.91999999999999999996
1  7.59e+00  0.551622452  1.407329e-01 0.91999999999999999996
1  7.94e+00  0.5516241298  1.407329e-01 0.91999999999999999996
1  8.32e+00  0.5515900622  1.407329e-01 0.91999999999999999996
1  8.71e+00  0.5516032844  1.407329e-01 0.91999999999999999996
1  9.12e+00  0.5516324756  1.407329e-01 0.91999999999999999996
1  9.55e+00  0.5516108033  1.407329e-01 0.91999999999999999996
1  1.00e+01  0.5516367109  1.407329e-01 0.91999999999999999996
1  1.05e+01  0.5516274142  1.407329e-01 0.91999999999999999996
1  1.10e+01  0.5516001888  1.407329e-01 0.91999999999999999996
1  1.15e+01  0.5516056458  1.407329e-01 0.91999999999999999996
1  1.20e+01  0.5516133483  1.407329e-01 0.91999999999999999996
1  1.26e+01  0.551618604  1.407329e-01 0.91999999999999999996
1  1.32e+01  0.5515775225  1.407329e-01 0.91999999999999999996
1  1.38e+01  0.5515665541  1.407329e-01 0.91999999999999999996
1  1.45e+01  0.551561286  1.407329e-01 0.91999999999999999996
1  1.51e+01  0.55163367  1.407329e-01 0.91999999999999999996
1  1.58e+01  0.5515883999  1.407329e-01 0.91999999999999999996
1  1.66e+01  0.5515908726  1.407329e-01 0.91999999999999999996
1  1.74e+01  0.5516926228  1.407329e-01 0.91999999999999999996
1  1.82e+01  0.5515409419  1.407329e-01 0.91999999999999999996
1  1.91e+01  0.5516145316  1.407329e-01 0.91999999999999999996
1  2.00e+01  0.5515597399  1.407329e-01 0.91999999999999999996
1  2.09e+01  0.5515676121  1.407329e-01 0.91999999999999999996
1  2.19e+01  0.5515365773  1.407329e-01 0.91999999999999999996
1  2.29e+01  0.5515983035  1.407329e-01 0.91999999999999999996
1  2.40e+01  0.5515055277  1.407329e-01 0.91999999999999999996
1  2.51e+01  0.5514993574  1.407329e-01 0.91999999999999999996
1  2.63e+01  0.55174696  1.407329e-01 0.91999999999999999996
1  2.75e+01  0.551655186  1.407329e-01 0.91999999999999999996
1  2.88e+01  0.5514053818  1.407329e-01 0.91999999999999999996
1  3.02e+01  0.5516405425  1.407329e-01 0.91999999999999999996
1  3.16e+01  0.5516306115  1.407329e-01 0.91999999999999999996
1  3.31e+01  0.5516102409  1.407329e-01 0.91999999999999999996
1  3.47e+01  0.5511897612  1.407329e-01 0.91999999999999999996
1  3.63e+01  0.5516011374  1.407329e-01 0.91999999999999999996
1  3.80e+01  0.5516730838  1.407329e-01 0.91999999999999999996
1  3.98e+01  0.5515941853  1.407329e-01 0.91999999999999999996
1  4.17e+01  0.5516670864  1.407329e-01 0.91999999999999999996
1  4.37e+01  0.5518070324  1.407329e-01 0.91999999999999999996
1  4.57e+01  0.5514928811  1.407329e-01 0.91999999999999999996
1  4.79e+01  0.55171345  1.407329e-01 0.91999999999999999996
1  5.01e+01  0.5516054639  1.407329e-01 0.91999999999999999996
1  5.25e+01  0.5512613269  1.407329e-01 0.91999999999999999996
1  5.50e+01  0.5513649239  1.407329e-01 0.91999999999999999996
1  5.75e+01  0.5512982697  1.407329e-01 0.91999999999999999996
1  6.03e+01  0.5516260767  1.407329e-01 0.91999999999999999996
1  6.31e+01  0.5514078107  1.407329e-01 0.91999999999999999996
1  6.61e+01  0.5514593721  1.407329e-01 0.91999999999999999996
1  6.92e+01  0.5512978688  1.407329e-01 0.91999999999999999996
1  7.24e+01  0.5513713512  1.407329e-01 0.91999999999999999996
1  7.59e+01  0.5515469424  1.407329e-01 0.91999999999999999996
1  7.94e+01  0.5514577388  1.407329e-01 0.91999999999999999996
1  8.32e+01  0.5511950265  1.407329e-01 0.91999999999999999996
1  8.71e+01  0.5515191517  1.407329e-01 0.91999999999999999996
1  9.12e+01  0.5514572266  1.407329e-01 0.91999999999999999996
1  9.55e+01  0.5516910978  1.407329e-01 0.91999999999999999996
1  1.00e+02  0.551579447  1.407329e-01 0.91999999999999999996
1  1.05e+02  0.5511924833  1.407329e-01 0.91999999999999999996
1  1.10e+02  0.5514283774  1.407329e-01 0.91999999999999999996
1  1.15e+02  0.5511500123  1.407329e-01 0.91999999999999999996
1  1.20e+02  0.5512929861  1.407329e-01 0.91999999999999999996
1  1.26e+02  0.5516291737  1.407329e-01 0.91999999999999999996
1  1.32e+02  0.5510957723  1.407329e-01 0.91999999999999999996
1  1.38e+02  0.5515238488  1.407329e-01 0.91999999999999999996
1  1.45e+02  0.5511375279  1.407329e-01 0.91999999999999999996
1  1.51e+02  0.5512447315  1.407329e-01 0.91999999999999999996
1  1.58e+02  0.5517462202  1.407329e-01 0.91999999999999999996
1  1.66e+02  0.5510195846  1.407329e-01 0.91999999999999999996
1  1.74e+02  0.5516221285  1.407329e-01 0.91999999999999999996
1  1.82e+02  0.5510890023  1.407329e-01 0.91999999999999999996
1  1.91e+02  0.5507521106  1.407329e-01 0.91999999999999999996
1  2.00e+02  0.5511944211  1.407329e-01 0.91999999999999999996
1  2.09e+02  0.5509119515  1.407329e-01 0.91999999999999999996
1  2.19e+02  0.5510218208  1.407329e-01 0.91999999999999999996
1  2.29e+02  0.5514709825  1.407329e-01 0.91999999999999999996
1  2.40e+02  0.5513951526  1.407329e-01 0.91999999999999999996
1  2.51e+02  0.5508874885  1.407329e-01 0.91999999999999999996
1  2.63e+02  0.551388442  1.407329e-01 0.91999999999999999996
1  2.75e+02  0.5510961345  1.407329e-01 0.91999999999999999996
1  2.88e+02  0.5513024927  1.407329e-01 0.91999999999999999996
1  3.02e+02  0.550907603  1.407329e-01 0.91999999999999999996
1  3.16e+02  0.5516878212  1.407329e-01 0.91999999999999999996
1  3.31e+02  0.5507078357  1.407329e-01 0.91999999999999999996
1  3.47e+02  0.5515993315  1.407329e-01 0.91999999999999999996
1  3.63e+02  0.5516154318  1.407329e-01 0.91999999999999999996
1  3.80e+02  0.5513265974  1.407329e-01 0.91999999999999999996
1  3.98e+02  0.5503551477  1.407329e-01 0.91999999999999999996
1  4.17e+02  0.549958493  1.407329e-01 0.91999999999999999996
1  4.37e+02  0.5499597502  1.407329e-01 0.91999999999999999996
1  4.57e+02  0.5513618288  1.407329e-01 0.91999999999999999996
1  4.79e+02  0.5496782212  1.407329e-01 0.91999999999999999996
1  5.01e+02  0.5498185858  1.407329e-01 0.91999999999999999996
1  5.25e+02  0.5493865014  1.407329e-01 0.91999999999999999996
1  5.50e+02  0.5515530653  1.407329e-01 0.91999999999999999996
1  5.75e+02  0.5499409208  1.407329e-01 0.91999999999999999996
1  6.03e+02  0.5498257441  1.407329e-01 0.91999999999999999996
1  6.31e+02  0.5514227212  1.407329e-01 0.91999999999999999996
1  6.61e+02  0.5488684787  1.407329e-01 0.91999999999999999996
1  6.92e+02  0.5506936768  1.407329e-01 0.91999999999999999996
1  7.24e+02  0.5508761805  1.407329e-01 0.91999999999999999996
1  7.59e+02  0.548417806  1.407329e-01 0.91999999999999999996
1  7.94e+02  0.5514403731  1.407329e-01 0.91999999999999999996
1  8.32e+02  0.5497942748  1.407329e-01 0.91999999999999999996
1  8.71e+02  0.5483983947  1.407329e-01 0.91999999999999999996
1  9.12e+02  0.5508210639  1.407329e-01 0.91999999999999999996
1  9.55e+02  0.5475872001  1.407329e-01 0.91999999999999999996
1  1.00e+03  0.5517313381  1.407329e-01 0.91999999999999999996
1  1.05e+03  0.550302197  1.407329e-01 0.91999999999999999996
1  1.10e+03  0.5504620915  1.407329e-01 0.91999999999999999996
1  1.15e+03  0.5478576679  1.407329e-01 0.91999999999999999996
1  1.20e+03  0.5486758563  1.407329e-01 0.91999999999999999996
1  1.26e+03  0.5481077125  1.407329e-01 0.91999999999999999996
1  1.32e+03  0.5542746397  1.407329e-01 0.91999999999999999996
1  1.38e+03  0.5586060192  1.407329e-01 0.91999999999999999996
1  1.45e+03  0.5413876895  1.407329e-01 0.91999999999999999996
1  1.51e+03  0.5542586067  1.407329e-01 0.91999999999999999996
1  1.58e+03  0.532637018  1.407329e-01 0.91999999999999999996
1  1.66e+03  0.5245348594  1.407329e-01 0.91999999999999999996
1  1.74e+03  0.5337129685  1.407329e-01 0.91999999999999999996
1  1.82e+03  0.5627743665  1.407329e-01 0.91999999999999999996
1  1.91e+03  0.5639005593  1.407329e-01 0.91999999999999999996
1  2.00e+03  0.5717058473  1.407329e-01 0.91999999999999999996
1  2.09e+03  0.5481400053  1.407329e-01 0.91999999999999999996
1  2.19e+03  0.5610820018  1.407329e-01 0.91999999999999999996
1  2.29e+03  0.5609467832  1.407329e-01 0.91999999999999999996
1  2.40e+03  0.5326032053  1.407329e-01 0.91999999999999999996
1  2.51e+03  0.4743963091  1.407329e-01 0.91999999999999999996
1  2.63e+03  0.5062144759  1.407329e-01 0.91999999999999999996
1  2.75e+03  0.5127215879  1.407329e-01 0.91999999999999999996
1  2.88e+03  0.4998060227  1.407329e-01 0.91999999999999999996
1  3.02e+03  0.4454627507  1.407329e-01 0.91999999999999999996
1  3.16e+03  0.5170539127  1.407329e-01 0.91999999999999999996
1  3.31e+03  0.5624557328  1.407329e-01 0.91999999999999999996
1  3.47e+03  0.5806417195  1.407329e-01 0.91999999999999999996
1  3.63e+03  0.5507775732  1.407329e-01 0.91999999999999999996
1  3.80e+03  0.5084090705  1.407329e-01 0.91999999999999999996
1  3.98e+03  0.596855644  1.407329e-01 0.91999999999999999996
1  4.17e+03  0.6223429199  1.407329e-01 0.91999999999999999996
1  4.37e+03  0.5659989402  1.407329e-01 0.91999999999999999996
1  4.57e+03  0.6232754774  1.407329e-01 0.91999999999999999996
1  4.79e+03  0.6394419072  1.407329e-01 0.91999999999999999996
1  5.01e+03  0.547790627  1.407329e-01 0.91999999999999999996
1  5.25e+03  0.5652331478  1.407329e-01 0.91999999999999999996
1  5.50e+03  0.6120575934  1.407329e-01 0.91999999999999999996
1  5.75e+03  0.6180596086  1.407329e-01 0.91999999999999999996
1  6.03e+03  0.606474731  1.407329e-01 0.91999999999999999996
1  6.31e+03  0.5299247839  1.407329e-01 0.91999999999999999996
1  6.61e+03  0.4320636614  1.407329e-01 0.91999999999999999996
1  6.92e+03  0.4651999443  1.407329e-01 0.91999999999999999996
1  7.24e+03  0.6499317763  1.407329e-01 0.91999999999999999996
1  7.59e+03  0.4141110692  1.407329e-01 0.91999999999999999996
1  7.94e+03  0.5130225333  1.407329e-01 0.91999999999999999996
1  8.32e+03  0.4877866406  1.407329e-01 0.91999999999999999996
1  8.71e+03  0.4605740532  1.407329e-01 0.91999999999999999996
1  9.12e+03  0.3716790457  1.407329e-01 0.91999999999999999996
1  9.55e+03  0.5821900553  1.407329e-01 0.91999999999999999996
1  1.00e+04  0.3808855164  1.407329e-01 0.91999999999999999996
1  1.05e+04  0.2806603867  1.407329e-01 0.91999999999999999996
1  1.10e+04  0.5093366331  1.407329e-01 0.91999999999999999996
1  1.15e+04  0.5782439422  1.407329e-01 0.91999999999999999996
1  1.20e+04  0.5058321175  1.407329e-01 0.91999999999999999996
1  1.26e+04  0.3149156991  1.407329e-01 0.91999999999999999996
1  1.32e+04  0.3390223086  1.407329e-01 0.91999999999999999996
1  1.38e+04  0.2102060072  1.407329e-01 0.91999999999999999996
1  1.45e+04  0.3155941467  1.407329e-01 0.91999999999999999996
1  1.51e+04  0.2348468192  1.407329e-01 0.91999999999999999996
1  1.58e+04  0.4504779405  1.407329e-01 0.91999999999999999996
1  1.66e+04  0.44061989  1.407329e-01 0.91999999999999999996
1  1.74e+04  0.5231662007  1.407329e-01 0.91999999999999999996
1  1.82e+04  0.3561025045  1.407329e-01 0.91999999999999999996
1  1.91e+04  0.1459353904  1.407329e-01 0.91999999999999999996
1  2.00e+04  0.2647555019  1.407329e-01 0.91999999999999999996
1  2.09e+04  0.5161483663  1.407329e-01 0.91999999999999999996
1  2.19e+04  0.3587182374  1.407329e-01 0.91999999999999999996
1  2.29e+04  0.09401926751  1.407329e-01 0.91999999999999999996
1  2.40e+04  0.5332029164  1.407329e-01 0.91999999999999999996
1  2.51e+04  0.2794137048  1.407329e-01 0.91999999999999999996
1  2.63e+04  0.1465492714  1.407329e-01 0.91999999999999999996
1  2.75e+04  0.4497429629  1.407329e-01 0.91999999999999999996
1  2.88e+04  0.09164189204  1.407329e-01 0.91999999999999999996
1  3.02e+04  0.5219338621  1.407329e-01 0.91999999999999999996
1  3.16e+04  0.04730950935  1.407329e-01 0.91999999999999999996
1  3.31e+04  0.5199179846  1.407329e-01 0.91999999999999999996
1  3.47e+04  0.06010520114  1.407329e-01 0.91999999999999999996
1  3.63e+04  0.4857592449  1.407329e-01 0.91999999999999999996
1  3.80e+04  0.1439355662  1.407329e-01 0.91999999999999999996
1  3.98e+04  0.3694362429  1.407329e-01 0.91999999999999999996
1  4.17e+04  0.2838891887  1.407329e-01 0.91999999999999999996
1  4.37e+04  0.1532253234  1.407329e-01 0.91999999999999999996
1  4.57e+04  0.5329957134  1.407329e-01 0.91999999999999999996
1  4.79e+04  0.2143504774  1.407329e-01 0.91999999999999999996
1  5.01e+04  0.1877038842  1.407329e-01 0.91999999999999999996
1  5.25e+04  0.5499949268  1.407329e-01 0.91999999999999999996
1  5.50e+04  0.2018351726  1.407329e-01 0.91999999999999999996
1  5.75e+04  0.1492770837  1.407329e-01 0.91999999999999999996
1  6.03e+04  0.5349526186  1.407329e-01 0.91999999999999999996
1  6.31e+04  0.2566031366  1.407329e-01 0.91999999999999999996
1  6.61e+04  0.117024557  1.407329e-01 0.91999999999999999996
1  6.92e+04  0.4568465868  1.407329e-01 0.91999999999999999996
1  7.24e+04  0.5127637536  1.407329e-01 0.91999999999999999996
1  7.59e+04  0.2898615547  1.407329e-01 0.91999999999999999996
1  7.94e+04  0.2335687029  1.407329e-01 0.91999999999999999996
1  8.32e+04  0.3898068285  1.407329e-01 0.91999999999999999996
1  8.71e+04  0.5375185779  1.407329e-01 0.91999999999999999996
1  9.12e+04  0.4978589261  1.407329e-01 0.91999999999999999996
1  9.55e+04  0.3138020678  1.407329e-01 0.91999999999999999996
1  1.00e+05  0.2165166762  1.407329e-01 0.91999999999999999996
1  1.05e+05  0.3328535418  1.407329e-01 0.91999999999999999996
1  1.10e+05  0.5143375338  1.407329e-01 0.91999999999999999996
1  1.15e+05  0.5380195728  1.407329e-01 0.91999999999999999996
1  1.20e+05  0.3812727992  1.407329e-01 0.91999999999999999996
1  1.26e+05  0.2201883903  1.407329e-01 0.91999999999999999996
1  1.32e+05  0.2127096427  1.407329e-01 0.91999999999999999996
1  1.38e+05  0.349593069  1.407329e-01 0.91999999999999999996
1  1.45e+05  0.4993658495  1.407329e-01 0.91999999999999999996
1  1.51e+05  0.546614284  1.407329e-01 0.91999999999999999996
1  1.58e+05  0.4766779034  1.407329e-01 0.91999999999999999996
1  1.66e+05  0.3590996633  1.407329e-01 0.91999999999999999996
1  1.74e+05  0.2781486114  1.407329e-01 0.91999999999999999996
1  1.82e+05  0.2769211664  1.407329e-01 0.91999999999999999996
1  1.91e+05  0.3450216158  1.407329e-01 0.91999999999999999996
1  2.00e+05  0.4401610327  1.407329e-01 0.91999999999999999996
1  2.09e+05  0.5185213141  1.407329e-01 0.91999999999999999996
1  2.19e+05  0.5549253873  1.407329e-01 0.91999999999999999996
1  2.29e+05  0.547356627  1.407329e-01 0.91999999999999999996
1  2.40e+05  0.5102173638  1.407329e-01 0.91999999999999999996
1  2.51e+05  0.463760799  1.407329e-01 0.91999999999999999996
1  2.63e+05  0.4253831174  1.407329e-01 0.91999999999999999996
1  2.75e+05  0.4051643455  1.407329e-01 0.91999999999999999996
1  2.88e+05  0.405399135  1.407329e-01 0.91999999999999999996
1  3.02e+05  0.4225938421  1.407329e-01 0.91999999999999999996
1  3.16e+05  0.4502945491  1.407329e-01 0.91999999999999999996
1  3.31e+05  0.4815990846  1.407329e-01 0.91999999999999999996
1  3.47e+05  0.5108192383  1.407329e-01 0.91999999999999999996
1  3.63e+05  0.5342345296  1.407329e-01 0.91999999999999999996
1  3.80e+05  0.5501406314  1.407329e-01 0.91999999999999999996
1  3.98e+05  0.5584764557  1.407329e-01 0.91999999999999999996
1  4.17e+05  0.5602836032  1.407329e-01 0.91999999999999999996
1  4.37e+05  0.5571748036  1.407329e-01 0.91999999999999999996
1  4.57e+05  0.5509071433  1.407329e-01 0.91999999999999999996
1  4.79e+05  0.5430925484  1.407329e-01 0.91999999999999999996
1  5.01e+05  0.5350378628  1.407329e-01 0.91999999999999999996
1  5.25e+05  0.5276871323  1.407329e-01 0.91999999999999999996
1  5.50e+05  0.5216333679  1.407329e-01 0.91999999999999999996
1  5.75e+05  0.5171700957  1.407329e-01 0.91999999999999999996
1  6.03e+05  0.5143597315  1.407329e-01 0.91999999999999999996
1  6.31e+05  0.5131032215  1.407329e-01 0.91999999999999999996
1  6.61e+05  0.5132018578  1.407329e-01 0.91999999999999999996
1  6.92e+05  0.5145311413  1.407329e-01 0.91999999999999999996
1  7.24e+05  0.5166348242  1.407329e-01 0.91999999999999999996
1  7.59e+05  0.5193236454  1.407329e-01 0.91999999999999999996
1  7.94e+05  0.5223768176  1.407329e-01 0.91999999999999999996
1  8.32e+05  0.5256081419  1.407329e-01 0.91999999999999999996
1  8.71e+05  0.528868217  1.407329e-01 0.91999999999999999996
1  9.12e+05  0.5320430493  1.407329e-01 0.91999999999999999996
1  9.55e+05  0.5350505244  1.407329e-01 0.91999999999999999996
1  1.00e+06  0.537835817  1.407329e-01 0.91999999999999999996
1  1.05e+06  0.5403664889  1.407329e-01 0.91999999999999999996
1  1.10e+06  0.5426277596  1.407329e-01 0.91999999999999999996
1  1.15e+06  0.5446182283  1.407329e-01 0.91999999999999999996
1  1.20e+06  0.5463461862  1.407329e-01 0.91999999999999999996
1  1.26e+06  0.5478265565  1.407329e-01 0.91999999999999999996
1  1.32e+06  0.5490784405  1.407329e-01 0.91999999999999999996
1  1.38e+06  0.5501190732  1.407329e-01 0.91999999999999999996
1  1.45e+06  0.5509793164  1.407329e-01 0.91999999999999999996
1  1.51e+06  0.5516766414  1.407329e-01 0.91999999999999999996
1  1.58e+06  0.5522321546  1.407329e-01 0.91999999999999999996
1  1.66e+06  0.5526655845  1.407329e-01 0.91999999999999999996
1  1.74e+06  0.55299501  1.407329e-01 0.91999999999999999996
1  1.82e+06  0.5532367336  1.407329e-01 0.91999999999999999996
1  1.91e+06  0.5534052574  1.407329e-01 0.91999999999999999996
1  2.00e+06  0.5535133319  1.407329e-01 0.91999999999999999996
1  2.09e+06  0.5535720523  1.407329e-01 0.91999999999999999996
1  2.19e+06  0.553590983  1.407329e-01 0.91999999999999999996
1  2.29e+06  0.5535782975  1.407329e-01 0.91999999999999999996
1  2.40e+06  0.5535409232  1.407329e-01 0.91999999999999999996
1  2.51e+06  0.5534846844  1.407329e-01 0.91999999999999999996
1  2.63e+06  0.5534144384  1.407329e-01 0.91999999999999999996
1  2.75e+06  0.5533342025  1.407329e-01 0.91999999999999999996
1  2.88e+06  0.5532463238  1.407329e-01 0.91999999999999999996
1  3.02e+06  0.5531554532  1.407329e-01 0.91999999999999999996
1  3.16e+06  0.5530627035  1.407329e-01 0.91999999999999999996
1  3.31e+06  0.5529697807  1.407329e-01 0.91999999999999999996
1  3.47e+06  0.5528780183  1.407329e-01 0.91999999999999999996
1  3.63e+06  0.5527884397  1.407329e-01 0.91999999999999999996
1  3.80e+06  0.5527018115  1.407329e-01 0.91999999999999999996
1  3.98e+06  0.5526186892  1.407329e-01 0.91999999999999999996
1  4.17e+06  0.5525394557  1.407329e-01 0.91999999999999999996
1  4.37e+06  0.5524643548  1.407329e-01 0.91999999999999999996
1  4.57e+06  0.5523935181  1.407329e-01 0.91999999999999999996
1  4.79e+06  0.5523269887  1.407329e-01 0.91999999999999999996
1  5.01e+06  0.55226474  1.407329e-01 0.91999999999999999996
1  5.25e+06  0.552206692  1.407329e-01 0.91999999999999999996
1  5.50e+06  0.5521527243  1.407329e-01 0.91999999999999999996
1  5.75e+06  0.5521024421  1.407329e-01 0.91999999999999999996
1  6.03e+06  0.5520561852  1.407329e-01 0.91999999999999999996
1  6.31e+06  0.5520135012  1.407329e-01 0.91999999999999999996
1  6.61e+06  0.5519741974  1.407329e-01 0.91999999999999999996
1  6.92e+06  0.5519380778  1.407329e-01 0.91999999999999999996
1  7.24e+06  0.551904946  1.407329e-01 0.91999999999999999996
1  7.59e+06  0.5518746084  1.407329e-01 0.91999999999999999996
1  7.94e+06  0.5518468761  1.407329e-01 0.91999999999999999996
1  8.32e+06  0.5518215665  1.407329e-01 0.91999999999999999996
1  8.71e+06  0.5517985044  1.407329e-01 0.91999999999999999996
1  9.12e+06  0.5517775226  1.407329e-01 0.91999999999999999996
1  9.55e+06  0.5517584627  1.407329e-01 0.91999999999999999996
1  1.00e+07  0.5517411749  1.407329e-01 0.91999999999999999996
