1  1.00e-03  0.175896384 -9.9919199999999986 0.94800000000000000000
1  1.05e-03  0.1758963829 -9.9919199999999986 0.94800000000000000000
1  1.10e-03  0.175896383 -9.9919199999999986 0.94800000000000000000
1  1.15e-03  0.1758963812 -9.9919199999999986 0.94800000000000000000
1  1.20e-03  0.1758963808 -9.9919199999999986 0.94800000000000000000
1  1.26e-03  0.1758963832 -9.9919199999999986 0.94800000000000000000
1  1.32e-03  0.1758963816 -9.9919199999999986 0.94800000000000000000
1  1.38e-03  0.1758963843 -9.9919199999999986 0.94800000000000000000
1  1.45e-03  0.1758963887 -9.9919199999999986 0.94800000000000000000
1  1.51e-03  0.1758963833 -9.9919199999999986 0.94800000000000000000
1  1.58e-03  0.1758963855 -9.9919199999999986 0.94800000000000000000
1  1.66e-03  0.175896388 -9.9919199999999986 0.94800000000000000000
1  1.74e-03  0.1758963882 -9.9919199999999986 0.94800000000000000000
1  1.82e-03  0.1758963885 -9.9919199999999986 0.94800000000000000000
1  1.91e-03  0.1758963834 -9.9919199999999986 0.94800000000000000000
1  2.00e-03  0.1758963825 -9.9919199999999986 0.94800000000000000000
1  2.09e-03  0.1758963809 -9.9919199999999986 0.94800000000000000000
1  2.19e-03  0.1758963852 -9.9919199999999986 0.94800000000000000000
1  2.29e-03  0.175896383 -9.9919199999999986 0.94800000000000000000
1  2.40e-03  0.1758963884 -9.9919199999999986 0.94800000000000000000
1  2.51e-03  0.1758963896 -9.9919199999999986 0.94800000000000000000
1  2.63e-03  0.1758963881 -9.9919199999999986 0.94800000000000000000
1  2.75e-03  0.1758963829 -9.9919199999999986 0.94800000000000000000
1  2.88e-03  0.1758963836 -9.9919199999999986 0.94800000000000000000
1  3.02e-03  0.1758963854 -9.9919199999999986 0.94800000000000000000
1  3.16e-03  0.1758963854 -9.9919199999999986 0.94800000000000000000
1  3.31e-03  0.175896394 -9.9919199999999986 0.94800000000000000000
1  3.47e-03  0.1758963868 -9.9919199999999986 0.94800000000000000000
1  3.63e-03  0.1758963875 -9.9919199999999986 0.94800000000000000000
1  3.80e-03  0.1758963912 -9.9919199999999986 0.94800000000000000000
1  3.98e-03  0.1758963934 -9.9919199999999986 0.94800000000000000000
1  4.17e-03  0.1758963904 -9.9919199999999986 0.94800000000000000000
1  4.37e-03  0.1758963932 -9.9919199999999986 0.94800000000000000000
1  4.57e-03  0.1758963943 -9.9919199999999986 0.94800000000000000000
1  4.79e-03  0.175896385 -9.9919199999999986 0.94800000000000000000
1  5.01e-03  0.1758963929 -9.9919199999999986 0.94800000000000000000
1  5.25e-03  0.1758964003 -9.9919199999999986 0.94800000000000000000
1  5.50e-03  0.1758963898 -9.9919199999999986 0.94800000000000000000
1  5.75e-03  0.1758963902 -9.9919199999999986 0.94800000000000000000
1  6.03e-03  0.1758964024 -9.9919199999999986 0.94800000000000000000
1  6.31e-03  0.1758963893 -9.9919199999999986 0.94800000000000000000
1  6.61e-03  0.1758967883 -9.9919199999999986 0.94800000000000000000
1  6.92e-03  0.1758963885 -9.9919199999999986 0.94800000000000000000
1  7.24e-03  0.1758963911 -9.9919199999999986 0.94800000000000000000
1  7.59e-03  0.1758964073 -9.9919199999999986 0.94800000000000000000
1  7.94e-03  0.1758963828 -9.9919199999999986 0.94800000000000000000
1  8.32e-03  0.1758964043 -9.9919199999999986 0.94800000000000000000
1  8.71e-03  0.1758964101 -9.9919199999999986 0.94800000000000000000
1  9.12e-03  0.1758963966 -9.9919199999999986 0.94800000000000000000
1  9.55e-03  0.1758963919 -9.9919199999999986 0.94800000000000000000
1  1.00e-02  0.1758964177 -9.9919199999999986 0.94800000000000000000
1  1.05e-02  0.1758963975 -9.9919199999999986 0.94800000000000000000
1  1.10e-02  0.1758963948 -9.9919199999999986 0.94800000000000000000
1  1.15e-02  0.1758965552 -9.9919199999999986 0.94800000000000000000
1  1.20e-02  0.1758964095 -9.9919199999999986 0.94800000000000000000
1  1.26e-02  0.1758963948 -9.9919199999999986 0.94800000000000000000
1  1.32e-02  0.1758964036 -9.9919199999999986 0.94800000000000000000
1  1.38e-02  0.1758964158 -9.9919199999999986 0.94800000000000000000
1  1.45e-02  0.1758964082 -9.9919199999999986 0.94800000000000000000
1  1.51e-02  0.1758964031 -9.9919199999999986 0.94800000000000000000
1  1.58e-02  0.1758964155 -9.9919199999999986 0.94800000000000000000
1  1.66e-02  0.1758964371 -9.9919199999999986 0.94800000000000000000
1  1.74e-02  0.1758963956 -9.9919199999999986 0.94800000000000000000
1  1.82e-02  0.1758964384 -9.9919199999999986 0.94800000000000000000
1  1.91e-02  0.1758963943 -9.9919199999999986 0.94800000000000000000
1  2.00e-02  0.1758964127 -9.9919199999999986 0.94800000000000000000
1  2.09e-02  0.1758964444 -9.9919199999999986 0.94800000000000000000
1  2.19e-02  0.1758964395 -9.9919199999999986 0.94800000000000000000
1  2.29e-02  0.1758964342 -9.9919199999999986 0.94800000000000000000
1  2.40e-02  0.1758963736 -9.9919199999999986 0.94800000000000000000
1  2.51e-02  0.1758962124 -9.9919199999999986 0.94800000000000000000
1  2.63e-02  0.1758966438 -9.9919199999999986 0.94800000000000000000
1  2.75e-02  0.1758968505 -9.9919199999999986 0.94800000000000000000
1  2.88e-02  0.1758969017 -9.9919199999999986 0.94800000000000000000
1  3.02e-02  0.1758964597 -9.9919199999999986 0.94800000000000000000
1  3.16e-02  0.1758965157 -9.9919199999999986 0.94800000000000000000
1  3.31e-02  0.1758965192 -9.9919199999999986 0.94800000000000000000
1  3.47e-02  0.1758965363 -9.9919199999999986 0.94800000000000000000
1  3.63e-02  0.1758964499 -9.9919199999999986 0.94800000000000000000
1  3.80e-02  0.1758964705 -9.9919199999999986 0.94800000000000000000
1  3.98e-02  0.1758965334 -9.9919199999999986 0.94800000000000000000
1  4.17e-02  0.1758964525 -9.9919199999999986 0.94800000000000000000
1  4.37e-02  0.1758964857 -9.9919199999999986 0.94800000000000000000
1  4.57e-02  0.1758465165 -9.9919199999999986 0.94800000000000000000
1  4.79e-02  0.1758965316 -9.9919199999999986 0.94800000000000000000
1  5.01e-02  0.1758966093 -9.9919199999999986 0.94800000000000000000
1  5.25e-02  0.1758966201 -9.9919199999999986 0.94800000000000000000
1  5.50e-02  0.1758966324 -9.9919199999999986 0.94800000000000000000
1  5.75e-02  0.1758967286 -9.9919199999999986 0.94800000000000000000
1  6.03e-02  0.1758964692 -9.9919199999999986 0.94800000000000000000
1  6.31e-02  0.1758965762 -9.9919199999999986 0.94800000000000000000
1  6.61e-02  0.1758965897 -9.9919199999999986 0.94800000000000000000
1  6.92e-02  0.1758966177 -9.9919199999999986 0.94800000000000000000
1  7.24e-02  0.1758965834 -9.9919199999999986 0.94800000000000000000
1  7.59e-02  0.1758964231 -9.9919199999999986 0.94800000000000000000
1  7.94e-02  0.1758965446 -9.9919199999999986 0.94800000000000000000
1  8.32e-02  0.1758965301 -9.9919199999999986 0.94800000000000000000
1  8.71e-02  0.1758964537 -9.9919199999999986 0.94800000000000000000
1  9.12e-02  0.1758966833 -9.9919199999999986 0.94800000000000000000
1  9.55e-02  0.1758967607 -9.9919199999999986 0.94800000000000000000
1  1.00e-01  0.1758966679 -9.9919199999999986 0.94800000000000000000
1  1.05e-01  0.1758968134 -9.9919199999999986 0.94800000000000000000
1  1.10e-01  0.1758967702 -9.9919199999999986 0.94800000000000000000
1  1.15e-01  0.1758966193 -9.9919199999999986 0.94800000000000000000
1  1.20e-01  0.1758968081 -9.9919199999999986 0.94800000000000000000
1  1.26e-01  0.1758967847 -9.9919199999999986 0.94800000000000000000
1  1.32e-01  0.1758965766 -9.9919199999999986 0.94800000000000000000
1  1.38e-01  0.1758965563 -9.9919199999999986 0.94800000000000000000
1  1.45e-01  0.1758968155 -9.9919199999999986 0.94800000000000000000
1  1.51e-01  0.1758968679 -9.9919199999999986 0.94800000000000000000
1  1.58e-01  0.1758969046 -9.9919199999999986 0.94800000000000000000
1  1.66e-01  0.175896859 -9.9919199999999986 0.94800000000000000000
1  1.74e-01  0.1758965671 -9.9919199999999986 0.94800000000000000000
1  1.82e-01  0.1758966092 -9.9919199999999986 0.94800000000000000000
1  1.91e-01  0.17589676 -9.9919199999999986 0.94800000000000000000
1  2.00e-01  0.1758965775 -9.9919199999999986 0.94800000000000000000
1  2.09e-01  0.1758971396 -9.9919199999999986 0.94800000000000000000
1  2.19e-01  0.1758970759 -9.9919199999999986 0.94800000000000000000
1  2.29e-01  0.1758967097 -9.9919199999999986 0.94800000000000000000
1  2.40e-01  0.1758969491 -9.9919199999999986 0.94800000000000000000
1  2.51e-01  0.1758965989 -9.9919199999999986 0.94800000000000000000
1  2.63e-01  0.1758970133 -9.9919199999999986 0.94800000000000000000
1  2.75e-01  0.1758972056 -9.9919199999999986 0.94800000000000000000
1  2.88e-01  0.1758970855 -9.9919199999999986 0.94800000000000000000
1  3.02e-01  0.1758971736 -9.9919199999999986 0.94800000000000000000
1  3.16e-01  0.1758960118 -9.9919199999999986 0.94800000000000000000
1  3.31e-01  0.1758934196 -9.9919199999999986 0.94800000000000000000
1  3.47e-01  0.1758998885 -9.9919199999999986 0.94800000000000000000
1  3.63e-01  0.1758968331 -9.9919199999999986 0.94800000000000000000
1  3.80e-01  0.1758964543 -9.9919199999999986 0.94800000000000000000
1  3.98e-01  0.1758966587 -9.9919199999999986 0.94800000000000000000
1  4.17e-01  0.1758970916 -9.9919199999999986 0.94800000000000000000
1  4.37e-01  0.1758975805 -9.9919199999999986 0.94800000000000000000
1  4.57e-01  0.1758970936 -9.9919199999999986 0.94800000000000000000
1  4.79e-01  0.175897652 -9.9919199999999986 0.94800000000000000000
1  5.01e-01  0.1758873842 -9.9919199999999986 0.94800000000000000000
1  5.25e-01  0.1758965122 -9.9919199999999986 0.94800000000000000000
1  5.50e-01  0.1758973231 -9.9919199999999986 0.94800000000000000000
1  5.75e-01  0.1758969867 -9.9919199999999986 0.94800000000000000000
1  6.03e-01  0.1758978088 -9.9919199999999986 0.94800000000000000000
1  6.31e-01  0.1758952624 -9.9919199999999986 0.94800000000000000000
1  6.61e-01  0.1758979586 -9.9919199999999986 0.94800000000000000000
1  6.92e-01  0.1758975301 -9.9919199999999986 0.94800000000000000000
1  7.24e-01  0.1758974962 -9.9919199999999986 0.94800000000000000000
1  7.59e-01  0.1758967071 -9.9919199999999986 0.94800000000000000000
1  7.94e-01  0.1758968414 -9.9919199999999986 0.94800000000000000000
1  8.32e-01  0.1758962625 -9.9919199999999986 0.94800000000000000000
1  8.71e-01  0.1758974747 -9.9919199999999986 0.94800000000000000000
1  9.12e-01  0.1759072266 -9.9919199999999986 0.94800000000000000000
1  9.55e-01  0.1758757374 -9.9919199999999986 0.94800000000000000000
1  1.00e+00  0.1758549136 -9.9919199999999986 0.94800000000000000000
1  1.05e+00  0.1758973547 -9.9919199999999986 0.94800000000000000000
1  1.10e+00  0.1758994637 -9.9919199999999986 0.94800000000000000000
1  1.15e+00  0.1758989731 -9.9919199999999986 0.94800000000000000000
1  1.20e+00  0.1758973948 -9.9919199999999986 0.94800000000000000000
1  1.26e+00  0.1758993338 -9.9919199999999986 0.94800000000000000000
1  1.32e+00  0.1759000518 -9.9919199999999986 0.94800000000000000000
1  1.38e+00  0.1759035647 -9.9919199999999986 0.94800000000000000000
1  1.45e+00  0.1758981881 -9.9919199999999986 0.94800000000000000000
1  1.51e+00  0.1759002863 -9.9919199999999986 0.94800000000000000000
1  1.58e+00  0.1759033235 -9.9919199999999986 0.94800000000000000000
1  1.66e+00  0.1758961168 -9.9919199999999986 0.94800000000000000000
1  1.74e+00  0.1759007227 -9.9919199999999986 0.94800000000000000000
1  1.82e+00  0.1759000482 -9.9919199999999986 0.94800000000000000000
1  1.91e+00  0.1758753452 -9.9919199999999986 0.94800000000000000000
1  2.00e+00  0.1758968775 -9.9919199999999986 0.94800000000000000000
1  2.09e+00  0.1758960509 -9.9919199999999986 0.94800000000000000000
1  2.19e+00  0.1759015978 -9.9919199999999986 0.94800000000000000000
1  2.29e+00  0.1758982636 -9.9919199999999986 0.94800000000000000000
1  2.40e+00  0.1759039579 -9.9919199999999986 0.94800000000000000000
1  2.51e+00  0.1758987731 -9.9919199999999986 0.94800000000000000000
1  2.63e+00  0.1758988475 -9.9919199999999986 0.94800000000000000000
1  2.75e+00  0.1759058797 -9.9919199999999986 0.94800000000000000000
1  2.88e+00  0.1759016476 -9.9919199999999986 0.94800000000000000000
1  3.02e+00  0.1759010725 -9.9919199999999986 0.94800000000000000000
1  3.16e+00  0.1758977265 -9.9919199999999986 0.94800000000000000000
1  3.31e+00  0.1759476937 -9.9919199999999986 0.94800000000000000000
1  3.47e+00  0.1758957013 -9.9919199999999986 0.94800000000000000000
1  3.63e+00  0.1758913912 -9.9919199999999986 0.94800000000000000000
1  3.80e+00  0.1758809065 -9.9919199999999986 0.94800000000000000000
1  3.98e+00  0.1760678641 -9.9919199999999986 0.94800000000000000000
1  4.17e+00  0.1758967294 -9.9919199999999986 0.94800000000000000000
1  4.37e+00  0.1759063185 -9.9919199999999986 0.94800000000000000000
1  4.57e+00  0.1759048771 -9.9919199999999986 0.94800000000000000000
1  4.79e+00  0.1759011546 -9.9919199999999986 0.94800000000000000000
1  5.01e+00  0.1759099789 -9.9919199999999986 0.94800000000000000000
1  5.25e+00  0.1758971544 -9.9919199999999986 0.94800000000000000000
1  5.50e+00  0.1759048219 -9.9919199999999986 0.94800000000000000000
1  5.75e+00  0.1758140112 -9.9919199999999986 0.94800000000000000000
1  6.03e+00  0.1760496418 -9.9919199999999986 0.94800000000000000000
1  6.31e+00  0.1759663903 -9.9919199999999986 0.94800000000000000000
1  6.61e+00  0.1759452402 -9.9919199999999986 0.94800000000000000000
1  6.92e+00  0.1759069602 -9.9919199999999986 0.94800000000000000000
1  7.24e+00  0.1759032463 -9.9919199999999986 0.94800000000000000000
1  7.59e+00  0.1759101786 -9.9919199999999986 0.94800000000000000000
1  7.94e+00  0.1758984231 -9.9919199999999986 0.94800000000000000000
1  8.32e+00  0.1759032011 -9.9919199999999986 0.94800000000000000000
1  8.71e+00  0.1758965795 -9.9919199999999986 0.94800000000000000000
1  9.12e+00  0.1759163948 -9.9919199999999986 0.94800000000000000000
1  9.55e+00  0.1759005065 -9.9919199999999986 0.94800000000000000000
1  1.00e+01  0.1759168267 -9.9919199999999986 0.94800000000000000000
1  1.05e+01  0.1759002698 -9.9919199999999986 0.94800000000000000000
1  1.10e+01  0.1759221393 -9.9919199999999986 0.94800000000000000000
1  1.15e+01  0.1759003628 -9.9919199999999986 0.94800000000000000000
1  1.20e+01  0.1756192773 -9.9919199999999986 0.94800000000000000000
1  1.26e+01  0.1757042824 -9.9919199999999986 0.94800000000000000000
1  1.32e+01  0.1758997099 -9.9919199999999986 0.94800000000000000000
1  1.38e+01  0.1758938347 -9.9919199999999986 0.94800000000000000000
1  1.45e+01  0.175911837 -9.9919199999999986 0.94800000000000000000
1  1.51e+01  0.175936543 -9.9919199999999986 0.94800000000000000000
1  1.58e+01  0.1759178082 -9.9919199999999986 0.94800000000000000000
1  1.66e+01  0.1758966327 -9.9919199999999986 0.94800000000000000000
1  1.74e+01  0.1758964811 -9.9919199999999986 0.94800000000000000000
1  1.82e+01  0.1759159428 -9.9919199999999986 0.94800000000000000000
1  1.91e+01  0.1759128626 -9.9919199999999986 0.94800000000000000000
1  2.00e+01  0.1777856709 -9.9919199999999986 0.94800000000000000000
1  2.09e+01  0.1762409113 -9.9919199999999986 0.94800000000000000000
1  2.19e+01  0.1749014706 -9.9919199999999986 0.94800000000000000000
1  2.29e+01  0.1765167805 -9.9919199999999986 0.94800000000000000000
1  2.40e+01  0.1753837035 -9.9919199999999986 0.94800000000000000000
1  2.51e+01  0.1757111065 -9.9919199999999986 0.94800000000000000000
1  2.63e+01  0.176603674 -9.9919199999999986 0.94800000000000000000
1  2.75e+01  0.1759897356 -9.9919199999999986 0.94800000000000000000
1  2.88e+01  0.1747396999 -9.9919199999999986 0.94800000000000000000
1  3.02e+01  0.1764525856 -9.9919199999999986 0.94800000000000000000
1  3.16e+01  0.1763103416 -9.9919199999999986 0.94800000000000000000
1  3.31e+01  0.1756969398 -9.9919199999999986 0.94800000000000000000
1  3.47e+01  0.1756890848 -9.9919199999999986 0.94800000000000000000
1  3.63e+01  0.1760029971 -9.9919199999999986 0.94800000000000000000
1  3.80e+01  0.1753913097 -9.9919199999999986 0.94800000000000000000
1  3.98e+01  0.1762714065 -9.9919199999999986 0.94800000000000000000
1  4.17e+01  0.1758631535 -9.9919199999999986 0.94800000000000000000
1  4.37e+01  0.1759987851 -9.9919199999999986 0.94800000000000000000
1  4.57e+01  0.177413486 -9.9919199999999986 0.94800000000000000000
1  4.79e+01  0.1766402695 -9.9919199999999986 0.94800000000000000000
1  5.01e+01  0.1760351332 -9.9919199999999986 0.94800000000000000000
1  5.25e+01  0.17598646 -9.9919199999999986 0.94800000000000000000
1  5.50e+01  0.1759698559 -9.9919199999999986 0.94800000000000000000
1  5.75e+01  0.1763410823 -9.9919199999999986 0.94800000000000000000
1  6.03e+01  0.1753303432 -9.9919199999999986 0.94800000000000000000
1  6.31e+01  0.1758512147 -9.9919199999999986 0.94800000000000000000
1  6.61e+01  0.1758921316 -9.9919199999999986 0.94800000000000000000
1  6.92e+01  0.1763177151 -9.9919199999999986 0.94800000000000000000
1  7.24e+01  0.1760604914 -9.9919199999999986 0.94800000000000000000
1  7.59e+01  0.1768175817 -9.9919199999999986 0.94800000000000000000
1  7.94e+01  0.1757799627 -9.9919199999999986 0.94800000000000000000
1  8.32e+01  0.1758280097 -9.9919199999999986 0.94800000000000000000
1  8.71e+01  0.1759725753 -9.9919199999999986 0.94800000000000000000
1  9.12e+01  0.1759696826 -9.9919199999999986 0.94800000000000000000
1  9.55e+01  0.1759593204 -9.9919199999999986 0.94800000000000000000
1  1.00e+02  0.1754549134 -9.9919199999999986 0.94800000000000000000
1  1.05e+02  0.1760986643 -9.9919199999999986 0.94800000000000000000
1  1.10e+02  0.1761159518 -9.9919199999999986 0.94800000000000000000
1  1.15e+02  0.1759699654 -9.9919199999999986 0.94800000000000000000
1  1.20e+02  0.1760451113 -9.9919199999999986 0.94800000000000000000
1  1.26e+02  0.1762381482 -9.9919199999999986 0.94800000000000000000
1  1.32e+02  0.1761554617 -9.9919199999999986 0.94800000000000000000
1  1.38e+02  0.1764239113 -9.9919199999999986 0.94800000000000000000
1  1.45e+02  0.176297863 -9.9919199999999986 0.94800000000000000000
1  1.51e+02  0.1763588593 -9.9919199999999986 0.94800000000000000000
1  1.58e+02  0.1761311994 -9.9919199999999986 0.94800000000000000000
1  1.66e+02  0.176451821 -9.9919199999999986 0.94800000000000000000
1  1.74e+02  0.1763263351 -9.9919199999999986 0.94800000000000000000
1  1.82e+02  0.1762959249 -9.9919199999999986 0.94800000000000000000
1  1.91e+02  0.1759834974 -9.9919199999999986 0.94800000000000000000
1  2.00e+02  0.176531129 -9.9919199999999986 0.94800000000000000000
1  2.09e+02  0.1759858585 -9.9919199999999986 0.94800000000000000000
1  2.19e+02  0.1763988674 -9.9919199999999986 0.94800000000000000000
1  2.29e+02  0.1765438332 -9.9919199999999986 0.94800000000000000000
1  2.40e+02  0.1761992386 -9.9919199999999986 0.94800000000000000000
1  2.51e+02  0.1758097682 -9.9919199999999986 0.94800000000000000000
1  2.63e+02  0.1764430913 -9.9919199999999986 0.94800000000000000000
1  2.75e+02  0.176476646 -9.9919199999999986 0.94800000000000000000
1  2.88e+02  0.1762323155 -9.9919199999999986 0.94800000000000000000
1  3.02e+02  0.1761568961 -9.9919199999999986 0.94800000000000000000
1  3.16e+02  0.1758255374 -9.9919199999999986 0.94800000000000000000
1  3.31e+02  0.1767178947 -9.9919199999999986 0.94800000000000000000
1  3.47e+02  0.1760006341 -9.9919199999999986 0.94800000000000000000
1  3.63e+02  0.1769102634 -9.9919199999999986 0.94800000000000000000
1  3.80e+02  0.1763567383 -9.9919199999999986 0.94800000000000000000
1  3.98e+02  0.176608935 -9.9919199999999986 0.94800000000000000000
1  4.17e+02  0.1767289309 -9.9919199999999986 0.94800000000000000000
1  4.37e+02  0.1763759826 -9.9919199999999986 0.94800000000000000000
1  4.57e+02  0.1760446445 -9.9919199999999986 0.94800000000000000000
1  4.79e+02  0.1771902054 -9.9919199999999986 0.94800000000000000000
1  5.01e+02  0.1760192832 -9.9919199999999986 0.94800000000000000000
1  5.25e+02  0.1769675133 -9.9919199999999986 0.94800000000000000000
1  5.50e+02  0.1766618797 -9.9919199999999986 0.94800000000000000000
1  5.75e+02  0.1756439152 -9.9919199999999986 0.94800000000000000000
1  6.03e+02  0.1770581238 -9.9919199999999986 0.94800000000000000000
1  6.31e+02  0.1778624168 -9.9919199999999986 0.94800000000000000000
1  6.61e+02  0.1777611445 -9.9919199999999986 0.94800000000000000000
1  6.92e+02  0.1752556456 -9.9919199999999986 0.94800000000000000000
1  7.24e+02  0.1776144751 -9.9919199999999986 0.94800000000000000000
1  7.59e+02  0.1782278008 -9.9919199999999986 0.94800000000000000000
1  7.94e+02  0.1775359541 -9.9919199999999986 0.94800000000000000000
1  8.32e+02  0.1758894581 -9.9919199999999986 0.94800000000000000000
1  8.71e+02  0.1771952857 -9.9919199999999986 0.94800000000000000000
1  9.12e+02  0.1772373595 -9.9919199999999986 0.94800000000000000000
1  9.55e+02  0.176745118 -9.9919199999999986 0.94800000000000000000
1  1.00e+03  0.1762714004 -9.9919199999999986 0.94800000000000000000
1  1.05e+03  0.1781431115 -9.9919199999999986 0.94800000000000000000
1  1.10e+03  0.1800362101 -9.9919199999999986 0.94800000000000000000
1  1.15e+03  0.1779337012 -9.9919199999999986 0.94800000000000000000
1  1.20e+03  0.1764365632 -9.9919199999999986 0.94800000000000000000
1  1.26e+03  0.1749741887 -9.9919199999999986 0.94800000000000000000
1  1.32e+03  0.1781514397 -9.9919199999999986 0.94800000000000000000
1  1.38e+03  0.1820468636 -9.9919199999999986 0.94800000000000000000
1  1.45e+03  0.1824873094 -9.9919199999999986 0.94800000000000000000
1  1.51e+03  0.1762888474 -9.9919199999999986 0.94800000000000000000
1  1.58e+03  0.1828789044 -9.9919199999999986 0.94800000000000000000
1  1.66e+03  0.17435457 -9.9919199999999986 0.94800000000000000000
1  1.74e+03  0.1718482554 -9.9919199999999986 0.94800000000000000000
1  1.82e+03  0.1701701215 -9.9919199999999986 0.94800000000000000000
1  1.91e+03  0.1731579748 -9.9919199999999986 0.94800000000000000000
1  2.00e+03  0.1821322175 -9.9919199999999986 0.94800000000000000000
1  2.09e+03  0.1702934702 -9.9919199999999986 0.94800000000000000000
1  2.19e+03  0.1947858933 -9.9919199999999986 0.94800000000000000000
1  2.29e+03  0.1959438436 -9.9919199999999986 0.94800000000000000000
1  2.40e+03  0.1890268396 -9.9919199999999986 0.94800000000000000000
1  2.51e+03  0.1907554215 -9.9919199999999986 0.94800000000000000000
1  2.63e+03  0.208378954 -9.9919199999999986 0.94800000000000000000
1  2.75e+03  0.1999817796 -9.9919199999999986 0.94800000000000000000
1  2.88e+03  0.170015206 -9.9919199999999986 0.94800000000000000000
1  3.02e+03  0.1962587299 -9.9919199999999986 0.94800000000000000000
1  3.16e+03  0.1795389117 -9.9919199999999986 0.94800000000000000000
1  3.31e+03  0.1625681045 -9.9919199999999986 0.94800000000000000000
1  3.47e+03  0.1490392917 -9.9919199999999986 0.94800000000000000000
1  3.63e+03  0.1623851995 -9.9919199999999986 0.94800000000000000000
1  3.80e+03  0.1394853494 -9.9919199999999986 0.94800000000000000000
1  3.98e+03  0.1488021753 -9.9919199999999986 0.94800000000000000000
1  4.17e+03  0.1723138066 -9.9919199999999986 0.94800000000000000000
1  4.37e+03  0.1467553466 -9.9919199999999986 0.94800000000000000000
1  4.57e+03  0.1494242908 -9.9919199999999986 0.94800000000000000000
1  4.79e+03  0.1974105459 -9.9919199999999986 0.94800000000000000000
1  5.01e+03  0.1778381683 -9.9919199999999986 0.94800000000000000000
1  5.25e+03  0.1335021002 -9.9919199999999986 0.94800000000000000000
1  5.50e+03  0.2214306975 -9.9919199999999986 0.94800000000000000000
1  5.75e+03  0.187724592 -9.9919199999999986 0.94800000000000000000
1  6.03e+03  0.2129646446 -9.9919199999999986 0.94800000000000000000
1  6.31e+03  0.3175080788 -9.9919199999999986 0.94800000000000000000
1  6.61e+03  0.2553207348 -9.9919199999999986 0.94800000000000000000
1  6.92e+03  0.1378290074 -9.9919199999999986 0.94800000000000000000
1  7.24e+03  0.1558201281 -9.9919199999999986 0.94800000000000000000
1  7.59e+03  0.2258567603 -9.9919199999999986 0.94800000000000000000
1  7.94e+03  0.1700404719 -9.9919199999999986 0.94800000000000000000
1  8.32e+03  0.1731166404 -9.9919199999999986 0.94800000000000000000
1  8.71e+03  0.3860818809 -9.9919199999999986 0.94800000000000000000
1  9.12e+03  0.1675428426 -9.9919199999999986 0.94800000000000000000
1  9.55e+03  0.3263414214 -9.9919199999999986 0.94800000000000000000
1  1.00e+04  0.1803837987 -9.9919199999999986 0.94800000000000000000
1  1.05e+04  0.1504957555 -9.9919199999999986 0.94800000000000000000
1  1.10e+04  0.4178953865 -9.9919199999999986 0.94800000000000000000
1  1.15e+04  0.1680650781 -9.9919199999999986 0.94800000000000000000
1  1.20e+04  0.3272913453 -9.9919199999999986 0.94800000000000000000
1  1.26e+04  0.1665768331 -9.9919199999999986 0.94800000000000000000
1  1.32e+04  0.1581275679 -9.9919199999999986 0.94800000000000000000
1  1.38e+04  0.1873598614 -9.9919199999999986 0.94800000000000000000
1  1.45e+04  0.202362094 -9.9919199999999986 0.94800000000000000000
1  1.51e+04  0.1778503221 -9.9919199999999986 0.94800000000000000000
1  1.58e+04  0.1814993655 -9.9919199999999986 0.94800000000000000000
1  1.66e+04  0.1675726798 -9.9919199999999986 0.94800000000000000000
1  1.74e+04  0.205989433 -9.9919199999999986 0.94800000000000000000
1  1.82e+04  0.4257724624 -9.9919199999999986 0.94800000000000000000
1  1.91e+04  0.1928227949 -9.9919199999999986 0.94800000000000000000
1  2.00e+04  0.3995787221 -9.9919199999999986 0.94800000000000000000
1  2.09e+04  0.1946372726 -9.9919199999999986 0.94800000000000000000
1  2.19e+04  0.2036424537 -9.9919199999999986 0.94800000000000000000
1  2.29e+04  0.3056415564 -9.9919199999999986 0.94800000000000000000
1  2.40e+04  0.3189705495 -9.9919199999999986 0.94800000000000000000
1  2.51e+04  0.2628687956 -9.9919199999999986 0.94800000000000000000
1  2.63e+04  0.3124157111 -9.9919199999999986 0.94800000000000000000
1  2.75e+04  0.1747714589 -9.9919199999999986 0.94800000000000000000
1  2.88e+04  0.4407024504 -9.9919199999999986 0.94800000000000000000
1  3.02e+04  0.374809076 -9.9919199999999986 0.94800000000000000000
1  3.16e+04  0.358857473 -9.9919199999999986 0.94800000000000000000
1  3.31e+04  0.2948757773 -9.9919199999999986 0.94800000000000000000
1  3.47e+04  0.2329069713 -9.9919199999999986 0.94800000000000000000
1  3.63e+04  0.2483787775 -9.9919199999999986 0.94800000000000000000
1  3.80e+04  0.4044019695 -9.9919199999999986 0.94800000000000000000
1  3.98e+04  0.2794342712 -9.9919199999999986 0.94800000000000000000
1  4.17e+04  0.6002421495 -9.9919199999999986 0.94800000000000000000
1  4.37e+04  0.1728405125 -9.9919199999999986 0.94800000000000000000
1  4.57e+04  0.4074028839 -9.9919199999999986 0.94800000000000000000
1  4.79e+04  0.2523788504 -9.9919199999999986 0.94800000000000000000
1  5.01e+04  0.1837359656 -9.9919199999999986 0.94800000000000000000
1  5.25e+04  0.3416780917 -9.9919199999999986 0.94800000000000000000
1  5.50e+04  0.2781226654 -9.9919199999999986 0.94800000000000000000
1  5.75e+04  0.219248785 -9.9919199999999986 0.94800000000000000000
1  6.03e+04  0.5437782123 -9.9919199999999986 0.94800000000000000000
1  6.31e+04  0.3624810504 -9.9919199999999986 0.94800000000000000000
1  6.61e+04  0.1932327257 -9.9919199999999986 0.94800000000000000000
1  6.92e+04  0.4826748766 -9.9919199999999986 0.94800000000000000000
1  7.24e+04  0.465406279 -9.9919199999999986 0.94800000000000000000
1  7.59e+04  0.2069750783 -9.9919199999999986 0.94800000000000000000
1  7.94e+04  0.2144610056 -9.9919199999999986 0.94800000000000000000
1  8.32e+04  0.3366249874 -9.9919199999999986 0.94800000000000000000
1  8.71e+04  0.3214979256 -9.9919199999999986 0.94800000000000000000
1  9.12e+04  0.2345296624 -9.9919199999999986 0.94800000000000000000
1  9.55e+04  0.1839318402 -9.9919199999999986 0.94800000000000000000
1  1.00e+05  0.1949141422 -9.9919199999999986 0.94800000000000000000
1  1.05e+05  0.2571987378 -9.9919199999999986 0.94800000000000000000
1  1.10e+05  0.3127318943 -9.9919199999999986 0.94800000000000000000
1  1.15e+05  0.2928943563 -9.9919199999999986 0.94800000000000000000
1  1.20e+05  0.2145231098 -9.9919199999999986 0.94800000000000000000
1  1.26e+05  0.172630268 -9.9919199999999986 0.94800000000000000000
1  1.32e+05  0.2255048731 -9.9919199999999986 0.94800000000000000000
1  1.38e+05  0.3283927677 -9.9919199999999986 0.94800000000000000000
1  1.45e+05  0.3880183811 -9.9919199999999986 0.94800000000000000000
1  1.51e+05  0.3573108456 -9.9919199999999986 0.94800000000000000000
1  1.58e+05  0.2693136713 -9.9919199999999986 0.94800000000000000000
1  1.66e+05  0.1961577155 -9.9919199999999986 0.94800000000000000000
1  1.74e+05  0.1879931758 -9.9919199999999986 0.94800000000000000000
1  1.82e+05  0.2438040684 -9.9919199999999986 0.94800000000000000000
1  1.91e+05  0.3240047 -9.9919199999999986 0.94800000000000000000
1  2.00e+05  0.3827206671 -9.9919199999999986 0.94800000000000000000
1  2.09e+05  0.3937983885 -9.9919199999999986 0.94800000000000000000
1  2.19e+05  0.3584783683 -9.9919199999999986 0.94800000000000000000
1  2.29e+05  0.2974719177 -9.9919199999999986 0.94800000000000000000
1  2.40e+05  0.2369549056 -9.9919199999999986 0.94800000000000000000
1  2.51e+05  0.1969341036 -9.9919199999999986 0.94800000000000000000
1  2.63e+05  0.1858690344 -9.9919199999999986 0.94800000000000000000
1  2.75e+05  0.2012220179 -9.9919199999999986 0.94800000000000000000
1  2.88e+05  0.2334610431 -9.9919199999999986 0.94800000000000000000
1  3.02e+05  0.2708440706 -9.9919199999999986 0.94800000000000000000
1  3.16e+05  0.3031871835 -9.9919199999999986 0.94800000000000000000
1  3.31e+05  0.3239101074 -9.9919199999999986 0.94800000000000000000
1  3.47e+05  0.3304698036 -9.9919199999999986 0.94800000000000000000
1  3.63e+05  0.3236989634 -9.9919199999999986 0.94800000000000000000
1  3.80e+05  0.3066355352 -9.9919199999999986 0.94800000000000000000
1  3.98e+05  0.2833065059 -9.9919199999999986 0.94800000000000000000
1  4.17e+05  0.2577428408 -9.9919199999999986 0.94800000000000000000
1  4.37e+05  0.2333336312 -9.9919199999999986 0.94800000000000000000
1  4.57e+05  0.2125105708 -9.9919199999999986 0.94800000000000000000
1  4.79e+05  0.1966919994 -9.9919199999999986 0.94800000000000000000
1  5.01e+05  0.1863966079 -9.9919199999999986 0.94800000000000000000
1  5.25e+05  0.1814441776 -9.9919199999999986 0.94800000000000000000
1  5.50e+05  0.1811803054 -9.9919199999999986 0.94800000000000000000
1  5.75e+05  0.1846842293 -9.9919199999999986 0.94800000000000000000
1  6.03e+05  0.1909381986 -9.9919199999999986 0.94800000000000000000
1  6.31e+05  0.1989511685 -9.9919199999999986 0.94800000000000000000
1  6.61e+05  0.2087188998 -9.9919199999999986 0.94800000000000000000
1  6.92e+05  0.2186318383 -9.9919199999999986 0.94800000000000000000
1  7.24e+05  0.2279793265 -9.9919199999999986 0.94800000000000000000
1  7.59e+05  0.2364458183 -9.9919199999999986 0.94800000000000000000
1  7.94e+05  0.2433268857 -9.9919199999999986 0.94800000000000000000
1  8.32e+05  0.2486822925 -9.9919199999999986 0.94800000000000000000
1  8.71e+05  0.2524897885 -9.9919199999999986 0.94800000000000000000
1  9.12e+05  0.2548174318 -9.9919199999999986 0.94800000000000000000
1  9.55e+05  0.2557937165 -9.9919199999999986 0.94800000000000000000
1  1.00e+06  0.2555828429 -9.9919199999999986 0.94800000000000000000
1  1.05e+06  0.2543539493 -9.9919199999999986 0.94800000000000000000
1  1.10e+06  0.2522944757 -9.9919199999999986 0.94800000000000000000
1  1.15e+06  0.249589175 -9.9919199999999986 0.94800000000000000000
1  1.20e+06  0.2463983163 -9.9919199999999986 0.94800000000000000000
1  1.26e+06  0.2428642501 -9.9919199999999986 0.94800000000000000000
1  1.32e+06  0.2391099348 -9.9919199999999986 0.94800000000000000000
1  1.38e+06  0.235164463 -9.9919199999999986 0.94800000000000000000
1  1.45e+06  0.2312598315 -9.9919199999999986 0.94800000000000000000
1  1.51e+06  0.2273933242 -9.9919199999999986 0.94800000000000000000
1  1.58e+06  0.2236178289 -9.9919199999999986 0.94800000000000000000
1  1.66e+06  0.2199732127 -9.9919199999999986 0.94800000000000000000
1  1.74e+06  0.2164882739 -9.9919199999999986 0.94800000000000000000
1  1.82e+06  0.2131825796 -9.9919199999999986 0.94800000000000000000
1  1.91e+06  0.2100019508 -9.9919199999999986 0.94800000000000000000
1  2.00e+06  0.2070882179 -9.9919199999999986 0.94800000000000000000
1  2.09e+06  0.2043729366 -9.9919199999999986 0.94800000000000000000
1  2.19e+06  0.2018534673 -9.9919199999999986 0.94800000000000000000
1  2.29e+06  0.1995244167 -9.9919199999999986 0.94800000000000000000
1  2.40e+06  0.1973783958 -9.9919199999999986 0.94800000000000000000
1  2.51e+06  0.1954066379 -9.9919199999999986 0.94800000000000000000
1  2.63e+06  0.1935583348 -9.9919199999999986 0.94800000000000000000
1  2.75e+06  0.1919088586 -9.9919199999999986 0.94800000000000000000
1  2.88e+06  0.1904033692 -9.9919199999999986 0.94800000000000000000
1  3.02e+06  0.1890315925 -9.9919199999999986 0.94800000000000000000
1  3.16e+06  0.1877834835 -9.9919199999999986 0.94800000000000000000
1  3.31e+06  0.1866493521 -9.9919199999999986 0.94800000000000000000
1  3.47e+06  0.185595271 -9.9919199999999986 0.94800000000000000000
1  3.63e+06  0.1846639719 -9.9919199999999986 0.94800000000000000000
1  3.80e+06  0.1838202655 -9.9919199999999986 0.94800000000000000000
1  3.98e+06  0.1830564819 -9.9919199999999986 0.94800000000000000000
1  4.17e+06  0.1823654964 -9.9919199999999986 0.94800000000000000000
1  4.37e+06  0.1817407183 -9.9919199999999986 0.94800000000000000000
1  4.57e+06  0.1811760733 -9.9919199999999986 0.94800000000000000000
1  4.79e+06  0.1806531006 -9.9919199999999986 0.94800000000000000000
1  5.01e+06  0.1801936201 -9.9919199999999986 0.94800000000000000000
1  5.25e+06  0.1797788042 -9.9919199999999986 0.94800000000000000000
1  5.50e+06  0.1794043975 -9.9919199999999986 0.94800000000000000000
1  5.75e+06  0.1790665257 -9.9919199999999986 0.94800000000000000000
1  6.03e+06  0.1787616664 -9.9919199999999986 0.94800000000000000000
1  6.31e+06  0.1784866221 -9.9919199999999986 0.94800000000000000000
1  6.61e+06  0.1782319499 -9.9919199999999986 0.94800000000000000000
1  6.92e+06  0.1780087193 -9.9919199999999986 0.94800000000000000000
1  7.24e+06  0.1778073447 -9.9919199999999986 0.94800000000000000000
1  7.59e+06  0.1776256811 -9.9919199999999986 0.94800000000000000000
1  7.94e+06  0.1774617905 -9.9919199999999986 0.94800000000000000000
1  8.32e+06  0.1773139224 -9.9919199999999986 0.94800000000000000000
1  8.71e+06  0.1771804967 -9.9919199999999986 0.94800000000000000000
1  9.12e+06  0.1770568058 -9.9919199999999986 0.94800000000000000000
1  9.55e+06  0.1769484371 -9.9919199999999986 0.94800000000000000000
1  1.00e+07  0.1768506113 -9.9919199999999986 0.94800000000000000000
