1  1.00e-03  0.5536875292  5.477628e-01 0.98699999999999999995
1  1.05e-03  0.5536875201  5.477628e-01 0.98699999999999999995
1  1.10e-03  0.553687521  5.477628e-01 0.98699999999999999995
1  1.15e-03  0.5536875312  5.477628e-01 0.98699999999999999995
1  1.20e-03  0.5536875228  5.477628e-01 0.98699999999999999995
1  1.26e-03  0.5536875308  5.477628e-01 0.98699999999999999995
1  1.32e-03  0.5536875344  5.477628e-01 0.98699999999999999995
1  1.38e-03  0.5536875251  5.477628e-01 0.98699999999999999995
1  1.45e-03  0.5536875231  5.477628e-01 0.98699999999999999995
1  1.51e-03  0.5536875167  5.477628e-01 0.98699999999999999995
1  1.58e-03  0.5536875179  5.477628e-01 0.98699999999999999995
1  1.66e-03  0.5536875149  5.477628e-01 0.98699999999999999995
1  1.74e-03  0.5536875208  5.477628e-01 0.98699999999999999995
1  1.82e-03  0.5536875225  5.477628e-01 0.98699999999999999995
1  1.91e-03  0.5536875129  5.477628e-01 0.98699999999999999995
1  2.00e-03  0.5536875183  5.477628e-01 0.98699999999999999995
1  2.09e-03  0.5536875294  5.477628e-01 0.98699999999999999995
1  2.19e-03  0.5536875314  5.477628e-01 0.98699999999999999995
1  2.29e-03  0.5536875304  5.477628e-01 0.98699999999999999995
1  2.40e-03  0.5536875291  5.477628e-01 0.98699999999999999995
1  2.51e-03  0.5536875356  5.477628e-01 0.98699999999999999995
1  2.63e-03  0.5536875463  5.477628e-01 0.98699999999999999995
1  2.75e-03  0.553687546  5.477628e-01 0.98699999999999999995
1  2.88e-03  0.5536875263  5.477628e-01 0.98699999999999999995
1  3.02e-03  0.5536875143  5.477628e-01 0.98699999999999999995
1  3.16e-03  0.5536875203  5.477628e-01 0.98699999999999999995
1  3.31e-03  0.553687532  5.477628e-01 0.98699999999999999995
1  3.47e-03  0.5536875287  5.477628e-01 0.98699999999999999995
1  3.63e-03  0.5536875231  5.477628e-01 0.98699999999999999995
1  3.80e-03  0.5536875244  5.477628e-01 0.98699999999999999995
1  3.98e-03  0.5536875188  5.477628e-01 0.98699999999999999995
1  4.17e-03  0.553687532  5.477628e-01 0.98699999999999999995
1  4.37e-03  0.553687529  5.477628e-01 0.98699999999999999995
1  4.57e-03  0.5536875209  5.477628e-01 0.98699999999999999995
1  4.79e-03  0.5536875257  5.477628e-01 0.98699999999999999995
1  5.01e-03  0.5536875159  5.477628e-01 0.98699999999999999995
1  5.25e-03  0.5536875273  5.477628e-01 0.98699999999999999995
1  5.50e-03  0.5536875301  5.477628e-01 0.98699999999999999995
1  5.75e-03  0.5536875075  5.477628e-01 0.98699999999999999995
1  6.03e-03  0.5536875301  5.477628e-01 0.98699999999999999995
1  6.31e-03  0.5536875127  5.477628e-01 0.98699999999999999995
1  6.61e-03  0.5536875309  5.477628e-01 0.98699999999999999995
1  6.92e-03  0.5536875244  5.477628e-01 0.98699999999999999995
1  7.24e-03  0.553687547  5.477628e-01 0.98699999999999999995
1  7.59e-03  0.5536875366  5.477628e-01 0.98699999999999999995
1  7.94e-03  0.5536875154  5.477628e-01 0.98699999999999999995
1  8.32e-03  0.5536875524  5.477628e-01 0.98699999999999999995
1  8.71e-03  0.5536875321  5.477628e-01 0.98699999999999999995
1  9.12e-03  0.5536875504  5.477628e-01 0.98699999999999999995
1  9.55e-03  0.5536875351  5.477628e-01 0.98699999999999999995
1  1.00e-02  0.5536875376  5.477628e-01 0.98699999999999999995
1  1.05e-02  0.5536875188  5.477628e-01 0.98699999999999999995
1  1.10e-02  0.5536875344  5.477628e-01 0.98699999999999999995
1  1.15e-02  0.5536875036  5.477628e-01 0.98699999999999999995
1  1.20e-02  0.5536875024  5.477628e-01 0.98699999999999999995
1  1.26e-02  0.5536875439  5.477628e-01 0.98699999999999999995
1  1.32e-02  0.5536875372  5.477628e-01 0.98699999999999999995
1  1.38e-02  0.5536874989  5.477628e-01 0.98699999999999999995
1  1.45e-02  0.5536874994  5.477628e-01 0.98699999999999999995
1  1.51e-02  0.5536875059  5.477628e-01 0.98699999999999999995
1  1.58e-02  0.5536875087  5.477628e-01 0.98699999999999999995
1  1.66e-02  0.5536875281  5.477628e-01 0.98699999999999999995
1  1.74e-02  0.5536875178  5.477628e-01 0.98699999999999999995
1  1.82e-02  0.5536875015  5.477628e-01 0.98699999999999999995
1  1.91e-02  0.5536875185  5.477628e-01 0.98699999999999999995
1  2.00e-02  0.5536875478  5.477628e-01 0.98699999999999999995
1  2.09e-02  0.5536874836  5.477628e-01 0.98699999999999999995
1  2.19e-02  0.5536876004  5.477628e-01 0.98699999999999999995
1  2.29e-02  0.553687504  5.477628e-01 0.98699999999999999995
1  2.40e-02  0.5536875213  5.477628e-01 0.98699999999999999995
1  2.51e-02  0.5536879253  5.477628e-01 0.98699999999999999995
1  2.63e-02  0.5536887876  5.477628e-01 0.98699999999999999995
1  2.75e-02  0.5536874935  5.477628e-01 0.98699999999999999995
1  2.88e-02  0.5536874243  5.477628e-01 0.98699999999999999995
1  3.02e-02  0.5536873831  5.477628e-01 0.98699999999999999995
1  3.16e-02  0.5536883685  5.477628e-01 0.98699999999999999995
1  3.31e-02  0.5536874896  5.477628e-01 0.98699999999999999995
1  3.47e-02  0.5536875198  5.477628e-01 0.98699999999999999995
1  3.63e-02  0.553687252  5.477628e-01 0.98699999999999999995
1  3.80e-02  0.5536876446  5.477628e-01 0.98699999999999999995
1  3.98e-02  0.553687513  5.477628e-01 0.98699999999999999995
1  4.17e-02  0.5536883186  5.477628e-01 0.98699999999999999995
1  4.37e-02  0.5536876129  5.477628e-01 0.98699999999999999995
1  4.57e-02  0.5536876705  5.477628e-01 0.98699999999999999995
1  4.79e-02  0.5536877632  5.477628e-01 0.98699999999999999995
1  5.01e-02  0.5536875155  5.477628e-01 0.98699999999999999995
1  5.25e-02  0.5536874667  5.477628e-01 0.98699999999999999995
1  5.50e-02  0.5536875376  5.477628e-01 0.98699999999999999995
1  5.75e-02  0.5536875476  5.477628e-01 0.98699999999999999995
1  6.03e-02  0.553687611  5.477628e-01 0.98699999999999999995
1  6.31e-02  0.5536875777  5.477628e-01 0.98699999999999999995
1  6.61e-02  0.5536874062  5.477628e-01 0.98699999999999999995
1  6.92e-02  0.5536875724  5.477628e-01 0.98699999999999999995
1  7.24e-02  0.5536885254  5.477628e-01 0.98699999999999999995
1  7.59e-02  0.5536874194  5.477628e-01 0.98699999999999999995
1  7.94e-02  0.5536873073  5.477628e-01 0.98699999999999999995
1  8.32e-02  0.553686809  5.477628e-01 0.98699999999999999995
1  8.71e-02  0.5536879643  5.477628e-01 0.98699999999999999995
1  9.12e-02  0.5536878032  5.477628e-01 0.98699999999999999995
1  9.55e-02  0.5536878642  5.477628e-01 0.98699999999999999995
1  1.00e-01  0.5536877536  5.477628e-01 0.98699999999999999995
1  1.05e-01  0.5536875737  5.477628e-01 0.98699999999999999995
1  1.10e-01  0.5536876883  5.477628e-01 0.98699999999999999995
1  1.15e-01  0.5536872097  5.477628e-01 0.98699999999999999995
1  1.20e-01  0.5536875053  5.477628e-01 0.98699999999999999995
1  1.26e-01  0.5536874662  5.477628e-01 0.98699999999999999995
1  1.32e-01  0.553687249  5.477628e-01 0.98699999999999999995
1  1.38e-01  0.5536876336  5.477628e-01 0.98699999999999999995
1  1.45e-01  0.5536872957  5.477628e-01 0.98699999999999999995
1  1.51e-01  0.5536877865  5.477628e-01 0.98699999999999999995
1  1.58e-01  0.5536871594  5.477628e-01 0.98699999999999999995
1  1.66e-01  0.5536871216  5.477628e-01 0.98699999999999999995
1  1.74e-01  0.553687848  5.477628e-01 0.98699999999999999995
1  1.82e-01  0.5536876969  5.477628e-01 0.98699999999999999995
1  1.91e-01  0.5536879027  5.477628e-01 0.98699999999999999995
1  2.00e-01  0.5536874543  5.477628e-01 0.98699999999999999995
1  2.09e-01  0.5536838497  5.477628e-01 0.98699999999999999995
1  2.19e-01  0.5536872343  5.477628e-01 0.98699999999999999995
1  2.29e-01  0.5536876178  5.477628e-01 0.98699999999999999995
1  2.40e-01  0.5536876606  5.477628e-01 0.98699999999999999995
1  2.51e-01  0.5536866704  5.477628e-01 0.98699999999999999995
1  2.63e-01  0.5536874548  5.477628e-01 0.98699999999999999995
1  2.75e-01  0.5536891425  5.477628e-01 0.98699999999999999995
1  2.88e-01  0.5536868496  5.477628e-01 0.98699999999999999995
1  3.02e-01  0.5536868477  5.477628e-01 0.98699999999999999995
1  3.16e-01  0.553687112  5.477628e-01 0.98699999999999999995
1  3.31e-01  0.5536878157  5.477628e-01 0.98699999999999999995
1  3.47e-01  0.5536869058  5.477628e-01 0.98699999999999999995
1  3.63e-01  0.5536878014  5.477628e-01 0.98699999999999999995
1  3.80e-01  0.5536863518  5.477628e-01 0.98699999999999999995
1  3.98e-01  0.553686148  5.477628e-01 0.98699999999999999995
1  4.17e-01  0.5536875297  5.477628e-01 0.98699999999999999995
1  4.37e-01  0.5536862639  5.477628e-01 0.98699999999999999995
1  4.57e-01  0.5536873193  5.477628e-01 0.98699999999999999995
1  4.79e-01  0.5536857263  5.477628e-01 0.98699999999999999995
1  5.01e-01  0.5536865796  5.477628e-01 0.98699999999999999995
1  5.25e-01  0.5536728474  5.477628e-01 0.98699999999999999995
1  5.50e-01  0.5536861908  5.477628e-01 0.98699999999999999995
1  5.75e-01  0.5536858053  5.477628e-01 0.98699999999999999995
1  6.03e-01  0.5536858671  5.477628e-01 0.98699999999999999995
1  6.31e-01  0.5536857647  5.477628e-01 0.98699999999999999995
1  6.61e-01  0.5536877008  5.477628e-01 0.98699999999999999995
1  6.92e-01  0.5536854872  5.477628e-01 0.98699999999999999995
1  7.24e-01  0.553687582  5.477628e-01 0.98699999999999999995
1  7.59e-01  0.5536934546  5.477628e-01 0.98699999999999999995
1  7.94e-01  0.5536909966  5.477628e-01 0.98699999999999999995
1  8.32e-01  0.5536846279  5.477628e-01 0.98699999999999999995
1  8.71e-01  0.5536873204  5.477628e-01 0.98699999999999999995
1  9.12e-01  0.5536877871  5.477628e-01 0.98699999999999999995
1  9.55e-01  0.5536952351  5.477628e-01 0.98699999999999999995
1  1.00e+00  0.5536849707  5.477628e-01 0.98699999999999999995
1  1.05e+00  0.5536838555  5.477628e-01 0.98699999999999999995
1  1.10e+00  0.553673327  5.477628e-01 0.98699999999999999995
1  1.15e+00  0.553685223  5.477628e-01 0.98699999999999999995
1  1.20e+00  0.5537981892  5.477628e-01 0.98699999999999999995
1  1.26e+00  0.5536828983  5.477628e-01 0.98699999999999999995
1  1.32e+00  0.5536821184  5.477628e-01 0.98699999999999999995
1  1.38e+00  0.5536873479  5.477628e-01 0.98699999999999999995
1  1.45e+00  0.5536874838  5.477628e-01 0.98699999999999999995
1  1.51e+00  0.5536839958  5.477628e-01 0.98699999999999999995
1  1.58e+00  0.5537553315  5.477628e-01 0.98699999999999999995
1  1.66e+00  0.5536944498  5.477628e-01 0.98699999999999999995
1  1.74e+00  0.553682957  5.477628e-01 0.98699999999999999995
1  1.82e+00  0.5536849197  5.477628e-01 0.98699999999999999995
1  1.91e+00  0.553682675  5.477628e-01 0.98699999999999999995
1  2.00e+00  0.5536877919  5.477628e-01 0.98699999999999999995
1  2.09e+00  0.5536861904  5.477628e-01 0.98699999999999999995
1  2.19e+00  0.553685835  5.477628e-01 0.98699999999999999995
1  2.29e+00  0.5536363218  5.477628e-01 0.98699999999999999995
1  2.40e+00  0.5536851038  5.477628e-01 0.98699999999999999995
1  2.51e+00  0.5536870922  5.477628e-01 0.98699999999999999995
1  2.63e+00  0.5536792257  5.477628e-01 0.98699999999999999995
1  2.75e+00  0.5536773041  5.477628e-01 0.98699999999999999995
1  2.88e+00  0.5536793124  5.477628e-01 0.98699999999999999995
1  3.02e+00  0.5536753159  5.477628e-01 0.98699999999999999995
1  3.16e+00  0.5536798575  5.477628e-01 0.98699999999999999995
1  3.31e+00  0.5536877172  5.477628e-01 0.98699999999999999995
1  3.47e+00  0.5536827468  5.477628e-01 0.98699999999999999995
1  3.63e+00  0.5536804103  5.477628e-01 0.98699999999999999995
1  3.80e+00  0.5536773032  5.477628e-01 0.98699999999999999995
1  3.98e+00  0.5536713585  5.477628e-01 0.98699999999999999995
1  4.17e+00  0.5536705352  5.477628e-01 0.98699999999999999995
1  4.37e+00  0.5536714018  5.477628e-01 0.98699999999999999995
1  4.57e+00  0.5536767378  5.477628e-01 0.98699999999999999995
1  4.79e+00  0.5536870899  5.477628e-01 0.98699999999999999995
1  5.01e+00  0.5536782933  5.477628e-01 0.98699999999999999995
1  5.25e+00  0.5536520143  5.477628e-01 0.98699999999999999995
1  5.50e+00  0.5536724175  5.477628e-01 0.98699999999999999995
1  5.75e+00  0.5536128438  5.477628e-01 0.98699999999999999995
1  6.03e+00  0.5536743508  5.477628e-01 0.98699999999999999995
1  6.31e+00  0.5536863664  5.477628e-01 0.98699999999999999995
1  6.61e+00  0.5536819834  5.477628e-01 0.98699999999999999995
1  6.92e+00  0.553668956  5.477628e-01 0.98699999999999999995
1  7.24e+00  0.5536762632  5.477628e-01 0.98699999999999999995
1  7.59e+00  0.5536632449  5.477628e-01 0.98699999999999999995
1  7.94e+00  0.5537087545  5.477628e-01 0.98699999999999999995
1  8.32e+00  0.5536756318  5.477628e-01 0.98699999999999999995
1  8.71e+00  0.5536545162  5.477628e-01 0.98699999999999999995
1  9.12e+00  0.5536848018  5.477628e-01 0.98699999999999999995
1  9.55e+00  0.5536847266  5.477628e-01 0.98699999999999999995
1  1.00e+01  0.5536842726  5.477628e-01 0.98699999999999999995
1  1.05e+01  0.55368243  5.477628e-01 0.98699999999999999995
1  1.10e+01  0.553656444  5.477628e-01 0.98699999999999999995
1  1.15e+01  0.5536667524  5.477628e-01 0.98699999999999999995
1  1.20e+01  0.5536585604  5.477628e-01 0.98699999999999999995
1  1.26e+01  0.553679442  5.477628e-01 0.98699999999999999995
1  1.32e+01  0.5536364333  5.477628e-01 0.98699999999999999995
1  1.38e+01  0.5536769068  5.477628e-01 0.98699999999999999995
1  1.45e+01  0.553684641  5.477628e-01 0.98699999999999999995
1  1.51e+01  0.5536212329  5.477628e-01 0.98699999999999999995
1  1.58e+01  0.5536158534  5.477628e-01 0.98699999999999999995
1  1.66e+01  0.5536350815  5.477628e-01 0.98699999999999999995
1  1.74e+01  0.5536444375  5.477628e-01 0.98699999999999999995
1  1.82e+01  0.5536619745  5.477628e-01 0.98699999999999999995
1  1.91e+01  0.5536863451  5.477628e-01 0.98699999999999999995
1  2.00e+01  0.5536167662  5.477628e-01 0.98699999999999999995
1  2.09e+01  0.5534329596  5.477628e-01 0.98699999999999999995
1  2.19e+01  0.553592846  5.477628e-01 0.98699999999999999995
1  2.29e+01  0.5536020433  5.477628e-01 0.98699999999999999995
1  2.40e+01  0.553618171  5.477628e-01 0.98699999999999999995
1  2.51e+01  0.553652335  5.477628e-01 0.98699999999999999995
1  2.63e+01  0.5536540454  5.477628e-01 0.98699999999999999995
1  2.75e+01  0.5535946456  5.477628e-01 0.98699999999999999995
1  2.88e+01  0.5535454548  5.477628e-01 0.98699999999999999995
1  3.02e+01  0.5534845625  5.477628e-01 0.98699999999999999995
1  3.16e+01  0.5533058596  5.477628e-01 0.98699999999999999995
1  3.31e+01  0.5533326273  5.477628e-01 0.98699999999999999995
1  3.47e+01  0.5536034272  5.477628e-01 0.98699999999999999995
1  3.63e+01  0.5535805895  5.477628e-01 0.98699999999999999995
1  3.80e+01  0.5537975019  5.477628e-01 0.98699999999999999995
1  3.98e+01  0.5537365046  5.477628e-01 0.98699999999999999995
1  4.17e+01  0.5536472371  5.477628e-01 0.98699999999999999995
1  4.37e+01  0.5535776001  5.477628e-01 0.98699999999999999995
1  4.57e+01  0.5533975042  5.477628e-01 0.98699999999999999995
1  4.79e+01  0.5536033672  5.477628e-01 0.98699999999999999995
1  5.01e+01  0.5536146441  5.477628e-01 0.98699999999999999995
1  5.25e+01  0.5536483  5.477628e-01 0.98699999999999999995
1  5.50e+01  0.5538727185  5.477628e-01 0.98699999999999999995
1  5.75e+01  0.5534205941  5.477628e-01 0.98699999999999999995
1  6.03e+01  0.5535725381  5.477628e-01 0.98699999999999999995
1  6.31e+01  0.5534511678  5.477628e-01 0.98699999999999999995
1  6.61e+01  0.5534460538  5.477628e-01 0.98699999999999999995
1  6.92e+01  0.5533671443  5.477628e-01 0.98699999999999999995
1  7.24e+01  0.5538170256  5.477628e-01 0.98699999999999999995
1  7.59e+01  0.5533708423  5.477628e-01 0.98699999999999999995
1  7.94e+01  0.5534526447  5.477628e-01 0.98699999999999999995
1  8.32e+01  0.5536635539  5.477628e-01 0.98699999999999999995
1  8.71e+01  0.5537367756  5.477628e-01 0.98699999999999999995
1  9.12e+01  0.5534811156  5.477628e-01 0.98699999999999999995
1  9.55e+01  0.5537517296  5.477628e-01 0.98699999999999999995
1  1.00e+02  0.553495033  5.477628e-01 0.98699999999999999995
1  1.05e+02  0.5534244093  5.477628e-01 0.98699999999999999995
1  1.10e+02  0.5535331848  5.477628e-01 0.98699999999999999995
1  1.15e+02  0.5535628901  5.477628e-01 0.98699999999999999995
1  1.20e+02  0.5537520989  5.477628e-01 0.98699999999999999995
1  1.26e+02  0.553360044  5.477628e-01 0.98699999999999999995
1  1.32e+02  0.5532772793  5.477628e-01 0.98699999999999999995
1  1.38e+02  0.5536111191  5.477628e-01 0.98699999999999999995
1  1.45e+02  0.5530722031  5.477628e-01 0.98699999999999999995
1  1.51e+02  0.5537085953  5.477628e-01 0.98699999999999999995
1  1.58e+02  0.5531666941  5.477628e-01 0.98699999999999999995
1  1.66e+02  0.553310765  5.477628e-01 0.98699999999999999995
1  1.74e+02  0.5536213549  5.477628e-01 0.98699999999999999995
1  1.82e+02  0.5535026858  5.477628e-01 0.98699999999999999995
1  1.91e+02  0.5534221974  5.477628e-01 0.98699999999999999995
1  2.00e+02  0.553322468  5.477628e-01 0.98699999999999999995
1  2.09e+02  0.5536188328  5.477628e-01 0.98699999999999999995
1  2.19e+02  0.5527662459  5.477628e-01 0.98699999999999999995
1  2.29e+02  0.5534259243  5.477628e-01 0.98699999999999999995
1  2.40e+02  0.5536660578  5.477628e-01 0.98699999999999999995
1  2.51e+02  0.5536699158  5.477628e-01 0.98699999999999999995
1  2.63e+02  0.5527587246  5.477628e-01 0.98699999999999999995
1  2.75e+02  0.5535206978  5.477628e-01 0.98699999999999999995
1  2.88e+02  0.5527167998  5.477628e-01 0.98699999999999999995
1  3.02e+02  0.5527818298  5.477628e-01 0.98699999999999999995
1  3.16e+02  0.5538184501  5.477628e-01 0.98699999999999999995
1  3.31e+02  0.5525007476  5.477628e-01 0.98699999999999999995
1  3.47e+02  0.552626619  5.477628e-01 0.98699999999999999995
1  3.63e+02  0.5524731076  5.477628e-01 0.98699999999999999995
1  3.80e+02  0.5529477236  5.477628e-01 0.98699999999999999995
1  3.98e+02  0.5522608369  5.477628e-01 0.98699999999999999995
1  4.17e+02  0.552632684  5.477628e-01 0.98699999999999999995
1  4.37e+02  0.5518710727  5.477628e-01 0.98699999999999999995
1  4.57e+02  0.5535636459  5.477628e-01 0.98699999999999999995
1  4.79e+02  0.5521894788  5.477628e-01 0.98699999999999999995
1  5.01e+02  0.5520947684  5.477628e-01 0.98699999999999999995
1  5.25e+02  0.5535434359  5.477628e-01 0.98699999999999999995
1  5.50e+02  0.5513383485  5.477628e-01 0.98699999999999999995
1  5.75e+02  0.5524558944  5.477628e-01 0.98699999999999999995
1  6.03e+02  0.5517772331  5.477628e-01 0.98699999999999999995
1  6.31e+02  0.551800079  5.477628e-01 0.98699999999999999995
1  6.61e+02  0.5521800294  5.477628e-01 0.98699999999999999995
1  6.92e+02  0.5533398079  5.477628e-01 0.98699999999999999995
1  7.24e+02  0.5530583837  5.477628e-01 0.98699999999999999995
1  7.59e+02  0.5499533672  5.477628e-01 0.98699999999999999995
1  7.94e+02  0.5531940651  5.477628e-01 0.98699999999999999995
1  8.32e+02  0.5534436888  5.477628e-01 0.98699999999999999995
1  8.71e+02  0.5535110401  5.477628e-01 0.98699999999999999995
1  9.12e+02  0.5513992585  5.477628e-01 0.98699999999999999995
1  9.55e+02  0.5520621527  5.477628e-01 0.98699999999999999995
1  1.00e+03  0.5522517464  5.477628e-01 0.98699999999999999995
1  1.05e+03  0.5539832012  5.477628e-01 0.98699999999999999995
1  1.10e+03  0.5472722216  5.477628e-01 0.98699999999999999995
1  1.15e+03  0.5513718716  5.477628e-01 0.98699999999999999995
1  1.20e+03  0.5431791693  5.477628e-01 0.98699999999999999995
1  1.26e+03  0.5495303801  5.477628e-01 0.98699999999999999995
1  1.32e+03  0.5538575201  5.477628e-01 0.98699999999999999995
1  1.38e+03  0.5612674613  5.477628e-01 0.98699999999999999995
1  1.45e+03  0.5473455337  5.477628e-01 0.98699999999999999995
1  1.51e+03  0.5545460062  5.477628e-01 0.98699999999999999995
1  1.58e+03  0.5301325521  5.477628e-01 0.98699999999999999995
1  1.66e+03  0.5244670198  5.477628e-01 0.98699999999999999995
1  1.74e+03  0.5388224106  5.477628e-01 0.98699999999999999995
1  1.82e+03  0.5717150965  5.477628e-01 0.98699999999999999995
1  1.91e+03  0.5554194495  5.477628e-01 0.98699999999999999995
1  2.00e+03  0.5902052849  5.477628e-01 0.98699999999999999995
1  2.09e+03  0.555821324  5.477628e-01 0.98699999999999999995
1  2.19e+03  0.5347083802  5.477628e-01 0.98699999999999999995
1  2.29e+03  0.5166310747  5.477628e-01 0.98699999999999999995
1  2.40e+03  0.4895112977  5.477628e-01 0.98699999999999999995
1  2.51e+03  0.5136501898  5.477628e-01 0.98699999999999999995
1  2.63e+03  0.5480605403  5.477628e-01 0.98699999999999999995
1  2.75e+03  0.4414794801  5.477628e-01 0.98699999999999999995
1  2.88e+03  0.5295966581  5.477628e-01 0.98699999999999999995
1  3.02e+03  0.5401502774  5.477628e-01 0.98699999999999999995
1  3.16e+03  0.478400714  5.477628e-01 0.98699999999999999995
1  3.31e+03  0.468317893  5.477628e-01 0.98699999999999999995
1  3.47e+03  0.4963896109  5.477628e-01 0.98699999999999999995
1  3.63e+03  0.5658133935  5.477628e-01 0.98699999999999999995
1  3.80e+03  0.64651443  5.477628e-01 0.98699999999999999995
1  3.98e+03  0.5597293851  5.477628e-01 0.98699999999999999995
1  4.17e+03  0.590382539  5.477628e-01 0.98699999999999999995
1  4.37e+03  0.6171038991  5.477628e-01 0.98699999999999999995
1  4.57e+03  0.6237055492  5.477628e-01 0.98699999999999999995
1  4.79e+03  0.5552576433  5.477628e-01 0.98699999999999999995
1  5.01e+03  0.6331362305  5.477628e-01 0.98699999999999999995
1  5.25e+03  0.6641824846  5.477628e-01 0.98699999999999999995
1  5.50e+03  0.6416569706  5.477628e-01 0.98699999999999999995
1  5.75e+03  0.6168401557  5.477628e-01 0.98699999999999999995
1  6.03e+03  0.6386315684  5.477628e-01 0.98699999999999999995
1  6.31e+03  0.6682670595  5.477628e-01 0.98699999999999999995
1  6.61e+03  0.6167751632  5.477628e-01 0.98699999999999999995
1  6.92e+03  0.4084252907  5.477628e-01 0.98699999999999999995
1  7.24e+03  0.5077482287  5.477628e-01 0.98699999999999999995
1  7.59e+03  0.606907687  5.477628e-01 0.98699999999999999995
1  7.94e+03  0.3385412086  5.477628e-01 0.98699999999999999995
1  8.32e+03  0.6346310172  5.477628e-01 0.98699999999999999995
1  8.71e+03  0.3131996868  5.477628e-01 0.98699999999999999995
1  9.12e+03  0.5608198674  5.477628e-01 0.98699999999999999995
1  9.55e+03  0.5299502105  5.477628e-01 0.98699999999999999995
1  1.00e+04  0.2857895325  5.477628e-01 0.98699999999999999995
1  1.05e+04  0.3837183523  5.477628e-01 0.98699999999999999995
1  1.10e+04  0.6244713343  5.477628e-01 0.98699999999999999995
1  1.15e+04  0.5762858851  5.477628e-01 0.98699999999999999995
1  1.20e+04  0.4638661377  5.477628e-01 0.98699999999999999995
1  1.26e+04  0.309806499  5.477628e-01 0.98699999999999999995
1  1.32e+04  0.332238466  5.477628e-01 0.98699999999999999995
1  1.38e+04  0.2454638473  5.477628e-01 0.98699999999999999995
1  1.45e+04  0.3544878973  5.477628e-01 0.98699999999999999995
1  1.51e+04  0.3542699155  5.477628e-01 0.98699999999999999995
1  1.58e+04  0.5186185925  5.477628e-01 0.98699999999999999995
1  1.66e+04  0.5998709256  5.477628e-01 0.98699999999999999995
1  1.74e+04  0.4014201467  5.477628e-01 0.98699999999999999995
1  1.82e+04  0.2694034456  5.477628e-01 0.98699999999999999995
1  1.91e+04  0.1348522523  5.477628e-01 0.98699999999999999995
1  2.00e+04  0.5029131026  5.477628e-01 0.98699999999999999995
1  2.09e+04  0.4919011584  5.477628e-01 0.98699999999999999995
1  2.19e+04  0.1220089491  5.477628e-01 0.98699999999999999995
1  2.29e+04  0.4154655752  5.477628e-01 0.98699999999999999995
1  2.40e+04  0.3991651678  5.477628e-01 0.98699999999999999995
1  2.51e+04  0.1072190297  5.477628e-01 0.98699999999999999995
1  2.63e+04  0.5315598562  5.477628e-01 0.98699999999999999995
1  2.75e+04  0.07928348359  5.477628e-01 0.98699999999999999995
1  2.88e+04  0.4781595055  5.477628e-01 0.98699999999999999995
1  3.02e+04  0.2383394375  5.477628e-01 0.98699999999999999995
1  3.16e+04  0.3184528838  5.477628e-01 0.98699999999999999995
1  3.31e+04  0.2310723119  5.477628e-01 0.98699999999999999995
1  3.47e+04  0.4582801098  5.477628e-01 0.98699999999999999995
1  3.63e+04  0.0500450347  5.477628e-01 0.98699999999999999995
1  3.80e+04  0.5356798353  5.477628e-01 0.98699999999999999995
1  3.98e+04  0.04428438939  5.477628e-01 0.98699999999999999995
1  4.17e+04  0.511300094  5.477628e-01 0.98699999999999999995
1  4.37e+04  0.2246203876  5.477628e-01 0.98699999999999999995
1  4.57e+04  0.1589331734  5.477628e-01 0.98699999999999999995
1  4.79e+04  0.5317270713  5.477628e-01 0.98699999999999999995
1  5.01e+04  0.2554541509  5.477628e-01 0.98699999999999999995
1  5.25e+04  0.1012980951  5.477628e-01 0.98699999999999999995
1  5.50e+04  0.522850661  5.477628e-01 0.98699999999999999995
1  5.75e+04  0.2559595165  5.477628e-01 0.98699999999999999995
1  6.03e+04  0.07708988423  5.477628e-01 0.98699999999999999995
1  6.31e+04  0.4986350736  5.477628e-01 0.98699999999999999995
1  6.61e+04  0.4052931243  5.477628e-01 0.98699999999999999995
1  6.92e+04  0.1064415562  5.477628e-01 0.98699999999999999995
1  7.24e+04  0.2818290614  5.477628e-01 0.98699999999999999995
1  7.59e+04  0.5307761568  5.477628e-01 0.98699999999999999995
1  7.94e+04  0.4759973771  5.477628e-01 0.98699999999999999995
1  8.32e+04  0.2809921886  5.477628e-01 0.98699999999999999995
1  8.71e+04  0.2114486732  5.477628e-01 0.98699999999999999995
1  9.12e+04  0.3479306838  5.477628e-01 0.98699999999999999995
1  9.55e+04  0.5262742214  5.477628e-01 0.98699999999999999995
1  1.00e+05  0.5147166557  5.477628e-01 0.98699999999999999995
1  1.05e+05  0.3132398859  5.477628e-01 0.98699999999999999995
1  1.10e+05  0.1623106399  5.477628e-01 0.98699999999999999995
1  1.15e+05  0.2338619135  5.477628e-01 0.98699999999999999995
1  1.20e+05  0.4350766061  5.477628e-01 0.98699999999999999995
1  1.26e+05  0.5463099325  5.477628e-01 0.98699999999999999995
1  1.32e+05  0.4680345297  5.477628e-01 0.98699999999999999995
1  1.38e+05  0.2925738865  5.477628e-01 0.98699999999999999995
1  1.45e+05  0.1807312677  5.477628e-01 0.98699999999999999995
1  1.51e+05  0.2134800929  5.477628e-01 0.98699999999999999995
1  1.58e+05  0.3501138328  5.477628e-01 0.98699999999999999995
1  1.66e+05  0.4888117689  5.477628e-01 0.98699999999999999995
1  1.74e+05  0.5497528854  5.477628e-01 0.98699999999999999995
1  1.82e+05  0.5170019805  5.477628e-01 0.98699999999999999995
1  1.91e+05  0.4286431978  5.477628e-01 0.98699999999999999995
1  2.00e+05  0.3407672258  5.477628e-01 0.98699999999999999995
1  2.09e+05  0.2949736666  5.477628e-01 0.98699999999999999995
1  2.19e+05  0.3043442717  5.477628e-01 0.98699999999999999995
1  2.29e+05  0.357047738  5.477628e-01 0.98699999999999999995
1  2.40e+05  0.4288338431  5.477628e-01 0.98699999999999999995
1  2.51e+05  0.4956534825  5.477628e-01 0.98699999999999999995
1  2.63e+05  0.5415110448  5.477628e-01 0.98699999999999999995
1  2.75e+05  0.5607034675  5.477628e-01 0.98699999999999999995
1  2.88e+05  0.5560267282  5.477628e-01 0.98699999999999999995
1  3.02e+05  0.5351979401  5.477628e-01 0.98699999999999999995
1  3.16e+05  0.5072993799  5.477628e-01 0.98699999999999999995
1  3.31e+05  0.4802260652  5.477628e-01 0.98699999999999999995
1  3.47e+05  0.4593861596  5.477628e-01 0.98699999999999999995
1  3.63e+05  0.4474513107  5.477628e-01 0.98699999999999999995
1  3.80e+05  0.4447767605  5.477628e-01 0.98699999999999999995
1  3.98e+05  0.4501200192  5.477628e-01 0.98699999999999999995
1  4.17e+05  0.4613850913  5.477628e-01 0.98699999999999999995
1  4.37e+05  0.476235839  5.477628e-01 0.98699999999999999995
1  4.57e+05  0.4925187421  5.477628e-01 0.98699999999999999995
1  4.79e+05  0.5084991088  5.477628e-01 0.98699999999999999995
1  5.01e+05  0.5229476701  5.477628e-01 0.98699999999999999995
1  5.25e+05  0.5351247019  5.477628e-01 0.98699999999999999995
1  5.50e+05  0.5447054586  5.477628e-01 0.98699999999999999995
1  5.75e+05  0.5516810869  5.477628e-01 0.98699999999999999995
1  6.03e+05  0.556258188  5.477628e-01 0.98699999999999999995
1  6.31e+05  0.5587704678  5.477628e-01 0.98699999999999999995
1  6.61e+05  0.5595636491  5.477628e-01 0.98699999999999999995
1  6.92e+05  0.559025972  5.477628e-01 0.98699999999999999995
1  7.24e+05  0.5576161268  5.477628e-01 0.98699999999999999995
1  7.59e+05  0.5556316047  5.477628e-01 0.98699999999999999995
1  7.94e+05  0.5533369214  5.477628e-01 0.98699999999999999995
1  8.32e+05  0.5509402171  5.477628e-01 0.98699999999999999995
1  8.71e+05  0.5485970335  5.477628e-01 0.98699999999999999995
1  9.12e+05  0.5464167458  5.477628e-01 0.98699999999999999995
1  9.55e+05  0.5444701259  5.477628e-01 0.98699999999999999995
1  1.00e+06  0.5427970136  5.477628e-01 0.98699999999999999995
1  1.05e+06  0.5414134623  5.477628e-01 0.98699999999999999995
1  1.10e+06  0.5403180216  5.477628e-01 0.98699999999999999995
1  1.15e+06  0.5394970168  5.477628e-01 0.98699999999999999995
1  1.20e+06  0.5389288209  5.477628e-01 0.98699999999999999995
1  1.26e+06  0.5385871932  5.477628e-01 0.98699999999999999995
1  1.32e+06  0.5384437987  5.477628e-01 0.98699999999999999995
1  1.38e+06  0.5384700373  5.477628e-01 0.98699999999999999995
1  1.45e+06  0.5386383126  5.477628e-01 0.98699999999999999995
1  1.51e+06  0.5389228585  5.477628e-01 0.98699999999999999995
1  1.58e+06  0.539300227  5.477628e-01 0.98699999999999999995
1  1.66e+06  0.5397495253  5.477628e-01 0.98699999999999999995
1  1.74e+06  0.5402524715  5.477628e-01 0.98699999999999999995
1  1.82e+06  0.5407960849  5.477628e-01 0.98699999999999999995
1  1.91e+06  0.541361261  5.477628e-01 0.98699999999999999995
1  2.00e+06  0.5419398715  5.477628e-01 0.98699999999999999995
1  2.09e+06  0.5425227391  5.477628e-01 0.98699999999999999995
1  2.19e+06  0.5431024323  5.477628e-01 0.98699999999999999995
1  2.29e+06  0.5436730408  5.477628e-01 0.98699999999999999995
1  2.40e+06  0.5442299636  5.477628e-01 0.98699999999999999995
1  2.51e+06  0.5447697128  5.477628e-01 0.98699999999999999995
1  2.63e+06  0.5452897366  5.477628e-01 0.98699999999999999995
1  2.75e+06  0.5457882624  5.477628e-01 0.98699999999999999995
1  2.88e+06  0.5462641583  5.477628e-01 0.98699999999999999995
1  3.02e+06  0.5467168137  5.477628e-01 0.98699999999999999995
1  3.16e+06  0.5471460366  5.477628e-01 0.98699999999999999995
1  3.31e+06  0.5475519665  5.477628e-01 0.98699999999999999995
1  3.47e+06  0.5479350003  5.477628e-01 0.98699999999999999995
1  3.63e+06  0.5482964355  5.477628e-01 0.98699999999999999995
1  3.80e+06  0.5486355421  5.477628e-01 0.98699999999999999995
1  3.98e+06  0.548953933  5.477628e-01 0.98699999999999999995
1  4.17e+06  0.5492525197  5.477628e-01 0.98699999999999999995
1  4.37e+06  0.5495322557  5.477628e-01 0.98699999999999999995
1  4.57e+06  0.5497941146  5.477628e-01 0.98699999999999999995
1  4.79e+06  0.5500390727  5.477628e-01 0.98699999999999999995
1  5.01e+06  0.5502680958  5.477628e-01 0.98699999999999999995
1  5.25e+06  0.5504821286  5.477628e-01 0.98699999999999999995
1  5.50e+06  0.5506820872  5.477628e-01 0.98699999999999999995
1  5.75e+06  0.5508688538  5.477628e-01 0.98699999999999999995
1  6.03e+06  0.5510432726  5.477628e-01 0.98699999999999999995
1  6.31e+06  0.5512061477  5.477628e-01 0.98699999999999999995
1  6.61e+06  0.5513582416  5.477628e-01 0.98699999999999999995
1  6.92e+06  0.5515002749  5.477628e-01 0.98699999999999999995
1  7.24e+06  0.5516331062  5.477628e-01 0.98699999999999999995
1  7.59e+06  0.5517569987  5.477628e-01 0.98699999999999999995
1  7.94e+06  0.5518727473  5.477628e-01 0.98699999999999999995
1  8.32e+06  0.5519809119  5.477628e-01 0.98699999999999999995
1  8.71e+06  0.5520820155  5.477628e-01 0.98699999999999999995
1  9.12e+06  0.5521765463  5.477628e-01 0.98699999999999999995
1  9.55e+06  0.5522649593  5.477628e-01 0.98699999999999999995
1  1.00e+07  0.5523476782  5.477628e-01 0.98699999999999999995
