1  1.00e-03  0.2763643729 69847.404 1.05899999999999999993
1  1.05e-03  0.2763643649 69847.404 1.05899999999999999993
1  1.10e-03  0.276364373 69847.404 1.05899999999999999993
1  1.15e-03  0.2763643646 69847.404 1.05899999999999999993
1  1.20e-03  0.2763643749 69847.404 1.05899999999999999993
1  1.26e-03  0.2763643724 69847.404 1.05899999999999999993
1  1.32e-03  0.2763643757 69847.404 1.05899999999999999993
1  1.38e-03  0.2763643714 69847.404 1.05899999999999999993
1  1.45e-03  0.2763643692 69847.404 1.05899999999999999993
1  1.51e-03  0.2763643743 69847.404 1.05899999999999999993
1  1.58e-03  0.2763643714 69847.404 1.05899999999999999993
1  1.66e-03  0.2763643733 69847.404 1.05899999999999999993
1  1.74e-03  0.276364375 69847.404 1.05899999999999999993
1  1.82e-03  0.2763643721 69847.404 1.05899999999999999993
1  1.91e-03  0.2763643695 69847.404 1.05899999999999999993
1  2.00e-03  0.2763643726 69847.404 1.05899999999999999993
1  2.09e-03  0.2763643769 69847.404 1.05899999999999999993
1  2.19e-03  0.2763644411 69847.404 1.05899999999999999993
1  2.29e-03  0.2763643728 69847.404 1.05899999999999999993
1  2.40e-03  0.2763643718 69847.404 1.05899999999999999993
1  2.51e-03  0.2763643968 69847.404 1.05899999999999999993
1  2.63e-03  0.2763643745 69847.404 1.05899999999999999993
1  2.75e-03  0.2763643789 69847.404 1.05899999999999999993
1  2.88e-03  0.2763643792 69847.404 1.05899999999999999993
1  3.02e-03  0.2763643764 69847.404 1.05899999999999999993
1  3.16e-03  0.2763643771 69847.404 1.05899999999999999993
1  3.31e-03  0.276364382 69847.404 1.05899999999999999993
1  3.47e-03  0.2763643757 69847.404 1.05899999999999999993
1  3.63e-03  0.2763643808 69847.404 1.05899999999999999993
1  3.80e-03  0.2763643793 69847.404 1.05899999999999999993
1  3.98e-03  0.2763643722 69847.404 1.05899999999999999993
1  4.17e-03  0.2763643865 69847.404 1.05899999999999999993
1  4.37e-03  0.27636438 69847.404 1.05899999999999999993
1  4.57e-03  0.2763643786 69847.404 1.05899999999999999993
1  4.79e-03  0.2763643818 69847.404 1.05899999999999999993
1  5.01e-03  0.2763643749 69847.404 1.05899999999999999993
1  5.25e-03  0.2763643838 69847.404 1.05899999999999999993
1  5.50e-03  0.2763643844 69847.404 1.05899999999999999993
1  5.75e-03  0.2763643939 69847.404 1.05899999999999999993
1  6.03e-03  0.2763643939 69847.404 1.05899999999999999993
1  6.31e-03  0.27636439 69847.404 1.05899999999999999993
1  6.61e-03  0.2763643912 69847.404 1.05899999999999999993
1  6.92e-03  0.2763643887 69847.404 1.05899999999999999993
1  7.24e-03  0.2763643926 69847.404 1.05899999999999999993
1  7.59e-03  0.2763643989 69847.404 1.05899999999999999993
1  7.94e-03  0.2763643853 69847.404 1.05899999999999999993
1  8.32e-03  0.2763644064 69847.404 1.05899999999999999993
1  8.71e-03  0.2763643983 69847.404 1.05899999999999999993
1  9.12e-03  0.276364651 69847.404 1.05899999999999999993
1  9.55e-03  0.2763643963 69847.404 1.05899999999999999993
1  1.00e-02  0.2763644051 69847.404 1.05899999999999999993
1  1.05e-02  0.2763643868 69847.404 1.05899999999999999993
1  1.10e-02  0.2763644075 69847.404 1.05899999999999999993
1  1.15e-02  0.2763643824 69847.404 1.05899999999999999993
1  1.20e-02  0.276364385 69847.404 1.05899999999999999993
1  1.26e-02  0.2763644167 69847.404 1.05899999999999999993
1  1.32e-02  0.276364387 69847.404 1.05899999999999999993
1  1.38e-02  0.2763643944 69847.404 1.05899999999999999993
1  1.45e-02  0.2763643859 69847.404 1.05899999999999999993
1  1.51e-02  0.2763643854 69847.404 1.05899999999999999993
1  1.58e-02  0.2763643957 69847.404 1.05899999999999999993
1  1.66e-02  0.2763644246 69847.404 1.05899999999999999993
1  1.74e-02  0.2763643875 69847.404 1.05899999999999999993
1  1.82e-02  0.2763644297 69847.404 1.05899999999999999993
1  1.91e-02  0.2763643952 69847.404 1.05899999999999999993
1  2.00e-02  0.2763644331 69847.404 1.05899999999999999993
1  2.09e-02  0.2763644085 69847.404 1.05899999999999999993
1  2.19e-02  0.2763644465 69847.404 1.05899999999999999993
1  2.29e-02  0.2763643454 69847.404 1.05899999999999999993
1  2.40e-02  0.2763639363 69847.404 1.05899999999999999993
1  2.51e-02  0.2763644467 69847.404 1.05899999999999999993
1  2.63e-02  0.2763644547 69847.404 1.05899999999999999993
1  2.75e-02  0.2763645473 69847.404 1.05899999999999999993
1  2.88e-02  0.2763645616 69847.404 1.05899999999999999993
1  3.02e-02  0.2763643548 69847.404 1.05899999999999999993
1  3.16e-02  0.2763644278 69847.404 1.05899999999999999993
1  3.31e-02  0.2763642778 69847.404 1.05899999999999999993
1  3.47e-02  0.2763645243 69847.404 1.05899999999999999993
1  3.63e-02  0.2763648124 69847.404 1.05899999999999999993
1  3.80e-02  0.2763659841 69847.404 1.05899999999999999993
1  3.98e-02  0.2763645265 69847.404 1.05899999999999999993
1  4.17e-02  0.2763644488 69847.404 1.05899999999999999993
1  4.37e-02  0.2763646489 69847.404 1.05899999999999999993
1  4.57e-02  0.2763646553 69847.404 1.05899999999999999993
1  4.79e-02  0.2763646042 69847.404 1.05899999999999999993
1  5.01e-02  0.2763653464 69847.404 1.05899999999999999993
1  5.25e-02  0.2763645936 69847.404 1.05899999999999999993
1  5.50e-02  0.2763645793 69847.404 1.05899999999999999993
1  5.75e-02  0.2763645673 69847.404 1.05899999999999999993
1  6.03e-02  0.2763644783 69847.404 1.05899999999999999993
1  6.31e-02  0.2763645212 69847.404 1.05899999999999999993
1  6.61e-02  0.2763645495 69847.404 1.05899999999999999993
1  6.92e-02  0.2763647016 69847.404 1.05899999999999999993
1  7.24e-02  0.2763645312 69847.404 1.05899999999999999993
1  7.59e-02  0.2763647196 69847.404 1.05899999999999999993
1  7.94e-02  0.276364422 69847.404 1.05899999999999999993
1  8.32e-02  0.2763665028 69847.404 1.05899999999999999993
1  8.71e-02  0.276364753 69847.404 1.05899999999999999993
1  9.12e-02  0.2763645822 69847.404 1.05899999999999999993
1  9.55e-02  0.2763648135 69847.404 1.05899999999999999993
1  1.00e-01  0.2763646243 69847.404 1.05899999999999999993
1  1.05e-01  0.2763647963 69847.404 1.05899999999999999993
1  1.10e-01  0.2763644933 69847.404 1.05899999999999999993
1  1.15e-01  0.2763648837 69847.404 1.05899999999999999993
1  1.20e-01  0.2763646886 69847.404 1.05899999999999999993
1  1.26e-01  0.2763647082 69847.404 1.05899999999999999993
1  1.32e-01  0.2763648598 69847.404 1.05899999999999999993
1  1.38e-01  0.2763654238 69847.404 1.05899999999999999993
1  1.45e-01  0.2763644705 69847.404 1.05899999999999999993
1  1.51e-01  0.2763646354 69847.404 1.05899999999999999993
1  1.58e-01  0.2763661162 69847.404 1.05899999999999999993
1  1.66e-01  0.276364956 69847.404 1.05899999999999999993
1  1.74e-01  0.2763635098 69847.404 1.05899999999999999993
1  1.82e-01  0.2763651568 69847.404 1.05899999999999999993
1  1.91e-01  0.2763653478 69847.404 1.05899999999999999993
1  2.00e-01  0.2763656028 69847.404 1.05899999999999999993
1  2.09e-01  0.2763651017 69847.404 1.05899999999999999993
1  2.19e-01  0.2763651146 69847.404 1.05899999999999999993
1  2.29e-01  0.2763649883 69847.404 1.05899999999999999993
1  2.40e-01  0.2763652441 69847.404 1.05899999999999999993
1  2.51e-01  0.2763647218 69847.404 1.05899999999999999993
1  2.63e-01  0.2763648046 69847.404 1.05899999999999999993
1  2.75e-01  0.2763648149 69847.404 1.05899999999999999993
1  2.88e-01  0.2763656168 69847.404 1.05899999999999999993
1  3.02e-01  0.2763646226 69847.404 1.05899999999999999993
1  3.16e-01  0.2763565083 69847.404 1.05899999999999999993
1  3.31e-01  0.2763645299 69847.404 1.05899999999999999993
1  3.47e-01  0.2763649987 69847.404 1.05899999999999999993
1  3.63e-01  0.2763652407 69847.404 1.05899999999999999993
1  3.80e-01  0.2763647465 69847.404 1.05899999999999999993
1  3.98e-01  0.2763652998 69847.404 1.05899999999999999993
1  4.17e-01  0.2763646873 69847.404 1.05899999999999999993
1  4.37e-01  0.2763646249 69847.404 1.05899999999999999993
1  4.57e-01  0.2763655829 69847.404 1.05899999999999999993
1  4.79e-01  0.2763658139 69847.404 1.05899999999999999993
1  5.01e-01  0.2763644324 69847.404 1.05899999999999999993
1  5.25e-01  0.2763654521 69847.404 1.05899999999999999993
1  5.50e-01  0.2763655704 69847.404 1.05899999999999999993
1  5.75e-01  0.276366685 69847.404 1.05899999999999999993
1  6.03e-01  0.2763646026 69847.404 1.05899999999999999993
1  6.31e-01  0.2763661607 69847.404 1.05899999999999999993
1  6.61e-01  0.2763662033 69847.404 1.05899999999999999993
1  6.92e-01  0.2763659831 69847.404 1.05899999999999999993
1  7.24e-01  0.2763662127 69847.404 1.05899999999999999993
1  7.59e-01  0.2763652243 69847.404 1.05899999999999999993
1  7.94e-01  0.276363819 69847.404 1.05899999999999999993
1  8.32e-01  0.2763753276 69847.404 1.05899999999999999993
1  8.71e-01  0.2763642802 69847.404 1.05899999999999999993
1  9.12e-01  0.2763655 69847.404 1.05899999999999999993
1  9.55e-01  0.2763556277 69847.404 1.05899999999999999993
1  1.00e+00  0.2763649395 69847.404 1.05899999999999999993
1  1.05e+00  0.2763669867 69847.404 1.05899999999999999993
1  1.10e+00  0.2763653047 69847.404 1.05899999999999999993
1  1.15e+00  0.2763672994 69847.404 1.05899999999999999993
1  1.20e+00  0.2763674169 69847.404 1.05899999999999999993
1  1.26e+00  0.2763704814 69847.404 1.05899999999999999993
1  1.32e+00  0.276368706 69847.404 1.05899999999999999993
1  1.38e+00  0.2763662357 69847.404 1.05899999999999999993
1  1.45e+00  0.2763564358 69847.404 1.05899999999999999993
1  1.51e+00  0.2763655622 69847.404 1.05899999999999999993
1  1.58e+00  0.2763664709 69847.404 1.05899999999999999993
1  1.66e+00  0.2763677637 69847.404 1.05899999999999999993
1  1.74e+00  0.2763977308 69847.404 1.05899999999999999993
1  1.82e+00  0.2763668063 69847.404 1.05899999999999999993
1  1.91e+00  0.2763663125 69847.404 1.05899999999999999993
1  2.00e+00  0.2763699148 69847.404 1.05899999999999999993
1  2.09e+00  0.2763654075 69847.404 1.05899999999999999993
1  2.19e+00  0.2763664644 69847.404 1.05899999999999999993
1  2.29e+00  0.2763844066 69847.404 1.05899999999999999993
1  2.40e+00  0.2763170984 69847.404 1.05899999999999999993
1  2.51e+00  0.276370165 69847.404 1.05899999999999999993
1  2.63e+00  0.2763661557 69847.404 1.05899999999999999993
1  2.75e+00  0.2763718908 69847.404 1.05899999999999999993
1  2.88e+00  0.2764223447 69847.404 1.05899999999999999993
1  3.02e+00  0.2763653558 69847.404 1.05899999999999999993
1  3.16e+00  0.2763655641 69847.404 1.05899999999999999993
1  3.31e+00  0.2764110785 69847.404 1.05899999999999999993
1  3.47e+00  0.2762655714 69847.404 1.05899999999999999993
1  3.63e+00  0.2763662738 69847.404 1.05899999999999999993
1  3.80e+00  0.276369221 69847.404 1.05899999999999999993
1  3.98e+00  0.2763655186 69847.404 1.05899999999999999993
1  4.17e+00  0.2763680924 69847.404 1.05899999999999999993
1  4.37e+00  0.2763787021 69847.404 1.05899999999999999993
1  4.57e+00  0.2763741631 69847.404 1.05899999999999999993
1  4.79e+00  0.276374085 69847.404 1.05899999999999999993
1  5.01e+00  0.2763696892 69847.404 1.05899999999999999993
1  5.25e+00  0.2763700844 69847.404 1.05899999999999999993
1  5.50e+00  0.276341866 69847.404 1.05899999999999999993
1  5.75e+00  0.2763686456 69847.404 1.05899999999999999993
1  6.03e+00  0.2763799096 69847.404 1.05899999999999999993
1  6.31e+00  0.2763702104 69847.404 1.05899999999999999993
1  6.61e+00  0.2763820812 69847.404 1.05899999999999999993
1  6.92e+00  0.2764303917 69847.404 1.05899999999999999993
1  7.24e+00  0.2767024791 69847.404 1.05899999999999999993
1  7.59e+00  0.2764159946 69847.404 1.05899999999999999993
1  7.94e+00  0.2761391403 69847.404 1.05899999999999999993
1  8.32e+00  0.2765747006 69847.404 1.05899999999999999993
1  8.71e+00  0.2764643241 69847.404 1.05899999999999999993
1  9.12e+00  0.2761976205 69847.404 1.05899999999999999993
1  9.55e+00  0.2763645735 69847.404 1.05899999999999999993
1  1.00e+01  0.2765862646 69847.404 1.05899999999999999993
1  1.05e+01  0.2763150435 69847.404 1.05899999999999999993
1  1.10e+01  0.2765283608 69847.404 1.05899999999999999993
1  1.15e+01  0.2761931205 69847.404 1.05899999999999999993
1  1.20e+01  0.2761538302 69847.404 1.05899999999999999993
1  1.26e+01  0.2763948235 69847.404 1.05899999999999999993
1  1.32e+01  0.2764014962 69847.404 1.05899999999999999993
1  1.38e+01  0.2763802621 69847.404 1.05899999999999999993
1  1.45e+01  0.2764042762 69847.404 1.05899999999999999993
1  1.51e+01  0.2764041019 69847.404 1.05899999999999999993
1  1.58e+01  0.276588035 69847.404 1.05899999999999999993
1  1.66e+01  0.276413898 69847.404 1.05899999999999999993
1  1.74e+01  0.2767402405 69847.404 1.05899999999999999993
1  1.82e+01  0.276921929 69847.404 1.05899999999999999993
1  1.91e+01  0.2764070715 69847.404 1.05899999999999999993
1  2.00e+01  0.2777645994 69847.404 1.05899999999999999993
1  2.09e+01  0.2765792939 69847.404 1.05899999999999999993
1  2.19e+01  0.2764292768 69847.404 1.05899999999999999993
1  2.29e+01  0.2765644698 69847.404 1.05899999999999999993
1  2.40e+01  0.2764298802 69847.404 1.05899999999999999993
1  2.51e+01  0.2763933014 69847.404 1.05899999999999999993
1  2.63e+01  0.2753489587 69847.404 1.05899999999999999993
1  2.75e+01  0.2773801802 69847.404 1.05899999999999999993
1  2.88e+01  0.2755881575 69847.404 1.05899999999999999993
1  3.02e+01  0.2768291869 69847.404 1.05899999999999999993
1  3.16e+01  0.2767763539 69847.404 1.05899999999999999993
1  3.31e+01  0.2762484613 69847.404 1.05899999999999999993
1  3.47e+01  0.2755051734 69847.404 1.05899999999999999993
1  3.63e+01  0.2763598711 69847.404 1.05899999999999999993
1  3.80e+01  0.2764680573 69847.404 1.05899999999999999993
1  3.98e+01  0.2763429278 69847.404 1.05899999999999999993
1  4.17e+01  0.2767368593 69847.404 1.05899999999999999993
1  4.37e+01  0.2770165824 69847.404 1.05899999999999999993
1  4.57e+01  0.2753285157 69847.404 1.05899999999999999993
1  4.79e+01  0.2768107696 69847.404 1.05899999999999999993
1  5.01e+01  0.2764641418 69847.404 1.05899999999999999993
1  5.25e+01  0.2765211606 69847.404 1.05899999999999999993
1  5.50e+01  0.2774321661 69847.404 1.05899999999999999993
1  5.75e+01  0.2774888324 69847.404 1.05899999999999999993
1  6.03e+01  0.2767811533 69847.404 1.05899999999999999993
1  6.31e+01  0.2765919564 69847.404 1.05899999999999999993
1  6.61e+01  0.2765720266 69847.404 1.05899999999999999993
1  6.92e+01  0.2759555047 69847.404 1.05899999999999999993
1  7.24e+01  0.2760720627 69847.404 1.05899999999999999993
1  7.59e+01  0.2765254617 69847.404 1.05899999999999999993
1  7.94e+01  0.2765798972 69847.404 1.05899999999999999993
1  8.32e+01  0.276530857 69847.404 1.05899999999999999993
1  8.71e+01  0.2759688036 69847.404 1.05899999999999999993
1  9.12e+01  0.2768305048 69847.404 1.05899999999999999993
1  9.55e+01  0.2773622471 69847.404 1.05899999999999999993
1  1.00e+02  0.2768904676 69847.404 1.05899999999999999993
1  1.05e+02  0.2764361551 69847.404 1.05899999999999999993
1  1.10e+02  0.2762520307 69847.404 1.05899999999999999993
1  1.15e+02  0.2763714949 69847.404 1.05899999999999999993
1  1.20e+02  0.2764803083 69847.404 1.05899999999999999993
1  1.26e+02  0.2764307282 69847.404 1.05899999999999999993
1  1.32e+02  0.276221119 69847.404 1.05899999999999999993
1  1.38e+02  0.2768082361 69847.404 1.05899999999999999993
1  1.45e+02  0.2763684842 69847.404 1.05899999999999999993
1  1.51e+02  0.2768921386 69847.404 1.05899999999999999993
1  1.58e+02  0.2768784097 69847.404 1.05899999999999999993
1  1.66e+02  0.2763039882 69847.404 1.05899999999999999993
1  1.74e+02  0.276615244 69847.404 1.05899999999999999993
1  1.82e+02  0.2768663028 69847.404 1.05899999999999999993
1  1.91e+02  0.2762357785 69847.404 1.05899999999999999993
1  2.00e+02  0.2766495421 69847.404 1.05899999999999999993
1  2.09e+02  0.2767611583 69847.404 1.05899999999999999993
1  2.19e+02  0.2769617851 69847.404 1.05899999999999999993
1  2.29e+02  0.2770976015 69847.404 1.05899999999999999993
1  2.40e+02  0.2766804282 69847.404 1.05899999999999999993
1  2.51e+02  0.2763881653 69847.404 1.05899999999999999993
1  2.63e+02  0.2759152714 69847.404 1.05899999999999999993
1  2.75e+02  0.2764935802 69847.404 1.05899999999999999993
1  2.88e+02  0.2763643601 69847.404 1.05899999999999999993
1  3.02e+02  0.2772613957 69847.404 1.05899999999999999993
1  3.16e+02  0.2773318388 69847.404 1.05899999999999999993
1  3.31e+02  0.2768935775 69847.404 1.05899999999999999993
1  3.47e+02  0.2766262035 69847.404 1.05899999999999999993
1  3.63e+02  0.2773326633 69847.404 1.05899999999999999993
1  3.80e+02  0.2773632434 69847.404 1.05899999999999999993
1  3.98e+02  0.2773682051 69847.404 1.05899999999999999993
1  4.17e+02  0.2769131185 69847.404 1.05899999999999999993
1  4.37e+02  0.2764068199 69847.404 1.05899999999999999993
1  4.57e+02  0.2769149626 69847.404 1.05899999999999999993
1  4.79e+02  0.2779665266 69847.404 1.05899999999999999993
1  5.01e+02  0.2773244044 69847.404 1.05899999999999999993
1  5.25e+02  0.2768653281 69847.404 1.05899999999999999993
1  5.50e+02  0.2775657697 69847.404 1.05899999999999999993
1  5.75e+02  0.2764205103 69847.404 1.05899999999999999993
1  6.03e+02  0.2772045125 69847.404 1.05899999999999999993
1  6.31e+02  0.2761878836 69847.404 1.05899999999999999993
1  6.61e+02  0.2774874246 69847.404 1.05899999999999999993
1  6.92e+02  0.2761347559 69847.404 1.05899999999999999993
1  7.24e+02  0.2774139937 69847.404 1.05899999999999999993
1  7.59e+02  0.2768953824 69847.404 1.05899999999999999993
1  7.94e+02  0.2776416962 69847.404 1.05899999999999999993
1  8.32e+02  0.2765865101 69847.404 1.05899999999999999993
1  8.71e+02  0.2777153164 69847.404 1.05899999999999999993
1  9.12e+02  0.2770986474 69847.404 1.05899999999999999993
1  9.55e+02  0.2779827136 69847.404 1.05899999999999999993
1  1.00e+03  0.2768082357 69847.404 1.05899999999999999993
1  1.05e+03  0.2778907142 69847.404 1.05899999999999999993
1  1.10e+03  0.2808267598 69847.404 1.05899999999999999993
1  1.15e+03  0.2790756298 69847.404 1.05899999999999999993
1  1.20e+03  0.2789337668 69847.404 1.05899999999999999993
1  1.26e+03  0.2748255532 69847.404 1.05899999999999999993
1  1.32e+03  0.2734513713 69847.404 1.05899999999999999993
1  1.38e+03  0.2771327537 69847.404 1.05899999999999999993
1  1.45e+03  0.2819811847 69847.404 1.05899999999999999993
1  1.51e+03  0.2775590759 69847.404 1.05899999999999999993
1  1.58e+03  0.2835523355 69847.404 1.05899999999999999993
1  1.66e+03  0.2911499085 69847.404 1.05899999999999999993
1  1.74e+03  0.2865785732 69847.404 1.05899999999999999993
1  1.82e+03  0.270924263 69847.404 1.05899999999999999993
1  1.91e+03  0.261946477 69847.404 1.05899999999999999993
1  2.00e+03  0.2728321231 69847.404 1.05899999999999999993
1  2.09e+03  0.2673660029 69847.404 1.05899999999999999993
1  2.19e+03  0.2557199372 69847.404 1.05899999999999999993
1  2.29e+03  0.2637977204 69847.404 1.05899999999999999993
1  2.40e+03  0.2680120777 69847.404 1.05899999999999999993
1  2.51e+03  0.2763915689 69847.404 1.05899999999999999993
1  2.63e+03  0.323708987 69847.404 1.05899999999999999993
1  2.75e+03  0.3024761295 69847.404 1.05899999999999999993
1  2.88e+03  0.3227750861 69847.404 1.05899999999999999993
1  3.02e+03  0.2682888317 69847.404 1.05899999999999999993
1  3.16e+03  0.3015569507 69847.404 1.05899999999999999993
1  3.31e+03  0.3220538975 69847.404 1.05899999999999999993
1  3.47e+03  0.301781131 69847.404 1.05899999999999999993
1  3.63e+03  0.2890833893 69847.404 1.05899999999999999993
1  3.80e+03  0.2273762905 69847.404 1.05899999999999999993
1  3.98e+03  0.2076610144 69847.404 1.05899999999999999993
1  4.17e+03  0.2820143485 69847.404 1.05899999999999999993
1  4.37e+03  0.178445838 69847.404 1.05899999999999999993
1  4.57e+03  0.2692831788 69847.404 1.05899999999999999993
1  4.79e+03  0.1856999723 69847.404 1.05899999999999999993
1  5.01e+03  0.2167249841 69847.404 1.05899999999999999993
1  5.25e+03  0.2678298814 69847.404 1.05899999999999999993
1  5.50e+03  0.2761267314 69847.404 1.05899999999999999993
1  5.75e+03  0.3302427908 69847.404 1.05899999999999999993
1  6.03e+03  0.3079768828 69847.404 1.05899999999999999993
1  6.31e+03  0.3217170041 69847.404 1.05899999999999999993
1  6.61e+03  0.2382825775 69847.404 1.05899999999999999993
1  6.92e+03  0.2051538428 69847.404 1.05899999999999999993
1  7.24e+03  0.3224008966 69847.404 1.05899999999999999993
1  7.59e+03  0.3625277007 69847.404 1.05899999999999999993
1  7.94e+03  0.2537160163 69847.404 1.05899999999999999993
1  8.32e+03  0.3868147135 69847.404 1.05899999999999999993
1  8.71e+03  0.2498885174 69847.404 1.05899999999999999993
1  9.12e+03  0.3512143279 69847.404 1.05899999999999999993
1  9.55e+03  0.2955887499 69847.404 1.05899999999999999993
1  1.00e+04  0.2967692359 69847.404 1.05899999999999999993
1  1.05e+04  0.4064325503 69847.404 1.05899999999999999993
1  1.10e+04  0.4484117275 69847.404 1.05899999999999999993
1  1.15e+04  0.2381035276 69847.404 1.05899999999999999993
1  1.20e+04  0.2779585487 69847.404 1.05899999999999999993
1  1.26e+04  0.2661786476 69847.404 1.05899999999999999993
1  1.32e+04  0.3570568507 69847.404 1.05899999999999999993
1  1.38e+04  0.2448177761 69847.404 1.05899999999999999993
1  1.45e+04  0.3789767514 69847.404 1.05899999999999999993
1  1.51e+04  0.3217701241 69847.404 1.05899999999999999993
1  1.58e+04  0.2759801143 69847.404 1.05899999999999999993
1  1.66e+04  0.4076214377 69847.404 1.05899999999999999993
1  1.74e+04  0.3923294196 69847.404 1.05899999999999999993
1  1.82e+04  0.3837533641 69847.404 1.05899999999999999993
1  1.91e+04  0.2720406459 69847.404 1.05899999999999999993
1  2.00e+04  0.2975423986 69847.404 1.05899999999999999993
1  2.09e+04  0.2652776227 69847.404 1.05899999999999999993
1  2.19e+04  0.305524265 69847.404 1.05899999999999999993
1  2.29e+04  0.275033191 69847.404 1.05899999999999999993
1  2.40e+04  0.227326596 69847.404 1.05899999999999999993
1  2.51e+04  0.4015908354 69847.404 1.05899999999999999993
1  2.63e+04  0.5170702804 69847.404 1.05899999999999999993
1  2.75e+04  0.3403770763 69847.404 1.05899999999999999993
1  2.88e+04  0.4123166761 69847.404 1.05899999999999999993
1  3.02e+04  0.2687517463 69847.404 1.05899999999999999993
1  3.16e+04  0.5340247624 69847.404 1.05899999999999999993
1  3.31e+04  0.4522412759 69847.404 1.05899999999999999993
1  3.47e+04  0.2769744543 69847.404 1.05899999999999999993
1  3.63e+04  0.2827074043 69847.404 1.05899999999999999993
1  3.80e+04  0.4469524103 69847.404 1.05899999999999999993
1  3.98e+04  0.3397310427 69847.404 1.05899999999999999993
1  4.17e+04  0.5915400893 69847.404 1.05899999999999999993
1  4.37e+04  0.3603827335 69847.404 1.05899999999999999993
1  4.57e+04  0.4079057557 69847.404 1.05899999999999999993
1  4.79e+04  0.3608168373 69847.404 1.05899999999999999993
1  5.01e+04  0.2792640522 69847.404 1.05899999999999999993
1  5.25e+04  0.24153873 69847.404 1.05899999999999999993
1  5.50e+04  0.3883499973 69847.404 1.05899999999999999993
1  5.75e+04  0.4596058844 69847.404 1.05899999999999999993
1  6.03e+04  0.2678477369 69847.404 1.05899999999999999993
1  6.31e+04  0.580735435 69847.404 1.05899999999999999993
1  6.61e+04  0.5289255223 69847.404 1.05899999999999999993
1  6.92e+04  0.2664558459 69847.404 1.05899999999999999993
1  7.24e+04  0.4529771175 69847.404 1.05899999999999999993
1  7.59e+04  0.5039442568 69847.404 1.05899999999999999993
1  7.94e+04  0.2789102252 69847.404 1.05899999999999999993
1  8.32e+04  0.2340023991 69847.404 1.05899999999999999993
1  8.71e+04  0.3088593616 69847.404 1.05899999999999999993
1  9.12e+04  0.2838307645 69847.404 1.05899999999999999993
1  9.55e+04  0.2597623876 69847.404 1.05899999999999999993
1  1.00e+05  0.3085802129 69847.404 1.05899999999999999993
1  1.05e+05  0.3126497678 69847.404 1.05899999999999999993
1  1.10e+05  0.242854801 69847.404 1.05899999999999999993
1  1.15e+05  0.2279502966 69847.404 1.05899999999999999993
1  1.20e+05  0.329473442 69847.404 1.05899999999999999993
1  1.26e+05  0.4436408776 69847.404 1.05899999999999999993
1  1.32e+05  0.4491375398 69847.404 1.05899999999999999993
1  1.38e+05  0.3536304713 69847.404 1.05899999999999999993
1  1.45e+05  0.2667124079 69847.404 1.05899999999999999993
1  1.51e+05  0.2749784899 69847.404 1.05899999999999999993
1  1.58e+05  0.369260918 69847.404 1.05899999999999999993
1  1.66e+05  0.4726944041 69847.404 1.05899999999999999993
1  1.74e+05  0.5138867358 69847.404 1.05899999999999999993
1  1.82e+05  0.4747644517 69847.404 1.05899999999999999993
1  1.91e+05  0.3885780774 69847.404 1.05899999999999999993
1  2.00e+05  0.3071574775 69847.404 1.05899999999999999993
1  2.09e+05  0.2681789361 69847.404 1.05899999999999999993
1  2.19e+05  0.2805516143 69847.404 1.05899999999999999993
1  2.29e+05  0.3285967546 69847.404 1.05899999999999999993
1  2.40e+05  0.385845538 69847.404 1.05899999999999999993
1  2.51e+05  0.428608129 69847.404 1.05899999999999999993
1  2.63e+05  0.4437777881 69847.404 1.05899999999999999993
1  2.75e+05  0.4301064499 69847.404 1.05899999999999999993
1  2.88e+05  0.3950557032 69847.404 1.05899999999999999993
1  3.02e+05  0.3500295968 69847.404 1.05899999999999999993
1  3.16e+05  0.3061334361 69847.404 1.05899999999999999993
1  3.31e+05  0.2715046578 69847.404 1.05899999999999999993
1  3.47e+05  0.2503341849 69847.404 1.05899999999999999993
1  3.63e+05  0.2431653284 69847.404 1.05899999999999999993
1  3.80e+05  0.2478939683 69847.404 1.05899999999999999993
1  3.98e+05  0.26096522 69847.404 1.05899999999999999993
1  4.17e+05  0.2784318539 69847.404 1.05899999999999999993
1  4.37e+05  0.2967139958 69847.404 1.05899999999999999993
1  4.57e+05  0.3130313859 69847.404 1.05899999999999999993
1  4.79e+05  0.3255573398 69847.404 1.05899999999999999993
1  5.01e+05  0.3333756555 69847.404 1.05899999999999999993
1  5.25e+05  0.3363230394 69847.404 1.05899999999999999993
1  5.50e+05  0.334784674 69847.404 1.05899999999999999993
1  5.75e+05  0.3294900678 69847.404 1.05899999999999999993
1  6.03e+05  0.3213368458 69847.404 1.05899999999999999993
1  6.31e+05  0.3097118802 69847.404 1.05899999999999999993
1  6.61e+05  0.2972750792 69847.404 1.05899999999999999993
1  6.92e+05  0.2846647258 69847.404 1.05899999999999999993
1  7.24e+05  0.27260129 69847.404 1.05899999999999999993
1  7.59e+05  0.261600453 69847.404 1.05899999999999999993
1  7.94e+05  0.2519910063 69847.404 1.05899999999999999993
1  8.32e+05  0.2441330172 69847.404 1.05899999999999999993
1  8.71e+05  0.2376576218 69847.404 1.05899999999999999993
1  9.12e+05  0.2327453975 69847.404 1.05899999999999999993
1  9.55e+05  0.2292869903 69847.404 1.05899999999999999993
1  1.00e+06  0.2271331493 69847.404 1.05899999999999999993
1  1.05e+06  0.2261140437 69847.404 1.05899999999999999993
1  1.10e+06  0.2260538113 69847.404 1.05899999999999999993
1  1.15e+06  0.2267809152 69847.404 1.05899999999999999993
1  1.20e+06  0.2281350241 69847.404 1.05899999999999999993
1  1.26e+06  0.2299711409 69847.404 1.05899999999999999993
1  1.32e+06  0.2321616488 69847.404 1.05899999999999999993
1  1.38e+06  0.2345968493 69847.404 1.05899999999999999993
1  1.45e+06  0.2371844665 69847.404 1.05899999999999999993
1  1.51e+06  0.2398484853 69847.404 1.05899999999999999993
1  1.58e+06  0.2425276085 69847.404 1.05899999999999999993
1  1.66e+06  0.2451215257 69847.404 1.05899999999999999993
1  1.74e+06  0.2476978942 69847.404 1.05899999999999999993
1  1.82e+06  0.2501771295 69847.404 1.05899999999999999993
1  1.91e+06  0.2525395347 69847.404 1.05899999999999999993
1  2.00e+06  0.254771998 69847.404 1.05899999999999999993
1  2.09e+06  0.2568667376 69847.404 1.05899999999999999993
1  2.19e+06  0.2588202134 69847.404 1.05899999999999999993
1  2.29e+06  0.2606321996 69847.404 1.05899999999999999993
1  2.40e+06  0.262305004 69847.404 1.05899999999999999993
1  2.51e+06  0.2638428205 69847.404 1.05899999999999999993
1  2.63e+06  0.2652511986 69847.404 1.05899999999999999993
1  2.75e+06  0.2665366136 69847.404 1.05899999999999999993
1  2.88e+06  0.2677061231 69847.404 1.05899999999999999993
1  3.02e+06  0.2687670968 69847.404 1.05899999999999999993
1  3.16e+06  0.2697270065 69847.404 1.05899999999999999993
1  3.31e+06  0.2705726414 69847.404 1.05899999999999999993
1  3.47e+06  0.2713542342 69847.404 1.05899999999999999993
1  3.63e+06  0.2720562641 69847.404 1.05899999999999999993
1  3.80e+06  0.2726853867 69847.404 1.05899999999999999993
1  3.98e+06  0.2732478982 69847.404 1.05899999999999999993
1  4.17e+06  0.2737497126 69847.404 1.05899999999999999993
1  4.37e+06  0.274196352 69847.404 1.05899999999999999993
1  4.57e+06  0.2745929463 69847.404 1.05899999999999999993
1  4.79e+06  0.2749442411 69847.404 1.05899999999999999993
1  5.01e+06  0.2752546092 69847.404 1.05899999999999999993
1  5.25e+06  0.2755280671 69847.404 1.05899999999999999993
1  5.50e+06  0.2757682932 69847.404 1.05899999999999999993
1  5.75e+06  0.275978648 69847.404 1.05899999999999999993
1  6.03e+06  0.2761621939 69847.404 1.05899999999999999993
1  6.31e+06  0.2763217169 69847.404 1.05899999999999999993
1  6.61e+06  0.2764547653 69847.404 1.05899999999999999993
1  6.92e+06  0.2765740626 69847.404 1.05899999999999999993
1  7.24e+06  0.2766761896 69847.404 1.05899999999999999993
1  7.59e+06  0.2767630246 69847.404 1.05899999999999999993
1  7.94e+06  0.276836263 69847.404 1.05899999999999999993
1  8.32e+06  0.2768974333 69847.404 1.05899999999999999993
1  8.71e+06  0.2769479114 69847.404 1.05899999999999999993
1  9.12e+06  0.2769889348 69847.404 1.05899999999999999993
1  9.55e+06  0.2770216154 69847.404 1.05899999999999999993
1  1.00e+07  0.2770469507 69847.404 1.05899999999999999993
