1  1.00e-03  0.4495007851 -10.624319999999999 1.00799999999999999995
1  1.05e-03  0.4495007893 -10.624319999999999 1.00799999999999999995
1  1.10e-03  0.4495007881 -10.624319999999999 1.00799999999999999995
1  1.15e-03  0.4495007945 -10.624319999999999 1.00799999999999999995
1  1.20e-03  0.4495007896 -10.624319999999999 1.00799999999999999995
1  1.26e-03  0.4495007945 -10.624319999999999 1.00799999999999999995
1  1.32e-03  0.4495007918 -10.624319999999999 1.00799999999999999995
1  1.38e-03  0.4495007924 -10.624319999999999 1.00799999999999999995
1  1.45e-03  0.4495007942 -10.624319999999999 1.00799999999999999995
1  1.51e-03  0.4495007921 -10.624319999999999 1.00799999999999999995
1  1.58e-03  0.4495007919 -10.624319999999999 1.00799999999999999995
1  1.66e-03  0.449500793 -10.624319999999999 1.00799999999999999995
1  1.74e-03  0.449500792 -10.624319999999999 1.00799999999999999995
1  1.82e-03  0.4495007955 -10.624319999999999 1.00799999999999999995
1  1.91e-03  0.449500787 -10.624319999999999 1.00799999999999999995
1  2.00e-03  0.4495007963 -10.624319999999999 1.00799999999999999995
1  2.09e-03  0.4495007915 -10.624319999999999 1.00799999999999999995
1  2.19e-03  0.4495007917 -10.624319999999999 1.00799999999999999995
1  2.29e-03  0.4495007923 -10.624319999999999 1.00799999999999999995
1  2.40e-03  0.4495007869 -10.624319999999999 1.00799999999999999995
1  2.51e-03  0.4495007919 -10.624319999999999 1.00799999999999999995
1  2.63e-03  0.449500793 -10.624319999999999 1.00799999999999999995
1  2.75e-03  0.4495007908 -10.624319999999999 1.00799999999999999995
1  2.88e-03  0.4495007944 -10.624319999999999 1.00799999999999999995
1  3.02e-03  0.4495007913 -10.624319999999999 1.00799999999999999995
1  3.16e-03  0.4495007895 -10.624319999999999 1.00799999999999999995
1  3.31e-03  0.4495007966 -10.624319999999999 1.00799999999999999995
1  3.47e-03  0.4495007931 -10.624319999999999 1.00799999999999999995
1  3.63e-03  0.4495007954 -10.624319999999999 1.00799999999999999995
1  3.80e-03  0.4495007945 -10.624319999999999 1.00799999999999999995
1  3.98e-03  0.4495007909 -10.624319999999999 1.00799999999999999995
1  4.17e-03  0.4495007914 -10.624319999999999 1.00799999999999999995
1  4.37e-03  0.4495007903 -10.624319999999999 1.00799999999999999995
1  4.57e-03  0.4495007878 -10.624319999999999 1.00799999999999999995
1  4.79e-03  0.4495007935 -10.624319999999999 1.00799999999999999995
1  5.01e-03  0.4495007887 -10.624319999999999 1.00799999999999999995
1  5.25e-03  0.44950079 -10.624319999999999 1.00799999999999999995
1  5.50e-03  0.449500792 -10.624319999999999 1.00799999999999999995
1  5.75e-03  0.4495007883 -10.624319999999999 1.00799999999999999995
1  6.03e-03  0.4495007854 -10.624319999999999 1.00799999999999999995
1  6.31e-03  0.4495007878 -10.624319999999999 1.00799999999999999995
1  6.61e-03  0.4495007903 -10.624319999999999 1.00799999999999999995
1  6.92e-03  0.4495007921 -10.624319999999999 1.00799999999999999995
1  7.24e-03  0.4495007903 -10.624319999999999 1.00799999999999999995
1  7.59e-03  0.4495007896 -10.624319999999999 1.00799999999999999995
1  7.94e-03  0.4495007877 -10.624319999999999 1.00799999999999999995
1  8.32e-03  0.449500788 -10.624319999999999 1.00799999999999999995
1  8.71e-03  0.4495007819 -10.624319999999999 1.00799999999999999995
1  9.12e-03  0.4495007874 -10.624319999999999 1.00799999999999999995
1  9.55e-03  0.4495007874 -10.624319999999999 1.00799999999999999995
1  1.00e-02  0.4495007801 -10.624319999999999 1.00799999999999999995
1  1.05e-02  0.4495007763 -10.624319999999999 1.00799999999999999995
1  1.10e-02  0.4495007863 -10.624319999999999 1.00799999999999999995
1  1.15e-02  0.4495007744 -10.624319999999999 1.00799999999999999995
1  1.20e-02  0.4495007725 -10.624319999999999 1.00799999999999999995
1  1.26e-02  0.4495007822 -10.624319999999999 1.00799999999999999995
1  1.32e-02  0.4495007765 -10.624319999999999 1.00799999999999999995
1  1.38e-02  0.4495007732 -10.624319999999999 1.00799999999999999995
1  1.45e-02  0.4495007755 -10.624319999999999 1.00799999999999999995
1  1.51e-02  0.4495007759 -10.624319999999999 1.00799999999999999995
1  1.58e-02  0.4495007689 -10.624319999999999 1.00799999999999999995
1  1.66e-02  0.4495007688 -10.624319999999999 1.00799999999999999995
1  1.74e-02  0.4495007791 -10.624319999999999 1.00799999999999999995
1  1.82e-02  0.4495007683 -10.624319999999999 1.00799999999999999995
1  1.91e-02  0.4495007832 -10.624319999999999 1.00799999999999999995
1  2.00e-02  0.449500784 -10.624319999999999 1.00799999999999999995
1  2.09e-02  0.4495007656 -10.624319999999999 1.00799999999999999995
1  2.19e-02  0.4495007753 -10.624319999999999 1.00799999999999999995
1  2.29e-02  0.4495008058 -10.624319999999999 1.00799999999999999995
1  2.40e-02  0.4495007843 -10.624319999999999 1.00799999999999999995
1  2.51e-02  0.4495006955 -10.624319999999999 1.00799999999999999995
1  2.63e-02  0.4495007098 -10.624319999999999 1.00799999999999999995
1  2.75e-02  0.4495006973 -10.624319999999999 1.00799999999999999995
1  2.88e-02  0.4495006876 -10.624319999999999 1.00799999999999999995
1  3.02e-02  0.4495007447 -10.624319999999999 1.00799999999999999995
1  3.16e-02  0.4495007157 -10.624319999999999 1.00799999999999999995
1  3.31e-02  0.4495007207 -10.624319999999999 1.00799999999999999995
1  3.47e-02  0.4495007228 -10.624319999999999 1.00799999999999999995
1  3.63e-02  0.4495007557 -10.624319999999999 1.00799999999999999995
1  3.80e-02  0.4495007601 -10.624319999999999 1.00799999999999999995
1  3.98e-02  0.4495007298 -10.624319999999999 1.00799999999999999995
1  4.17e-02  0.4495007419 -10.624319999999999 1.00799999999999999995
1  4.37e-02  0.4495004654 -10.624319999999999 1.00799999999999999995
1  4.57e-02  0.4495006115 -10.624319999999999 1.00799999999999999995
1  4.79e-02  0.4494997208 -10.624319999999999 1.00799999999999999995
1  5.01e-02  0.4494985085 -10.624319999999999 1.00799999999999999995
1  5.25e-02  0.4495006787 -10.624319999999999 1.00799999999999999995
1  5.50e-02  0.4495006519 -10.624319999999999 1.00799999999999999995
1  5.75e-02  0.4495006525 -10.624319999999999 1.00799999999999999995
1  6.03e-02  0.4495007116 -10.624319999999999 1.00799999999999999995
1  6.31e-02  0.4495006657 -10.624319999999999 1.00799999999999999995
1  6.61e-02  0.4495006621 -10.624319999999999 1.00799999999999999995
1  6.92e-02  0.4495007193 -10.624319999999999 1.00799999999999999995
1  7.24e-02  0.4495006237 -10.624319999999999 1.00799999999999999995
1  7.59e-02  0.4495007548 -10.624319999999999 1.00799999999999999995
1  7.94e-02  0.4495008536 -10.624319999999999 1.00799999999999999995
1  8.32e-02  0.4495007484 -10.624319999999999 1.00799999999999999995
1  8.71e-02  0.4495004807 -10.624319999999999 1.00799999999999999995
1  9.12e-02  0.4495007346 -10.624319999999999 1.00799999999999999995
1  9.55e-02  0.4495003439 -10.624319999999999 1.00799999999999999995
1  1.00e-01  0.4495005161 -10.624319999999999 1.00799999999999999995
1  1.05e-01  0.4495003003 -10.624319999999999 1.00799999999999999995
1  1.10e-01  0.4495002601 -10.624319999999999 1.00799999999999999995
1  1.15e-01  0.4495005693 -10.624319999999999 1.00799999999999999995
1  1.20e-01  0.4495006838 -10.624319999999999 1.00799999999999999995
1  1.26e-01  0.4495006509 -10.624319999999999 1.00799999999999999995
1  1.32e-01  0.4495005715 -10.624319999999999 1.00799999999999999995
1  1.38e-01  0.4495006463 -10.624319999999999 1.00799999999999999995
1  1.45e-01  0.4495006728 -10.624319999999999 1.00799999999999999995
1  1.51e-01  0.4495006579 -10.624319999999999 1.00799999999999999995
1  1.58e-01  0.4495006506 -10.624319999999999 1.00799999999999999995
1  1.66e-01  0.449499633 -10.624319999999999 1.00799999999999999995
1  1.74e-01  0.4495007248 -10.624319999999999 1.00799999999999999995
1  1.82e-01  0.4495007598 -10.624319999999999 1.00799999999999999995
1  1.91e-01  0.4495006629 -10.624319999999999 1.00799999999999999995
1  2.00e-01  0.4494994793 -10.624319999999999 1.00799999999999999995
1  2.09e-01  0.4495004574 -10.624319999999999 1.00799999999999999995
1  2.19e-01  0.4495005432 -10.624319999999999 1.00799999999999999995
1  2.29e-01  0.4495006907 -10.624319999999999 1.00799999999999999995
1  2.40e-01  0.4495022837 -10.624319999999999 1.00799999999999999995
1  2.51e-01  0.4495004906 -10.624319999999999 1.00799999999999999995
1  2.63e-01  0.4495007447 -10.624319999999999 1.00799999999999999995
1  2.75e-01  0.4495006643 -10.624319999999999 1.00799999999999999995
1  2.88e-01  0.4495006519 -10.624319999999999 1.00799999999999999995
1  3.02e-01  0.4495006344 -10.624319999999999 1.00799999999999999995
1  3.16e-01  0.4494995728 -10.624319999999999 1.00799999999999999995
1  3.31e-01  0.4495004897 -10.624319999999999 1.00799999999999999995
1  3.47e-01  0.4495005828 -10.624319999999999 1.00799999999999999995
1  3.63e-01  0.4495004672 -10.624319999999999 1.00799999999999999995
1  3.80e-01  0.4495003771 -10.624319999999999 1.00799999999999999995
1  3.98e-01  0.4495006177 -10.624319999999999 1.00799999999999999995
1  4.17e-01  0.4495003128 -10.624319999999999 1.00799999999999999995
1  4.37e-01  0.4495006876 -10.624319999999999 1.00799999999999999995
1  4.57e-01  0.4494996578 -10.624319999999999 1.00799999999999999995
1  4.79e-01  0.4495006362 -10.624319999999999 1.00799999999999999995
1  5.01e-01  0.4495006784 -10.624319999999999 1.00799999999999999995
1  5.25e-01  0.4495006884 -10.624319999999999 1.00799999999999999995
1  5.50e-01  0.4495005447 -10.624319999999999 1.00799999999999999995
1  5.75e-01  0.4495023391 -10.624319999999999 1.00799999999999999995
1  6.03e-01  0.4494995034 -10.624319999999999 1.00799999999999999995
1  6.31e-01  0.4494933953 -10.624319999999999 1.00799999999999999995
1  6.61e-01  0.4494999579 -10.624319999999999 1.00799999999999999995
1  6.92e-01  0.4495003546 -10.624319999999999 1.00799999999999999995
1  7.24e-01  0.4494997469 -10.624319999999999 1.00799999999999999995
1  7.59e-01  0.4494990592 -10.624319999999999 1.00799999999999999995
1  7.94e-01  0.4495001324 -10.624319999999999 1.00799999999999999995
1  8.32e-01  0.4495006998 -10.624319999999999 1.00799999999999999995
1  8.71e-01  0.4495016243 -10.624319999999999 1.00799999999999999995
1  9.12e-01  0.4494999416 -10.624319999999999 1.00799999999999999995
1  9.55e-01  0.4495004686 -10.624319999999999 1.00799999999999999995
1  1.00e+00  0.4494996133 -10.624319999999999 1.00799999999999999995
1  1.05e+00  0.449497903 -10.624319999999999 1.00799999999999999995
1  1.10e+00  0.4494998111 -10.624319999999999 1.00799999999999999995
1  1.15e+00  0.4494997483 -10.624319999999999 1.00799999999999999995
1  1.20e+00  0.4494995565 -10.624319999999999 1.00799999999999999995
1  1.26e+00  0.4494993342 -10.624319999999999 1.00799999999999999995
1  1.32e+00  0.4494876239 -10.624319999999999 1.00799999999999999995
1  1.38e+00  0.4494995072 -10.624319999999999 1.00799999999999999995
1  1.45e+00  0.4495192831 -10.624319999999999 1.00799999999999999995
1  1.51e+00  0.4494993919 -10.624319999999999 1.00799999999999999995
1  1.58e+00  0.4495096131 -10.624319999999999 1.00799999999999999995
1  1.66e+00  0.4495000315 -10.624319999999999 1.00799999999999999995
1  1.74e+00  0.4495006577 -10.624319999999999 1.00799999999999999995
1  1.82e+00  0.4494995056 -10.624319999999999 1.00799999999999999995
1  1.91e+00  0.4494988676 -10.624319999999999 1.00799999999999999995
1  2.00e+00  0.4495005263 -10.624319999999999 1.00799999999999999995
1  2.09e+00  0.4494951263 -10.624319999999999 1.00799999999999999995
1  2.19e+00  0.4495003429 -10.624319999999999 1.00799999999999999995
1  2.29e+00  0.4494992075 -10.624319999999999 1.00799999999999999995
1  2.40e+00  0.4494976982 -10.624319999999999 1.00799999999999999995
1  2.51e+00  0.4494988629 -10.624319999999999 1.00799999999999999995
1  2.63e+00  0.4494977595 -10.624319999999999 1.00799999999999999995
1  2.75e+00  0.4494955363 -10.624319999999999 1.00799999999999999995
1  2.88e+00  0.4494978091 -10.624319999999999 1.00799999999999999995
1  3.02e+00  0.4495041074 -10.624319999999999 1.00799999999999999995
1  3.16e+00  0.4494907478 -10.624319999999999 1.00799999999999999995
1  3.31e+00  0.4495221516 -10.624319999999999 1.00799999999999999995
1  3.47e+00  0.4495008722 -10.624319999999999 1.00799999999999999995
1  3.63e+00  0.4495354769 -10.624319999999999 1.00799999999999999995
1  3.80e+00  0.4495004553 -10.624319999999999 1.00799999999999999995
1  3.98e+00  0.4494971481 -10.624319999999999 1.00799999999999999995
1  4.17e+00  0.4494970163 -10.624319999999999 1.00799999999999999995
1  4.37e+00  0.4495004402 -10.624319999999999 1.00799999999999999995
1  4.57e+00  0.4494997456 -10.624319999999999 1.00799999999999999995
1  4.79e+00  0.4494994866 -10.624319999999999 1.00799999999999999995
1  5.01e+00  0.4494976785 -10.624319999999999 1.00799999999999999995
1  5.25e+00  0.4494993347 -10.624319999999999 1.00799999999999999995
1  5.50e+00  0.449521307 -10.624319999999999 1.00799999999999999995
1  5.75e+00  0.4495871546 -10.624319999999999 1.00799999999999999995
1  6.03e+00  0.4495116966 -10.624319999999999 1.00799999999999999995
1  6.31e+00  0.4494994092 -10.624319999999999 1.00799999999999999995
1  6.61e+00  0.4494819806 -10.624319999999999 1.00799999999999999995
1  6.92e+00  0.4494928486 -10.624319999999999 1.00799999999999999995
1  7.24e+00  0.4494963077 -10.624319999999999 1.00799999999999999995
1  7.59e+00  0.4494955512 -10.624319999999999 1.00799999999999999995
1  7.94e+00  0.4494868468 -10.624319999999999 1.00799999999999999995
1  8.32e+00  0.4494895065 -10.624319999999999 1.00799999999999999995
1  8.71e+00  0.4494915471 -10.624319999999999 1.00799999999999999995
1  9.12e+00  0.449496069 -10.624319999999999 1.00799999999999999995
1  9.55e+00  0.4494932913 -10.624319999999999 1.00799999999999999995
1  1.00e+01  0.4494888418 -10.624319999999999 1.00799999999999999995
1  1.05e+01  0.449494143 -10.624319999999999 1.00799999999999999995
1  1.10e+01  0.4493201925 -10.624319999999999 1.00799999999999999995
1  1.15e+01  0.4495395305 -10.624319999999999 1.00799999999999999995
1  1.20e+01  0.4494913846 -10.624319999999999 1.00799999999999999995
1  1.26e+01  0.44952992 -10.624319999999999 1.00799999999999999995
1  1.32e+01  0.4494910247 -10.624319999999999 1.00799999999999999995
1  1.38e+01  0.4494892042 -10.624319999999999 1.00799999999999999995
1  1.45e+01  0.4495307292 -10.624319999999999 1.00799999999999999995
1  1.51e+01  0.4494849179 -10.624319999999999 1.00799999999999999995
1  1.58e+01  0.4494797543 -10.624319999999999 1.00799999999999999995
1  1.66e+01  0.4494834128 -10.624319999999999 1.00799999999999999995
1  1.74e+01  0.4500883718 -10.624319999999999 1.00799999999999999995
1  1.82e+01  0.4490331082 -10.624319999999999 1.00799999999999999995
1  1.91e+01  0.4494913841 -10.624319999999999 1.00799999999999999995
1  2.00e+01  0.4494737552 -10.624319999999999 1.00799999999999999995
1  2.09e+01  0.4499436731 -10.624319999999999 1.00799999999999999995
1  2.19e+01  0.4503093543 -10.624319999999999 1.00799999999999999995
1  2.29e+01  0.4492674967 -10.624319999999999 1.00799999999999999995
1  2.40e+01  0.449768461 -10.624319999999999 1.00799999999999999995
1  2.51e+01  0.4497431172 -10.624319999999999 1.00799999999999999995
1  2.63e+01  0.449715823 -10.624319999999999 1.00799999999999999995
1  2.75e+01  0.4494983773 -10.624319999999999 1.00799999999999999995
1  2.88e+01  0.4493135291 -10.624319999999999 1.00799999999999999995
1  3.02e+01  0.4491904669 -10.624319999999999 1.00799999999999999995
1  3.16e+01  0.4491646315 -10.624319999999999 1.00799999999999999995
1  3.31e+01  0.4493346356 -10.624319999999999 1.00799999999999999995
1  3.47e+01  0.448949571 -10.624319999999999 1.00799999999999999995
1  3.63e+01  0.4499971668 -10.624319999999999 1.00799999999999999995
1  3.80e+01  0.4494273918 -10.624319999999999 1.00799999999999999995
1  3.98e+01  0.4497123476 -10.624319999999999 1.00799999999999999995
1  4.17e+01  0.4497333256 -10.624319999999999 1.00799999999999999995
1  4.37e+01  0.4494548075 -10.624319999999999 1.00799999999999999995
1  4.57e+01  0.449959287 -10.624319999999999 1.00799999999999999995
1  4.79e+01  0.4491694248 -10.624319999999999 1.00799999999999999995
1  5.01e+01  0.4494884959 -10.624319999999999 1.00799999999999999995
1  5.25e+01  0.4494523012 -10.624319999999999 1.00799999999999999995
1  5.50e+01  0.4493815263 -10.624319999999999 1.00799999999999999995
1  5.75e+01  0.4492704422 -10.624319999999999 1.00799999999999999995
1  6.03e+01  0.449945506 -10.624319999999999 1.00799999999999999995
1  6.31e+01  0.4496143228 -10.624319999999999 1.00799999999999999995
1  6.61e+01  0.4494938044 -10.624319999999999 1.00799999999999999995
1  6.92e+01  0.4493953085 -10.624319999999999 1.00799999999999999995
1  7.24e+01  0.4494178908 -10.624319999999999 1.00799999999999999995
1  7.59e+01  0.4495832655 -10.624319999999999 1.00799999999999999995
1  7.94e+01  0.4492784814 -10.624319999999999 1.00799999999999999995
1  8.32e+01  0.4493927646 -10.624319999999999 1.00799999999999999995
1  8.71e+01  0.4494575749 -10.624319999999999 1.00799999999999999995
1  9.12e+01  0.4494225344 -10.624319999999999 1.00799999999999999995
1  9.55e+01  0.4500600089 -10.624319999999999 1.00799999999999999995
1  1.00e+02  0.4493719681 -10.624319999999999 1.00799999999999999995
1  1.05e+02  0.449507524 -10.624319999999999 1.00799999999999999995
1  1.10e+02  0.4494650575 -10.624319999999999 1.00799999999999999995
1  1.15e+02  0.4494352166 -10.624319999999999 1.00799999999999999995
1  1.20e+02  0.4493976827 -10.624319999999999 1.00799999999999999995
1  1.26e+02  0.4496908548 -10.624319999999999 1.00799999999999999995
1  1.32e+02  0.4493876167 -10.624319999999999 1.00799999999999999995
1  1.38e+02  0.4493616092 -10.624319999999999 1.00799999999999999995
1  1.45e+02  0.4494484201 -10.624319999999999 1.00799999999999999995
1  1.51e+02  0.4493258083 -10.624319999999999 1.00799999999999999995
1  1.58e+02  0.4494496915 -10.624319999999999 1.00799999999999999995
1  1.66e+02  0.4492925208 -10.624319999999999 1.00799999999999999995
1  1.74e+02  0.4493693894 -10.624319999999999 1.00799999999999999995
1  1.82e+02  0.4493423309 -10.624319999999999 1.00799999999999999995
1  1.91e+02  0.4492883917 -10.624319999999999 1.00799999999999999995
1  2.00e+02  0.4493598795 -10.624319999999999 1.00799999999999999995
1  2.09e+02  0.4490918926 -10.624319999999999 1.00799999999999999995
1  2.19e+02  0.4491679124 -10.624319999999999 1.00799999999999999995
1  2.29e+02  0.449389763 -10.624319999999999 1.00799999999999999995
1  2.40e+02  0.4495259965 -10.624319999999999 1.00799999999999999995
1  2.51e+02  0.4494250031 -10.624319999999999 1.00799999999999999995
1  2.63e+02  0.4493702141 -10.624319999999999 1.00799999999999999995
1  2.75e+02  0.449650433 -10.624319999999999 1.00799999999999999995
1  2.88e+02  0.4493625791 -10.624319999999999 1.00799999999999999995
1  3.02e+02  0.4494797899 -10.624319999999999 1.00799999999999999995
1  3.16e+02  0.4492277985 -10.624319999999999 1.00799999999999999995
1  3.31e+02  0.4497202481 -10.624319999999999 1.00799999999999999995
1  3.47e+02  0.449195026 -10.624319999999999 1.00799999999999999995
1  3.63e+02  0.4494011597 -10.624319999999999 1.00799999999999999995
1  3.80e+02  0.44918724 -10.624319999999999 1.00799999999999999995
1  3.98e+02  0.4494491968 -10.624319999999999 1.00799999999999999995
1  4.17e+02  0.4494991986 -10.624319999999999 1.00799999999999999995
1  4.37e+02  0.449296348 -10.624319999999999 1.00799999999999999995
1  4.57e+02  0.4492714768 -10.624319999999999 1.00799999999999999995
1  4.79e+02  0.4489136419 -10.624319999999999 1.00799999999999999995
1  5.01e+02  0.4488678361 -10.624319999999999 1.00799999999999999995
1  5.25e+02  0.449588284 -10.624319999999999 1.00799999999999999995
1  5.50e+02  0.4489971931 -10.624319999999999 1.00799999999999999995
1  5.75e+02  0.4489980419 -10.624319999999999 1.00799999999999999995
1  6.03e+02  0.4489252113 -10.624319999999999 1.00799999999999999995
1  6.31e+02  0.449519243 -10.624319999999999 1.00799999999999999995
1  6.61e+02  0.4486499327 -10.624319999999999 1.00799999999999999995
1  6.92e+02  0.4488063671 -10.624319999999999 1.00799999999999999995
1  7.24e+02  0.4488437323 -10.624319999999999 1.00799999999999999995
1  7.59e+02  0.4494613626 -10.624319999999999 1.00799999999999999995
1  7.94e+02  0.448512856 -10.624319999999999 1.00799999999999999995
1  8.32e+02  0.4484419153 -10.624319999999999 1.00799999999999999995
1  8.71e+02  0.4489202512 -10.624319999999999 1.00799999999999999995
1  9.12e+02  0.4492252303 -10.624319999999999 1.00799999999999999995
1  9.55e+02  0.4477954109 -10.624319999999999 1.00799999999999999995
1  1.00e+03  0.4492695618 -10.624319999999999 1.00799999999999999995
1  1.05e+03  0.4498270837 -10.624319999999999 1.00799999999999999995
1  1.10e+03  0.4496884946 -10.624319999999999 1.00799999999999999995
1  1.15e+03  0.4468228669 -10.624319999999999 1.00799999999999999995
1  1.20e+03  0.4472861837 -10.624319999999999 1.00799999999999999995
1  1.26e+03  0.4491332187 -10.624319999999999 1.00799999999999999995
1  1.32e+03  0.449631949 -10.624319999999999 1.00799999999999999995
1  1.38e+03  0.4507133921 -10.624319999999999 1.00799999999999999995
1  1.45e+03  0.44921962 -10.624319999999999 1.00799999999999999995
1  1.51e+03  0.4498627761 -10.624319999999999 1.00799999999999999995
1  1.58e+03  0.4429737867 -10.624319999999999 1.00799999999999999995
1  1.66e+03  0.4414619992 -10.624319999999999 1.00799999999999999995
1  1.74e+03  0.4464502338 -10.624319999999999 1.00799999999999999995
1  1.82e+03  0.4535975086 -10.624319999999999 1.00799999999999999995
1  1.91e+03  0.4476978142 -10.624319999999999 1.00799999999999999995
1  2.00e+03  0.4583453801 -10.624319999999999 1.00799999999999999995
1  2.09e+03  0.4570232832 -10.624319999999999 1.00799999999999999995
1  2.19e+03  0.4480496278 -10.624319999999999 1.00799999999999999995
1  2.29e+03  0.443929655 -10.624319999999999 1.00799999999999999995
1  2.40e+03  0.4465175806 -10.624319999999999 1.00799999999999999995
1  2.51e+03  0.453700341 -10.624319999999999 1.00799999999999999995
1  2.63e+03  0.4202015348 -10.624319999999999 1.00799999999999999995
1  2.75e+03  0.4472429782 -10.624319999999999 1.00799999999999999995
1  2.88e+03  0.4123837865 -10.624319999999999 1.00799999999999999995
1  3.02e+03  0.4317160419 -10.624319999999999 1.00799999999999999995
1  3.16e+03  0.4514155217 -10.624319999999999 1.00799999999999999995
1  3.31e+03  0.4572672088 -10.624319999999999 1.00799999999999999995
1  3.47e+03  0.4558751867 -10.624319999999999 1.00799999999999999995
1  3.63e+03  0.449000109 -10.624319999999999 1.00799999999999999995
1  3.80e+03  0.419862572 -10.624319999999999 1.00799999999999999995
1  3.98e+03  0.4678822106 -10.624319999999999 1.00799999999999999995
1  4.17e+03  0.4636677822 -10.624319999999999 1.00799999999999999995
1  4.37e+03  0.4639842129 -10.624319999999999 1.00799999999999999995
1  4.57e+03  0.471294416 -10.624319999999999 1.00799999999999999995
1  4.79e+03  0.4567865705 -10.624319999999999 1.00799999999999999995
1  5.01e+03  0.4534756835 -10.624319999999999 1.00799999999999999995
1  5.25e+03  0.4337722497 -10.624319999999999 1.00799999999999999995
1  5.50e+03  0.4542300737 -10.624319999999999 1.00799999999999999995
1  5.75e+03  0.413173501 -10.624319999999999 1.00799999999999999995
1  6.03e+03  0.4246223813 -10.624319999999999 1.00799999999999999995
1  6.31e+03  0.4056143871 -10.624319999999999 1.00799999999999999995
1  6.61e+03  0.4718940156 -10.624319999999999 1.00799999999999999995
1  6.92e+03  0.4258596204 -10.624319999999999 1.00799999999999999995
1  7.24e+03  0.3949595994 -10.624319999999999 1.00799999999999999995
1  7.59e+03  0.3656258358 -10.624319999999999 1.00799999999999999995
1  7.94e+03  0.4477109822 -10.624319999999999 1.00799999999999999995
1  8.32e+03  0.3403212483 -10.624319999999999 1.00799999999999999995
1  8.71e+03  0.3941677288 -10.624319999999999 1.00799999999999999995
1  9.12e+03  0.4318184 -10.624319999999999 1.00799999999999999995
1  9.55e+03  0.3562211984 -10.624319999999999 1.00799999999999999995
1  1.00e+04  0.4264818894 -10.624319999999999 1.00799999999999999995
1  1.05e+04  0.4078108886 -10.624319999999999 1.00799999999999999995
1  1.10e+04  0.3987385736 -10.624319999999999 1.00799999999999999995
1  1.15e+04  0.3812663827 -10.624319999999999 1.00799999999999999995
1  1.20e+04  0.3263736901 -10.624319999999999 1.00799999999999999995
1  1.26e+04  0.3170061873 -10.624319999999999 1.00799999999999999995
1  1.32e+04  0.3911458687 -10.624319999999999 1.00799999999999999995
1  1.38e+04  0.326625764 -10.624319999999999 1.00799999999999999995
1  1.45e+04  0.367294983 -10.624319999999999 1.00799999999999999995
1  1.51e+04  0.3506561057 -10.624319999999999 1.00799999999999999995
1  1.58e+04  0.2611651496 -10.624319999999999 1.00799999999999999995
1  1.66e+04  0.4616815054 -10.624319999999999 1.00799999999999999995
1  1.74e+04  0.265927497 -10.624319999999999 1.00799999999999999995
1  1.82e+04  0.2990219969 -10.624319999999999 1.00799999999999999995
1  1.91e+04  0.3370405287 -10.624319999999999 1.00799999999999999995
1  2.00e+04  0.23897792 -10.624319999999999 1.00799999999999999995
1  2.09e+04  0.3031647741 -10.624319999999999 1.00799999999999999995
1  2.19e+04  0.3231869434 -10.624319999999999 1.00799999999999999995
1  2.29e+04  0.3024642037 -10.624319999999999 1.00799999999999999995
1  2.40e+04  0.1745665362 -10.624319999999999 1.00799999999999999995
1  2.51e+04  0.268851419 -10.624319999999999 1.00799999999999999995
1  2.63e+04  0.3739566673 -10.624319999999999 1.00799999999999999995
1  2.75e+04  0.3867230929 -10.624319999999999 1.00799999999999999995
1  2.88e+04  0.2921116399 -10.624319999999999 1.00799999999999999995
1  3.02e+04  0.1925604718 -10.624319999999999 1.00799999999999999995
1  3.16e+04  0.4272104389 -10.624319999999999 1.00799999999999999995
1  3.31e+04  0.3754041362 -10.624319999999999 1.00799999999999999995
1  3.47e+04  0.2662493968 -10.624319999999999 1.00799999999999999995
1  3.63e+04  0.296818744 -10.624319999999999 1.00799999999999999995
1  3.80e+04  0.2412712557 -10.624319999999999 1.00799999999999999995
1  3.98e+04  0.2824649557 -10.624319999999999 1.00799999999999999995
1  4.17e+04  0.3618948448 -10.624319999999999 1.00799999999999999995
1  4.37e+04  0.4048464479 -10.624319999999999 1.00799999999999999995
1  4.57e+04  0.4048497157 -10.624319999999999 1.00799999999999999995
1  4.79e+04  0.1960917134 -10.624319999999999 1.00799999999999999995
1  5.01e+04  0.413757868 -10.624319999999999 1.00799999999999999995
1  5.25e+04  0.216804908 -10.624319999999999 1.00799999999999999995
1  5.50e+04  0.1610482559 -10.624319999999999 1.00799999999999999995
1  5.75e+04  0.4108436676 -10.624319999999999 1.00799999999999999995
1  6.03e+04  0.2264007443 -10.624319999999999 1.00799999999999999995
1  6.31e+04  0.3223129597 -10.624319999999999 1.00799999999999999995
1  6.61e+04  0.4528152476 -10.624319999999999 1.00799999999999999995
1  6.92e+04  0.3909518012 -10.624319999999999 1.00799999999999999995
1  7.24e+04  0.3996550562 -10.624319999999999 1.00799999999999999995
1  7.59e+04  0.3592981777 -10.624319999999999 1.00799999999999999995
1  7.94e+04  0.3286150184 -10.624319999999999 1.00799999999999999995
1  8.32e+04  0.4271199989 -10.624319999999999 1.00799999999999999995
1  8.71e+04  0.4235429594 -10.624319999999999 1.00799999999999999995
1  9.12e+04  0.2460419399 -10.624319999999999 1.00799999999999999995
1  9.55e+04  0.1719771408 -10.624319999999999 1.00799999999999999995
1  1.00e+05  0.3061051239 -10.624319999999999 1.00799999999999999995
1  1.05e+05  0.4211014596 -10.624319999999999 1.00799999999999999995
1  1.10e+05  0.3522014076 -10.624319999999999 1.00799999999999999995
1  1.15e+05  0.2127449861 -10.624319999999999 1.00799999999999999995
1  1.20e+05  0.1858139926 -10.624319999999999 1.00799999999999999995
1  1.26e+05  0.2903065329 -10.624319999999999 1.00799999999999999995
1  1.32e+05  0.404254843 -10.624319999999999 1.00799999999999999995
1  1.38e+05  0.4280233619 -10.624319999999999 1.00799999999999999995
1  1.45e+05  0.3703048091 -10.624319999999999 1.00799999999999999995
1  1.51e+05  0.3058731728 -10.624319999999999 1.00799999999999999995
1  1.58e+05  0.2931640286 -10.624319999999999 1.00799999999999999995
1  1.66e+05  0.3355457109 -10.624319999999999 1.00799999999999999995
1  1.74e+05  0.3977885668 -10.624319999999999 1.00799999999999999995
1  1.82e+05  0.4426320663 -10.624319999999999 1.00799999999999999995
1  1.91e+05  0.4542926758 -10.624319999999999 1.00799999999999999995
1  2.00e+05  0.4397310208 -10.624319999999999 1.00799999999999999995
1  2.09e+05  0.4165995127 -10.624319999999999 1.00799999999999999995
1  2.19e+05  0.4004008339 -10.624319999999999 1.00799999999999999995
1  2.29e+05  0.3979288528 -10.624319999999999 1.00799999999999999995
1  2.40e+05  0.4074681159 -10.624319999999999 1.00799999999999999995
1  2.51e+05  0.4226910438 -10.624319999999999 1.00799999999999999995
1  2.63e+05  0.43692092 -10.624319999999999 1.00799999999999999995
1  2.75e+05  0.4458318325 -10.624319999999999 1.00799999999999999995
1  2.88e+05  0.4482032124 -10.624319999999999 1.00799999999999999995
1  3.02e+05  0.4452836254 -10.624319999999999 1.00799999999999999995
1  3.16e+05  0.4395757927 -10.624319999999999 1.00799999999999999995
1  3.31e+05  0.4336851291 -10.624319999999999 1.00799999999999999995
1  3.47e+05  0.4295619985 -10.624319999999999 1.00799999999999999995
1  3.63e+05  0.4281973178 -10.624319999999999 1.00799999999999999995
1  3.80e+05  0.4296717871 -10.624319999999999 1.00799999999999999995
1  3.98e+05  0.4334052092 -10.624319999999999 1.00799999999999999995
1  4.17e+05  0.4384671311 -10.624319999999999 1.00799999999999999995
1  4.37e+05  0.4438548168 -10.624319999999999 1.00799999999999999995
1  4.57e+05  0.4486922394 -10.624319999999999 1.00799999999999999995
1  4.79e+05  0.4523405699 -10.624319999999999 1.00799999999999999995
1  5.01e+05  0.4544328294 -10.624319999999999 1.00799999999999999995
1  5.25e+05  0.4548548313 -10.624319999999999 1.00799999999999999995
1  5.50e+05  0.453695299 -10.624319999999999 1.00799999999999999995
1  5.75e+05  0.4511840721 -10.624319999999999 1.00799999999999999995
1  6.03e+05  0.447631649 -10.624319999999999 1.00799999999999999995
1  6.31e+05  0.4433778297 -10.624319999999999 1.00799999999999999995
1  6.61e+05  0.4381268223 -10.624319999999999 1.00799999999999999995
1  6.92e+05  0.4323954636 -10.624319999999999 1.00799999999999999995
1  7.24e+05  0.4271742198 -10.624319999999999 1.00799999999999999995
1  7.59e+05  0.4225098898 -10.624319999999999 1.00799999999999999995
1  7.94e+05  0.4187184769 -10.624319999999999 1.00799999999999999995
1  8.32e+05  0.4155495541 -10.624319999999999 1.00799999999999999995
1  8.71e+05  0.4131999462 -10.624319999999999 1.00799999999999999995
1  9.12e+05  0.4116410027 -10.624319999999999 1.00799999999999999995
1  9.55e+05  0.4108109553 -10.624319999999999 1.00799999999999999995
1  1.00e+06  0.4106277132 -10.624319999999999 1.00799999999999999995
1  1.05e+06  0.41099906 -10.624319999999999 1.00799999999999999995
1  1.10e+06  0.4118303352 -10.624319999999999 1.00799999999999999995
1  1.15e+06  0.413029885 -10.624319999999999 1.00799999999999999995
1  1.20e+06  0.4145126523 -10.624319999999999 1.00799999999999999995
1  1.26e+06  0.4162022932 -10.624319999999999 1.00799999999999999995
1  1.32e+06  0.4179926359 -10.624319999999999 1.00799999999999999995
1  1.38e+06  0.4199020145 -10.624319999999999 1.00799999999999999995
1  1.45e+06  0.4218492375 -10.624319999999999 1.00799999999999999995
1  1.51e+06  0.4237957538 -10.624319999999999 1.00799999999999999995
1  1.58e+06  0.425711005 -10.624319999999999 1.00799999999999999995
1  1.66e+06  0.4275714502 -10.624319999999999 1.00799999999999999995
1  1.74e+06  0.4293595804 -10.624319999999999 1.00799999999999999995
1  1.82e+06  0.431062975 -10.624319999999999 1.00799999999999999995
1  1.91e+06  0.4326734296 -10.624319999999999 1.00799999999999999995
1  2.00e+06  0.4341861742 -10.624319999999999 1.00799999999999999995
1  2.09e+06  0.4355605873 -10.624319999999999 1.00799999999999999995
1  2.19e+06  0.4368763027 -10.624319999999999 1.00799999999999999995
1  2.29e+06  0.4380942255 -10.624319999999999 1.00799999999999999995
1  2.40e+06  0.4392173328 -10.624319999999999 1.00799999999999999995
1  2.51e+06  0.4402495003 -10.624319999999999 1.00799999999999999995
1  2.63e+06  0.4411952183 -10.624319999999999 1.00799999999999999995
1  2.75e+06  0.4420593648 -10.624319999999999 1.00799999999999999995
1  2.88e+06  0.4428470254 -10.624319999999999 1.00799999999999999995
1  3.02e+06  0.4435633532 -10.624319999999999 1.00799999999999999995
1  3.16e+06  0.4442134615 -10.624319999999999 1.00799999999999999995
1  3.31e+06  0.4447843966 -10.624319999999999 1.00799999999999999995
1  3.47e+06  0.4453183942 -10.624319999999999 1.00799999999999999995
1  3.63e+06  0.4458004685 -10.624319999999999 1.00799999999999999995
1  3.80e+06  0.4462349765 -10.624319999999999 1.00799999999999999995
1  3.98e+06  0.446626016 -10.624319999999999 1.00799999999999999995
1  4.17e+06  0.4469774187 -10.624319999999999 1.00799999999999999995
1  4.37e+06  0.4472927498 -10.624319999999999 1.00799999999999999995
1  4.57e+06  0.4475753125 -10.624319999999999 1.00799999999999999995
1  4.79e+06  0.4478281558 -10.624319999999999 1.00799999999999999995
1  5.01e+06  0.4480540853 -10.624319999999999 1.00799999999999999995
1  5.25e+06  0.4482485967 -10.624319999999999 1.00799999999999999995
1  5.50e+06  0.4484288577 -10.624319999999999 1.00799999999999999995
1  5.75e+06  0.4485892301 -10.624319999999999 1.00799999999999999995
1  6.03e+06  0.4487316807 -10.624319999999999 1.00799999999999999995
1  6.31e+06  0.4488579991 -10.624319999999999 1.00799999999999999995
1  6.61e+06  0.4489698118 -10.624319999999999 1.00799999999999999995
1  6.92e+06  0.4490685945 -10.624319999999999 1.00799999999999999995
1  7.24e+06  0.4491556845 -10.624319999999999 1.00799999999999999995
1  7.59e+06  0.4492322924 -10.624319999999999 1.00799999999999999995
1  7.94e+06  0.4492995127 -10.624319999999999 1.00799999999999999995
1  8.32e+06  0.4493556817 -10.624319999999999 1.00799999999999999995
1  8.71e+06  0.4494072483 -10.624319999999999 1.00799999999999999995
1  9.12e+06  0.4494520896 -10.624319999999999 1.00799999999999999995
1  9.55e+06  0.4494909326 -10.624319999999999 1.00799999999999999995
1  1.00e+07  0.4495244317 -10.624319999999999 1.00799999999999999995
