1  1.00e+03  0.02379574525  6.018176e-01 1.08439999999999999998
1  1.00e+03  0.02379401471  6.018176e-01 1.08439999999999999998
1  1.00e+03  0.02379147292  6.018176e-01 1.08439999999999999998
1  1.01e+03  0.02378910218  6.018176e-01 1.08439999999999999998
1  1.01e+03  0.02378741905  6.018176e-01 1.08439999999999999998
1  1.01e+03  0.02378546324  6.018176e-01 1.08439999999999999998
1  1.01e+03  0.02378259604  6.018176e-01 1.08439999999999999998
1  1.02e+03  0.02377966195  6.018176e-01 1.08439999999999999998
1  1.02e+03  0.02377740725  6.018176e-01 1.08439999999999999998
1  1.02e+03  0.02377531868  6.018176e-01 1.08439999999999999998
1  1.02e+03  0.02377298355  6.018176e-01 1.08439999999999999998
1  1.03e+03  0.02377105702  6.018176e-01 1.08439999999999999998
1  1.03e+03  0.02376986956  6.018176e-01 1.08439999999999999998
1  1.03e+03  0.02376851753  6.018176e-01 1.08439999999999999998
1  1.03e+03  0.02376635502  6.018176e-01 1.08439999999999999998
1  1.04e+03  0.0237640462  6.018176e-01 1.08439999999999999998
1  1.04e+03  0.02376216397  6.018176e-01 1.08439999999999999998
1  1.04e+03  0.02376008983  6.018176e-01 1.08439999999999999998
1  1.04e+03  0.02375734679  6.018176e-01 1.08439999999999999998
1  1.04e+03  0.02375474419  6.018176e-01 1.08439999999999999998
1  1.05e+03  0.02375307254  6.018176e-01 1.08439999999999999998
1  1.05e+03  0.02375179064  6.018176e-01 1.08439999999999999998
1  1.05e+03  0.02375010441  6.018176e-01 1.08439999999999999998
1  1.05e+03  0.02374826712  6.018176e-01 1.08439999999999999998
1  1.06e+03  0.02374668644  6.018176e-01 1.08439999999999999998
1  1.06e+03  0.02374480133  6.018176e-01 1.08439999999999999998
1  1.06e+03  0.02374211093  6.018176e-01 1.08439999999999999998
1  1.06e+03  0.02373943039  6.018176e-01 1.08439999999999999998
1  1.07e+03  0.02373780623  6.018176e-01 1.08439999999999999998
1  1.07e+03  0.0237368633  6.018176e-01 1.08439999999999999998
1  1.07e+03  0.02373546727  6.018176e-01 1.08439999999999999998
1  1.07e+03  0.0237334212  6.018176e-01 1.08439999999999999998
1  1.08e+03  0.0237312923  6.018176e-01 1.08439999999999999998
1  1.08e+03  0.02372915373  6.018176e-01 1.08439999999999999998
1  1.08e+03  0.02372682206  6.018176e-01 1.08439999999999999998
1  1.08e+03  0.02372486615  6.018176e-01 1.08439999999999999998
1  1.09e+03  0.02372393527  6.018176e-01 1.08439999999999999998
1  1.09e+03  0.02372331038  6.018176e-01 1.08439999999999999998
1  1.09e+03  0.02372155642  6.018176e-01 1.08439999999999999998
1  1.09e+03  0.02371863151  6.018176e-01 1.08439999999999999998
1  1.10e+03  0.02371602874  6.018176e-01 1.08439999999999999998
1  1.10e+03  0.02371465463  6.018176e-01 1.08439999999999999998
1  1.10e+03  0.02371377583  6.018176e-01 1.08439999999999999998
1  1.10e+03  0.02371235042  6.018176e-01 1.08439999999999999998
1  1.11e+03  0.02371029662  6.018176e-01 1.08439999999999999998
1  1.11e+03  0.02370807448  6.018176e-01 1.08439999999999999998
1  1.11e+03  0.02370600761  6.018176e-01 1.08439999999999999998
1  1.11e+03  0.02370441202  6.018176e-01 1.08439999999999999998
1  1.12e+03  0.02370345228  6.018176e-01 1.08439999999999999998
1  1.12e+03  0.02370247821  6.018176e-01 1.08439999999999999998
1  1.12e+03  0.02370050583  6.018176e-01 1.08439999999999999998
1  1.12e+03  0.02369782443  6.018176e-01 1.08439999999999999998
1  1.13e+03  0.02369599655  6.018176e-01 1.08439999999999999998
1  1.13e+03  0.02369554666  6.018176e-01 1.08439999999999999998
1  1.13e+03  0.02369485746  6.018176e-01 1.08439999999999999998
1  1.14e+03  0.02369250851  6.018176e-01 1.08439999999999999998
1  1.14e+03  0.02368962931  6.018176e-01 1.08439999999999999998
1  1.14e+03  0.023688276  6.018176e-01 1.08439999999999999998
1  1.14e+03  0.02368814106  6.018176e-01 1.08439999999999999998
1  1.15e+03  0.02368694561  6.018176e-01 1.08439999999999999998
1  1.15e+03  0.02368409991  6.018176e-01 1.08439999999999999998
1  1.15e+03  0.0236817195  6.018176e-01 1.08439999999999999998
1  1.15e+03  0.0236811832  6.018176e-01 1.08439999999999999998
1  1.16e+03  0.02368081798  6.018176e-01 1.08439999999999999998
1  1.16e+03  0.0236786642  6.018176e-01 1.08439999999999999998
1  1.16e+03  0.0236758148  6.018176e-01 1.08439999999999999998
1  1.16e+03  0.02367459849  6.018176e-01 1.08439999999999999998
1  1.17e+03  0.02367453371  6.018176e-01 1.08439999999999999998
1  1.17e+03  0.02367309599  6.018176e-01 1.08439999999999999998
1  1.17e+03  0.02367019636  6.018176e-01 1.08439999999999999998
1  1.17e+03  0.02366844192  6.018176e-01 1.08439999999999999998
1  1.18e+03  0.02366841448  6.018176e-01 1.08439999999999999998
1  1.18e+03  0.02366747928  6.018176e-01 1.08439999999999999998
1  1.18e+03  0.02366465345  6.018176e-01 1.08439999999999999998
1  1.19e+03  0.02366258649  6.018176e-01 1.08439999999999999998
1  1.19e+03  0.02366255628  6.018176e-01 1.08439999999999999998
1  1.19e+03  0.02366187604  6.018176e-01 1.08439999999999999998
1  1.19e+03  0.02365908746  6.018176e-01 1.08439999999999999998
1  1.20e+03  0.02365694371  6.018176e-01 1.08439999999999999998
1  1.20e+03  0.02365693501  6.018176e-01 1.08439999999999999998
1  1.20e+03  0.02365620933  6.018176e-01 1.08439999999999999998
1  1.21e+03  0.02365342148  6.018176e-01 1.08439999999999999998
1  1.21e+03  0.02365151792  6.018176e-01 1.08439999999999999998
1  1.21e+03  0.02365147652  6.018176e-01 1.08439999999999999998
1  1.21e+03  0.02365032243  6.018176e-01 1.08439999999999999998
1  1.22e+03  0.02364769864  6.018176e-01 1.08439999999999999998
1  1.22e+03  0.02364645338  6.018176e-01 1.08439999999999999998
1  1.22e+03  0.02364610175  6.018176e-01 1.08439999999999999998
1  1.22e+03  0.02364423003  6.018176e-01 1.08439999999999999998
1  1.23e+03  0.02364232096  6.018176e-01 1.08439999999999999998
1  1.23e+03  0.02364195366  6.018176e-01 1.08439999999999999998
1  1.23e+03  0.02364072779  6.018176e-01 1.08439999999999999998
1  1.24e+03  0.02363837381  6.018176e-01 1.08439999999999999998
1  1.24e+03  0.02363782327  6.018176e-01 1.08439999999999999998
1  1.24e+03  0.02363766966  6.018176e-01 1.08439999999999999998
1  1.24e+03  0.02363515562  6.018176e-01 1.08439999999999999998
1  1.25e+03  0.02363330363  6.018176e-01 1.08439999999999999998
1  1.25e+03  0.02363370809  6.018176e-01 1.08439999999999999998
1  1.25e+03  0.02363233701  6.018176e-01 1.08439999999999999998
1  1.26e+03  0.02362952434  6.018176e-01 1.08439999999999999998
1  1.26e+03  0.02362900599  6.018176e-01 1.08439999999999999998
1  1.26e+03  0.02362846493  6.018176e-01 1.08439999999999999998
1  1.26e+03  0.02362610568  6.018176e-01 1.08439999999999999998
1  1.27e+03  0.02362525366  6.018176e-01 1.08439999999999999998
1  1.27e+03  0.02362479872  6.018176e-01 1.08439999999999999998
1  1.27e+03  0.02362243935  6.018176e-01 1.08439999999999999998
1  1.28e+03  0.02362170148  6.018176e-01 1.08439999999999999998
1  1.28e+03  0.02362193845  6.018176e-01 1.08439999999999999998
1  1.28e+03  0.02361937458  6.018176e-01 1.08439999999999999998
1  1.29e+03  0.02361768307  6.018176e-01 1.08439999999999999998
1  1.29e+03  0.0236180217  6.018176e-01 1.08439999999999999998
1  1.29e+03  0.02361604348  6.018176e-01 1.08439999999999999998
1  1.29e+03  0.02361426089  6.018176e-01 1.08439999999999999998
1  1.30e+03  0.0236142256  6.018176e-01 1.08439999999999999998
1  1.30e+03  0.02361222944  6.018176e-01 1.08439999999999999998
1  1.30e+03  0.02361110725  6.018176e-01 1.08439999999999999998
1  1.31e+03  0.02361158526  6.018176e-01 1.08439999999999999998
1  1.31e+03  0.02360915126  6.018176e-01 1.08439999999999999998
1  1.31e+03  0.02360751391  6.018176e-01 1.08439999999999999998
1  1.32e+03  0.02360782177  6.018176e-01 1.08439999999999999998
1  1.32e+03  0.02360564284  6.018176e-01 1.08439999999999999998
1  1.32e+03  0.02360454126  6.018176e-01 1.08439999999999999998
1  1.32e+03  0.02360437544  6.018176e-01 1.08439999999999999998
1  1.33e+03  0.02360196287  6.018176e-01 1.08439999999999999998
1  1.33e+03  0.0236018792  6.018176e-01 1.08439999999999999998
1  1.33e+03  0.02360164294  6.018176e-01 1.08439999999999999998
1  1.34e+03  0.02359876427  6.018176e-01 1.08439999999999999998
1  1.34e+03  0.02359848929  6.018176e-01 1.08439999999999999998
1  1.34e+03  0.02359750472  6.018176e-01 1.08439999999999999998
1  1.35e+03  0.02359571421  6.018176e-01 1.08439999999999999998
1  1.35e+03  0.0235963201  6.018176e-01 1.08439999999999999998
1  1.35e+03  0.02359420535  6.018176e-01 1.08439999999999999998
1  1.36e+03  0.02359272978  6.018176e-01 1.08439999999999999998
1  1.36e+03  0.02359308071  6.018176e-01 1.08439999999999999998
1  1.36e+03  0.02359067601  6.018176e-01 1.08439999999999999998
1  1.36e+03  0.02359036272  6.018176e-01 1.08439999999999999998
1  1.37e+03  0.02358954452  6.018176e-01 1.08439999999999999998
1  1.37e+03  0.02358745011  6.018176e-01 1.08439999999999999998
1  1.37e+03  0.02358825112  6.018176e-01 1.08439999999999999998
1  1.38e+03  0.02358622058  6.018176e-01 1.08439999999999999998
1  1.38e+03  0.02358483076  6.018176e-01 1.08439999999999999998
1  1.38e+03  0.02358471658  6.018176e-01 1.08439999999999999998
1  1.39e+03  0.0235825277  6.018176e-01 1.08439999999999999998
1  1.39e+03  0.02358328029  6.018176e-01 1.08439999999999999998
1  1.39e+03  0.02358170464  6.018176e-01 1.08439999999999999998
1  1.40e+03  0.02357980943  6.018176e-01 1.08439999999999999998
1  1.40e+03  0.02357995509  6.018176e-01 1.08439999999999999998
1  1.40e+03  0.02357779977  6.018176e-01 1.08439999999999999998
1  1.41e+03  0.02357848969  6.018176e-01 1.08439999999999999998
1  1.41e+03  0.02357699527  6.018176e-01 1.08439999999999999998
1  1.41e+03  0.02357513653  6.018176e-01 1.08439999999999999998
1  1.42e+03  0.02357531079  6.018176e-01 1.08439999999999999998
1  1.42e+03  0.02357318227  6.018176e-01 1.08439999999999999998
1  1.42e+03  0.02357399827  6.018176e-01 1.08439999999999999998
1  1.43e+03  0.02357213669  6.018176e-01 1.08439999999999999998
1  1.43e+03  0.02357078296  6.018176e-01 1.08439999999999999998
1  1.43e+03  0.02357066931  6.018176e-01 1.08439999999999999998
1  1.44e+03  0.02356876099  6.018176e-01 1.08439999999999999998
1  1.44e+03  0.02356971741  6.018176e-01 1.08439999999999999998
1  1.44e+03  0.02356721001  6.018176e-01 1.08439999999999999998
1  1.45e+03  0.0235667792  6.018176e-01 1.08439999999999999998
1  1.45e+03  0.02356585938  6.018176e-01 1.08439999999999999998
1  1.45e+03  0.023564811  6.018176e-01 1.08439999999999999998
1  1.46e+03  0.02356529051  6.018176e-01 1.08439999999999999998
1  1.46e+03  0.02356251228  6.018176e-01 1.08439999999999999998
1  1.46e+03  0.02356291634  6.018176e-01 1.08439999999999999998
1  1.47e+03  0.02356098999  6.018176e-01 1.08439999999999999998
1  1.47e+03  0.0235614564  6.018176e-01 1.08439999999999999998
1  1.47e+03  0.02356027569  6.018176e-01 1.08439999999999999998
1  1.48e+03  0.02355860744  6.018176e-01 1.08439999999999999998
1  1.48e+03  0.02355856872  6.018176e-01 1.08439999999999999998
1  1.48e+03  0.02355685343  6.018176e-01 1.08439999999999999998
1  1.49e+03  0.02355786928  6.018176e-01 1.08439999999999999998
1  1.49e+03  0.02355513648  6.018176e-01 1.08439999999999999998
1  1.49e+03  0.02355542109  6.018176e-01 1.08439999999999999998
1  1.50e+03  0.02355362361  6.018176e-01 1.08439999999999999998
1  1.50e+03  0.02355393543  6.018176e-01 1.08439999999999999998
1  1.50e+03  0.02355280672  6.018176e-01 1.08439999999999999998
1  1.51e+03  0.02355156966  6.018176e-01 1.08439999999999999998
1  1.51e+03  0.02355135721  6.018176e-01 1.08439999999999999998
1  1.51e+03  0.02354970514  6.018176e-01 1.08439999999999999998
1  1.52e+03  0.02355024527  6.018176e-01 1.08439999999999999998
1  1.52e+03  0.02354800155  6.018176e-01 1.08439999999999999998
1  1.52e+03  0.02354889316  6.018176e-01 1.08439999999999999998
1  1.53e+03  0.02354637206  6.018176e-01 1.08439999999999999998
1  1.53e+03  0.0235469429  6.018176e-01 1.08439999999999999998
1  1.53e+03  0.02354495947  6.018176e-01 1.08439999999999999998
1  1.54e+03  0.02354580555  6.018176e-01 1.08439999999999999998
1  1.54e+03  0.02354386307  6.018176e-01 1.08439999999999999998
1  1.55e+03  0.0235434318  6.018176e-01 1.08439999999999999998
1  1.55e+03  0.0235422689  6.018176e-01 1.08439999999999999998
1  1.55e+03  0.02354227697  6.018176e-01 1.08439999999999999998
1  1.56e+03  0.02354145384  6.018176e-01 1.08439999999999999998
1  1.56e+03  0.02354020507  6.018176e-01 1.08439999999999999998
1  1.56e+03  0.02353986041  6.018176e-01 1.08439999999999999998
1  1.57e+03  0.02353871577  6.018176e-01 1.08439999999999999998
1  1.57e+03  0.02353868439  6.018176e-01 1.08439999999999999998
1  1.57e+03  0.02353723848  6.018176e-01 1.08439999999999999998
1  1.58e+03  0.02353758521  6.018176e-01 1.08439999999999999998
1  1.58e+03  0.0235354771  6.018176e-01 1.08439999999999999998
1  1.58e+03  0.02353575669  6.018176e-01 1.08439999999999999998
1  1.59e+03  0.02353431021  6.018176e-01 1.08439999999999999998
1  1.59e+03  0.0235350404  6.018176e-01 1.08439999999999999998
1  1.60e+03  0.02353264435  6.018176e-01 1.08439999999999999998
1  1.60e+03  0.02353315686  6.018176e-01 1.08439999999999999998
1  1.60e+03  0.02353137087  6.018176e-01 1.08439999999999999998
1  1.61e+03  0.02353200902  6.018176e-01 1.08439999999999999998
1  1.61e+03  0.02353006827  6.018176e-01 1.08439999999999999998
1  1.61e+03  0.02353085237  6.018176e-01 1.08439999999999999998
1  1.62e+03  0.0235285492  6.018176e-01 1.08439999999999999998
1  1.62e+03  0.02352895476  6.018176e-01 1.08439999999999999998
1  1.63e+03  0.02352754266  6.018176e-01 1.08439999999999999998
1  1.63e+03  0.02352817038  6.018176e-01 1.08439999999999999998
1  1.63e+03  0.02352607431  6.018176e-01 1.08439999999999999998
1  1.64e+03  0.02352642375  6.018176e-01 1.08439999999999999998
1  1.64e+03  0.02352491368  6.018176e-01 1.08439999999999999998
1  1.64e+03  0.02352494468  6.018176e-01 1.08439999999999999998
1  1.65e+03  0.02352402047  6.018176e-01 1.08439999999999999998
1  1.65e+03  0.02352389474  6.018176e-01 1.08439999999999999998
1  1.66e+03  0.02352249449  6.018176e-01 1.08439999999999999998
1  1.66e+03  0.02352197873  6.018176e-01 1.08439999999999999998
1  1.66e+03  0.02352183279  6.018176e-01 1.08439999999999999998
1  1.67e+03  0.02352071608  6.018176e-01 1.08439999999999999998
1  1.67e+03  0.02352082644  6.018176e-01 1.08439999999999999998
1  1.67e+03  0.02351929903  6.018176e-01 1.08439999999999999998
1  1.68e+03  0.02351936577  6.018176e-01 1.08439999999999999998
1  1.68e+03  0.02351772134  6.018176e-01 1.08439999999999999998
1  1.69e+03  0.02351891577  6.018176e-01 1.08439999999999999998
1  1.69e+03  0.02351649095  6.018176e-01 1.08439999999999999998
1  1.69e+03  0.02351748018  6.018176e-01 1.08439999999999999998
1  1.70e+03  0.02351525205  6.018176e-01 1.08439999999999999998
1  1.70e+03  0.02351589512  6.018176e-01 1.08439999999999999998
1  1.71e+03  0.02351447972  6.018176e-01 1.08439999999999999998
1  1.71e+03  0.02351497972  6.018176e-01 1.08439999999999999998
1  1.71e+03  0.02351337842  6.018176e-01 1.08439999999999999998
1  1.72e+03  0.02351309386  6.018176e-01 1.08439999999999999998
1  1.72e+03  0.02351265824  6.018176e-01 1.08439999999999999998
1  1.73e+03  0.02351143726  6.018176e-01 1.08439999999999999998
1  1.73e+03  0.02351236299  6.018176e-01 1.08439999999999999998
1  1.73e+03  0.02351014524  6.018176e-01 1.08439999999999999998
1  1.74e+03  0.02351088572  6.018176e-01 1.08439999999999999998
1  1.74e+03  0.02350892144  6.018176e-01 1.08439999999999999998
1  1.75e+03  0.02350966183  6.018176e-01 1.08439999999999999998
1  1.75e+03  0.02350827798  6.018176e-01 1.08439999999999999998
1  1.75e+03  0.02350853587  6.018176e-01 1.08439999999999999998
1  1.76e+03  0.02350734485  6.018176e-01 1.08439999999999999998
1  1.76e+03  0.02350653768  6.018176e-01 1.08439999999999999998
1  1.77e+03  0.02350689296  6.018176e-01 1.08439999999999999998
1  1.77e+03  0.02350508141  6.018176e-01 1.08439999999999999998
1  1.77e+03  0.02350646117  6.018176e-01 1.08439999999999999998
1  1.78e+03  0.02350397609  6.018176e-01 1.08439999999999999998
1  1.78e+03  0.02350463956  6.018176e-01 1.08439999999999999998
1  1.79e+03  0.02350343699  6.018176e-01 1.08439999999999999998
1  1.79e+03  0.02350293944  6.018176e-01 1.08439999999999999998
1  1.79e+03  0.02350340041  6.018176e-01 1.08439999999999999998
1  1.80e+03  0.02350152947  6.018176e-01 1.08439999999999999998
1  1.80e+03  0.02350227254  6.018176e-01 1.08439999999999999998
1  1.81e+03  0.02350033645  6.018176e-01 1.08439999999999999998
1  1.81e+03  0.02350090148  6.018176e-01 1.08439999999999999998
1  1.82e+03  0.02350010123  6.018176e-01 1.08439999999999999998
1  1.82e+03  0.02349954306  6.018176e-01 1.08439999999999999998
1  1.82e+03  0.02349951234  6.018176e-01 1.08439999999999999998
1  1.83e+03  0.02349781836  6.018176e-01 1.08439999999999999998
1  1.83e+03  0.02349856068  6.018176e-01 1.08439999999999999998
1  1.84e+03  0.02349708774  6.018176e-01 1.08439999999999999998
1  1.84e+03  0.02349749542  6.018176e-01 1.08439999999999999998
1  1.85e+03  0.0234967402  6.018176e-01 1.08439999999999999998
1  1.85e+03  0.0234956142  6.018176e-01 1.08439999999999999998
1  1.85e+03  0.02349604918  6.018176e-01 1.08439999999999999998
1  1.86e+03  0.02349441434  6.018176e-01 1.08439999999999999998
1  1.86e+03  0.02349522497  6.018176e-01 1.08439999999999999998
1  1.87e+03  0.02349415536  6.018176e-01 1.08439999999999999998
1  1.87e+03  0.02349345281  6.018176e-01 1.08439999999999999998
1  1.87e+03  0.02349360107  6.018176e-01 1.08439999999999999998
1  1.88e+03  0.02349196374  6.018176e-01 1.08439999999999999998
1  1.88e+03  0.02349278598  6.018176e-01 1.08439999999999999998
1  1.89e+03  0.02349178852  6.018176e-01 1.08439999999999999998
1  1.89e+03  0.02349117456  6.018176e-01 1.08439999999999999998
1  1.90e+03  0.02349136677  6.018176e-01 1.08439999999999999998
1  1.90e+03  0.0234896246  6.018176e-01 1.08439999999999999998
1  1.91e+03  0.02349029466  6.018176e-01 1.08439999999999999998
1  1.91e+03  0.02348960422  6.018176e-01 1.08439999999999999998
1  1.91e+03  0.02348872041  6.018176e-01 1.08439999999999999998
1  1.92e+03  0.02348937335  6.018176e-01 1.08439999999999999998
1  1.92e+03  0.0234873415  6.018176e-01 1.08439999999999999998
1  1.93e+03  0.0234878682  6.018176e-01 1.08439999999999999998
1  1.93e+03  0.02348751938  6.018176e-01 1.08439999999999999998
1  1.94e+03  0.02348618959  6.018176e-01 1.08439999999999999998
1  1.94e+03  0.0234874423  6.018176e-01 1.08439999999999999998
1  1.95e+03  0.02348520673  6.018176e-01 1.08439999999999999998
1  1.95e+03  0.02348552752  6.018176e-01 1.08439999999999999998
1  1.95e+03  0.02348543946  6.018176e-01 1.08439999999999999998
1  1.96e+03  0.02348386236  6.018176e-01 1.08439999999999999998
1  1.96e+03  0.02348516403  6.018176e-01 1.08439999999999999998
1  1.97e+03  0.02348351771  6.018176e-01 1.08439999999999999998
1  1.97e+03  0.0234830885  6.018176e-01 1.08439999999999999998
1  1.98e+03  0.02348340638  6.018176e-01 1.08439999999999999998
1  1.98e+03  0.02348192885  6.018176e-01 1.08439999999999999998
1  1.99e+03  0.02348232608  6.018176e-01 1.08439999999999999998
1  1.99e+03  0.02348231975  6.018176e-01 1.08439999999999999998
1  2.00e+03  0.02348053156  6.018176e-01 1.08439999999999999998
1  2.00e+03  0.02348144691  6.018176e-01 1.08439999999999999998
1  2.00e+03  0.02348024691  6.018176e-01 1.08439999999999999998
1  2.01e+03  0.02347949802  6.018176e-01 1.08439999999999999998
1  2.01e+03  0.02348070982  6.018176e-01 1.08439999999999999998
1  2.02e+03  0.02347867728  6.018176e-01 1.08439999999999999998
1  2.02e+03  0.02347901786  6.018176e-01 1.08439999999999999998
1  2.03e+03  0.02347879795  6.018176e-01 1.08439999999999999998
1  2.03e+03  0.02347734725  6.018176e-01 1.08439999999999999998
1  2.04e+03  0.02347794735  6.018176e-01 1.08439999999999999998
1  2.04e+03  0.02347786437  6.018176e-01 1.08439999999999999998
1  2.05e+03  0.0234761582  6.018176e-01 1.08439999999999999998
1  2.05e+03  0.02347726997  6.018176e-01 1.08439999999999999998
1  2.06e+03  0.02347585109  6.018176e-01 1.08439999999999999998
1  2.06e+03  0.02347512998  6.018176e-01 1.08439999999999999998
1  2.07e+03  0.02347618068  6.018176e-01 1.08439999999999999998
1  2.07e+03  0.02347478393  6.018176e-01 1.08439999999999999998
1  2.07e+03  0.02347441721  6.018176e-01 1.08439999999999999998
1  2.08e+03  0.02347494822  6.018176e-01 1.08439999999999999998
1  2.08e+03  0.023473214  6.018176e-01 1.08439999999999999998
1  2.09e+03  0.02347323309  6.018176e-01 1.08439999999999999998
1  2.09e+03  0.02347399425  6.018176e-01 1.08439999999999999998
1  2.10e+03  0.02347212861  6.018176e-01 1.08439999999999999998
1  2.10e+03  0.02347271773  6.018176e-01 1.08439999999999999998
1  2.11e+03  0.02347247903  6.018176e-01 1.08439999999999999998
1  2.11e+03  0.0234709061  6.018176e-01 1.08439999999999999998
1  2.12e+03  0.02347133085  6.018176e-01 1.08439999999999999998
1  2.12e+03  0.02347169057  6.018176e-01 1.08439999999999999998
1  2.13e+03  0.02346984914  6.018176e-01 1.08439999999999999998
1  2.13e+03  0.02347083621  6.018176e-01 1.08439999999999999998
1  2.14e+03  0.02347016381  6.018176e-01 1.08439999999999999998
1  2.14e+03  0.02346877022  6.018176e-01 1.08439999999999999998
1  2.15e+03  0.02346932959  6.018176e-01 1.08439999999999999998
1  2.15e+03  0.02346950583  6.018176e-01 1.08439999999999999998
1  2.16e+03  0.02346774534  6.018176e-01 1.08439999999999999998
1  2.16e+03  0.02346880646  6.018176e-01 1.08439999999999999998
1  2.17e+03  0.02346809456  6.018176e-01 1.08439999999999999998
1  2.17e+03  0.02346670893  6.018176e-01 1.08439999999999999998
1  2.18e+03  0.02346723292  6.018176e-01 1.08439999999999999998
1  2.18e+03  0.02346750739  6.018176e-01 1.08439999999999999998
1  2.19e+03  0.02346574728  6.018176e-01 1.08439999999999999998
1  2.19e+03  0.02346664256  6.018176e-01 1.08439999999999999998
1  2.20e+03  0.02346627495  6.018176e-01 1.08439999999999999998
1  2.20e+03  0.02346472771  6.018176e-01 1.08439999999999999998
1  2.21e+03  0.02346504617  6.018176e-01 1.08439999999999999998
1  2.21e+03  0.02346563124  6.018176e-01 1.08439999999999999998
1  2.22e+03  0.02346395061  6.018176e-01 1.08439999999999999998
1  2.22e+03  0.02346429508  6.018176e-01 1.08439999999999999998
1  2.23e+03  0.02346462929  6.018176e-01 1.08439999999999999998
1  2.23e+03  0.02346293303  6.018176e-01 1.08439999999999999998
1  2.24e+03  0.0234628  6.018176e-01 1.08439999999999999998
1  2.24e+03  0.02346367971  6.018176e-01 1.08439999999999999998
1  2.25e+03  0.02346252524  6.018176e-01 1.08439999999999999998
1  2.25e+03  0.02346182207  6.018176e-01 1.08439999999999999998
1  2.26e+03  0.02346288964  6.018176e-01 1.08439999999999999998
1  2.26e+03  0.02346148203  6.018176e-01 1.08439999999999999998
1  2.27e+03  0.02346065238  6.018176e-01 1.08439999999999999998
1  2.28e+03  0.02346140307  6.018176e-01 1.08439999999999999998
1  2.28e+03  0.02346139647  6.018176e-01 1.08439999999999999998
1  2.29e+03  0.02345968693  6.018176e-01 1.08439999999999999998
1  2.29e+03  0.02346061546  6.018176e-01 1.08439999999999999998
1  2.30e+03  0.02346033346  6.018176e-01 1.08439999999999999998
1  2.30e+03  0.02345892746  6.018176e-01 1.08439999999999999998
1  2.31e+03  0.02345886986  6.018176e-01 1.08439999999999999998
1  2.31e+03  0.0234598775  6.018176e-01 1.08439999999999999998
1  2.32e+03  0.02345855985  6.018176e-01 1.08439999999999999998
1  2.32e+03  0.02345787743  6.018176e-01 1.08439999999999999998
1  2.33e+03  0.02345883843  6.018176e-01 1.08439999999999999998
1  2.33e+03  0.02345782587  6.018176e-01 1.08439999999999999998
1  2.34e+03  0.02345677778  6.018176e-01 1.08439999999999999998
1  2.34e+03  0.02345731783  6.018176e-01 1.08439999999999999998
1  2.35e+03  0.02345790274  6.018176e-01 1.08439999999999999998
1  2.36e+03  0.02345606916  6.018176e-01 1.08439999999999999998
1  2.36e+03  0.02345626518  6.018176e-01 1.08439999999999999998
1  2.37e+03  0.02345673683  6.018176e-01 1.08439999999999999998
1  2.37e+03  0.02345569585  6.018176e-01 1.08439999999999999998
1  2.38e+03  0.02345478559  6.018176e-01 1.08439999999999999998
1  2.38e+03  0.0234557373  6.018176e-01 1.08439999999999999998
1  2.39e+03  0.0234557827  6.018176e-01 1.08439999999999999998
1  2.39e+03  0.02345400251  6.018176e-01 1.08439999999999999998
1  2.40e+03  0.02345443919  6.018176e-01 1.08439999999999999998
1  2.40e+03  0.02345473359  6.018176e-01 1.08439999999999999998
1  2.41e+03  0.02345383141  6.018176e-01 1.08439999999999999998
1  2.42e+03  0.02345286927  6.018176e-01 1.08439999999999999998
1  2.42e+03  0.02345398075  6.018176e-01 1.08439999999999999998
1  2.43e+03  0.02345383051  6.018176e-01 1.08439999999999999998
1  2.43e+03  0.0234521581  6.018176e-01 1.08439999999999999998
1  2.44e+03  0.02345244056  6.018176e-01 1.08439999999999999998
1  2.44e+03  0.02345287142  6.018176e-01 1.08439999999999999998
1  2.45e+03  0.02345220679  6.018176e-01 1.08439999999999999998
1  2.45e+03  0.02345099777  6.018176e-01 1.08439999999999999998
1  2.46e+03  0.02345200626  6.018176e-01 1.08439999999999999998
1  2.47e+03  0.02345211095  6.018176e-01 1.08439999999999999998
1  2.47e+03  0.02345051205  6.018176e-01 1.08439999999999999998
1  2.48e+03  0.02345037524  6.018176e-01 1.08439999999999999998
1  2.48e+03  0.02345098457  6.018176e-01 1.08439999999999999998
1  2.49e+03  0.02345082345  6.018176e-01 1.08439999999999999998
1  2.49e+03  0.02344929637  6.018176e-01 1.08439999999999999998
1  2.50e+03  0.02344978442  6.018176e-01 1.08439999999999999998
1  2.51e+03  0.02345045736  6.018176e-01 1.08439999999999999998
1  2.51e+03  0.02344917413  6.018176e-01 1.08439999999999999998
1  2.52e+03  0.02344843887  6.018176e-01 1.08439999999999999998
1  2.52e+03  0.02344885948  6.018176e-01 1.08439999999999999998
1  2.53e+03  0.02344948025  6.018176e-01 1.08439999999999999998
1  2.54e+03  0.02344805742  6.018176e-01 1.08439999999999999998
1  2.54e+03  0.02344747316  6.018176e-01 1.08439999999999999998
1  2.55e+03  0.02344849774  6.018176e-01 1.08439999999999999998
1  2.55e+03  0.02344807185  6.018176e-01 1.08439999999999999998
1  2.56e+03  0.02344701097  6.018176e-01 1.08439999999999999998
1  2.56e+03  0.02344658742  6.018176e-01 1.08439999999999999998
1  2.57e+03  0.02344761787  6.018176e-01 1.08439999999999999998
1  2.58e+03  0.02344730912  6.018176e-01 1.08439999999999999998
1  2.58e+03  0.0234457145  6.018176e-01 1.08439999999999999998
1  2.59e+03  0.02344605832  6.018176e-01 1.08439999999999999998
1  2.59e+03  0.02344661057  6.018176e-01 1.08439999999999999998
1  2.60e+03  0.02344618257  6.018176e-01 1.08439999999999999998
1  2.61e+03  0.02344497835  6.018176e-01 1.08439999999999999998
1  2.61e+03  0.02344498752  6.018176e-01 1.08439999999999999998
1  2.62e+03  0.02344607157  6.018176e-01 1.08439999999999999998
1  2.62e+03  0.02344505715  6.018176e-01 1.08439999999999999998
1  2.63e+03  0.02344398528  6.018176e-01 1.08439999999999999998
1  2.64e+03  0.02344431524  6.018176e-01 1.08439999999999999998
1  2.64e+03  0.02344490046  6.018176e-01 1.08439999999999999998
1  2.65e+03  0.02344453121  6.018176e-01 1.08439999999999999998
1  2.65e+03  0.02344303971  6.018176e-01 1.08439999999999999998
1  2.66e+03  0.02344335895  6.018176e-01 1.08439999999999999998
1  2.67e+03  0.02344419943  6.018176e-01 1.08439999999999999998
1  2.67e+03  0.02344331103  6.018176e-01 1.08439999999999999998
1  2.68e+03  0.02344244424  6.018176e-01 1.08439999999999999998
1  2.69e+03  0.02344242619  6.018176e-01 1.08439999999999999998
1  2.69e+03  0.02344329433  6.018176e-01 1.08439999999999999998
1  2.70e+03  0.0234429681  6.018176e-01 1.08439999999999999998
1  2.70e+03  0.02344132774  6.018176e-01 1.08439999999999999998
1  2.71e+03  0.02344150015  6.018176e-01 1.08439999999999999998
1  2.72e+03  0.02344227771  6.018176e-01 1.08439999999999999998
1  2.72e+03  0.02344200709  6.018176e-01 1.08439999999999999998
1  2.73e+03  0.02344110209  6.018176e-01 1.08439999999999999998
1  2.74e+03  0.02344050018  6.018176e-01 1.08439999999999999998
1  2.74e+03  0.02344143286  6.018176e-01 1.08439999999999999998
1  2.75e+03  0.02344150728  6.018176e-01 1.08439999999999999998
1  2.75e+03  0.0234399881  6.018176e-01 1.08439999999999999998
1  2.76e+03  0.02343963382  6.018176e-01 1.08439999999999999998
1  2.77e+03  0.02344026163  6.018176e-01 1.08439999999999999998
1  2.77e+03  0.02344076876  6.018176e-01 1.08439999999999999998
1  2.78e+03  0.02344013116  6.018176e-01 1.08439999999999999998
1  2.79e+03  0.02343875821  6.018176e-01 1.08439999999999999998
1  2.79e+03  0.02343914576  6.018176e-01 1.08439999999999999998
1  2.80e+03  0.02343987376  6.018176e-01 1.08439999999999999998
1  2.81e+03  0.02343909472  6.018176e-01 1.08439999999999999998
1  2.81e+03  0.02343828966  6.018176e-01 1.08439999999999999998
1  2.82e+03  0.02343817683  6.018176e-01 1.08439999999999999998
1  2.82e+03  0.02343897416  6.018176e-01 1.08439999999999999998
1  2.83e+03  0.02343928144  6.018176e-01 1.08439999999999999998
1  2.84e+03  0.02343772928  6.018176e-01 1.08439999999999999998
1  2.84e+03  0.02343690222  6.018176e-01 1.08439999999999999998
1  2.85e+03  0.0234376399  6.018176e-01 1.08439999999999999998
1  2.86e+03  0.02343804885  6.018176e-01 1.08439999999999999998
1  2.86e+03  0.02343775778  6.018176e-01 1.08439999999999999998
1  2.87e+03  0.02343680941  6.018176e-01 1.08439999999999999998
1  2.88e+03  0.0234365295  6.018176e-01 1.08439999999999999998
1  2.88e+03  0.02343749072  6.018176e-01 1.08439999999999999998
1  2.89e+03  0.02343721335  6.018176e-01 1.08439999999999999998
1  2.90e+03  0.023435832  6.018176e-01 1.08439999999999999998
1  2.90e+03  0.02343545482  6.018176e-01 1.08439999999999999998
1  2.91e+03  0.02343597303  6.018176e-01 1.08439999999999999998
1  2.92e+03  0.02343681643  6.018176e-01 1.08439999999999999998
1  2.92e+03  0.02343665114  6.018176e-01 1.08439999999999999998
1  2.93e+03  0.02343510081  6.018176e-01 1.08439999999999999998
1  2.94e+03  0.02343466164  6.018176e-01 1.08439999999999999998
1  2.94e+03  0.02343542775  6.018176e-01 1.08439999999999999998
1  2.95e+03  0.02343543323  6.018176e-01 1.08439999999999999998
1  2.96e+03  0.02343488653  6.018176e-01 1.08439999999999999998
1  2.96e+03  0.02343429207  6.018176e-01 1.08439999999999999998
1  2.97e+03  0.02343432269  6.018176e-01 1.08439999999999999998
1  2.98e+03  0.02343532856  6.018176e-01 1.08439999999999999998
1  2.99e+03  0.02343518776  6.018176e-01 1.08439999999999999998
1  2.99e+03  0.02343357319  6.018176e-01 1.08439999999999999998
1  3.00e+03  0.02343286249  6.018176e-01 1.08439999999999999998
1  3.01e+03  0.02343332075  6.018176e-01 1.08439999999999999998
1  3.01e+03  0.02343408163  6.018176e-01 1.08439999999999999998
1  3.02e+03  0.02343445059  6.018176e-01 1.08439999999999999998
1  3.03e+03  0.02343347412  6.018176e-01 1.08439999999999999998
1  3.03e+03  0.02343250412  6.018176e-01 1.08439999999999999998
1  3.04e+03  0.02343299459  6.018176e-01 1.08439999999999999998
1  3.05e+03  0.02343330453  6.018176e-01 1.08439999999999999998
1  3.05e+03  0.02343262515  6.018176e-01 1.08439999999999999998
1  3.06e+03  0.02343198705  6.018176e-01 1.08439999999999999998
1  3.07e+03  0.02343173596  6.018176e-01 1.08439999999999999998
1  3.08e+03  0.02343238743  6.018176e-01 1.08439999999999999998
1  3.08e+03  0.02343342618  6.018176e-01 1.08439999999999999998
1  3.09e+03  0.02343280944  6.018176e-01 1.08439999999999999998
1  3.10e+03  0.02343113248  6.018176e-01 1.08439999999999999998
1  3.10e+03  0.02343056684  6.018176e-01 1.08439999999999999998
1  3.11e+03  0.023430977  6.018176e-01 1.08439999999999999998
1  3.12e+03  0.02343164043  6.018176e-01 1.08439999999999999998
1  3.13e+03  0.02343205139  6.018176e-01 1.08439999999999999998
1  3.13e+03  0.02343133435  6.018176e-01 1.08439999999999999998
1  3.14e+03  0.02343050556  6.018176e-01 1.08439999999999999998
1  3.15e+03  0.02343091815  6.018176e-01 1.08439999999999999998
1  3.16e+03  0.02343124127  6.018176e-01 1.08439999999999999998
1  3.16e+03  0.02343051104  6.018176e-01 1.08439999999999999998
1  3.17e+03  0.0234297267  6.018176e-01 1.08439999999999999998
1  3.18e+03  0.02342936071  6.018176e-01 1.08439999999999999998
1  3.18e+03  0.02342975442  6.018176e-01 1.08439999999999999998
1  3.19e+03  0.02343102446  6.018176e-01 1.08439999999999999998
1  3.20e+03  0.02343138283  6.018176e-01 1.08439999999999999998
1  3.21e+03  0.02342997179  6.018176e-01 1.08439999999999999998
1  3.21e+03  0.02342865247  6.018176e-01 1.08439999999999999998
1  3.22e+03  0.02342845286  6.018176e-01 1.08439999999999999998
1  3.23e+03  0.02342884245  6.018176e-01 1.08439999999999999998
1  3.24e+03  0.02342958583  6.018176e-01 1.08439999999999999998
1  3.24e+03  0.02342987894  6.018176e-01 1.08439999999999999998
1  3.25e+03  0.02342910435  6.018176e-01 1.08439999999999999998
1  3.26e+03  0.02342860793  6.018176e-01 1.08439999999999999998
1  3.27e+03  0.02342907018  6.018176e-01 1.08439999999999999998
1  3.27e+03  0.02342912306  6.018176e-01 1.08439999999999999998
1  3.28e+03  0.0234283741  6.018176e-01 1.08439999999999999998
1  3.29e+03  0.0234276621  6.018176e-01 1.08439999999999999998
1  3.30e+03  0.0234272386  6.018176e-01 1.08439999999999999998
1  3.30e+03  0.02342758128  6.018176e-01 1.08439999999999999998
1  3.31e+03  0.02342893466  6.018176e-01 1.08439999999999999998
1  3.32e+03  0.02342966946  6.018176e-01 1.08439999999999999998
1  3.33e+03  0.02342863007  6.018176e-01 1.08439999999999999998
1  3.33e+03  0.0234271218  6.018176e-01 1.08439999999999999998
1  3.34e+03  0.02342638692  6.018176e-01 1.08439999999999999998
1  3.35e+03  0.02342640508  6.018176e-01 1.08439999999999999998
1  3.36e+03  0.023427192  6.018176e-01 1.08439999999999999998
1  3.37e+03  0.02342815292  6.018176e-01 1.08439999999999999998
1  3.37e+03  0.02342804419  6.018176e-01 1.08439999999999999998
1  3.38e+03  0.02342722698  6.018176e-01 1.08439999999999999998
1  3.39e+03  0.02342703175  6.018176e-01 1.08439999999999999998
1  3.40e+03  0.02342720591  6.018176e-01 1.08439999999999999998
1  3.40e+03  0.02342690384  6.018176e-01 1.08439999999999999998
1  3.41e+03  0.02342639333  6.018176e-01 1.08439999999999999998
1  3.42e+03  0.02342595719  6.018176e-01 1.08439999999999999998
1  3.43e+03  0.02342562786  6.018176e-01 1.08439999999999999998
1  3.44e+03  0.02342613068  6.018176e-01 1.08439999999999999998
1  3.44e+03  0.02342751111  6.018176e-01 1.08439999999999999998
1  3.45e+03  0.02342817385  6.018176e-01 1.08439999999999999998
1  3.46e+03  0.02342724464  6.018176e-01 1.08439999999999999998
1  3.47e+03  0.02342574247  6.018176e-01 1.08439999999999999998
1  3.48e+03  0.02342467386  6.018176e-01 1.08439999999999999998
1  3.48e+03  0.02342438613  6.018176e-01 1.08439999999999999998
1  3.49e+03  0.02342525917  6.018176e-01 1.08439999999999999998
1  3.50e+03  0.0234267947  6.018176e-01 1.08439999999999999998
1  3.51e+03  0.0234274316  6.018176e-01 1.08439999999999999998
1  3.52e+03  0.02342673969  6.018176e-01 1.08439999999999999998
1  3.52e+03  0.02342586109  6.018176e-01 1.08439999999999999998
1  3.53e+03  0.02342538191  6.018176e-01 1.08439999999999999998
1  3.54e+03  0.02342500857  6.018176e-01 1.08439999999999999998
1  3.55e+03  0.02342487533  6.018176e-01 1.08439999999999999998
1  3.56e+03  0.02342509522  6.018176e-01 1.08439999999999999998
1  3.56e+03  0.02342513318  6.018176e-01 1.08439999999999999998
1  3.57e+03  0.02342504731  6.018176e-01 1.08439999999999999998
1  3.58e+03  0.02342562791  6.018176e-01 1.08439999999999999998
1  3.59e+03  0.02342658262  6.018176e-01 1.08439999999999999998
1  3.60e+03  0.02342664606  6.018176e-01 1.08439999999999999998
1  3.61e+03  0.02342560569  6.018176e-01 1.08439999999999999998
1  3.61e+03  0.0234243026  6.018176e-01 1.08439999999999999998
1  3.62e+03  0.02342325832  6.018176e-01 1.08439999999999999998
1  3.63e+03  0.02342293024  6.018176e-01 1.08439999999999999998
1  3.64e+03  0.02342398971  6.018176e-01 1.08439999999999999998
1  3.65e+03  0.0234259362  6.018176e-01 1.08439999999999999998
1  3.66e+03  0.02342701754  6.018176e-01 1.08439999999999999998
1  3.66e+03  0.02342642801  6.018176e-01 1.08439999999999999998
1  3.67e+03  0.02342498427  6.018176e-01 1.08439999999999999998
1  3.68e+03  0.02342352273  6.018176e-01 1.08439999999999999998
1  3.69e+03  0.02342243356  6.018176e-01 1.08439999999999999998
1  3.70e+03  0.02342235695  6.018176e-01 1.08439999999999999998
1  3.71e+03  0.02342346575  6.018176e-01 1.08439999999999999998
1  3.72e+03  0.02342466495  6.018176e-01 1.08439999999999999998
1  3.72e+03  0.02342496695  6.018176e-01 1.08439999999999999998
1  3.73e+03  0.02342471607  6.018176e-01 1.08439999999999999998
1  3.74e+03  0.02342444528  6.018176e-01 1.08439999999999999998
1  3.75e+03  0.02342389027  6.018176e-01 1.08439999999999999998
1  3.76e+03  0.02342294883  6.018176e-01 1.08439999999999999998
1  3.77e+03  0.02342216793  6.018176e-01 1.08439999999999999998
1  3.78e+03  0.02342174598  6.018176e-01 1.08439999999999999998
1  3.78e+03  0.02342142518  6.018176e-01 1.08439999999999999998
1  3.79e+03  0.02342149219  6.018176e-01 1.08439999999999999998
1  3.80e+03  0.02342244871  6.018176e-01 1.08439999999999999998
1  3.81e+03  0.02342373654  6.018176e-01 1.08439999999999999998
1  3.82e+03  0.02342411999  6.018176e-01 1.08439999999999999998
1  3.83e+03  0.0234231933  6.018176e-01 1.08439999999999999998
1  3.84e+03  0.0234214952  6.018176e-01 1.08439999999999999998
1  3.85e+03  0.02341961266  6.018176e-01 1.08439999999999999998
1  3.85e+03  0.02341816578  6.018176e-01 1.08439999999999999998
1  3.86e+03  0.0234180411  6.018176e-01 1.08439999999999999998
1  3.87e+03  0.02341951456  6.018176e-01 1.08439999999999999998
1  3.88e+03  0.02342150864  6.018176e-01 1.08439999999999999998
1  3.89e+03  0.02342254074  6.018176e-01 1.08439999999999999998
1  3.90e+03  0.02342208059  6.018176e-01 1.08439999999999999998
1  3.91e+03  0.02342050649  6.018176e-01 1.08439999999999999998
1  3.92e+03  0.02341838497  6.018176e-01 1.08439999999999999998
1  3.93e+03  0.02341644274  6.018176e-01 1.08439999999999999998
1  3.94e+03  0.02341562305  6.018176e-01 1.08439999999999999998
1  3.94e+03  0.02341632707  6.018176e-01 1.08439999999999999998
1  3.95e+03  0.02341783923  6.018176e-01 1.08439999999999999998
1  3.96e+03  0.02341904498  6.018176e-01 1.08439999999999999998
1  3.97e+03  0.02341945223  6.018176e-01 1.08439999999999999998
1  3.98e+03  0.02341912555  6.018176e-01 1.08439999999999999998
1  3.99e+03  0.02341811157  6.018176e-01 1.08439999999999999998
1  4.00e+03  0.02341656777  6.018176e-01 1.08439999999999999998
1  4.01e+03  0.02341513143  6.018176e-01 1.08439999999999999998
1  4.02e+03  0.02341447933  6.018176e-01 1.08439999999999999998
1  4.03e+03  0.02341464069  6.018176e-01 1.08439999999999999998
1  4.04e+03  0.02341522305  6.018176e-01 1.08439999999999999998
1  4.05e+03  0.02341607134  6.018176e-01 1.08439999999999999998
1  4.06e+03  0.02341714571  6.018176e-01 1.08439999999999999998
1  4.06e+03  0.02341797829  6.018176e-01 1.08439999999999999998
1  4.07e+03  0.02341792139  6.018176e-01 1.08439999999999999998
1  4.08e+03  0.02341690886  6.018176e-01 1.08439999999999999998
1  4.09e+03  0.02341548051  6.018176e-01 1.08439999999999999998
1  4.10e+03  0.02341415868  6.018176e-01 1.08439999999999999998
1  4.11e+03  0.02341329837  6.018176e-01 1.08439999999999999998
1  4.12e+03  0.02341338275  6.018176e-01 1.08439999999999999998
1  4.13e+03  0.0234147749  6.018176e-01 1.08439999999999999998
1  4.14e+03  0.02341705683  6.018176e-01 1.08439999999999999998
1  4.15e+03  0.0234190977  6.018176e-01 1.08439999999999999998
1  4.16e+03  0.02341992769  6.018176e-01 1.08439999999999999998
1  4.17e+03  0.02341929057  6.018176e-01 1.08439999999999999998
1  4.18e+03  0.02341747033  6.018176e-01 1.08439999999999999998
1  4.19e+03  0.02341510435  6.018176e-01 1.08439999999999999998
1  4.20e+03  0.02341323283  6.018176e-01 1.08439999999999999998
1  4.21e+03  0.02341296989  6.018176e-01 1.08439999999999999998
1  4.22e+03  0.02341471193  6.018176e-01 1.08439999999999999998
1  4.23e+03  0.02341774687  6.018176e-01 1.08439999999999999998
1  4.24e+03  0.02342073671  6.018176e-01 1.08439999999999999998
1  4.25e+03  0.02342248175  6.018176e-01 1.08439999999999999998
1  4.26e+03  0.0234223241  6.018176e-01 1.08439999999999999998
1  4.27e+03  0.02342028099  6.018176e-01 1.08439999999999999998
1  4.28e+03  0.02341713762  6.018176e-01 1.08439999999999999998
1  4.29e+03  0.02341427255  6.018176e-01 1.08439999999999999998
1  4.30e+03  0.02341301024  6.018176e-01 1.08439999999999999998
1  4.31e+03  0.02341388902  6.018176e-01 1.08439999999999999998
1  4.32e+03  0.02341643648  6.018176e-01 1.08439999999999999998
1  4.33e+03  0.02341953158  6.018176e-01 1.08439999999999999998
1  4.34e+03  0.02342194249  6.018176e-01 1.08439999999999999998
1  4.35e+03  0.02342272694  6.018176e-01 1.08439999999999999998
1  4.36e+03  0.02342151632  6.018176e-01 1.08439999999999999998
1  4.37e+03  0.02341871067  6.018176e-01 1.08439999999999999998
1  4.38e+03  0.02341538848  6.018176e-01 1.08439999999999999998
1  4.39e+03  0.02341280808  6.018176e-01 1.08439999999999999998
1  4.40e+03  0.02341179435  6.018176e-01 1.08439999999999999998
1  4.41e+03  0.02341247147  6.018176e-01 1.08439999999999999998
1  4.42e+03  0.02341440814  6.018176e-01 1.08439999999999999998
1  4.43e+03  0.0234168381  6.018176e-01 1.08439999999999999998
1  4.44e+03  0.02341879564  6.018176e-01 1.08439999999999999998
1  4.45e+03  0.02341938426  6.018176e-01 1.08439999999999999998
1  4.46e+03  0.02341823816  6.018176e-01 1.08439999999999999998
1  4.47e+03  0.02341576729  6.018176e-01 1.08439999999999999998
1  4.48e+03  0.02341287147  6.018176e-01 1.08439999999999999998
1  4.49e+03  0.02341044313  6.018176e-01 1.08439999999999999998
1  4.50e+03  0.02340914986  6.018176e-01 1.08439999999999999998
1  4.51e+03  0.02340942514  6.018176e-01 1.08439999999999999998
1  4.52e+03  0.02341127934  6.018176e-01 1.08439999999999999998
1  4.53e+03  0.02341403471  6.018176e-01 1.08439999999999999998
1  4.54e+03  0.02341650756  6.018176e-01 1.08439999999999999998
1  4.55e+03  0.0234176795  6.018176e-01 1.08439999999999999998
1  4.56e+03  0.02341721337  6.018176e-01 1.08439999999999999998
1  4.57e+03  0.02341538232  6.018176e-01 1.08439999999999999998
1  4.58e+03  0.02341275983  6.018176e-01 1.08439999999999999998
1  4.59e+03  0.02341014471  6.018176e-01 1.08439999999999999998
1  4.60e+03  0.02340855749  6.018176e-01 1.08439999999999999998
1  4.61e+03  0.0234088701  6.018176e-01 1.08439999999999999998
1  4.62e+03  0.02341120474  6.018176e-01 1.08439999999999999998
1  4.63e+03  0.02341474446  6.018176e-01 1.08439999999999999998
1  4.65e+03  0.0234182122  6.018176e-01 1.08439999999999999998
1  4.66e+03  0.02342053039  6.018176e-01 1.08439999999999999998
1  4.67e+03  0.02342109967  6.018176e-01 1.08439999999999999998
1  4.68e+03  0.02341974145  6.018176e-01 1.08439999999999999998
1  4.69e+03  0.02341671911  6.018176e-01 1.08439999999999999998
1  4.70e+03  0.02341291434  6.018176e-01 1.08439999999999999998
1  4.71e+03  0.02340975457  6.018176e-01 1.08439999999999999998
1  4.72e+03  0.02340861233  6.018176e-01 1.08439999999999999998
1  4.73e+03  0.02341002616  6.018176e-01 1.08439999999999999998
1  4.74e+03  0.02341341435  6.018176e-01 1.08439999999999999998
1  4.75e+03  0.02341750249  6.018176e-01 1.08439999999999999998
1  4.76e+03  0.02342098089  6.018176e-01 1.08439999999999999998
1  4.78e+03  0.02342282356  6.018176e-01 1.08439999999999999998
1  4.79e+03  0.02342231129  6.018176e-01 1.08439999999999999998
1  4.80e+03  0.02341922627  6.018176e-01 1.08439999999999999998
1  4.81e+03  0.02341428172  6.018176e-01 1.08439999999999999998
1  4.82e+03  0.02340919027  6.018176e-01 1.08439999999999999998
1  4.83e+03  0.02340591423  6.018176e-01 1.08439999999999999998
1  4.84e+03  0.02340556313  6.018176e-01 1.08439999999999999998
1  4.85e+03  0.023407908  6.018176e-01 1.08439999999999999998
1  4.86e+03  0.02341182976  6.018176e-01 1.08439999999999999998
1  4.88e+03  0.02341603327  6.018176e-01 1.08439999999999999998
1  4.89e+03  0.02341931672  6.018176e-01 1.08439999999999999998
1  4.90e+03  0.02342054022  6.018176e-01 1.08439999999999999998
1  4.91e+03  0.0234189164  6.018176e-01 1.08439999999999999998
1  4.92e+03  0.02341466912  6.018176e-01 1.08439999999999999998
1  4.93e+03  0.023409325  6.018176e-01 1.08439999999999999998
1  4.94e+03  0.02340506679  6.018176e-01 1.08439999999999999998
1  4.95e+03  0.02340355214  6.018176e-01 1.08439999999999999998
1  4.97e+03  0.02340517296  6.018176e-01 1.08439999999999999998
1  4.98e+03  0.02340922262  6.018176e-01 1.08439999999999999998
1  4.99e+03  0.02341451548  6.018176e-01 1.08439999999999999998
1  5.00e+03  0.02341975267  6.018176e-01 1.08439999999999999998
1  5.01e+03  0.02342352813  6.018176e-01 1.08439999999999999998
1  5.02e+03  0.02342447498  6.018176e-01 1.08439999999999999998
1  5.04e+03  0.02342188776  6.018176e-01 1.08439999999999999998
1  5.05e+03  0.02341642334  6.018176e-01 1.08439999999999999998
1  5.06e+03  0.02341010378  6.018176e-01 1.08439999999999999998
1  5.07e+03  0.02340536601  6.018176e-01 1.08439999999999999998
1  5.08e+03  0.02340382365  6.018176e-01 1.08439999999999999998
1  5.09e+03  0.02340569651  6.018176e-01 1.08439999999999999998
1  5.11e+03  0.02341016542  6.018176e-01 1.08439999999999999998
1  5.12e+03  0.02341601319  6.018176e-01 1.08439999999999999998
1  5.13e+03  0.02342185199  6.018176e-01 1.08439999999999999998
1  5.14e+03  0.02342602745  6.018176e-01 1.08439999999999999998
1  5.15e+03  0.02342687599  6.018176e-01 1.08439999999999999998
1  5.16e+03  0.02342359307  6.018176e-01 1.08439999999999999998
1  5.18e+03  0.02341703986  6.018176e-01 1.08439999999999999998
1  5.19e+03  0.0234095773  6.018176e-01 1.08439999999999999998
1  5.20e+03  0.02340386265  6.018176e-01 1.08439999999999999998
1  5.21e+03  0.02340154519  6.018176e-01 1.08439999999999999998
1  5.22e+03  0.0234028285  6.018176e-01 1.08439999999999999998
1  5.24e+03  0.02340694017  6.018176e-01 1.08439999999999999998
1  5.25e+03  0.02341274556  6.018176e-01 1.08439999999999999998
1  5.26e+03  0.02341889879  6.018176e-01 1.08439999999999999998
1  5.27e+03  0.02342372249  6.018176e-01 1.08439999999999999998
1  5.28e+03  0.02342545187  6.018176e-01 1.08439999999999999998
1  5.30e+03  0.02342306013  6.018176e-01 1.08439999999999999998
1  5.31e+03  0.0234170989  6.018176e-01 1.08439999999999999998
1  5.32e+03  0.02340973254  6.018176e-01 1.08439999999999999998
1  5.33e+03  0.02340374546  6.018176e-01 1.08439999999999999998
1  5.35e+03  0.02340118903  6.018176e-01 1.08439999999999999998
1  5.36e+03  0.02340263207  6.018176e-01 1.08439999999999999998
1  5.37e+03  0.0234073899  6.018176e-01 1.08439999999999999998
1  5.38e+03  0.02341422833  6.018176e-01 1.08439999999999999998
1  5.40e+03  0.02342176542  6.018176e-01 1.08439999999999999998
1  5.41e+03  0.02342837343  6.018176e-01 1.08439999999999999998
1  5.42e+03  0.02343213123  6.018176e-01 1.08439999999999999998
1  5.43e+03  0.02343140965  6.018176e-01 1.08439999999999999998
1  5.45e+03  0.02342590729  6.018176e-01 1.08439999999999999998
1  5.46e+03  0.02341724349  6.018176e-01 1.08439999999999999998
1  5.47e+03  0.02340840416  6.018176e-01 1.08439999999999999998
1  5.48e+03  0.02340230404  6.018176e-01 1.08439999999999999998
1  5.50e+03  0.02340050007  6.018176e-01 1.08439999999999999998
1  5.51e+03  0.02340289338  6.018176e-01 1.08439999999999999998
1  5.52e+03  0.02340833832  6.018176e-01 1.08439999999999999998
1  5.53e+03  0.02341538167  6.018176e-01 1.08439999999999999998
1  5.55e+03  0.02342251526  6.018176e-01 1.08439999999999999998
1  5.56e+03  0.02342805376  6.018176e-01 1.08439999999999999998
1  5.57e+03  0.02343023188  6.018176e-01 1.08439999999999999998
1  5.58e+03  0.02342786695  6.018176e-01 1.08439999999999999998
1  5.60e+03  0.02342123792  6.018176e-01 1.08439999999999999998
1  5.61e+03  0.02341240768  6.018176e-01 1.08439999999999999998
1  5.62e+03  0.02340451439  6.018176e-01 1.08439999999999999998
1  5.64e+03  0.02340035232  6.018176e-01 1.08439999999999999998
1  5.65e+03  0.02340115552  6.018176e-01 1.08439999999999999998
1  5.66e+03  0.02340634618  6.018176e-01 1.08439999999999999998
1  5.68e+03  0.02341423216  6.018176e-01 1.08439999999999999998
1  5.69e+03  0.02342293125  6.018176e-01 1.08439999999999999998
1  5.70e+03  0.02343080105  6.018176e-01 1.08439999999999999998
1  5.71e+03  0.023436317  6.018176e-01 1.08439999999999999998
1  5.73e+03  0.02343797396  6.018176e-01 1.08439999999999999998
1  5.74e+03  0.02343473527  6.018176e-01 1.08439999999999999998
1  5.75e+03  0.02342687182  6.018176e-01 1.08439999999999999998
1  5.77e+03  0.02341643455  6.018176e-01 1.08439999999999999998
1  5.78e+03  0.0234067277  6.018176e-01 1.08439999999999999998
1  5.79e+03  0.02340092161  6.018176e-01 1.08439999999999999998
1  5.81e+03  0.02340065874  6.018176e-01 1.08439999999999999998
1  5.82e+03  0.02340552456  6.018176e-01 1.08439999999999999998
1  5.83e+03  0.0234135897  6.018176e-01 1.08439999999999999998
1  5.85e+03  0.02342247796  6.018176e-01 1.08439999999999999998
1  5.86e+03  0.02343018663  6.018176e-01 1.08439999999999999998
1  5.87e+03  0.02343528775  6.018176e-01 1.08439999999999999998
1  5.89e+03  0.02343675521  6.018176e-01 1.08439999999999999998
1  5.90e+03  0.02343394704  6.018176e-01 1.08439999999999999998
1  5.92e+03  0.02342700497  6.018176e-01 1.08439999999999999998
1  5.93e+03  0.02341737788  6.018176e-01 1.08439999999999999998
1  5.94e+03  0.02340785279  6.018176e-01 1.08439999999999999998
1  5.96e+03  0.02340172433  6.018176e-01 1.08439999999999999998
1  5.97e+03  0.02340139785  6.018176e-01 1.08439999999999999998
1  5.98e+03  0.0234072516  6.018176e-01 1.08439999999999999998
1  6.00e+03  0.02341749653  6.018176e-01 1.08439999999999999998
1  6.01e+03  0.02342909776  6.018176e-01 1.08439999999999999998
1  6.03e+03  0.02343910354  6.018176e-01 1.08439999999999999998
1  6.04e+03  0.02344554992  6.018176e-01 1.08439999999999999998
1  6.05e+03  0.02344757875  6.018176e-01 1.08439999999999999998
1  6.07e+03  0.02344507197  6.018176e-01 1.08439999999999999998
1  6.08e+03  0.02343839083  6.018176e-01 1.08439999999999999998
1  6.10e+03  0.02342852187  6.018176e-01 1.08439999999999999998
1  6.11e+03  0.02341738982  6.018176e-01 1.08439999999999999998
1  6.12e+03  0.02340780809  6.018176e-01 1.08439999999999999998
1  6.14e+03  0.02340275008  6.018176e-01 1.08439999999999999998
1  6.15e+03  0.02340416231  6.018176e-01 1.08439999999999999998
1  6.17e+03  0.02341197281  6.018176e-01 1.08439999999999999998
1  6.18e+03  0.02342393421  6.018176e-01 1.08439999999999999998
1  6.19e+03  0.02343647122  6.018176e-01 1.08439999999999999998
1  6.21e+03  0.02344609228  6.018176e-01 1.08439999999999999998
1  6.22e+03  0.02345060018  6.018176e-01 1.08439999999999999998
1  6.24e+03  0.02344952238  6.018176e-01 1.08439999999999999998
1  6.25e+03  0.02344373821  6.018176e-01 1.08439999999999999998
1  6.27e+03  0.0234347857  6.018176e-01 1.08439999999999999998
1  6.28e+03  0.02342440797  6.018176e-01 1.08439999999999999998
1  6.30e+03  0.02341452263  6.018176e-01 1.08439999999999999998
1  6.31e+03  0.02340731541  6.018176e-01 1.08439999999999999998
1  6.32e+03  0.02340499882  6.018176e-01 1.08439999999999999998
1  6.34e+03  0.02340907722  6.018176e-01 1.08439999999999999998
1  6.35e+03  0.02341945945  6.018176e-01 1.08439999999999999998
1  6.37e+03  0.02343403075  6.018176e-01 1.08439999999999999998
1  6.38e+03  0.02344910477  6.018176e-01 1.08439999999999999998
1  6.40e+03  0.02346065684  6.018176e-01 1.08439999999999999998
1  6.41e+03  0.02346576234  6.018176e-01 1.08439999999999999998
1  6.43e+03  0.02346354488  6.018176e-01 1.08439999999999999998
1  6.44e+03  0.02345523418  6.018176e-01 1.08439999999999999998
1  6.46e+03  0.02344343526  6.018176e-01 1.08439999999999999998
1  6.47e+03  0.02343110089  6.018176e-01 1.08439999999999999998
1  6.49e+03  0.02342075466  6.018176e-01 1.08439999999999999998
1  6.50e+03  0.02341422495  6.018176e-01 1.08439999999999999998
1  6.52e+03  0.02341273888  6.018176e-01 1.08439999999999999998
1  6.53e+03  0.0234169906  6.018176e-01 1.08439999999999999998
1  6.55e+03  0.02342691092  6.018176e-01 1.08439999999999999998
1  6.56e+03  0.02344123334  6.018176e-01 1.08439999999999999998
1  6.58e+03  0.02345727017  6.018176e-01 1.08439999999999999998
1  6.59e+03  0.02347130606  6.018176e-01 1.08439999999999999998
1  6.61e+03  0.02347965613  6.018176e-01 1.08439999999999999998
1  6.62e+03  0.02347997589  6.018176e-01 1.08439999999999999998
1  6.64e+03  0.02347218384  6.018176e-01 1.08439999999999999998
1  6.65e+03  0.02345852643  6.018176e-01 1.08439999999999999998
1  6.67e+03  0.02344276202  6.018176e-01 1.08439999999999999998
1  6.68e+03  0.02342887674  6.018176e-01 1.08439999999999999998
1  6.70e+03  0.02341992046  6.018176e-01 1.08439999999999999998
1  6.71e+03  0.02341740044  6.018176e-01 1.08439999999999999998
1  6.73e+03  0.02342131997  6.018176e-01 1.08439999999999999998
1  6.75e+03  0.02343061735  6.018176e-01 1.08439999999999999998
1  6.76e+03  0.02344362917  6.018176e-01 1.08439999999999999998
1  6.78e+03  0.02345832531  6.018176e-01 1.08439999999999999998
1  6.79e+03  0.02347233991  6.018176e-01 1.08439999999999999998
1  6.81e+03  0.02348305334  6.018176e-01 1.08439999999999999998
1  6.82e+03  0.02348798855  6.018176e-01 1.08439999999999999998
1  6.84e+03  0.02348554846  6.018176e-01 1.08439999999999999998
1  6.85e+03  0.02347580054  6.018176e-01 1.08439999999999999998
1  6.87e+03  0.02346084911  6.018176e-01 1.08439999999999999998
1  6.89e+03  0.0234444689  6.018176e-01 1.08439999999999999998
1  6.90e+03  0.02343103952  6.018176e-01 1.08439999999999999998
1  6.92e+03  0.02342419115  6.018176e-01 1.08439999999999999998
1  6.93e+03  0.02342572202  6.018176e-01 1.08439999999999999998
1  6.95e+03  0.0234352009  6.018176e-01 1.08439999999999999998
1  6.97e+03  0.02345033091  6.018176e-01 1.08439999999999999998
1  6.98e+03  0.02346781996  6.018176e-01 1.08439999999999999998
1  7.00e+03  0.02348434109  6.018176e-01 1.08439999999999999998
1  7.01e+03  0.02349722388  6.018176e-01 1.08439999999999999998
1  7.03e+03  0.02350473288  6.018176e-01 1.08439999999999999998
1  7.05e+03  0.02350603292  6.018176e-01 1.08439999999999999998
1  7.06e+03  0.02350107861  6.018176e-01 1.08439999999999999998
1  7.08e+03  0.02349062396  6.018176e-01 1.08439999999999999998
1  7.10e+03  0.02347636078  6.018176e-01 1.08439999999999999998
1  7.11e+03  0.02346099057  6.018176e-01 1.08439999999999999998
1  7.13e+03  0.02344796903  6.018176e-01 1.08439999999999999998
1  7.14e+03  0.02344080208  6.018176e-01 1.08439999999999999998
1  7.16e+03  0.023442045  6.018176e-01 1.08439999999999999998
1  7.18e+03  0.02345238756  6.018176e-01 1.08439999999999999998
1  7.19e+03  0.02347024205  6.018176e-01 1.08439999999999999998
1  7.21e+03  0.02349205962  6.018176e-01 1.08439999999999999998
1  7.23e+03  0.02351328921  6.018176e-01 1.08439999999999999998
1  7.24e+03  0.0235296297  6.018176e-01 1.08439999999999999998
1  7.26e+03  0.02353813174  6.018176e-01 1.08439999999999999998
1  7.28e+03  0.0235378023  6.018176e-01 1.08439999999999999998
1  7.29e+03  0.02352958813  6.018176e-01 1.08439999999999999998
1  7.31e+03  0.02351585687  6.018176e-01 1.08439999999999999998
1  7.33e+03  0.02349965626  6.018176e-01 1.08439999999999999998
1  7.35e+03  0.02348405108  6.018176e-01 1.08439999999999999998
1  7.36e+03  0.02347171552  6.018176e-01 1.08439999999999999998
1  7.38e+03  0.02346476882  6.018176e-01 1.08439999999999999998
1  7.40e+03  0.02346469724  6.018176e-01 1.08439999999999999998
1  7.41e+03  0.02347219509  6.018176e-01 1.08439999999999999998
1  7.43e+03  0.02348688611  6.018176e-01 1.08439999999999999998
1  7.45e+03  0.02350706177  6.018176e-01 1.08439999999999999998
1  7.46e+03  0.02352966898  6.018176e-01 1.08439999999999999998
1  7.48e+03  0.02355072276  6.018176e-01 1.08439999999999999998
1  7.50e+03  0.02356613553  6.018176e-01 1.08439999999999999998
1  7.52e+03  0.02357274769  6.018176e-01 1.08439999999999999998
1  7.53e+03  0.02356922399  6.018176e-01 1.08439999999999999998
1  7.55e+03  0.02355650075  6.018176e-01 1.08439999999999999998
1  7.57e+03  0.02353761472  6.018176e-01 1.08439999999999999998
1  7.59e+03  0.02351695261  6.018176e-01 1.08439999999999999998
1  7.60e+03  0.02349915372  6.018176e-01 1.08439999999999999998
1  7.62e+03  0.02348800857  6.018176e-01 1.08439999999999999998
1  7.64e+03  0.02348568146  6.018176e-01 1.08439999999999999998
1  7.66e+03  0.02349244678  6.018176e-01 1.08439999999999999998
1  7.67e+03  0.02350692516  6.018176e-01 1.08439999999999999998
1  7.69e+03  0.02352663015  6.018176e-01 1.08439999999999999998
1  7.71e+03  0.02354857192  6.018176e-01 1.08439999999999999998
1  7.73e+03  0.02356973043  6.018176e-01 1.08439999999999999998
1  7.74e+03  0.02358735153  6.018176e-01 1.08439999999999999998
1  7.76e+03  0.02359914138  6.018176e-01 1.08439999999999999998
1  7.78e+03  0.02360346942  6.018176e-01 1.08439999999999999998
1  7.80e+03  0.02359963224  6.018176e-01 1.08439999999999999998
1  7.82e+03  0.02358813084  6.018176e-01 1.08439999999999999998
1  7.83e+03  0.02357083642  6.018176e-01 1.08439999999999999998
1  7.85e+03  0.02355090482  6.018176e-01 1.08439999999999999998
1  7.87e+03  0.02353235506  6.018176e-01 1.08439999999999999998
1  7.89e+03  0.02351933223  6.018176e-01 1.08439999999999999998
1  7.91e+03  0.02351519721  6.018176e-01 1.08439999999999999998
1  7.93e+03  0.02352168162  6.018176e-01 1.08439999999999999998
1  7.94e+03  0.02353837177  6.018176e-01 1.08439999999999999998
1  7.96e+03  0.02356271198  6.018176e-01 1.08439999999999999998
1  7.98e+03  0.02359055839  6.018176e-01 1.08439999999999999998
1  8.00e+03  0.02361713053  6.018176e-01 1.08439999999999999998
1  8.02e+03  0.02363807844  6.018176e-01 1.08439999999999999998
1  8.04e+03  0.02365036519  6.018176e-01 1.08439999999999999998
1  8.05e+03  0.0236527566  6.018176e-01 1.08439999999999999998
1  8.07e+03  0.02364585891  6.018176e-01 1.08439999999999999998
1  8.09e+03  0.02363178276  6.018176e-01 1.08439999999999999998
1  8.11e+03  0.02361359113  6.018176e-01 1.08439999999999999998
1  8.13e+03  0.02359470101  6.018176e-01 1.08439999999999999998
1  8.15e+03  0.02357836895  6.018176e-01 1.08439999999999999998
1  8.17e+03  0.02356732527  6.018176e-01 1.08439999999999999998
1  8.18e+03  0.02356355209  6.018176e-01 1.08439999999999999998
1  8.20e+03  0.02356815151  6.018176e-01 1.08439999999999999998
1  8.22e+03  0.02358124178  6.018176e-01 1.08439999999999999998
1  8.24e+03  0.02360185892  6.018176e-01 1.08439999999999999998
1  8.26e+03  0.02362790785  6.018176e-01 1.08439999999999999998
1  8.28e+03  0.02365625848  6.018176e-01 1.08439999999999999998
1  8.30e+03  0.02368307755  6.018176e-01 1.08439999999999999998
1  8.32e+03  0.0237044149  6.018176e-01 1.08439999999999999998
1  8.34e+03  0.02371695544  6.018176e-01 1.08439999999999999998
1  8.36e+03  0.02371875843  6.018176e-01 1.08439999999999999998
1  8.38e+03  0.02370977788  6.018176e-01 1.08439999999999999998
1  8.39e+03  0.02369200383  6.018176e-01 1.08439999999999999998
1  8.41e+03  0.02366916111  6.018176e-01 1.08439999999999999998
1  8.43e+03  0.02364601602  6.018176e-01 1.08439999999999999998
1  8.45e+03  0.02362744066  6.018176e-01 1.08439999999999999998
1  8.47e+03  0.02361744766  6.018176e-01 1.08439999999999999998
1  8.49e+03  0.02361842015  6.018176e-01 1.08439999999999999998
1  8.51e+03  0.02363071451  6.018176e-01 1.08439999999999999998
1  8.53e+03  0.02365271232  6.018176e-01 1.08439999999999999998
1  8.55e+03  0.02368127292  6.018176e-01 1.08439999999999999998
1  8.57e+03  0.02371243299  6.018176e-01 1.08439999999999999998
1  8.59e+03  0.02374215486  6.018176e-01 1.08439999999999999998
1  8.61e+03  0.02376695364  6.018176e-01 1.08439999999999999998
1  8.63e+03  0.02378431012  6.018176e-01 1.08439999999999999998
1  8.65e+03  0.02379286099  6.018176e-01 1.08439999999999999998
1  8.67e+03  0.02379241435  6.018176e-01 1.08439999999999999998
1  8.69e+03  0.02378385456  6.018176e-01 1.08439999999999999998
1  8.71e+03  0.02376898797  6.018176e-01 1.08439999999999999998
1  8.73e+03  0.0237503558  6.018176e-01 1.08439999999999999998
1  8.75e+03  0.02373101622  6.018176e-01 1.08439999999999999998
1  8.77e+03  0.0237142789  6.018176e-01 1.08439999999999999998
1  8.79e+03  0.02370336978  6.018176e-01 1.08439999999999999998
1  8.81e+03  0.02370101814  6.018176e-01 1.08439999999999999998
1  8.83e+03  0.02370899718  6.018176e-01 1.08439999999999999998
1  8.85e+03  0.02372770087  6.018176e-01 1.08439999999999999998
1  8.87e+03  0.02375587753  6.018176e-01 1.08439999999999999998
1  8.89e+03  0.02379063743  6.018176e-01 1.08439999999999999998
1  8.91e+03  0.02382779637  6.018176e-01 1.08439999999999999998
1  8.93e+03  0.02386252683  6.018176e-01 1.08439999999999999998
1  8.95e+03  0.02389019809  6.018176e-01 1.08439999999999999998
1  8.97e+03  0.02390722962  6.018176e-01 1.08439999999999999998
1  8.99e+03  0.02391177415  6.018176e-01 1.08439999999999999998
1  9.02e+03  0.02390408447  6.018176e-01 1.08439999999999999998
1  9.04e+03  0.02388648495  6.018176e-01 1.08439999999999999998
1  9.06e+03  0.02386295035  6.018176e-01 1.08439999999999999998
1  9.08e+03  0.0238383773  6.018176e-01 1.08439999999999999998
1  9.10e+03  0.02381770192  6.018176e-01 1.08439999999999999998
1  9.12e+03  0.02380505256  6.018176e-01 1.08439999999999999998
1  9.14e+03  0.02380311311  6.018176e-01 1.08439999999999999998
1  9.16e+03  0.02381280995  6.018176e-01 1.08439999999999999998
1  9.18e+03  0.02383334414  6.018176e-01 1.08439999999999999998
1  9.20e+03  0.02386250366  6.018176e-01 1.08439999999999999998
1  9.23e+03  0.02389713949  6.018176e-01 1.08439999999999999998
1  9.25e+03  0.02393368371  6.018176e-01 1.08439999999999999998
1  9.27e+03  0.02396861749  6.018176e-01 1.08439999999999999998
1  9.29e+03  0.02399883984  6.018176e-01 1.08439999999999999998
1  9.31e+03  0.02402192476  6.018176e-01 1.08439999999999999998
1  9.33e+03  0.02403627931  6.018176e-01 1.08439999999999999998
1  9.35e+03  0.02404122751  6.018176e-01 1.08439999999999999998
1  9.38e+03  0.0240370468  6.018176e-01 1.08439999999999999998
1  9.40e+03  0.02402497354  6.018176e-01 1.08439999999999999998
1  9.42e+03  0.02398941469  6.018176e-01 1.08439999999999999998
1  9.44e+03  0.02396807182  6.018176e-01 1.08439999999999999998
1  9.46e+03  0.02394879006  6.018176e-01 1.08439999999999999998
1  9.48e+03  0.02393533742  6.018176e-01 1.08439999999999999998
1  9.51e+03  0.02393111143  6.018176e-01 1.08439999999999999998
1  9.53e+03  0.02393859696  6.018176e-01 1.08439999999999999998
1  9.55e+03  0.02395886937  6.018176e-01 1.08439999999999999998
1  9.57e+03  0.02399125624  6.018176e-01 1.08439999999999999998
1  9.59e+03  0.02403325699  6.018176e-01 1.08439999999999999998
1  9.62e+03  0.02408077621  6.018176e-01 1.08439999999999999998
1  9.64e+03  0.02412866309  6.018176e-01 1.08439999999999999998
1  9.66e+03  0.02417148084  6.018176e-01 1.08439999999999999998
1  9.68e+03  0.02420437401  6.018176e-01 1.08439999999999999998
1  9.71e+03  0.02422387294  6.018176e-01 1.08439999999999999998
1  9.73e+03  0.02422848055  6.018176e-01 1.08439999999999999998
1  9.75e+03  0.02421892775  6.018176e-01 1.08439999999999999998
1  9.77e+03  0.02419804926  6.018176e-01 1.08439999999999999998
1  9.79e+03  0.02417030752  6.018176e-01 1.08439999999999999998
1  9.82e+03  0.02414106082  6.018176e-01 1.08439999999999999998
1  9.84e+03  0.02411571774  6.018176e-01 1.08439999999999999998
1  9.86e+03  0.02409893409  6.018176e-01 1.08439999999999999998
1  9.89e+03  0.02409398926  6.018176e-01 1.08439999999999999998
1  9.91e+03  0.02410243246  6.018176e-01 1.08439999999999999998
1  9.93e+03  0.02412402812  6.018176e-01 1.08439999999999999998
1  9.95e+03  0.02415696967  6.018176e-01 1.08439999999999999998
1  9.98e+03  0.02419828411  6.018176e-01 1.08439999999999999998
1  1.00e+04  0.02424432766  6.018176e-01 1.08439999999999999998
