1  1.00e-03  0.3490328027 -10.993219999999999 1.04300000000000000003
1  1.05e-03  0.3490328048 -10.993219999999999 1.04300000000000000003
1  1.10e-03  0.3490328034 -10.993219999999999 1.04300000000000000003
1  1.15e-03  0.349032802 -10.993219999999999 1.04300000000000000003
1  1.20e-03  0.3490328046 -10.993219999999999 1.04300000000000000003
1  1.26e-03  0.3490328044 -10.993219999999999 1.04300000000000000003
1  1.32e-03  0.3490327986 -10.993219999999999 1.04300000000000000003
1  1.38e-03  0.3490327988 -10.993219999999999 1.04300000000000000003
1  1.45e-03  0.3490328039 -10.993219999999999 1.04300000000000000003
1  1.51e-03  0.3490328039 -10.993219999999999 1.04300000000000000003
1  1.58e-03  0.3490328039 -10.993219999999999 1.04300000000000000003
1  1.66e-03  0.3490327986 -10.993219999999999 1.04300000000000000003
1  1.74e-03  0.3490327986 -10.993219999999999 1.04300000000000000003
1  1.82e-03  0.3490327999 -10.993219999999999 1.04300000000000000003
1  1.91e-03  0.3490328031 -10.993219999999999 1.04300000000000000003
1  2.00e-03  0.3490328042 -10.993219999999999 1.04300000000000000003
1  2.09e-03  0.349032801 -10.993219999999999 1.04300000000000000003
1  2.19e-03  0.3490328012 -10.993219999999999 1.04300000000000000003
1  2.29e-03  0.3490328042 -10.993219999999999 1.04300000000000000003
1  2.40e-03  0.3490328031 -10.993219999999999 1.04300000000000000003
1  2.51e-03  0.3490328001 -10.993219999999999 1.04300000000000000003
1  2.63e-03  0.3490328045 -10.993219999999999 1.04300000000000000003
1  2.75e-03  0.3490328028 -10.993219999999999 1.04300000000000000003
1  2.88e-03  0.3490328043 -10.993219999999999 1.04300000000000000003
1  3.02e-03  0.3490328031 -10.993219999999999 1.04300000000000000003
1  3.16e-03  0.3490328035 -10.993219999999999 1.04300000000000000003
1  3.31e-03  0.349032803 -10.993219999999999 1.04300000000000000003
1  3.47e-03  0.3490328012 -10.993219999999999 1.04300000000000000003
1  3.63e-03  0.3490328011 -10.993219999999999 1.04300000000000000003
1  3.80e-03  0.3490328038 -10.993219999999999 1.04300000000000000003
1  3.98e-03  0.3490328011 -10.993219999999999 1.04300000000000000003
1  4.17e-03  0.3490328032 -10.993219999999999 1.04300000000000000003
1  4.37e-03  0.3490328025 -10.993219999999999 1.04300000000000000003
1  4.57e-03  0.3490328013 -10.993219999999999 1.04300000000000000003
1  4.79e-03  0.3490327973 -10.993219999999999 1.04300000000000000003
1  5.01e-03  0.349032804 -10.993219999999999 1.04300000000000000003
1  5.25e-03  0.3490328009 -10.993219999999999 1.04300000000000000003
1  5.50e-03  0.3490328027 -10.993219999999999 1.04300000000000000003
1  5.75e-03  0.3490328028 -10.993219999999999 1.04300000000000000003
1  6.03e-03  0.3490328031 -10.993219999999999 1.04300000000000000003
1  6.31e-03  0.3490328026 -10.993219999999999 1.04300000000000000003
1  6.61e-03  0.3490328013 -10.993219999999999 1.04300000000000000003
1  6.92e-03  0.3490328023 -10.993219999999999 1.04300000000000000003
1  7.24e-03  0.3490328032 -10.993219999999999 1.04300000000000000003
1  7.59e-03  0.3490327989 -10.993219999999999 1.04300000000000000003
1  7.94e-03  0.3490328014 -10.993219999999999 1.04300000000000000003
1  8.32e-03  0.3490327987 -10.993219999999999 1.04300000000000000003
1  8.71e-03  0.3490327987 -10.993219999999999 1.04300000000000000003
1  9.12e-03  0.3490328005 -10.993219999999999 1.04300000000000000003
1  9.55e-03  0.3490334502 -10.993219999999999 1.04300000000000000003
1  1.00e-02  0.349032797 -10.993219999999999 1.04300000000000000003
1  1.05e-02  0.3490328004 -10.993219999999999 1.04300000000000000003
1  1.10e-02  0.3490327995 -10.993219999999999 1.04300000000000000003
1  1.15e-02  0.3490327998 -10.993219999999999 1.04300000000000000003
1  1.20e-02  0.3490328007 -10.993219999999999 1.04300000000000000003
1  1.26e-02  0.3490327978 -10.993219999999999 1.04300000000000000003
1  1.32e-02  0.3490328011 -10.993219999999999 1.04300000000000000003
1  1.38e-02  0.3490327949 -10.993219999999999 1.04300000000000000003
1  1.45e-02  0.3490328037 -10.993219999999999 1.04300000000000000003
1  1.51e-02  0.3490327991 -10.993219999999999 1.04300000000000000003
1  1.58e-02  0.349032798 -10.993219999999999 1.04300000000000000003
1  1.66e-02  0.3490327975 -10.993219999999999 1.04300000000000000003
1  1.74e-02  0.3490328002 -10.993219999999999 1.04300000000000000003
1  1.82e-02  0.3490327975 -10.993219999999999 1.04300000000000000003
1  1.91e-02  0.3490328028 -10.993219999999999 1.04300000000000000003
1  2.00e-02  0.349032799 -10.993219999999999 1.04300000000000000003
1  2.09e-02  0.3490327994 -10.993219999999999 1.04300000000000000003
1  2.19e-02  0.3490327966 -10.993219999999999 1.04300000000000000003
1  2.29e-02  0.3490327958 -10.993219999999999 1.04300000000000000003
1  2.40e-02  0.3490328019 -10.993219999999999 1.04300000000000000003
1  2.51e-02  0.3490327983 -10.993219999999999 1.04300000000000000003
1  2.63e-02  0.3490328 -10.993219999999999 1.04300000000000000003
1  2.75e-02  0.349032795 -10.993219999999999 1.04300000000000000003
1  2.88e-02  0.3490327837 -10.993219999999999 1.04300000000000000003
1  3.02e-02  0.3490327242 -10.993219999999999 1.04300000000000000003
1  3.16e-02  0.3490329014 -10.993219999999999 1.04300000000000000003
1  3.31e-02  0.3490327735 -10.993219999999999 1.04300000000000000003
1  3.47e-02  0.3490328078 -10.993219999999999 1.04300000000000000003
1  3.63e-02  0.3490327753 -10.993219999999999 1.04300000000000000003
1  3.80e-02  0.3490327728 -10.993219999999999 1.04300000000000000003
1  3.98e-02  0.349032772 -10.993219999999999 1.04300000000000000003
1  4.17e-02  0.3490327622 -10.993219999999999 1.04300000000000000003
1  4.37e-02  0.3490327956 -10.993219999999999 1.04300000000000000003
1  4.57e-02  0.3490327908 -10.993219999999999 1.04300000000000000003
1  4.79e-02  0.3490328969 -10.993219999999999 1.04300000000000000003
1  5.01e-02  0.349032777 -10.993219999999999 1.04300000000000000003
1  5.25e-02  0.3490327678 -10.993219999999999 1.04300000000000000003
1  5.50e-02  0.3490324197 -10.993219999999999 1.04300000000000000003
1  5.75e-02  0.3490329353 -10.993219999999999 1.04300000000000000003
1  6.03e-02  0.3490326965 -10.993219999999999 1.04300000000000000003
1  6.31e-02  0.349032659 -10.993219999999999 1.04300000000000000003
1  6.61e-02  0.3490327807 -10.993219999999999 1.04300000000000000003
1  6.92e-02  0.349033073 -10.993219999999999 1.04300000000000000003
1  7.24e-02  0.3490327703 -10.993219999999999 1.04300000000000000003
1  7.59e-02  0.3490327524 -10.993219999999999 1.04300000000000000003
1  7.94e-02  0.3490327567 -10.993219999999999 1.04300000000000000003
1  8.32e-02  0.3490327423 -10.993219999999999 1.04300000000000000003
1  8.71e-02  0.3490327708 -10.993219999999999 1.04300000000000000003
1  9.12e-02  0.3490327259 -10.993219999999999 1.04300000000000000003
1  9.55e-02  0.3490327472 -10.993219999999999 1.04300000000000000003
1  1.00e-01  0.3490331386 -10.993219999999999 1.04300000000000000003
1  1.05e-01  0.3490327636 -10.993219999999999 1.04300000000000000003
1  1.10e-01  0.3490326396 -10.993219999999999 1.04300000000000000003
1  1.15e-01  0.3490327727 -10.993219999999999 1.04300000000000000003
1  1.20e-01  0.349032751 -10.993219999999999 1.04300000000000000003
1  1.26e-01  0.3490327525 -10.993219999999999 1.04300000000000000003
1  1.32e-01  0.3490326839 -10.993219999999999 1.04300000000000000003
1  1.38e-01  0.349032753 -10.993219999999999 1.04300000000000000003
1  1.45e-01  0.3490327015 -10.993219999999999 1.04300000000000000003
1  1.51e-01  0.3490438766 -10.993219999999999 1.04300000000000000003
1  1.58e-01  0.3490327448 -10.993219999999999 1.04300000000000000003
1  1.66e-01  0.3490327591 -10.993219999999999 1.04300000000000000003
1  1.74e-01  0.3490327062 -10.993219999999999 1.04300000000000000003
1  1.82e-01  0.3490327288 -10.993219999999999 1.04300000000000000003
1  1.91e-01  0.3490327494 -10.993219999999999 1.04300000000000000003
1  2.00e-01  0.3490327311 -10.993219999999999 1.04300000000000000003
1  2.09e-01  0.3490327048 -10.993219999999999 1.04300000000000000003
1  2.19e-01  0.3490327303 -10.993219999999999 1.04300000000000000003
1  2.29e-01  0.3490327045 -10.993219999999999 1.04300000000000000003
1  2.40e-01  0.3490327181 -10.993219999999999 1.04300000000000000003
1  2.51e-01  0.3490326871 -10.993219999999999 1.04300000000000000003
1  2.63e-01  0.3490334978 -10.993219999999999 1.04300000000000000003
1  2.75e-01  0.3490327441 -10.993219999999999 1.04300000000000000003
1  2.88e-01  0.3490327556 -10.993219999999999 1.04300000000000000003
1  3.02e-01  0.3490326534 -10.993219999999999 1.04300000000000000003
1  3.16e-01  0.349032709 -10.993219999999999 1.04300000000000000003
1  3.31e-01  0.3490326979 -10.993219999999999 1.04300000000000000003
1  3.47e-01  0.3490327789 -10.993219999999999 1.04300000000000000003
1  3.63e-01  0.3490327503 -10.993219999999999 1.04300000000000000003
1  3.80e-01  0.3490326966 -10.993219999999999 1.04300000000000000003
1  3.98e-01  0.3490326321 -10.993219999999999 1.04300000000000000003
1  4.17e-01  0.3490328597 -10.993219999999999 1.04300000000000000003
1  4.37e-01  0.3490326794 -10.993219999999999 1.04300000000000000003
1  4.57e-01  0.3490385019 -10.993219999999999 1.04300000000000000003
1  4.79e-01  0.3490326927 -10.993219999999999 1.04300000000000000003
1  5.01e-01  0.3490326226 -10.993219999999999 1.04300000000000000003
1  5.25e-01  0.3490324195 -10.993219999999999 1.04300000000000000003
1  5.50e-01  0.349032611 -10.993219999999999 1.04300000000000000003
1  5.75e-01  0.3490327773 -10.993219999999999 1.04300000000000000003
1  6.03e-01  0.3490327708 -10.993219999999999 1.04300000000000000003
1  6.31e-01  0.349032738 -10.993219999999999 1.04300000000000000003
1  6.61e-01  0.3490325326 -10.993219999999999 1.04300000000000000003
1  6.92e-01  0.3490326283 -10.993219999999999 1.04300000000000000003
1  7.24e-01  0.3490325966 -10.993219999999999 1.04300000000000000003
1  7.59e-01  0.3490326349 -10.993219999999999 1.04300000000000000003
1  7.94e-01  0.3490326043 -10.993219999999999 1.04300000000000000003
1  8.32e-01  0.3490323756 -10.993219999999999 1.04300000000000000003
1  8.71e-01  0.3490326439 -10.993219999999999 1.04300000000000000003
1  9.12e-01  0.3490325779 -10.993219999999999 1.04300000000000000003
1  9.55e-01  0.349032438 -10.993219999999999 1.04300000000000000003
1  1.00e+00  0.3490326606 -10.993219999999999 1.04300000000000000003
1  1.05e+00  0.3490326338 -10.993219999999999 1.04300000000000000003
1  1.10e+00  0.3490329512 -10.993219999999999 1.04300000000000000003
1  1.15e+00  0.3490343472 -10.993219999999999 1.04300000000000000003
1  1.20e+00  0.3490304921 -10.993219999999999 1.04300000000000000003
1  1.26e+00  0.3490325839 -10.993219999999999 1.04300000000000000003
1  1.32e+00  0.3490326398 -10.993219999999999 1.04300000000000000003
1  1.38e+00  0.3490326914 -10.993219999999999 1.04300000000000000003
1  1.45e+00  0.3490373879 -10.993219999999999 1.04300000000000000003
1  1.51e+00  0.3490328021 -10.993219999999999 1.04300000000000000003
1  1.58e+00  0.3490327089 -10.993219999999999 1.04300000000000000003
1  1.66e+00  0.3490316912 -10.993219999999999 1.04300000000000000003
1  1.74e+00  0.3490323089 -10.993219999999999 1.04300000000000000003
1  1.82e+00  0.3490323218 -10.993219999999999 1.04300000000000000003
1  1.91e+00  0.3490355758 -10.993219999999999 1.04300000000000000003
1  2.00e+00  0.3490323707 -10.993219999999999 1.04300000000000000003
1  2.09e+00  0.3490325263 -10.993219999999999 1.04300000000000000003
1  2.19e+00  0.3490321937 -10.993219999999999 1.04300000000000000003
1  2.29e+00  0.3490324539 -10.993219999999999 1.04300000000000000003
1  2.40e+00  0.349032442 -10.993219999999999 1.04300000000000000003
1  2.51e+00  0.3490497616 -10.993219999999999 1.04300000000000000003
1  2.63e+00  0.349032618 -10.993219999999999 1.04300000000000000003
1  2.75e+00  0.3490322129 -10.993219999999999 1.04300000000000000003
1  2.88e+00  0.3490322135 -10.993219999999999 1.04300000000000000003
1  3.02e+00  0.3490326182 -10.993219999999999 1.04300000000000000003
1  3.16e+00  0.3490322719 -10.993219999999999 1.04300000000000000003
1  3.31e+00  0.3490318154 -10.993219999999999 1.04300000000000000003
1  3.47e+00  0.3490328275 -10.993219999999999 1.04300000000000000003
1  3.63e+00  0.3490325703 -10.993219999999999 1.04300000000000000003
1  3.80e+00  0.3490320563 -10.993219999999999 1.04300000000000000003
1  3.98e+00  0.3490341326 -10.993219999999999 1.04300000000000000003
1  4.17e+00  0.3490334123 -10.993219999999999 1.04300000000000000003
1  4.37e+00  0.3490321371 -10.993219999999999 1.04300000000000000003
1  4.57e+00  0.3490325424 -10.993219999999999 1.04300000000000000003
1  4.79e+00  0.3490264045 -10.993219999999999 1.04300000000000000003
1  5.01e+00  0.3490259053 -10.993219999999999 1.04300000000000000003
1  5.25e+00  0.3490312291 -10.993219999999999 1.04300000000000000003
1  5.50e+00  0.3490310734 -10.993219999999999 1.04300000000000000003
1  5.75e+00  0.3490370599 -10.993219999999999 1.04300000000000000003
1  6.03e+00  0.3490332994 -10.993219999999999 1.04300000000000000003
1  6.31e+00  0.3490455618 -10.993219999999999 1.04300000000000000003
1  6.61e+00  0.3491243039 -10.993219999999999 1.04300000000000000003
1  6.92e+00  0.349049007 -10.993219999999999 1.04300000000000000003
1  7.24e+00  0.3490329647 -10.993219999999999 1.04300000000000000003
1  7.59e+00  0.3490583754 -10.993219999999999 1.04300000000000000003
1  7.94e+00  0.3490179853 -10.993219999999999 1.04300000000000000003
1  8.32e+00  0.3489815182 -10.993219999999999 1.04300000000000000003
1  8.71e+00  0.3490307923 -10.993219999999999 1.04300000000000000003
1  9.12e+00  0.3490302068 -10.993219999999999 1.04300000000000000003
1  9.55e+00  0.3490293328 -10.993219999999999 1.04300000000000000003
1  1.00e+01  0.3490308339 -10.993219999999999 1.04300000000000000003
1  1.05e+01  0.3490295694 -10.993219999999999 1.04300000000000000003
1  1.10e+01  0.3490365911 -10.993219999999999 1.04300000000000000003
1  1.15e+01  0.3490281709 -10.993219999999999 1.04300000000000000003
1  1.20e+01  0.3490324906 -10.993219999999999 1.04300000000000000003
1  1.26e+01  0.3490430457 -10.993219999999999 1.04300000000000000003
1  1.32e+01  0.3490852596 -10.993219999999999 1.04300000000000000003
1  1.38e+01  0.3490242958 -10.993219999999999 1.04300000000000000003
1  1.45e+01  0.3490314358 -10.993219999999999 1.04300000000000000003
1  1.51e+01  0.3490321139 -10.993219999999999 1.04300000000000000003
1  1.58e+01  0.3490246198 -10.993219999999999 1.04300000000000000003
1  1.66e+01  0.3490265411 -10.993219999999999 1.04300000000000000003
1  1.74e+01  0.3490066897 -10.993219999999999 1.04300000000000000003
1  1.82e+01  0.3490302458 -10.993219999999999 1.04300000000000000003
1  1.91e+01  0.3490269933 -10.993219999999999 1.04300000000000000003
1  2.00e+01  0.348988586 -10.993219999999999 1.04300000000000000003
1  2.09e+01  0.348992776 -10.993219999999999 1.04300000000000000003
1  2.19e+01  0.3493590482 -10.993219999999999 1.04300000000000000003
1  2.29e+01  0.3487310948 -10.993219999999999 1.04300000000000000003
1  2.40e+01  0.3490927277 -10.993219999999999 1.04300000000000000003
1  2.51e+01  0.3489828734 -10.993219999999999 1.04300000000000000003
1  2.63e+01  0.3487602808 -10.993219999999999 1.04300000000000000003
1  2.75e+01  0.3492537846 -10.993219999999999 1.04300000000000000003
1  2.88e+01  0.3490912894 -10.993219999999999 1.04300000000000000003
1  3.02e+01  0.3489479288 -10.993219999999999 1.04300000000000000003
1  3.16e+01  0.3491802995 -10.993219999999999 1.04300000000000000003
1  3.31e+01  0.3488961719 -10.993219999999999 1.04300000000000000003
1  3.47e+01  0.3487851161 -10.993219999999999 1.04300000000000000003
1  3.63e+01  0.348754151 -10.993219999999999 1.04300000000000000003
1  3.80e+01  0.3487765843 -10.993219999999999 1.04300000000000000003
1  3.98e+01  0.3491260479 -10.993219999999999 1.04300000000000000003
1  4.17e+01  0.3489577769 -10.993219999999999 1.04300000000000000003
1  4.37e+01  0.3489749323 -10.993219999999999 1.04300000000000000003
1  4.57e+01  0.3491955421 -10.993219999999999 1.04300000000000000003
1  4.79e+01  0.3488670518 -10.993219999999999 1.04300000000000000003
1  5.01e+01  0.3490271189 -10.993219999999999 1.04300000000000000003
1  5.25e+01  0.3490395529 -10.993219999999999 1.04300000000000000003
1  5.50e+01  0.3489811828 -10.993219999999999 1.04300000000000000003
1  5.75e+01  0.3490943 -10.993219999999999 1.04300000000000000003
1  6.03e+01  0.3489527217 -10.993219999999999 1.04300000000000000003
1  6.31e+01  0.348993433 -10.993219999999999 1.04300000000000000003
1  6.61e+01  0.3489797193 -10.993219999999999 1.04300000000000000003
1  6.92e+01  0.3490068249 -10.993219999999999 1.04300000000000000003
1  7.24e+01  0.3489908374 -10.993219999999999 1.04300000000000000003
1  7.59e+01  0.3490758322 -10.993219999999999 1.04300000000000000003
1  7.94e+01  0.34905159 -10.993219999999999 1.04300000000000000003
1  8.32e+01  0.3490421694 -10.993219999999999 1.04300000000000000003
1  8.71e+01  0.3490193449 -10.993219999999999 1.04300000000000000003
1  9.12e+01  0.3490147388 -10.993219999999999 1.04300000000000000003
1  9.55e+01  0.3488618515 -10.993219999999999 1.04300000000000000003
1  1.00e+02  0.3492498116 -10.993219999999999 1.04300000000000000003
1  1.05e+02  0.3490259417 -10.993219999999999 1.04300000000000000003
1  1.10e+02  0.3489040807 -10.993219999999999 1.04300000000000000003
1  1.15e+02  0.3490206882 -10.993219999999999 1.04300000000000000003
1  1.20e+02  0.3490483354 -10.993219999999999 1.04300000000000000003
1  1.26e+02  0.3492629382 -10.993219999999999 1.04300000000000000003
1  1.32e+02  0.3490277188 -10.993219999999999 1.04300000000000000003
1  1.38e+02  0.3490272441 -10.993219999999999 1.04300000000000000003
1  1.45e+02  0.3490592547 -10.993219999999999 1.04300000000000000003
1  1.51e+02  0.3490371074 -10.993219999999999 1.04300000000000000003
1  1.58e+02  0.3493512135 -10.993219999999999 1.04300000000000000003
1  1.66e+02  0.3489257486 -10.993219999999999 1.04300000000000000003
1  1.74e+02  0.3490448962 -10.993219999999999 1.04300000000000000003
1  1.82e+02  0.3489555038 -10.993219999999999 1.04300000000000000003
1  1.91e+02  0.3489635447 -10.993219999999999 1.04300000000000000003
1  2.00e+02  0.3490102006 -10.993219999999999 1.04300000000000000003
1  2.09e+02  0.3489981308 -10.993219999999999 1.04300000000000000003
1  2.19e+02  0.3490025014 -10.993219999999999 1.04300000000000000003
1  2.29e+02  0.3490505755 -10.993219999999999 1.04300000000000000003
1  2.40e+02  0.3490224101 -10.993219999999999 1.04300000000000000003
1  2.51e+02  0.349006983 -10.993219999999999 1.04300000000000000003
1  2.63e+02  0.3489188139 -10.993219999999999 1.04300000000000000003
1  2.75e+02  0.3489960026 -10.993219999999999 1.04300000000000000003
1  2.88e+02  0.3489352785 -10.993219999999999 1.04300000000000000003
1  3.02e+02  0.3490132128 -10.993219999999999 1.04300000000000000003
1  3.16e+02  0.3489959121 -10.993219999999999 1.04300000000000000003
1  3.31e+02  0.348663977 -10.993219999999999 1.04300000000000000003
1  3.47e+02  0.3490646024 -10.993219999999999 1.04300000000000000003
1  3.63e+02  0.3489212892 -10.993219999999999 1.04300000000000000003
1  3.80e+02  0.3490153846 -10.993219999999999 1.04300000000000000003
1  3.98e+02  0.3490049491 -10.993219999999999 1.04300000000000000003
1  4.17e+02  0.3488654807 -10.993219999999999 1.04300000000000000003
1  4.37e+02  0.3490377967 -10.993219999999999 1.04300000000000000003
1  4.57e+02  0.3490310234 -10.993219999999999 1.04300000000000000003
1  4.79e+02  0.3489594234 -10.993219999999999 1.04300000000000000003
1  5.01e+02  0.348985202 -10.993219999999999 1.04300000000000000003
1  5.25e+02  0.3490512698 -10.993219999999999 1.04300000000000000003
1  5.50e+02  0.3488654689 -10.993219999999999 1.04300000000000000003
1  5.75e+02  0.3489048406 -10.993219999999999 1.04300000000000000003
1  6.03e+02  0.3487869766 -10.993219999999999 1.04300000000000000003
1  6.31e+02  0.3490329424 -10.993219999999999 1.04300000000000000003
1  6.61e+02  0.3491614711 -10.993219999999999 1.04300000000000000003
1  6.92e+02  0.3490458052 -10.993219999999999 1.04300000000000000003
1  7.24e+02  0.3487492762 -10.993219999999999 1.04300000000000000003
1  7.59e+02  0.3489339529 -10.993219999999999 1.04300000000000000003
1  7.94e+02  0.3489978024 -10.993219999999999 1.04300000000000000003
1  8.32e+02  0.3488435626 -10.993219999999999 1.04300000000000000003
1  8.71e+02  0.3489131951 -10.993219999999999 1.04300000000000000003
1  9.12e+02  0.3490877347 -10.993219999999999 1.04300000000000000003
1  9.55e+02  0.3486275355 -10.993219999999999 1.04300000000000000003
1  1.00e+03  0.3489900202 -10.993219999999999 1.04300000000000000003
1  1.05e+03  0.3490131502 -10.993219999999999 1.04300000000000000003
1  1.10e+03  0.3493468482 -10.993219999999999 1.04300000000000000003
1  1.15e+03  0.3486409726 -10.993219999999999 1.04300000000000000003
1  1.20e+03  0.3477955035 -10.993219999999999 1.04300000000000000003
1  1.26e+03  0.3480522533 -10.993219999999999 1.04300000000000000003
1  1.32e+03  0.3495864389 -10.993219999999999 1.04300000000000000003
1  1.38e+03  0.3487763711 -10.993219999999999 1.04300000000000000003
1  1.45e+03  0.3502308032 -10.993219999999999 1.04300000000000000003
1  1.51e+03  0.3506073129 -10.993219999999999 1.04300000000000000003
1  1.58e+03  0.3498743953 -10.993219999999999 1.04300000000000000003
1  1.66e+03  0.3486526148 -10.993219999999999 1.04300000000000000003
1  1.74e+03  0.3450649505 -10.993219999999999 1.04300000000000000003
1  1.82e+03  0.3484609266 -10.993219999999999 1.04300000000000000003
1  1.91e+03  0.3470262326 -10.993219999999999 1.04300000000000000003
1  2.00e+03  0.3525326796 -10.993219999999999 1.04300000000000000003
1  2.09e+03  0.354865276 -10.993219999999999 1.04300000000000000003
1  2.19e+03  0.3553197441 -10.993219999999999 1.04300000000000000003
1  2.29e+03  0.3543341689 -10.993219999999999 1.04300000000000000003
1  2.40e+03  0.3468501964 -10.993219999999999 1.04300000000000000003
1  2.51e+03  0.3472699395 -10.993219999999999 1.04300000000000000003
1  2.63e+03  0.3463158499 -10.993219999999999 1.04300000000000000003
1  2.75e+03  0.3481327197 -10.993219999999999 1.04300000000000000003
1  2.88e+03  0.3371526846 -10.993219999999999 1.04300000000000000003
1  3.02e+03  0.3366134065 -10.993219999999999 1.04300000000000000003
1  3.16e+03  0.3394179047 -10.993219999999999 1.04300000000000000003
1  3.31e+03  0.340267073 -10.993219999999999 1.04300000000000000003
1  3.47e+03  0.3381142154 -10.993219999999999 1.04300000000000000003
1  3.63e+03  0.3433187455 -10.993219999999999 1.04300000000000000003
1  3.80e+03  0.356411563 -10.993219999999999 1.04300000000000000003
1  3.98e+03  0.3442490831 -10.993219999999999 1.04300000000000000003
1  4.17e+03  0.3651018198 -10.993219999999999 1.04300000000000000003
1  4.37e+03  0.3409802574 -10.993219999999999 1.04300000000000000003
1  4.57e+03  0.3454616707 -10.993219999999999 1.04300000000000000003
1  4.79e+03  0.3723460475 -10.993219999999999 1.04300000000000000003
1  5.01e+03  0.3667679133 -10.993219999999999 1.04300000000000000003
1  5.25e+03  0.3576820094 -10.993219999999999 1.04300000000000000003
1  5.50e+03  0.3604294269 -10.993219999999999 1.04300000000000000003
1  5.75e+03  0.3542601476 -10.993219999999999 1.04300000000000000003
1  6.03e+03  0.3753375298 -10.993219999999999 1.04300000000000000003
1  6.31e+03  0.34992504 -10.993219999999999 1.04300000000000000003
1  6.61e+03  0.3681491058 -10.993219999999999 1.04300000000000000003
1  6.92e+03  0.3513887517 -10.993219999999999 1.04300000000000000003
1  7.24e+03  0.3553209281 -10.993219999999999 1.04300000000000000003
1  7.59e+03  0.3279225878 -10.993219999999999 1.04300000000000000003
1  7.94e+03  0.3393075032 -10.993219999999999 1.04300000000000000003
1  8.32e+03  0.3296821258 -10.993219999999999 1.04300000000000000003
1  8.71e+03  0.3290296833 -10.993219999999999 1.04300000000000000003
1  9.12e+03  0.3636957715 -10.993219999999999 1.04300000000000000003
1  9.55e+03  0.3176625707 -10.993219999999999 1.04300000000000000003
1  1.00e+04  0.3721107736 -10.993219999999999 1.04300000000000000003
1  1.05e+04  0.3478685611 -10.993219999999999 1.04300000000000000003
1  1.10e+04  0.3391925895 -10.993219999999999 1.04300000000000000003
1  1.15e+04  0.3615363809 -10.993219999999999 1.04300000000000000003
1  1.20e+04  0.3081008651 -10.993219999999999 1.04300000000000000003
1  1.26e+04  0.3359420148 -10.993219999999999 1.04300000000000000003
1  1.32e+04  0.3261068323 -10.993219999999999 1.04300000000000000003
1  1.38e+04  0.3227858837 -10.993219999999999 1.04300000000000000003
1  1.45e+04  0.3430876638 -10.993219999999999 1.04300000000000000003
1  1.51e+04  0.3154937058 -10.993219999999999 1.04300000000000000003
1  1.58e+04  0.3350883616 -10.993219999999999 1.04300000000000000003
1  1.66e+04  0.3203269825 -10.993219999999999 1.04300000000000000003
1  1.74e+04  0.3512339119 -10.993219999999999 1.04300000000000000003
1  1.82e+04  0.3350368684 -10.993219999999999 1.04300000000000000003
1  1.91e+04  0.2934621683 -10.993219999999999 1.04300000000000000003
1  2.00e+04  0.3032461988 -10.993219999999999 1.04300000000000000003
1  2.09e+04  0.311158016 -10.993219999999999 1.04300000000000000003
1  2.19e+04  0.2951171216 -10.993219999999999 1.04300000000000000003
1  2.29e+04  0.2917544765 -10.993219999999999 1.04300000000000000003
1  2.40e+04  0.3256347132 -10.993219999999999 1.04300000000000000003
1  2.51e+04  0.3164550685 -10.993219999999999 1.04300000000000000003
1  2.63e+04  0.3522606161 -10.993219999999999 1.04300000000000000003
1  2.75e+04  0.3182125135 -10.993219999999999 1.04300000000000000003
1  2.88e+04  0.28333102 -10.993219999999999 1.04300000000000000003
1  3.02e+04  0.3332928441 -10.993219999999999 1.04300000000000000003
1  3.16e+04  0.348651771 -10.993219999999999 1.04300000000000000003
1  3.31e+04  0.2867024121 -10.993219999999999 1.04300000000000000003
1  3.47e+04  0.2965347104 -10.993219999999999 1.04300000000000000003
1  3.63e+04  0.3260138053 -10.993219999999999 1.04300000000000000003
1  3.80e+04  0.3381277239 -10.993219999999999 1.04300000000000000003
1  3.98e+04  0.3248827339 -10.993219999999999 1.04300000000000000003
1  4.17e+04  0.3091640719 -10.993219999999999 1.04300000000000000003
1  4.37e+04  0.329449406 -10.993219999999999 1.04300000000000000003
1  4.57e+04  0.2609845682 -10.993219999999999 1.04300000000000000003
1  4.79e+04  0.3513203346 -10.993219999999999 1.04300000000000000003
1  5.01e+04  0.2900810674 -10.993219999999999 1.04300000000000000003
1  5.25e+04  0.3272610559 -10.993219999999999 1.04300000000000000003
1  5.50e+04  0.3455284659 -10.993219999999999 1.04300000000000000003
1  5.75e+04  0.3529351938 -10.993219999999999 1.04300000000000000003
1  6.03e+04  0.3170222612 -10.993219999999999 1.04300000000000000003
1  6.31e+04  0.2923240438 -10.993219999999999 1.04300000000000000003
1  6.61e+04  0.347012494 -10.993219999999999 1.04300000000000000003
1  6.92e+04  0.3123657613 -10.993219999999999 1.04300000000000000003
1  7.24e+04  0.2602078954 -10.993219999999999 1.04300000000000000003
1  7.59e+04  0.3145739566 -10.993219999999999 1.04300000000000000003
1  7.94e+04  0.3528304253 -10.993219999999999 1.04300000000000000003
1  8.32e+04  0.3158616469 -10.993219999999999 1.04300000000000000003
1  8.71e+04  0.2994034314 -10.993219999999999 1.04300000000000000003
1  9.12e+04  0.3308062162 -10.993219999999999 1.04300000000000000003
1  9.55e+04  0.3534817223 -10.993219999999999 1.04300000000000000003
1  1.00e+05  0.3510059872 -10.993219999999999 1.04300000000000000003
1  1.05e+05  0.3484607866 -10.993219999999999 1.04300000000000000003
1  1.10e+05  0.3502664218 -10.993219999999999 1.04300000000000000003
1  1.15e+05  0.3423389075 -10.993219999999999 1.04300000000000000003
1  1.20e+05  0.3273864248 -10.993219999999999 1.04300000000000000003
1  1.26e+05  0.3236687031 -10.993219999999999 1.04300000000000000003
1  1.32e+05  0.3374648668 -10.993219999999999 1.04300000000000000003
1  1.38e+05  0.3539239669 -10.993219999999999 1.04300000000000000003
1  1.45e+05  0.3545477576 -10.993219999999999 1.04300000000000000003
1  1.51e+05  0.3361072145 -10.993219999999999 1.04300000000000000003
1  1.58e+05  0.311758241 -10.993219999999999 1.04300000000000000003
1  1.66e+05  0.2980177167 -10.993219999999999 1.04300000000000000003
1  1.74e+05  0.3022081585 -10.993219999999999 1.04300000000000000003
1  1.82e+05  0.3195345186 -10.993219999999999 1.04300000000000000003
1  1.91e+05  0.3387014589 -10.993219999999999 1.04300000000000000003
1  2.00e+05  0.3497205871 -10.993219999999999 1.04300000000000000003
1  2.09e+05  0.3486582844 -10.993219999999999 1.04300000000000000003
1  2.19e+05  0.3378806953 -10.993219999999999 1.04300000000000000003
1  2.29e+05  0.3233079738 -10.993219999999999 1.04300000000000000003
1  2.40e+05  0.3110415183 -10.993219999999999 1.04300000000000000003
1  2.51e+05  0.3050380402 -10.993219999999999 1.04300000000000000003
1  2.63e+05  0.3063577855 -10.993219999999999 1.04300000000000000003
1  2.75e+05  0.3136629508 -10.993219999999999 1.04300000000000000003
1  2.88e+05  0.324311725 -10.993219999999999 1.04300000000000000003
1  3.02e+05  0.3354631512 -10.993219999999999 1.04300000000000000003
1  3.16e+05  0.3448542985 -10.993219999999999 1.04300000000000000003
1  3.31e+05  0.3511575197 -10.993219999999999 1.04300000000000000003
1  3.47e+05  0.3539872086 -10.993219999999999 1.04300000000000000003
1  3.63e+05  0.3536916413 -10.993219999999999 1.04300000000000000003
1  3.80e+05  0.3510628024 -10.993219999999999 1.04300000000000000003
1  3.98e+05  0.3470601671 -10.993219999999999 1.04300000000000000003
1  4.17e+05  0.3426002149 -10.993219999999999 1.04300000000000000003
1  4.37e+05  0.3384271356 -10.993219999999999 1.04300000000000000003
1  4.57e+05  0.3350569648 -10.993219999999999 1.04300000000000000003
1  4.79e+05  0.3327764057 -10.993219999999999 1.04300000000000000003
1  5.01e+05  0.3316754259 -10.993219999999999 1.04300000000000000003
1  5.25e+05  0.3316955899 -10.993219999999999 1.04300000000000000003
1  5.50e+05  0.3326810032 -10.993219999999999 1.04300000000000000003
1  5.75e+05  0.3344237781 -10.993219999999999 1.04300000000000000003
1  6.03e+05  0.3367000831 -10.993219999999999 1.04300000000000000003
1  6.31e+05  0.3392957925 -10.993219999999999 1.04300000000000000003
1  6.61e+05  0.3422565276 -10.993219999999999 1.04300000000000000003
1  6.92e+05  0.345178426 -10.993219999999999 1.04300000000000000003
1  7.24e+05  0.3478661018 -10.993219999999999 1.04300000000000000003
1  7.59e+05  0.3503339425 -10.993219999999999 1.04300000000000000003
1  7.94e+05  0.3524668682 -10.993219999999999 1.04300000000000000003
1  8.32e+05  0.3542393756 -10.993219999999999 1.04300000000000000003
1  8.71e+05  0.3556236713 -10.993219999999999 1.04300000000000000003
1  9.12e+05  0.3566980691 -10.993219999999999 1.04300000000000000003
1  9.55e+05  0.3574575455 -10.993219999999999 1.04300000000000000003
1  1.00e+06  0.3579380008 -10.993219999999999 1.04300000000000000003
1  1.05e+06  0.3581783764 -10.993219999999999 1.04300000000000000003
1  1.10e+06  0.3582162088 -10.993219999999999 1.04300000000000000003
1  1.15e+06  0.3580952458 -10.993219999999999 1.04300000000000000003
1  1.20e+06  0.3578445398 -10.993219999999999 1.04300000000000000003
1  1.26e+06  0.3574948716 -10.993219999999999 1.04300000000000000003
1  1.32e+06  0.3570804527 -10.993219999999999 1.04300000000000000003
1  1.38e+06  0.356610363 -10.993219999999999 1.04300000000000000003
1  1.45e+06  0.3561096417 -10.993219999999999 1.04300000000000000003
1  1.51e+06  0.3555939076 -10.993219999999999 1.04300000000000000003
1  1.58e+06  0.3550853939 -10.993219999999999 1.04300000000000000003
1  1.66e+06  0.354574388 -10.993219999999999 1.04300000000000000003
1  1.74e+06  0.3540779186 -10.993219999999999 1.04300000000000000003
1  1.82e+06  0.3536014781 -10.993219999999999 1.04300000000000000003
1  1.91e+06  0.3531489183 -10.993219999999999 1.04300000000000000003
1  2.00e+06  0.3527312838 -10.993219999999999 1.04300000000000000003
1  2.09e+06  0.3523324963 -10.993219999999999 1.04300000000000000003
1  2.19e+06  0.3519621001 -10.993219999999999 1.04300000000000000003
1  2.29e+06  0.3516200347 -10.993219999999999 1.04300000000000000003
1  2.40e+06  0.3513124033 -10.993219999999999 1.04300000000000000003
1  2.51e+06  0.3510244743 -10.993219999999999 1.04300000000000000003
1  2.63e+06  0.3507622037 -10.993219999999999 1.04300000000000000003
1  2.75e+06  0.350524228 -10.993219999999999 1.04300000000000000003
1  2.88e+06  0.3503139705 -10.993219999999999 1.04300000000000000003
1  3.02e+06  0.3501197245 -10.993219999999999 1.04300000000000000003
1  3.16e+06  0.3499452662 -10.993219999999999 1.04300000000000000003
1  3.31e+06  0.3497890799 -10.993219999999999 1.04300000000000000003
1  3.47e+06  0.3496496925 -10.993219999999999 1.04300000000000000003
1  3.63e+06  0.3495288565 -10.993219999999999 1.04300000000000000003
1  3.80e+06  0.3494186169 -10.993219999999999 1.04300000000000000003
1  3.98e+06  0.3493211728 -10.993219999999999 1.04300000000000000003
1  4.17e+06  0.3492353374 -10.993219999999999 1.04300000000000000003
1  4.37e+06  0.349162192 -10.993219999999999 1.04300000000000000003
1  4.57e+06  0.3490961437 -10.993219999999999 1.04300000000000000003
1  4.79e+06  0.3490386508 -10.993219999999999 1.04300000000000000003
1  5.01e+06  0.3489888456 -10.993219999999999 1.04300000000000000003
1  5.25e+06  0.3489474242 -10.993219999999999 1.04300000000000000003
1  5.50e+06  0.3489105426 -10.993219999999999 1.04300000000000000003
1  5.75e+06  0.3488791816 -10.993219999999999 1.04300000000000000003
1  6.03e+06  0.3488527406 -10.993219999999999 1.04300000000000000003
1  6.31e+06  0.3488306749 -10.993219999999999 1.04300000000000000003
1  6.61e+06  0.3488134046 -10.993219999999999 1.04300000000000000003
1  6.92e+06  0.3487985729 -10.993219999999999 1.04300000000000000003
1  7.24e+06  0.3487867858 -10.993219999999999 1.04300000000000000003
1  7.59e+06  0.3487776814 -10.993219999999999 1.04300000000000000003
1  7.94e+06  0.3487715481 -10.993219999999999 1.04300000000000000003
1  8.32e+06  0.3487668084 -10.993219999999999 1.04300000000000000003
1  8.71e+06  0.3487638782 -10.993219999999999 1.04300000000000000003
1  9.12e+06  0.3487625231 -10.993219999999999 1.04300000000000000003
1  9.55e+06  0.3487629444 -10.993219999999999 1.04300000000000000003
1  1.00e+07  0.3487640932 -10.993219999999999 1.04300000000000000003
