1  1.00e-03  0.1758963832 -11.3305 1.07499999999999999993
1  1.05e-03  0.1758963802 -11.3305 1.07499999999999999993
1  1.10e-03  0.1758963842 -11.3305 1.07499999999999999993
1  1.15e-03  0.1758963863 -11.3305 1.07499999999999999993
1  1.20e-03  0.1758963821 -11.3305 1.07499999999999999993
1  1.26e-03  0.1758963853 -11.3305 1.07499999999999999993
1  1.32e-03  0.1758963851 -11.3305 1.07499999999999999993
1  1.38e-03  0.1758963834 -11.3305 1.07499999999999999993
1  1.45e-03  0.1758963851 -11.3305 1.07499999999999999993
1  1.51e-03  0.1758963809 -11.3305 1.07499999999999999993
1  1.58e-03  0.1758963816 -11.3305 1.07499999999999999993
1  1.66e-03  0.1758963848 -11.3305 1.07499999999999999993
1  1.74e-03  0.1758963843 -11.3305 1.07499999999999999993
1  1.82e-03  0.1758963823 -11.3305 1.07499999999999999993
1  1.91e-03  0.1758963815 -11.3305 1.07499999999999999993
1  2.00e-03  0.1758963819 -11.3305 1.07499999999999999993
1  2.09e-03  0.1758963789 -11.3305 1.07499999999999999993
1  2.19e-03  0.1758963861 -11.3305 1.07499999999999999993
1  2.29e-03  0.17590309 -11.3305 1.07499999999999999993
1  2.40e-03  0.1758963859 -11.3305 1.07499999999999999993
1  2.51e-03  0.1758963845 -11.3305 1.07499999999999999993
1  2.63e-03  0.1758963857 -11.3305 1.07499999999999999993
1  2.75e-03  0.1758963819 -11.3305 1.07499999999999999993
1  2.88e-03  0.1758963893 -11.3305 1.07499999999999999993
1  3.02e-03  0.1758963778 -11.3305 1.07499999999999999993
1  3.16e-03  0.1758963871 -11.3305 1.07499999999999999993
1  3.31e-03  0.1758963921 -11.3305 1.07499999999999999993
1  3.47e-03  0.1758963831 -11.3305 1.07499999999999999993
1  3.63e-03  0.1758963785 -11.3305 1.07499999999999999993
1  3.80e-03  0.1758963851 -11.3305 1.07499999999999999993
1  3.98e-03  0.1758963821 -11.3305 1.07499999999999999993
1  4.17e-03  0.1758963903 -11.3305 1.07499999999999999993
1  4.37e-03  0.1758963851 -11.3305 1.07499999999999999993
1  4.57e-03  0.1758963836 -11.3305 1.07499999999999999993
1  4.79e-03  0.1758963788 -11.3305 1.07499999999999999993
1  5.01e-03  0.1758963831 -11.3305 1.07499999999999999993
1  5.25e-03  0.1758963843 -11.3305 1.07499999999999999993
1  5.50e-03  0.175896375 -11.3305 1.07499999999999999993
1  5.75e-03  0.1758963794 -11.3305 1.07499999999999999993
1  6.03e-03  0.1758963916 -11.3305 1.07499999999999999993
1  6.31e-03  0.175896383 -11.3305 1.07499999999999999993
1  6.61e-03  0.1758963839 -11.3305 1.07499999999999999993
1  6.92e-03  0.1758963776 -11.3305 1.07499999999999999993
1  7.24e-03  0.1758963812 -11.3305 1.07499999999999999993
1  7.59e-03  0.1758963804 -11.3305 1.07499999999999999993
1  7.94e-03  0.1758963666 -11.3305 1.07499999999999999993
1  8.32e-03  0.1758963768 -11.3305 1.07499999999999999993
1  8.71e-03  0.175896377 -11.3305 1.07499999999999999993
1  9.12e-03  0.1758963762 -11.3305 1.07499999999999999993
1  9.55e-03  0.1758963665 -11.3305 1.07499999999999999993
1  1.00e-02  0.1758961243 -11.3305 1.07499999999999999993
1  1.05e-02  0.1758963671 -11.3305 1.07499999999999999993
1  1.10e-02  0.1758963777 -11.3305 1.07499999999999999993
1  1.15e-02  0.1758963695 -11.3305 1.07499999999999999993
1  1.20e-02  0.1758963742 -11.3305 1.07499999999999999993
1  1.26e-02  0.1758963911 -11.3305 1.07499999999999999993
1  1.32e-02  0.175896362 -11.3305 1.07499999999999999993
1  1.38e-02  0.1758963734 -11.3305 1.07499999999999999993
1  1.45e-02  0.1758963653 -11.3305 1.07499999999999999993
1  1.51e-02  0.1758963635 -11.3305 1.07499999999999999993
1  1.58e-02  0.1758961693 -11.3305 1.07499999999999999993
1  1.66e-02  0.1758963807 -11.3305 1.07499999999999999993
1  1.74e-02  0.1758963655 -11.3305 1.07499999999999999993
1  1.82e-02  0.1758963812 -11.3305 1.07499999999999999993
1  1.91e-02  0.1758963577 -11.3305 1.07499999999999999993
1  2.00e-02  0.1758963987 -11.3305 1.07499999999999999993
1  2.09e-02  0.1758963631 -11.3305 1.07499999999999999993
1  2.19e-02  0.1758964061 -11.3305 1.07499999999999999993
1  2.29e-02  0.1758963966 -11.3305 1.07499999999999999993
1  2.40e-02  0.1758963849 -11.3305 1.07499999999999999993
1  2.51e-02  0.1758293064 -11.3305 1.07499999999999999993
1  2.63e-02  0.1758966146 -11.3305 1.07499999999999999993
1  2.75e-02  0.175896285 -11.3305 1.07499999999999999993
1  2.88e-02  0.1758962918 -11.3305 1.07499999999999999993
1  3.02e-02  0.1758964371 -11.3305 1.07499999999999999993
1  3.16e-02  0.1758949954 -11.3305 1.07499999999999999993
1  3.31e-02  0.175896308 -11.3305 1.07499999999999999993
1  3.47e-02  0.1758963347 -11.3305 1.07499999999999999993
1  3.63e-02  0.175896437 -11.3305 1.07499999999999999993
1  3.80e-02  0.1758963242 -11.3305 1.07499999999999999993
1  3.98e-02  0.1758963958 -11.3305 1.07499999999999999993
1  4.17e-02  0.1758934274 -11.3305 1.07499999999999999993
1  4.37e-02  0.1758961311 -11.3305 1.07499999999999999993
1  4.57e-02  0.1758957077 -11.3305 1.07499999999999999993
1  4.79e-02  0.1758961746 -11.3305 1.07499999999999999993
1  5.01e-02  0.1758961715 -11.3305 1.07499999999999999993
1  5.25e-02  0.1758962731 -11.3305 1.07499999999999999993
1  5.50e-02  0.1758961832 -11.3305 1.07499999999999999993
1  5.75e-02  0.175896238 -11.3305 1.07499999999999999993
1  6.03e-02  0.1758963505 -11.3305 1.07499999999999999993
1  6.31e-02  0.1758960943 -11.3305 1.07499999999999999993
1  6.61e-02  0.1758962725 -11.3305 1.07499999999999999993
1  6.92e-02  0.1758961457 -11.3305 1.07499999999999999993
1  7.24e-02  0.1758964875 -11.3305 1.07499999999999999993
1  7.59e-02  0.1758962387 -11.3305 1.07499999999999999993
1  7.94e-02  0.1758963096 -11.3305 1.07499999999999999993
1  8.32e-02  0.1758962744 -11.3305 1.07499999999999999993
1  8.71e-02  0.1758948013 -11.3305 1.07499999999999999993
1  9.12e-02  0.1758962552 -11.3305 1.07499999999999999993
1  9.55e-02  0.1758961307 -11.3305 1.07499999999999999993
1  1.00e-01  0.1758962391 -11.3305 1.07499999999999999993
1  1.05e-01  0.175896313 -11.3305 1.07499999999999999993
1  1.10e-01  0.1758962354 -11.3305 1.07499999999999999993
1  1.15e-01  0.1758962918 -11.3305 1.07499999999999999993
1  1.20e-01  0.1758962711 -11.3305 1.07499999999999999993
1  1.26e-01  0.1758964113 -11.3305 1.07499999999999999993
1  1.32e-01  0.1758963584 -11.3305 1.07499999999999999993
1  1.38e-01  0.1758962147 -11.3305 1.07499999999999999993
1  1.45e-01  0.1758963625 -11.3305 1.07499999999999999993
1  1.51e-01  0.1758956282 -11.3305 1.07499999999999999993
1  1.58e-01  0.1758964407 -11.3305 1.07499999999999999993
1  1.66e-01  0.1758964885 -11.3305 1.07499999999999999993
1  1.74e-01  0.1758961698 -11.3305 1.07499999999999999993
1  1.82e-01  0.1758962489 -11.3305 1.07499999999999999993
1  1.91e-01  0.1758963327 -11.3305 1.07499999999999999993
1  2.00e-01  0.1758932791 -11.3305 1.07499999999999999993
1  2.09e-01  0.1758967771 -11.3305 1.07499999999999999993
1  2.19e-01  0.1758963413 -11.3305 1.07499999999999999993
1  2.29e-01  0.1758964991 -11.3305 1.07499999999999999993
1  2.40e-01  0.1758965727 -11.3305 1.07499999999999999993
1  2.51e-01  0.1758962546 -11.3305 1.07499999999999999993
1  2.63e-01  0.1758964713 -11.3305 1.07499999999999999993
1  2.75e-01  0.1758965567 -11.3305 1.07499999999999999993
1  2.88e-01  0.1758962148 -11.3305 1.07499999999999999993
1  3.02e-01  0.1758960209 -11.3305 1.07499999999999999993
1  3.16e-01  0.1758959855 -11.3305 1.07499999999999999993
1  3.31e-01  0.17589616 -11.3305 1.07499999999999999993
1  3.47e-01  0.1758961898 -11.3305 1.07499999999999999993
1  3.63e-01  0.1758985192 -11.3305 1.07499999999999999993
1  3.80e-01  0.17589666 -11.3305 1.07499999999999999993
1  3.98e-01  0.1758966949 -11.3305 1.07499999999999999993
1  4.17e-01  0.1758965543 -11.3305 1.07499999999999999993
1  4.37e-01  0.1758964037 -11.3305 1.07499999999999999993
1  4.57e-01  0.1758966776 -11.3305 1.07499999999999999993
1  4.79e-01  0.1758967133 -11.3305 1.07499999999999999993
1  5.01e-01  0.1758963362 -11.3305 1.07499999999999999993
1  5.25e-01  0.175896667 -11.3305 1.07499999999999999993
1  5.50e-01  0.1758969261 -11.3305 1.07499999999999999993
1  5.75e-01  0.175896064 -11.3305 1.07499999999999999993
1  6.03e-01  0.1758910936 -11.3305 1.07499999999999999993
1  6.31e-01  0.1758962947 -11.3305 1.07499999999999999993
1  6.61e-01  0.1759023016 -11.3305 1.07499999999999999993
1  6.92e-01  0.1758966816 -11.3305 1.07499999999999999993
1  7.24e-01  0.1758963961 -11.3305 1.07499999999999999993
1  7.59e-01  0.1758964776 -11.3305 1.07499999999999999993
1  7.94e-01  0.1758963711 -11.3305 1.07499999999999999993
1  8.32e-01  0.1758967639 -11.3305 1.07499999999999999993
1  8.71e-01  0.1758962761 -11.3305 1.07499999999999999993
1  9.12e-01  0.1758969836 -11.3305 1.07499999999999999993
1  9.55e-01  0.175896266 -11.3305 1.07499999999999999993
1  1.00e+00  0.175896409 -11.3305 1.07499999999999999993
1  1.05e+00  0.1758972933 -11.3305 1.07499999999999999993
1  1.10e+00  0.1758975117 -11.3305 1.07499999999999999993
1  1.15e+00  0.1758958754 -11.3305 1.07499999999999999993
1  1.20e+00  0.1758965282 -11.3305 1.07499999999999999993
1  1.26e+00  0.1758976823 -11.3305 1.07499999999999999993
1  1.32e+00  0.1758689844 -11.3305 1.07499999999999999993
1  1.38e+00  0.1758982483 -11.3305 1.07499999999999999993
1  1.45e+00  0.1758964844 -11.3305 1.07499999999999999993
1  1.51e+00  0.1758964124 -11.3305 1.07499999999999999993
1  1.58e+00  0.1758972707 -11.3305 1.07499999999999999993
1  1.66e+00  0.1758983608 -11.3305 1.07499999999999999993
1  1.74e+00  0.1758980077 -11.3305 1.07499999999999999993
1  1.82e+00  0.1758987985 -11.3305 1.07499999999999999993
1  1.91e+00  0.1758962703 -11.3305 1.07499999999999999993
1  2.00e+00  0.1758963804 -11.3305 1.07499999999999999993
1  2.09e+00  0.175896741 -11.3305 1.07499999999999999993
1  2.19e+00  0.175897775 -11.3305 1.07499999999999999993
1  2.29e+00  0.1758949313 -11.3305 1.07499999999999999993
1  2.40e+00  0.1758932364 -11.3305 1.07499999999999999993
1  2.51e+00  0.1758960564 -11.3305 1.07499999999999999993
1  2.63e+00  0.1759000036 -11.3305 1.07499999999999999993
1  2.75e+00  0.1758778455 -11.3305 1.07499999999999999993
1  2.88e+00  0.1758965887 -11.3305 1.07499999999999999993
1  3.02e+00  0.1758827447 -11.3305 1.07499999999999999993
1  3.16e+00  0.1759008275 -11.3305 1.07499999999999999993
1  3.31e+00  0.1758999706 -11.3305 1.07499999999999999993
1  3.47e+00  0.1758994082 -11.3305 1.07499999999999999993
1  3.63e+00  0.1758988039 -11.3305 1.07499999999999999993
1  3.80e+00  0.1759020505 -11.3305 1.07499999999999999993
1  3.98e+00  0.1758971135 -11.3305 1.07499999999999999993
1  4.17e+00  0.175896198 -11.3305 1.07499999999999999993
1  4.37e+00  0.1758983888 -11.3305 1.07499999999999999993
1  4.57e+00  0.1759801712 -11.3305 1.07499999999999999993
1  4.79e+00  0.1758968075 -11.3305 1.07499999999999999993
1  5.01e+00  0.1759005303 -11.3305 1.07499999999999999993
1  5.25e+00  0.1759085095 -11.3305 1.07499999999999999993
1  5.50e+00  0.175904981 -11.3305 1.07499999999999999993
1  5.75e+00  0.1759001705 -11.3305 1.07499999999999999993
1  6.03e+00  0.1758827338 -11.3305 1.07499999999999999993
1  6.31e+00  0.1758945912 -11.3305 1.07499999999999999993
1  6.61e+00  0.1759036529 -11.3305 1.07499999999999999993
1  6.92e+00  0.1759015219 -11.3305 1.07499999999999999993
1  7.24e+00  0.1758940997 -11.3305 1.07499999999999999993
1  7.59e+00  0.1759296646 -11.3305 1.07499999999999999993
1  7.94e+00  0.1759134831 -11.3305 1.07499999999999999993
1  8.32e+00  0.1758997095 -11.3305 1.07499999999999999993
1  8.71e+00  0.1759106584 -11.3305 1.07499999999999999993
1  9.12e+00  0.1759223904 -11.3305 1.07499999999999999993
1  9.55e+00  0.1759217699 -11.3305 1.07499999999999999993
1  1.00e+01  0.1759191479 -11.3305 1.07499999999999999993
1  1.05e+01  0.1759000346 -11.3305 1.07499999999999999993
1  1.10e+01  0.175941186 -11.3305 1.07499999999999999993
1  1.15e+01  0.1759069472 -11.3305 1.07499999999999999993
1  1.20e+01  0.1758963721 -11.3305 1.07499999999999999993
1  1.26e+01  0.1759151162 -11.3305 1.07499999999999999993
1  1.32e+01  0.1759161567 -11.3305 1.07499999999999999993
1  1.38e+01  0.1759163434 -11.3305 1.07499999999999999993
1  1.45e+01  0.1759168636 -11.3305 1.07499999999999999993
1  1.51e+01  0.1759052184 -11.3305 1.07499999999999999993
1  1.58e+01  0.1759159606 -11.3305 1.07499999999999999993
1  1.66e+01  0.1759193109 -11.3305 1.07499999999999999993
1  1.74e+01  0.1759221278 -11.3305 1.07499999999999999993
1  1.82e+01  0.1758522714 -11.3305 1.07499999999999999993
1  1.91e+01  0.1758980606 -11.3305 1.07499999999999999993
1  2.00e+01  0.1759292374 -11.3305 1.07499999999999999993
1  2.09e+01  0.1758397082 -11.3305 1.07499999999999999993
1  2.19e+01  0.1757520142 -11.3305 1.07499999999999999993
1  2.29e+01  0.1758772126 -11.3305 1.07499999999999999993
1  2.40e+01  0.1761234381 -11.3305 1.07499999999999999993
1  2.51e+01  0.1758589403 -11.3305 1.07499999999999999993
1  2.63e+01  0.1759998793 -11.3305 1.07499999999999999993
1  2.75e+01  0.1758947503 -11.3305 1.07499999999999999993
1  2.88e+01  0.1758648933 -11.3305 1.07499999999999999993
1  3.02e+01  0.1758454264 -11.3305 1.07499999999999999993
1  3.16e+01  0.1761386617 -11.3305 1.07499999999999999993
1  3.31e+01  0.1759819593 -11.3305 1.07499999999999999993
1  3.47e+01  0.1758769728 -11.3305 1.07499999999999999993
1  3.63e+01  0.1758278425 -11.3305 1.07499999999999999993
1  3.80e+01  0.1758577921 -11.3305 1.07499999999999999993
1  3.98e+01  0.1759261542 -11.3305 1.07499999999999999993
1  4.17e+01  0.175800824 -11.3305 1.07499999999999999993
1  4.37e+01  0.1760048227 -11.3305 1.07499999999999999993
1  4.57e+01  0.1759715594 -11.3305 1.07499999999999999993
1  4.79e+01  0.1759874786 -11.3305 1.07499999999999999993
1  5.01e+01  0.1759208328 -11.3305 1.07499999999999999993
1  5.25e+01  0.1758796905 -11.3305 1.07499999999999999993
1  5.50e+01  0.1757812101 -11.3305 1.07499999999999999993
1  5.75e+01  0.1760631725 -11.3305 1.07499999999999999993
1  6.03e+01  0.1759821727 -11.3305 1.07499999999999999993
1  6.31e+01  0.1759738422 -11.3305 1.07499999999999999993
1  6.61e+01  0.1759280676 -11.3305 1.07499999999999999993
1  6.92e+01  0.1758330367 -11.3305 1.07499999999999999993
1  7.24e+01  0.1760896828 -11.3305 1.07499999999999999993
1  7.59e+01  0.1759340296 -11.3305 1.07499999999999999993
1  7.94e+01  0.1760841348 -11.3305 1.07499999999999999993
1  8.32e+01  0.1758513932 -11.3305 1.07499999999999999993
1  8.71e+01  0.1760626772 -11.3305 1.07499999999999999993
1  9.12e+01  0.1759364765 -11.3305 1.07499999999999999993
1  9.55e+01  0.1760007113 -11.3305 1.07499999999999999993
1  1.00e+02  0.175914463 -11.3305 1.07499999999999999993
1  1.05e+02  0.175898507 -11.3305 1.07499999999999999993
1  1.10e+02  0.17600355 -11.3305 1.07499999999999999993
1  1.15e+02  0.1760286053 -11.3305 1.07499999999999999993
1  1.20e+02  0.1759034101 -11.3305 1.07499999999999999993
1  1.26e+02  0.1759112205 -11.3305 1.07499999999999999993
1  1.32e+02  0.1760810947 -11.3305 1.07499999999999999993
1  1.38e+02  0.1760025413 -11.3305 1.07499999999999999993
1  1.45e+02  0.1758499342 -11.3305 1.07499999999999999993
1  1.51e+02  0.1760783793 -11.3305 1.07499999999999999993
1  1.58e+02  0.1760100746 -11.3305 1.07499999999999999993
1  1.66e+02  0.175926894 -11.3305 1.07499999999999999993
1  1.74e+02  0.1761006154 -11.3305 1.07499999999999999993
1  1.82e+02  0.1759459551 -11.3305 1.07499999999999999993
1  1.91e+02  0.1762096916 -11.3305 1.07499999999999999993
1  2.00e+02  0.1761560669 -11.3305 1.07499999999999999993
1  2.09e+02  0.1762363104 -11.3305 1.07499999999999999993
1  2.19e+02  0.1761538669 -11.3305 1.07499999999999999993
1  2.29e+02  0.175928865 -11.3305 1.07499999999999999993
1  2.40e+02  0.1761415011 -11.3305 1.07499999999999999993
1  2.51e+02  0.1762160429 -11.3305 1.07499999999999999993
1  2.63e+02  0.1762298444 -11.3305 1.07499999999999999993
1  2.75e+02  0.1760845554 -11.3305 1.07499999999999999993
1  2.88e+02  0.1761678371 -11.3305 1.07499999999999999993
1  3.02e+02  0.175959572 -11.3305 1.07499999999999999993
1  3.16e+02  0.1759091627 -11.3305 1.07499999999999999993
1  3.31e+02  0.1763017355 -11.3305 1.07499999999999999993
1  3.47e+02  0.1759548714 -11.3305 1.07499999999999999993
1  3.63e+02  0.1762651922 -11.3305 1.07499999999999999993
1  3.80e+02  0.1762265521 -11.3305 1.07499999999999999993
1  3.98e+02  0.1759818577 -11.3305 1.07499999999999999993
1  4.17e+02  0.1764998966 -11.3305 1.07499999999999999993
1  4.37e+02  0.1765858611 -11.3305 1.07499999999999999993
1  4.57e+02  0.176501359 -11.3305 1.07499999999999999993
1  4.79e+02  0.1758437965 -11.3305 1.07499999999999999993
1  5.01e+02  0.1764800661 -11.3305 1.07499999999999999993
1  5.25e+02  0.1766906895 -11.3305 1.07499999999999999993
1  5.50e+02  0.1766293458 -11.3305 1.07499999999999999993
1  5.75e+02  0.1758956915 -11.3305 1.07499999999999999993
1  6.03e+02  0.1765495662 -11.3305 1.07499999999999999993
1  6.31e+02  0.1769760736 -11.3305 1.07499999999999999993
1  6.61e+02  0.1764164114 -11.3305 1.07499999999999999993
1  6.92e+02  0.1758219948 -11.3305 1.07499999999999999993
1  7.24e+02  0.1768369443 -11.3305 1.07499999999999999993
1  7.59e+02  0.1764389059 -11.3305 1.07499999999999999993
1  7.94e+02  0.1770095741 -11.3305 1.07499999999999999993
1  8.32e+02  0.1760700034 -11.3305 1.07499999999999999993
1  8.71e+02  0.1772831028 -11.3305 1.07499999999999999993
1  9.12e+02  0.1755305221 -11.3305 1.07499999999999999993
1  9.55e+02  0.1752227769 -11.3305 1.07499999999999999993
1  1.00e+03  0.1782718886 -11.3305 1.07499999999999999993
1  1.05e+03  0.176941428 -11.3305 1.07499999999999999993
1  1.10e+03  0.176183587 -11.3305 1.07499999999999999993
1  1.15e+03  0.1766828065 -11.3305 1.07499999999999999993
1  1.20e+03  0.1793291053 -11.3305 1.07499999999999999993
1  1.26e+03  0.1759023819 -11.3305 1.07499999999999999993
1  1.32e+03  0.1862758673 -11.3305 1.07499999999999999993
1  1.38e+03  0.169555478 -11.3305 1.07499999999999999993
1  1.45e+03  0.164971235 -11.3305 1.07499999999999999993
1  1.51e+03  0.1637311002 -11.3305 1.07499999999999999993
1  1.58e+03  0.163560444 -11.3305 1.07499999999999999993
1  1.66e+03  0.1824607381 -11.3305 1.07499999999999999993
1  1.74e+03  0.2008077459 -11.3305 1.07499999999999999993
1  1.82e+03  0.1888583242 -11.3305 1.07499999999999999993
1  1.91e+03  0.1704305079 -11.3305 1.07499999999999999993
1  2.00e+03  0.1740260392 -11.3305 1.07499999999999999993
1  2.09e+03  0.1640129047 -11.3305 1.07499999999999999993
1  2.19e+03  0.140644997 -11.3305 1.07499999999999999993
1  2.29e+03  0.13001443 -11.3305 1.07499999999999999993
1  2.40e+03  0.183682787 -11.3305 1.07499999999999999993
1  2.51e+03  0.1410613434 -11.3305 1.07499999999999999993
1  2.63e+03  0.2261851266 -11.3305 1.07499999999999999993
1  2.75e+03  0.1877821467 -11.3305 1.07499999999999999993
1  2.88e+03  0.1671943967 -11.3305 1.07499999999999999993
1  3.02e+03  0.179130894 -11.3305 1.07499999999999999993
1  3.16e+03  0.179061105 -11.3305 1.07499999999999999993
1  3.31e+03  0.1837803872 -11.3305 1.07499999999999999993
1  3.47e+03  0.2554412753 -11.3305 1.07499999999999999993
1  3.63e+03  0.2647866133 -11.3305 1.07499999999999999993
1  3.80e+03  0.1398677219 -11.3305 1.07499999999999999993
1  3.98e+03  0.2600820982 -11.3305 1.07499999999999999993
1  4.17e+03  0.1294526744 -11.3305 1.07499999999999999993
1  4.37e+03  0.130854698 -11.3305 1.07499999999999999993
1  4.57e+03  0.2109249157 -11.3305 1.07499999999999999993
1  4.79e+03  0.1907903613 -11.3305 1.07499999999999999993
1  5.01e+03  0.152278139 -11.3305 1.07499999999999999993
1  5.25e+03  0.1383837839 -11.3305 1.07499999999999999993
1  5.50e+03  0.1373103957 -11.3305 1.07499999999999999993
1  5.75e+03  0.1564264569 -11.3305 1.07499999999999999993
1  6.03e+03  0.1881843645 -11.3305 1.07499999999999999993
1  6.31e+03  0.1811109467 -11.3305 1.07499999999999999993
1  6.61e+03  0.09703362717 -11.3305 1.07499999999999999993
1  6.92e+03  0.2051469654 -11.3305 1.07499999999999999993
1  7.24e+03  0.1769575587 -11.3305 1.07499999999999999993
1  7.59e+03  0.1654002122 -11.3305 1.07499999999999999993
1  7.94e+03  0.2013479831 -11.3305 1.07499999999999999993
1  8.32e+03  0.2583531743 -11.3305 1.07499999999999999993
1  8.71e+03  0.09279438076 -11.3305 1.07499999999999999993
1  9.12e+03  0.2757684406 -11.3305 1.07499999999999999993
1  9.55e+03  0.3439321361 -11.3305 1.07499999999999999993
1  1.00e+04  0.2032809084 -11.3305 1.07499999999999999993
1  1.05e+04  0.09080390231 -11.3305 1.07499999999999999993
1  1.10e+04  0.1459795074 -11.3305 1.07499999999999999993
1  1.15e+04  0.1812768822 -11.3305 1.07499999999999999993
1  1.20e+04  0.229387626 -11.3305 1.07499999999999999993
1  1.26e+04  0.3017891063 -11.3305 1.07499999999999999993
1  1.32e+04  0.2081113681 -11.3305 1.07499999999999999993
1  1.38e+04  0.2121273052 -11.3305 1.07499999999999999993
1  1.45e+04  0.1139288134 -11.3305 1.07499999999999999993
1  1.51e+04  0.112725087 -11.3305 1.07499999999999999993
1  1.58e+04  0.2483837574 -11.3305 1.07499999999999999993
1  1.66e+04  0.4318342996 -11.3305 1.07499999999999999993
1  1.74e+04  0.3802327565 -11.3305 1.07499999999999999993
1  1.82e+04  0.2032160353 -11.3305 1.07499999999999999993
1  1.91e+04  0.2247134798 -11.3305 1.07499999999999999993
1  2.00e+04  0.4636656291 -11.3305 1.07499999999999999993
1  2.09e+04  0.3091230523 -11.3305 1.07499999999999999993
1  2.19e+04  0.2312588631 -11.3305 1.07499999999999999993
1  2.29e+04  0.4874061771 -11.3305 1.07499999999999999993
1  2.40e+04  0.1721693312 -11.3305 1.07499999999999999993
1  2.51e+04  0.4600378045 -11.3305 1.07499999999999999993
1  2.63e+04  0.2189780434 -11.3305 1.07499999999999999993
1  2.75e+04  0.3149884703 -11.3305 1.07499999999999999993
1  2.88e+04  0.3770510568 -11.3305 1.07499999999999999993
1  3.02e+04  0.3583663652 -11.3305 1.07499999999999999993
1  3.16e+04  0.2337666932 -11.3305 1.07499999999999999993
1  3.31e+04  0.4414596958 -11.3305 1.07499999999999999993
1  3.47e+04  0.2160579666 -11.3305 1.07499999999999999993
1  3.63e+04  0.5070468797 -11.3305 1.07499999999999999993
1  3.80e+04  0.1574941177 -11.3305 1.07499999999999999993
1  3.98e+04  0.3776719225 -11.3305 1.07499999999999999993
1  4.17e+04  0.4409572188 -11.3305 1.07499999999999999993
1  4.37e+04  0.160701657 -11.3305 1.07499999999999999993
1  4.57e+04  0.5273781607 -11.3305 1.07499999999999999993
1  4.79e+04  0.2746292668 -11.3305 1.07499999999999999993
1  5.01e+04  0.1904535745 -11.3305 1.07499999999999999993
1  5.25e+04  0.4405865923 -11.3305 1.07499999999999999993
1  5.50e+04  0.400747816 -11.3305 1.07499999999999999993
1  5.75e+04  0.1697903731 -11.3305 1.07499999999999999993
1  6.03e+04  0.2640614721 -11.3305 1.07499999999999999993
1  6.31e+04  0.5137470488 -11.3305 1.07499999999999999993
1  6.61e+04  0.3401754744 -11.3305 1.07499999999999999993
1  6.92e+04  0.1595008493 -11.3305 1.07499999999999999993
1  7.24e+04  0.3574704885 -11.3305 1.07499999999999999993
1  7.59e+04  0.4831728872 -11.3305 1.07499999999999999993
1  7.94e+04  0.3135333262 -11.3305 1.07499999999999999993
1  8.32e+04  0.1610104138 -11.3305 1.07499999999999999993
1  8.71e+04  0.2010647099 -11.3305 1.07499999999999999993
1  9.12e+04  0.3130497359 -11.3305 1.07499999999999999993
1  9.55e+04  0.3683061887 -11.3305 1.07499999999999999993
1  1.00e+05  0.3377398101 -11.3305 1.07499999999999999993
1  1.05e+05  0.2492520954 -11.3305 1.07499999999999999993
1  1.10e+05  0.1701004591 -11.3305 1.07499999999999999993
1  1.15e+05  0.1724546677 -11.3305 1.07499999999999999993
1  1.20e+05  0.2642086076 -11.3305 1.07499999999999999993
1  1.26e+05  0.3717565846 -11.3305 1.07499999999999999993
1  1.32e+05  0.4075560261 -11.3305 1.07499999999999999993
1  1.38e+05  0.3480189559 -11.3305 1.07499999999999999993
1  1.45e+05  0.245205832 -11.3305 1.07499999999999999993
1  1.51e+05  0.1751341219 -11.3305 1.07499999999999999993
1  1.58e+05  0.1796918007 -11.3305 1.07499999999999999993
1  1.66e+05  0.2465335436 -11.3305 1.07499999999999999993
1  1.74e+05  0.3292915336 -11.3305 1.07499999999999999993
1  1.82e+05  0.3820982659 -11.3305 1.07499999999999999993
1  1.91e+05  0.3833408049 -11.3305 1.07499999999999999993
1  2.00e+05  0.339478512 -11.3305 1.07499999999999999993
1  2.09e+05  0.27425894 -11.3305 1.07499999999999999993
1  2.19e+05  0.2138996141 -11.3305 1.07499999999999999993
1  2.29e+05  0.176325542 -11.3305 1.07499999999999999993
1  2.40e+05  0.1673357111 -11.3305 1.07499999999999999993
1  2.51e+05  0.1824578319 -11.3305 1.07499999999999999993
1  2.63e+05  0.2115626212 -11.3305 1.07499999999999999993
1  2.75e+05  0.2435696833 -11.3305 1.07499999999999999993
1  2.88e+05  0.26971323 -11.3305 1.07499999999999999993
1  3.02e+05  0.2849775918 -11.3305 1.07499999999999999993
1  3.16e+05  0.2880450876 -11.3305 1.07499999999999999993
1  3.31e+05  0.2803770479 -11.3305 1.07499999999999999993
1  3.47e+05  0.2650103575 -11.3305 1.07499999999999999993
1  3.63e+05  0.2454673629 -11.3305 1.07499999999999999993
1  3.80e+05  0.2249733583 -11.3305 1.07499999999999999993
1  3.98e+05  0.2060191334 -11.3305 1.07499999999999999993
1  4.17e+05  0.19021415 -11.3305 1.07499999999999999993
1  4.37e+05  0.1783396378 -11.3305 1.07499999999999999993
1  4.57e+05  0.1705113372 -11.3305 1.07499999999999999993
1  4.79e+05  0.1663805465 -11.3305 1.07499999999999999993
1  5.01e+05  0.1653263276 -11.3305 1.07499999999999999993
1  5.25e+05  0.1666136024 -11.3305 1.07499999999999999993
1  5.50e+05  0.1695082154 -11.3305 1.07499999999999999993
1  5.75e+05  0.1733504348 -11.3305 1.07499999999999999993
1  6.03e+05  0.1775937954 -11.3305 1.07499999999999999993
1  6.31e+05  0.1818180843 -11.3305 1.07499999999999999993
1  6.61e+05  0.1857531014 -11.3305 1.07499999999999999993
1  6.92e+05  0.1891848058 -11.3305 1.07499999999999999993
1  7.24e+05  0.1920006447 -11.3305 1.07499999999999999993
1  7.59e+05  0.1941662991 -11.3305 1.07499999999999999993
1  7.94e+05  0.1956892269 -11.3305 1.07499999999999999993
1  8.32e+05  0.1966328627 -11.3305 1.07499999999999999993
1  8.71e+05  0.1970567687 -11.3305 1.07499999999999999993
1  9.12e+05  0.1970320253 -11.3305 1.07499999999999999993
1  9.55e+05  0.1966502369 -11.3305 1.07499999999999999993
1  1.00e+06  0.1959810811 -11.3305 1.07499999999999999993
1  1.05e+06  0.1950897436 -11.3305 1.07499999999999999993
1  1.10e+06  0.194047966 -11.3305 1.07499999999999999993
1  1.15e+06  0.1929038056 -11.3305 1.07499999999999999993
1  1.20e+06  0.1916980016 -11.3305 1.07499999999999999993
1  1.26e+06  0.1904743994 -11.3305 1.07499999999999999993
1  1.32e+06  0.1892576287 -11.3305 1.07499999999999999993
1  1.38e+06  0.1880668365 -11.3305 1.07499999999999999993
1  1.45e+06  0.1869242977 -11.3305 1.07499999999999999993
1  1.51e+06  0.1858384297 -11.3305 1.07499999999999999993
1  1.58e+06  0.1848146279 -11.3305 1.07499999999999999993
1  1.66e+06  0.1838619106 -11.3305 1.07499999999999999993
1  1.74e+06  0.182977959 -11.3305 1.07499999999999999993
1  1.82e+06  0.1821666079 -11.3305 1.07499999999999999993
1  1.91e+06  0.1814243918 -11.3305 1.07499999999999999993
1  2.00e+06  0.1807473991 -11.3305 1.07499999999999999993
1  2.09e+06  0.1801353206 -11.3305 1.07499999999999999993
1  2.19e+06  0.1795829085 -11.3305 1.07499999999999999993
1  2.29e+06  0.1790851148 -11.3305 1.07499999999999999993
1  2.40e+06  0.1786400665 -11.3305 1.07499999999999999993
1  2.51e+06  0.178242502 -11.3305 1.07499999999999999993
1  2.63e+06  0.1778876112 -11.3305 1.07499999999999999993
1  2.75e+06  0.1775732245 -11.3305 1.07499999999999999993
1  2.88e+06  0.1772947992 -11.3305 1.07499999999999999993
1  3.02e+06  0.1770482886 -11.3305 1.07499999999999999993
1  3.16e+06  0.1768317579 -11.3305 1.07499999999999999993
1  3.31e+06  0.1766415746 -11.3305 1.07499999999999999993
1  3.47e+06  0.176474555 -11.3305 1.07499999999999999993
1  3.63e+06  0.1763291595 -11.3305 1.07499999999999999993
1  3.80e+06  0.1762026132 -11.3305 1.07499999999999999993
1  3.98e+06  0.17609251 -11.3305 1.07499999999999999993
1  4.17e+06  0.1759977026 -11.3305 1.07499999999999999993
1  4.37e+06  0.175916131 -11.3305 1.07499999999999999993
1  4.57e+06  0.175846024 -11.3305 1.07499999999999999993
1  4.79e+06  0.1757865626 -11.3305 1.07499999999999999993
1  5.01e+06  0.1757362467 -11.3305 1.07499999999999999993
1  5.25e+06  0.1756937953 -11.3305 1.07499999999999999993
1  5.50e+06  0.1756586421 -11.3305 1.07499999999999999993
1  5.75e+06  0.1756297092 -11.3305 1.07499999999999999993
1  6.03e+06  0.1756060816 -11.3305 1.07499999999999999993
1  6.31e+06  0.1755873781 -11.3305 1.07499999999999999993
1  6.61e+06  0.1755728316 -11.3305 1.07499999999999999993
1  6.92e+06  0.1755617947 -11.3305 1.07499999999999999993
1  7.24e+06  0.1755540172 -11.3305 1.07499999999999999993
1  7.59e+06  0.1755489573 -11.3305 1.07499999999999999993
1  7.94e+06  0.1755461602 -11.3305 1.07499999999999999993
1  8.32e+06  0.1755454667 -11.3305 1.07499999999999999993
1  8.71e+06  0.1755464963 -11.3305 1.07499999999999999993
1  9.12e+06  0.1755489318 -11.3305 1.07499999999999999993
1  9.55e+06  0.1755526755 -11.3305 1.07499999999999999993
1  1.00e+07  0.175557462 -11.3305 1.07499999999999999993
