1  1.00e-03  0.3490328025 -10.94052 1.03799999999999999992
1  1.05e-03  0.3490328031 -10.94052 1.03799999999999999992
1  1.10e-03  0.3490327991 -10.94052 1.03799999999999999992
1  1.15e-03  0.3490328041 -10.94052 1.03799999999999999992
1  1.20e-03  0.3490327982 -10.94052 1.03799999999999999992
1  1.26e-03  0.349032803 -10.94052 1.03799999999999999992
1  1.32e-03  0.3490328032 -10.94052 1.03799999999999999992
1  1.38e-03  0.3490328026 -10.94052 1.03799999999999999992
1  1.45e-03  0.3490328041 -10.94052 1.03799999999999999992
1  1.51e-03  0.3490328028 -10.94052 1.03799999999999999992
1  1.58e-03  0.3490328043 -10.94052 1.03799999999999999992
1  1.66e-03  0.3490328017 -10.94052 1.03799999999999999992
1  1.74e-03  0.3490328019 -10.94052 1.03799999999999999992
1  1.82e-03  0.3490328036 -10.94052 1.03799999999999999992
1  1.91e-03  0.3490328038 -10.94052 1.03799999999999999992
1  2.00e-03  0.3490328041 -10.94052 1.03799999999999999992
1  2.09e-03  0.3490328001 -10.94052 1.03799999999999999992
1  2.19e-03  0.3490328029 -10.94052 1.03799999999999999992
1  2.29e-03  0.3490328016 -10.94052 1.03799999999999999992
1  2.40e-03  0.3490328015 -10.94052 1.03799999999999999992
1  2.51e-03  0.3490328011 -10.94052 1.03799999999999999992
1  2.63e-03  0.349032803 -10.94052 1.03799999999999999992
1  2.75e-03  0.3490328055 -10.94052 1.03799999999999999992
1  2.88e-03  0.349032809 -10.94052 1.03799999999999999992
1  3.02e-03  0.3490328044 -10.94052 1.03799999999999999992
1  3.16e-03  0.3490328048 -10.94052 1.03799999999999999992
1  3.31e-03  0.3490328044 -10.94052 1.03799999999999999992
1  3.47e-03  0.3490328043 -10.94052 1.03799999999999999992
1  3.63e-03  0.349032804 -10.94052 1.03799999999999999992
1  3.80e-03  0.3490328003 -10.94052 1.03799999999999999992
1  3.98e-03  0.3490328035 -10.94052 1.03799999999999999992
1  4.17e-03  0.3490327998 -10.94052 1.03799999999999999992
1  4.37e-03  0.3490327994 -10.94052 1.03799999999999999992
1  4.57e-03  0.3490327994 -10.94052 1.03799999999999999992
1  4.79e-03  0.3490328048 -10.94052 1.03799999999999999992
1  5.01e-03  0.3490328226 -10.94052 1.03799999999999999992
1  5.25e-03  0.3490328013 -10.94052 1.03799999999999999992
1  5.50e-03  0.3490328025 -10.94052 1.03799999999999999992
1  5.75e-03  0.3490327972 -10.94052 1.03799999999999999992
1  6.03e-03  0.3490328007 -10.94052 1.03799999999999999992
1  6.31e-03  0.3490328043 -10.94052 1.03799999999999999992
1  6.61e-03  0.3490328017 -10.94052 1.03799999999999999992
1  6.92e-03  0.3490328021 -10.94052 1.03799999999999999992
1  7.24e-03  0.3490328022 -10.94052 1.03799999999999999992
1  7.59e-03  0.3490328011 -10.94052 1.03799999999999999992
1  7.94e-03  0.3490328034 -10.94052 1.03799999999999999992
1  8.32e-03  0.3490328016 -10.94052 1.03799999999999999992
1  8.71e-03  0.3490327902 -10.94052 1.03799999999999999992
1  9.12e-03  0.3490328042 -10.94052 1.03799999999999999992
1  9.55e-03  0.3490328 -10.94052 1.03799999999999999992
1  1.00e-02  0.3490327911 -10.94052 1.03799999999999999992
1  1.05e-02  0.3490328007 -10.94052 1.03799999999999999992
1  1.10e-02  0.3490328211 -10.94052 1.03799999999999999992
1  1.15e-02  0.3490327939 -10.94052 1.03799999999999999992
1  1.20e-02  0.3490328014 -10.94052 1.03799999999999999992
1  1.26e-02  0.3490327946 -10.94052 1.03799999999999999992
1  1.32e-02  0.3490327797 -10.94052 1.03799999999999999992
1  1.38e-02  0.3490327979 -10.94052 1.03799999999999999992
1  1.45e-02  0.3490328014 -10.94052 1.03799999999999999992
1  1.51e-02  0.3490328016 -10.94052 1.03799999999999999992
1  1.58e-02  0.349032801 -10.94052 1.03799999999999999992
1  1.66e-02  0.3490327975 -10.94052 1.03799999999999999992
1  1.74e-02  0.3490327999 -10.94052 1.03799999999999999992
1  1.82e-02  0.3490327992 -10.94052 1.03799999999999999992
1  1.91e-02  0.3490328006 -10.94052 1.03799999999999999992
1  2.00e-02  0.3490327973 -10.94052 1.03799999999999999992
1  2.09e-02  0.3490328073 -10.94052 1.03799999999999999992
1  2.19e-02  0.3490327974 -10.94052 1.03799999999999999992
1  2.29e-02  0.3490327944 -10.94052 1.03799999999999999992
1  2.40e-02  0.3490327991 -10.94052 1.03799999999999999992
1  2.51e-02  0.3490327981 -10.94052 1.03799999999999999992
1  2.63e-02  0.3490328005 -10.94052 1.03799999999999999992
1  2.75e-02  0.3490327978 -10.94052 1.03799999999999999992
1  2.88e-02  0.3490328013 -10.94052 1.03799999999999999992
1  3.02e-02  0.3490327637 -10.94052 1.03799999999999999992
1  3.16e-02  0.3490327712 -10.94052 1.03799999999999999992
1  3.31e-02  0.3490327787 -10.94052 1.03799999999999999992
1  3.47e-02  0.3490380568 -10.94052 1.03799999999999999992
1  3.63e-02  0.3490327739 -10.94052 1.03799999999999999992
1  3.80e-02  0.349032773 -10.94052 1.03799999999999999992
1  3.98e-02  0.3490327709 -10.94052 1.03799999999999999992
1  4.17e-02  0.3490327613 -10.94052 1.03799999999999999992
1  4.37e-02  0.3490327888 -10.94052 1.03799999999999999992
1  4.57e-02  0.3490327954 -10.94052 1.03799999999999999992
1  4.79e-02  0.3490327766 -10.94052 1.03799999999999999992
1  5.01e-02  0.3490327749 -10.94052 1.03799999999999999992
1  5.25e-02  0.349032799 -10.94052 1.03799999999999999992
1  5.50e-02  0.3490327069 -10.94052 1.03799999999999999992
1  5.75e-02  0.3490327693 -10.94052 1.03799999999999999992
1  6.03e-02  0.3490327296 -10.94052 1.03799999999999999992
1  6.31e-02  0.3490327638 -10.94052 1.03799999999999999992
1  6.61e-02  0.3490327934 -10.94052 1.03799999999999999992
1  6.92e-02  0.3490328798 -10.94052 1.03799999999999999992
1  7.24e-02  0.3490327735 -10.94052 1.03799999999999999992
1  7.59e-02  0.3490327512 -10.94052 1.03799999999999999992
1  7.94e-02  0.3490327594 -10.94052 1.03799999999999999992
1  8.32e-02  0.3490327404 -10.94052 1.03799999999999999992
1  8.71e-02  0.3490327559 -10.94052 1.03799999999999999992
1  9.12e-02  0.3490329336 -10.94052 1.03799999999999999992
1  9.55e-02  0.3490327475 -10.94052 1.03799999999999999992
1  1.00e-01  0.3490327483 -10.94052 1.03799999999999999992
1  1.05e-01  0.3490327558 -10.94052 1.03799999999999999992
1  1.10e-01  0.3490326043 -10.94052 1.03799999999999999992
1  1.15e-01  0.3490327776 -10.94052 1.03799999999999999992
1  1.20e-01  0.3490327381 -10.94052 1.03799999999999999992
1  1.26e-01  0.3490327438 -10.94052 1.03799999999999999992
1  1.32e-01  0.3490327558 -10.94052 1.03799999999999999992
1  1.38e-01  0.3490327452 -10.94052 1.03799999999999999992
1  1.45e-01  0.3490302474 -10.94052 1.03799999999999999992
1  1.51e-01  0.3490318397 -10.94052 1.03799999999999999992
1  1.58e-01  0.3490327578 -10.94052 1.03799999999999999992
1  1.66e-01  0.349032772 -10.94052 1.03799999999999999992
1  1.74e-01  0.3490327109 -10.94052 1.03799999999999999992
1  1.82e-01  0.3490327443 -10.94052 1.03799999999999999992
1  1.91e-01  0.3490326755 -10.94052 1.03799999999999999992
1  2.00e-01  0.3490327497 -10.94052 1.03799999999999999992
1  2.09e-01  0.3490326656 -10.94052 1.03799999999999999992
1  2.19e-01  0.3490325689 -10.94052 1.03799999999999999992
1  2.29e-01  0.3490327685 -10.94052 1.03799999999999999992
1  2.40e-01  0.349032747 -10.94052 1.03799999999999999992
1  2.51e-01  0.3490327232 -10.94052 1.03799999999999999992
1  2.63e-01  0.3490327723 -10.94052 1.03799999999999999992
1  2.75e-01  0.3490327271 -10.94052 1.03799999999999999992
1  2.88e-01  0.3490327319 -10.94052 1.03799999999999999992
1  3.02e-01  0.3490325844 -10.94052 1.03799999999999999992
1  3.16e-01  0.3490326712 -10.94052 1.03799999999999999992
1  3.31e-01  0.3490327366 -10.94052 1.03799999999999999992
1  3.47e-01  0.3490327371 -10.94052 1.03799999999999999992
1  3.63e-01  0.3490327845 -10.94052 1.03799999999999999992
1  3.80e-01  0.3490326457 -10.94052 1.03799999999999999992
1  3.98e-01  0.3490315906 -10.94052 1.03799999999999999992
1  4.17e-01  0.3490324593 -10.94052 1.03799999999999999992
1  4.37e-01  0.3490325104 -10.94052 1.03799999999999999992
1  4.57e-01  0.3490326383 -10.94052 1.03799999999999999992
1  4.79e-01  0.349032667 -10.94052 1.03799999999999999992
1  5.01e-01  0.3490298381 -10.94052 1.03799999999999999992
1  5.25e-01  0.3490325576 -10.94052 1.03799999999999999992
1  5.50e-01  0.3490325695 -10.94052 1.03799999999999999992
1  5.75e-01  0.3490327701 -10.94052 1.03799999999999999992
1  6.03e-01  0.3490326662 -10.94052 1.03799999999999999992
1  6.31e-01  0.3490327741 -10.94052 1.03799999999999999992
1  6.61e-01  0.3490325937 -10.94052 1.03799999999999999992
1  6.92e-01  0.3490327381 -10.94052 1.03799999999999999992
1  7.24e-01  0.3490338958 -10.94052 1.03799999999999999992
1  7.59e-01  0.3490327637 -10.94052 1.03799999999999999992
1  7.94e-01  0.3490326462 -10.94052 1.03799999999999999992
1  8.32e-01  0.3490325273 -10.94052 1.03799999999999999992
1  8.71e-01  0.3490325301 -10.94052 1.03799999999999999992
1  9.12e-01  0.3490315167 -10.94052 1.03799999999999999992
1  9.55e-01  0.3490327996 -10.94052 1.03799999999999999992
1  1.00e+00  0.3490328187 -10.94052 1.03799999999999999992
1  1.05e+00  0.3490326036 -10.94052 1.03799999999999999992
1  1.10e+00  0.3490391892 -10.94052 1.03799999999999999992
1  1.15e+00  0.3490187174 -10.94052 1.03799999999999999992
1  1.20e+00  0.3490311508 -10.94052 1.03799999999999999992
1  1.26e+00  0.3490287414 -10.94052 1.03799999999999999992
1  1.32e+00  0.3490325886 -10.94052 1.03799999999999999992
1  1.38e+00  0.3490326876 -10.94052 1.03799999999999999992
1  1.45e+00  0.3490327533 -10.94052 1.03799999999999999992
1  1.51e+00  0.349032608 -10.94052 1.03799999999999999992
1  1.58e+00  0.349032604 -10.94052 1.03799999999999999992
1  1.66e+00  0.3490325726 -10.94052 1.03799999999999999992
1  1.74e+00  0.3490351915 -10.94052 1.03799999999999999992
1  1.82e+00  0.3490322688 -10.94052 1.03799999999999999992
1  1.91e+00  0.3490336028 -10.94052 1.03799999999999999992
1  2.00e+00  0.3490320241 -10.94052 1.03799999999999999992
1  2.09e+00  0.3490320741 -10.94052 1.03799999999999999992
1  2.19e+00  0.3490316985 -10.94052 1.03799999999999999992
1  2.29e+00  0.3490321725 -10.94052 1.03799999999999999992
1  2.40e+00  0.3490321504 -10.94052 1.03799999999999999992
1  2.51e+00  0.3490322253 -10.94052 1.03799999999999999992
1  2.63e+00  0.3490320644 -10.94052 1.03799999999999999992
1  2.75e+00  0.3490331901 -10.94052 1.03799999999999999992
1  2.88e+00  0.3490318268 -10.94052 1.03799999999999999992
1  3.02e+00  0.3490319512 -10.94052 1.03799999999999999992
1  3.16e+00  0.3490337438 -10.94052 1.03799999999999999992
1  3.31e+00  0.3490327014 -10.94052 1.03799999999999999992
1  3.47e+00  0.3490317816 -10.94052 1.03799999999999999992
1  3.63e+00  0.3490314316 -10.94052 1.03799999999999999992
1  3.80e+00  0.3490316065 -10.94052 1.03799999999999999992
1  3.98e+00  0.3490254995 -10.94052 1.03799999999999999992
1  4.17e+00  0.349033074 -10.94052 1.03799999999999999992
1  4.37e+00  0.3490326078 -10.94052 1.03799999999999999992
1  4.57e+00  0.3490212769 -10.94052 1.03799999999999999992
1  4.79e+00  0.3490050437 -10.94052 1.03799999999999999992
1  5.01e+00  0.3490332174 -10.94052 1.03799999999999999992
1  5.25e+00  0.3490269956 -10.94052 1.03799999999999999992
1  5.50e+00  0.3490188223 -10.94052 1.03799999999999999992
1  5.75e+00  0.3490305279 -10.94052 1.03799999999999999992
1  6.03e+00  0.349032322 -10.94052 1.03799999999999999992
1  6.31e+00  0.3490502786 -10.94052 1.03799999999999999992
1  6.61e+00  0.3489899162 -10.94052 1.03799999999999999992
1  6.92e+00  0.3490310507 -10.94052 1.03799999999999999992
1  7.24e+00  0.3490757714 -10.94052 1.03799999999999999992
1  7.59e+00  0.3490274079 -10.94052 1.03799999999999999992
1  7.94e+00  0.3490276829 -10.94052 1.03799999999999999992
1  8.32e+00  0.3490538093 -10.94052 1.03799999999999999992
1  8.71e+00  0.3490512677 -10.94052 1.03799999999999999992
1  9.12e+00  0.3490510559 -10.94052 1.03799999999999999992
1  9.55e+00  0.3490472071 -10.94052 1.03799999999999999992
1  1.00e+01  0.3490525206 -10.94052 1.03799999999999999992
1  1.05e+01  0.3490296503 -10.94052 1.03799999999999999992
1  1.10e+01  0.3490021299 -10.94052 1.03799999999999999992
1  1.15e+01  0.3490580295 -10.94052 1.03799999999999999992
1  1.20e+01  0.3490315749 -10.94052 1.03799999999999999992
1  1.26e+01  0.3490955479 -10.94052 1.03799999999999999992
1  1.32e+01  0.3490288792 -10.94052 1.03799999999999999992
1  1.38e+01  0.3490298912 -10.94052 1.03799999999999999992
1  1.45e+01  0.349032214 -10.94052 1.03799999999999999992
1  1.51e+01  0.3490330422 -10.94052 1.03799999999999999992
1  1.58e+01  0.349025546 -10.94052 1.03799999999999999992
1  1.66e+01  0.3490478336 -10.94052 1.03799999999999999992
1  1.74e+01  0.3487513456 -10.94052 1.03799999999999999992
1  1.82e+01  0.3490274903 -10.94052 1.03799999999999999992
1  1.91e+01  0.3490259299 -10.94052 1.03799999999999999992
1  2.00e+01  0.349091887 -10.94052 1.03799999999999999992
1  2.09e+01  0.349335451 -10.94052 1.03799999999999999992
1  2.19e+01  0.349268626 -10.94052 1.03799999999999999992
1  2.29e+01  0.3490138177 -10.94052 1.03799999999999999992
1  2.40e+01  0.3490955724 -10.94052 1.03799999999999999992
1  2.51e+01  0.3491343001 -10.94052 1.03799999999999999992
1  2.63e+01  0.3491797831 -10.94052 1.03799999999999999992
1  2.75e+01  0.3486805714 -10.94052 1.03799999999999999992
1  2.88e+01  0.3494602792 -10.94052 1.03799999999999999992
1  3.02e+01  0.3489681443 -10.94052 1.03799999999999999992
1  3.16e+01  0.3488818885 -10.94052 1.03799999999999999992
1  3.31e+01  0.3489560739 -10.94052 1.03799999999999999992
1  3.47e+01  0.3492718369 -10.94052 1.03799999999999999992
1  3.63e+01  0.3489251833 -10.94052 1.03799999999999999992
1  3.80e+01  0.3490447415 -10.94052 1.03799999999999999992
1  3.98e+01  0.349155498 -10.94052 1.03799999999999999992
1  4.17e+01  0.349061277 -10.94052 1.03799999999999999992
1  4.37e+01  0.3489939182 -10.94052 1.03799999999999999992
1  4.57e+01  0.3491193262 -10.94052 1.03799999999999999992
1  4.79e+01  0.3490205695 -10.94052 1.03799999999999999992
1  5.01e+01  0.3490216022 -10.94052 1.03799999999999999992
1  5.25e+01  0.3490299044 -10.94052 1.03799999999999999992
1  5.50e+01  0.3490139912 -10.94052 1.03799999999999999992
1  5.75e+01  0.3488881068 -10.94052 1.03799999999999999992
1  6.03e+01  0.3492352817 -10.94052 1.03799999999999999992
1  6.31e+01  0.3490544522 -10.94052 1.03799999999999999992
1  6.61e+01  0.3490348676 -10.94052 1.03799999999999999992
1  6.92e+01  0.3489999976 -10.94052 1.03799999999999999992
1  7.24e+01  0.3490110481 -10.94052 1.03799999999999999992
1  7.59e+01  0.3490103231 -10.94052 1.03799999999999999992
1  7.94e+01  0.3487773001 -10.94052 1.03799999999999999992
1  8.32e+01  0.3490252118 -10.94052 1.03799999999999999992
1  8.71e+01  0.3490174396 -10.94052 1.03799999999999999992
1  9.12e+01  0.3490031073 -10.94052 1.03799999999999999992
1  9.55e+01  0.3491187321 -10.94052 1.03799999999999999992
1  1.00e+02  0.3488442339 -10.94052 1.03799999999999999992
1  1.05e+02  0.3490846967 -10.94052 1.03799999999999999992
1  1.10e+02  0.3489681932 -10.94052 1.03799999999999999992
1  1.15e+02  0.348989201 -10.94052 1.03799999999999999992
1  1.20e+02  0.3489810402 -10.94052 1.03799999999999999992
1  1.26e+02  0.3491713674 -10.94052 1.03799999999999999992
1  1.32e+02  0.3489433198 -10.94052 1.03799999999999999992
1  1.38e+02  0.3490038123 -10.94052 1.03799999999999999992
1  1.45e+02  0.349016148 -10.94052 1.03799999999999999992
1  1.51e+02  0.34899824 -10.94052 1.03799999999999999992
1  1.58e+02  0.3489890926 -10.94052 1.03799999999999999992
1  1.66e+02  0.3489944717 -10.94052 1.03799999999999999992
1  1.74e+02  0.3490223675 -10.94052 1.03799999999999999992
1  1.82e+02  0.3490061027 -10.94052 1.03799999999999999992
1  1.91e+02  0.3490175172 -10.94052 1.03799999999999999992
1  2.00e+02  0.3489300955 -10.94052 1.03799999999999999992
1  2.09e+02  0.3490512021 -10.94052 1.03799999999999999992
1  2.19e+02  0.3490457755 -10.94052 1.03799999999999999992
1  2.29e+02  0.3490366641 -10.94052 1.03799999999999999992
1  2.40e+02  0.3489674782 -10.94052 1.03799999999999999992
1  2.51e+02  0.3490463383 -10.94052 1.03799999999999999992
1  2.63e+02  0.3489461719 -10.94052 1.03799999999999999992
1  2.75e+02  0.3489624249 -10.94052 1.03799999999999999992
1  2.88e+02  0.3489433465 -10.94052 1.03799999999999999992
1  3.02e+02  0.3489549316 -10.94052 1.03799999999999999992
1  3.16e+02  0.3489424966 -10.94052 1.03799999999999999992
1  3.31e+02  0.3486094283 -10.94052 1.03799999999999999992
1  3.47e+02  0.3489813146 -10.94052 1.03799999999999999992
1  3.63e+02  0.3489969991 -10.94052 1.03799999999999999992
1  3.80e+02  0.348989674 -10.94052 1.03799999999999999992
1  3.98e+02  0.3489684034 -10.94052 1.03799999999999999992
1  4.17e+02  0.3490536351 -10.94052 1.03799999999999999992
1  4.37e+02  0.3489506826 -10.94052 1.03799999999999999992
1  4.57e+02  0.3488474396 -10.94052 1.03799999999999999992
1  4.79e+02  0.348951594 -10.94052 1.03799999999999999992
1  5.01e+02  0.3491895925 -10.94052 1.03799999999999999992
1  5.25e+02  0.3488725292 -10.94052 1.03799999999999999992
1  5.50e+02  0.3489574718 -10.94052 1.03799999999999999992
1  5.75e+02  0.3489882744 -10.94052 1.03799999999999999992
1  6.03e+02  0.3489357828 -10.94052 1.03799999999999999992
1  6.31e+02  0.3489455933 -10.94052 1.03799999999999999992
1  6.61e+02  0.3490116459 -10.94052 1.03799999999999999992
1  6.92e+02  0.3489575617 -10.94052 1.03799999999999999992
1  7.24e+02  0.3490623332 -10.94052 1.03799999999999999992
1  7.59e+02  0.3491248297 -10.94052 1.03799999999999999992
1  7.94e+02  0.3491252978 -10.94052 1.03799999999999999992
1  8.32e+02  0.3488399475 -10.94052 1.03799999999999999992
1  8.71e+02  0.3487481863 -10.94052 1.03799999999999999992
1  9.12e+02  0.3490739051 -10.94052 1.03799999999999999992
1  9.55e+02  0.3486216906 -10.94052 1.03799999999999999992
1  1.00e+03  0.3486643677 -10.94052 1.03799999999999999992
1  1.05e+03  0.3492979297 -10.94052 1.03799999999999999992
1  1.10e+03  0.3492633082 -10.94052 1.03799999999999999992
1  1.15e+03  0.3482854829 -10.94052 1.03799999999999999992
1  1.20e+03  0.3478281901 -10.94052 1.03799999999999999992
1  1.26e+03  0.3476182222 -10.94052 1.03799999999999999992
1  1.32e+03  0.3489789513 -10.94052 1.03799999999999999992
1  1.38e+03  0.3495978452 -10.94052 1.03799999999999999992
1  1.45e+03  0.3505239082 -10.94052 1.03799999999999999992
1  1.51e+03  0.3487315001 -10.94052 1.03799999999999999992
1  1.58e+03  0.3469075581 -10.94052 1.03799999999999999992
1  1.66e+03  0.3469279638 -10.94052 1.03799999999999999992
1  1.74e+03  0.3492322258 -10.94052 1.03799999999999999992
1  1.82e+03  0.3458156832 -10.94052 1.03799999999999999992
1  1.91e+03  0.3516038265 -10.94052 1.03799999999999999992
1  2.00e+03  0.3498594769 -10.94052 1.03799999999999999992
1  2.09e+03  0.3489735868 -10.94052 1.03799999999999999992
1  2.19e+03  0.3485598357 -10.94052 1.03799999999999999992
1  2.29e+03  0.3485351282 -10.94052 1.03799999999999999992
1  2.40e+03  0.352884884 -10.94052 1.03799999999999999992
1  2.51e+03  0.3491486558 -10.94052 1.03799999999999999992
1  2.63e+03  0.341803232 -10.94052 1.03799999999999999992
1  2.75e+03  0.3435883766 -10.94052 1.03799999999999999992
1  2.88e+03  0.3486570218 -10.94052 1.03799999999999999992
1  3.02e+03  0.3424033385 -10.94052 1.03799999999999999992
1  3.16e+03  0.3382897088 -10.94052 1.03799999999999999992
1  3.31e+03  0.3404280505 -10.94052 1.03799999999999999992
1  3.47e+03  0.3503463818 -10.94052 1.03799999999999999992
1  3.63e+03  0.3532456072 -10.94052 1.03799999999999999992
1  3.80e+03  0.3472015496 -10.94052 1.03799999999999999992
1  3.98e+03  0.3556105617 -10.94052 1.03799999999999999992
1  4.17e+03  0.3407645177 -10.94052 1.03799999999999999992
1  4.37e+03  0.3614953925 -10.94052 1.03799999999999999992
1  4.57e+03  0.345392147 -10.94052 1.03799999999999999992
1  4.79e+03  0.3410858728 -10.94052 1.03799999999999999992
1  5.01e+03  0.3725366317 -10.94052 1.03799999999999999992
1  5.25e+03  0.3695214655 -10.94052 1.03799999999999999992
1  5.50e+03  0.3564403021 -10.94052 1.03799999999999999992
1  5.75e+03  0.3835849393 -10.94052 1.03799999999999999992
1  6.03e+03  0.34357914 -10.94052 1.03799999999999999992
1  6.31e+03  0.3668116625 -10.94052 1.03799999999999999992
1  6.61e+03  0.3420703089 -10.94052 1.03799999999999999992
1  6.92e+03  0.372977078 -10.94052 1.03799999999999999992
1  7.24e+03  0.3314174608 -10.94052 1.03799999999999999992
1  7.59e+03  0.3310037087 -10.94052 1.03799999999999999992
1  7.94e+03  0.3487677872 -10.94052 1.03799999999999999992
1  8.32e+03  0.3207161937 -10.94052 1.03799999999999999992
1  8.71e+03  0.3364619108 -10.94052 1.03799999999999999992
1  9.12e+03  0.3422600535 -10.94052 1.03799999999999999992
1  9.55e+03  0.3524882987 -10.94052 1.03799999999999999992
1  1.00e+04  0.3302375765 -10.94052 1.03799999999999999992
1  1.05e+04  0.3794368291 -10.94052 1.03799999999999999992
1  1.10e+04  0.3284410156 -10.94052 1.03799999999999999992
1  1.15e+04  0.3734371932 -10.94052 1.03799999999999999992
1  1.20e+04  0.3161318029 -10.94052 1.03799999999999999992
1  1.26e+04  0.3267559431 -10.94052 1.03799999999999999992
1  1.32e+04  0.3496555546 -10.94052 1.03799999999999999992
1  1.38e+04  0.2977297672 -10.94052 1.03799999999999999992
1  1.45e+04  0.3607326024 -10.94052 1.03799999999999999992
1  1.51e+04  0.3096920648 -10.94052 1.03799999999999999992
1  1.58e+04  0.3296975697 -10.94052 1.03799999999999999992
1  1.66e+04  0.3385102416 -10.94052 1.03799999999999999992
1  1.74e+04  0.3367507658 -10.94052 1.03799999999999999992
1  1.82e+04  0.353066347 -10.94052 1.03799999999999999992
1  1.91e+04  0.2891613984 -10.94052 1.03799999999999999992
1  2.00e+04  0.3040845598 -10.94052 1.03799999999999999992
1  2.09e+04  0.3360307714 -10.94052 1.03799999999999999992
1  2.19e+04  0.2746909633 -10.94052 1.03799999999999999992
1  2.29e+04  0.2998906453 -10.94052 1.03799999999999999992
1  2.40e+04  0.3499146116 -10.94052 1.03799999999999999992
1  2.51e+04  0.3104094599 -10.94052 1.03799999999999999992
1  2.63e+04  0.3482550034 -10.94052 1.03799999999999999992
1  2.75e+04  0.3068372853 -10.94052 1.03799999999999999992
1  2.88e+04  0.3124513026 -10.94052 1.03799999999999999992
1  3.02e+04  0.3112279475 -10.94052 1.03799999999999999992
1  3.16e+04  0.35599693 -10.94052 1.03799999999999999992
1  3.31e+04  0.268818196 -10.94052 1.03799999999999999992
1  3.47e+04  0.3234661912 -10.94052 1.03799999999999999992
1  3.63e+04  0.3150574576 -10.94052 1.03799999999999999992
1  3.80e+04  0.3426441964 -10.94052 1.03799999999999999992
1  3.98e+04  0.334775324 -10.94052 1.03799999999999999992
1  4.17e+04  0.2800379604 -10.94052 1.03799999999999999992
1  4.37e+04  0.3395474959 -10.94052 1.03799999999999999992
1  4.57e+04  0.256854379 -10.94052 1.03799999999999999992
1  4.79e+04  0.3513946395 -10.94052 1.03799999999999999992
1  5.01e+04  0.3164719803 -10.94052 1.03799999999999999992
1  5.25e+04  0.3252741209 -10.94052 1.03799999999999999992
1  5.50e+04  0.3318057463 -10.94052 1.03799999999999999992
1  5.75e+04  0.3546023414 -10.94052 1.03799999999999999992
1  6.03e+04  0.3224428568 -10.94052 1.03799999999999999992
1  6.31e+04  0.2719042099 -10.94052 1.03799999999999999992
1  6.61e+04  0.3334990248 -10.94052 1.03799999999999999992
1  6.92e+04  0.3259531646 -10.94052 1.03799999999999999992
1  7.24e+04  0.2639816608 -10.94052 1.03799999999999999992
1  7.59e+04  0.3029734337 -10.94052 1.03799999999999999992
1  7.94e+04  0.3552326473 -10.94052 1.03799999999999999992
1  8.32e+04  0.3343085636 -10.94052 1.03799999999999999992
1  8.71e+04  0.3130641567 -10.94052 1.03799999999999999992
1  9.12e+04  0.3311551949 -10.94052 1.03799999999999999992
1  9.55e+04  0.3472652282 -10.94052 1.03799999999999999992
1  1.00e+05  0.3467076404 -10.94052 1.03799999999999999992
1  1.05e+05  0.3500458924 -10.94052 1.03799999999999999992
1  1.10e+05  0.3558969572 -10.94052 1.03799999999999999992
1  1.15e+05  0.3453793737 -10.94052 1.03799999999999999992
1  1.20e+05  0.321731239 -10.94052 1.03799999999999999992
1  1.26e+05  0.3097504845 -10.94052 1.03799999999999999992
1  1.32e+05  0.322289564 -10.94052 1.03799999999999999992
1  1.38e+05  0.3449983545 -10.94052 1.03799999999999999992
1  1.45e+05  0.3539438281 -10.94052 1.03799999999999999992
1  1.51e+05  0.3397257985 -10.94052 1.03799999999999999992
1  1.58e+05  0.3132766347 -10.94052 1.03799999999999999992
1  1.66e+05  0.2934966032 -10.94052 1.03799999999999999992
1  1.74e+05  0.2920741215 -10.94052 1.03799999999999999992
1  1.82e+05  0.3074663137 -10.94052 1.03799999999999999992
1  1.91e+05  0.3290197371 -10.94052 1.03799999999999999992
1  2.00e+05  0.3451672632 -10.94052 1.03799999999999999992
1  2.09e+05  0.3495486832 -10.94052 1.03799999999999999992
1  2.19e+05  0.3425579565 -10.94052 1.03799999999999999992
1  2.29e+05  0.3292529759 -10.94052 1.03799999999999999992
1  2.40e+05  0.3159614814 -10.94052 1.03799999999999999992
1  2.51e+05  0.3075342684 -10.94052 1.03799999999999999992
1  2.63e+05  0.306092297 -10.94052 1.03799999999999999992
1  2.75e+05  0.3111533954 -10.94052 1.03799999999999999992
1  2.88e+05  0.3205543779 -10.94052 1.03799999999999999992
1  3.02e+05  0.331555302 -10.94052 1.03799999999999999992
1  3.16e+05  0.3417170179 -10.94052 1.03799999999999999992
1  3.31e+05  0.3493905531 -10.94052 1.03799999999999999992
1  3.47e+05  0.3538404834 -10.94052 1.03799999999999999992
1  3.63e+05  0.355115899 -10.94052 1.03799999999999999992
1  3.80e+05  0.3537991891 -10.94052 1.03799999999999999992
1  3.98e+05  0.3507367448 -10.94052 1.03799999999999999992
1  4.17e+05  0.3468151212 -10.94052 1.03799999999999999992
1  4.37e+05  0.3428090195 -10.94052 1.03799999999999999992
1  4.57e+05  0.339301309 -10.94052 1.03799999999999999992
1  4.79e+05  0.3366610871 -10.94052 1.03799999999999999992
1  5.01e+05  0.3350609087 -10.94052 1.03799999999999999992
1  5.25e+05  0.3345153575 -10.94052 1.03799999999999999992
1  5.50e+05  0.3349270246 -10.94052 1.03799999999999999992
1  5.75e+05  0.336130586 -10.94052 1.03799999999999999992
1  6.03e+05  0.3379298059 -10.94052 1.03799999999999999992
1  6.31e+05  0.3401254382 -10.94052 1.03799999999999999992
1  6.61e+05  0.3427323865 -10.94052 1.03799999999999999992
1  6.92e+05  0.3454425145 -10.94052 1.03799999999999999992
1  7.24e+05  0.3480405505 -10.94052 1.03799999999999999992
1  7.59e+05  0.3504199626 -10.94052 1.03799999999999999992
1  7.94e+05  0.3525127277 -10.94052 1.03799999999999999992
1  8.32e+05  0.3542832204 -10.94052 1.03799999999999999992
1  8.71e+05  0.3556906788 -10.94052 1.03799999999999999992
1  9.12e+05  0.3568122608 -10.94052 1.03799999999999999992
1  9.55e+05  0.3576317677 -10.94052 1.03799999999999999992
1  1.00e+06  0.3581791707 -10.94052 1.03799999999999999992
1  1.05e+06  0.3584887276 -10.94052 1.03799999999999999992
1  1.10e+06  0.3585926871 -10.94052 1.03799999999999999992
1  1.15e+06  0.3585359102 -10.94052 1.03799999999999999992
1  1.20e+06  0.358343704 -10.94052 1.03799999999999999992
1  1.26e+06  0.3580457635 -10.94052 1.03799999999999999992
1  1.32e+06  0.357668337 -10.94052 1.03799999999999999992
1  1.38e+06  0.357241686 -10.94052 1.03799999999999999992
1  1.45e+06  0.3567706253 -10.94052 1.03799999999999999992
1  1.51e+06  0.3562775294 -10.94052 1.03799999999999999992
1  1.58e+06  0.3557753848 -10.94052 1.03799999999999999992
1  1.66e+06  0.3552745329 -10.94052 1.03799999999999999992
1  1.74e+06  0.3547921354 -10.94052 1.03799999999999999992
1  1.82e+06  0.3543158198 -10.94052 1.03799999999999999992
1  1.91e+06  0.3538592662 -10.94052 1.03799999999999999992
1  2.00e+06  0.3534255714 -10.94052 1.03799999999999999992
1  2.09e+06  0.3530167177 -10.94052 1.03799999999999999992
1  2.19e+06  0.3526411679 -10.94052 1.03799999999999999992
1  2.29e+06  0.3522841012 -10.94052 1.03799999999999999992
1  2.40e+06  0.3519531779 -10.94052 1.03799999999999999992
1  2.51e+06  0.351647828 -10.94052 1.03799999999999999992
1  2.63e+06  0.3513727648 -10.94052 1.03799999999999999992
1  2.75e+06  0.3511152969 -10.94052 1.03799999999999999992
1  2.88e+06  0.3508802175 -10.94052 1.03799999999999999992
1  3.02e+06  0.3506662054 -10.94052 1.03799999999999999992
1  3.16e+06  0.3504718968 -10.94052 1.03799999999999999992
1  3.31e+06  0.3502996139 -10.94052 1.03799999999999999992
1  3.47e+06  0.3501403009 -10.94052 1.03799999999999999992
1  3.63e+06  0.3499966725 -10.94052 1.03799999999999999992
1  3.80e+06  0.3498674641 -10.94052 1.03799999999999999992
1  3.98e+06  0.349751472 -10.94052 1.03799999999999999992
1  4.17e+06  0.3496499026 -10.94052 1.03799999999999999992
1  4.37e+06  0.3495567921 -10.94052 1.03799999999999999992
1  4.57e+06  0.3494737175 -10.94052 1.03799999999999999992
1  4.79e+06  0.3493997541 -10.94052 1.03799999999999999992
1  5.01e+06  0.3493340464 -10.94052 1.03799999999999999992
1  5.25e+06  0.3492772587 -10.94052 1.03799999999999999992
1  5.50e+06  0.3492256264 -10.94052 1.03799999999999999992
1  5.75e+06  0.3491800858 -10.94052 1.03799999999999999992
1  6.03e+06  0.3491400296 -10.94052 1.03799999999999999992
1  6.31e+06  0.3491058852 -10.94052 1.03799999999999999992
1  6.61e+06  0.3490750924 -10.94052 1.03799999999999999992
1  6.92e+06  0.3490482758 -10.94052 1.03799999999999999992
1  7.24e+06  0.3490250189 -10.94052 1.03799999999999999992
1  7.59e+06  0.3490049443 -10.94052 1.03799999999999999992
1  7.94e+06  0.3489883071 -10.94052 1.03799999999999999992
1  8.32e+06  0.3489735484 -10.94052 1.03799999999999999992
1  8.71e+06  0.3489610488 -10.94052 1.03799999999999999992
1  9.12e+06  0.3489505568 -10.94052 1.03799999999999999992
1  9.55e+06  0.3489418457 -10.94052 1.03799999999999999992
1  1.00e+07  0.3489350722 -10.94052 1.03799999999999999992
