1  1.00e-03  0.3490328013 -9.91814 0.94099999999999999996
1  1.05e-03  0.3490328021 -9.91814 0.94099999999999999996
1  1.10e-03  0.3490327965 -9.91814 0.94099999999999999996
1  1.15e-03  0.3490328029 -9.91814 0.94099999999999999996
1  1.20e-03  0.3490327966 -9.91814 0.94099999999999999996
1  1.26e-03  0.349032798 -9.91814 0.94099999999999999996
1  1.32e-03  0.349032803 -9.91814 0.94099999999999999996
1  1.38e-03  0.3490327996 -9.91814 0.94099999999999999996
1  1.45e-03  0.3490328035 -9.91814 0.94099999999999999996
1  1.51e-03  0.3490327993 -9.91814 0.94099999999999999996
1  1.58e-03  0.3490328001 -9.91814 0.94099999999999999996
1  1.66e-03  0.3490328047 -9.91814 0.94099999999999999996
1  1.74e-03  0.349032805 -9.91814 0.94099999999999999996
1  1.82e-03  0.3490328042 -9.91814 0.94099999999999999996
1  1.91e-03  0.3490328023 -9.91814 0.94099999999999999996
1  2.00e-03  0.3490327985 -9.91814 0.94099999999999999996
1  2.09e-03  0.3490327993 -9.91814 0.94099999999999999996
1  2.19e-03  0.3490328002 -9.91814 0.94099999999999999996
1  2.29e-03  0.3490328018 -9.91814 0.94099999999999999996
1  2.40e-03  0.3490328022 -9.91814 0.94099999999999999996
1  2.51e-03  0.3490328023 -9.91814 0.94099999999999999996
1  2.63e-03  0.3490328033 -9.91814 0.94099999999999999996
1  2.75e-03  0.3490327982 -9.91814 0.94099999999999999996
1  2.88e-03  0.3490327998 -9.91814 0.94099999999999999996
1  3.02e-03  0.3490328027 -9.91814 0.94099999999999999996
1  3.16e-03  0.3490328029 -9.91814 0.94099999999999999996
1  3.31e-03  0.3490328027 -9.91814 0.94099999999999999996
1  3.47e-03  0.3490328029 -9.91814 0.94099999999999999996
1  3.63e-03  0.3490328017 -9.91814 0.94099999999999999996
1  3.80e-03  0.3490328029 -9.91814 0.94099999999999999996
1  3.98e-03  0.3490327848 -9.91814 0.94099999999999999996
1  4.17e-03  0.3490328001 -9.91814 0.94099999999999999996
1  4.37e-03  0.3490328036 -9.91814 0.94099999999999999996
1  4.57e-03  0.3490328041 -9.91814 0.94099999999999999996
1  4.79e-03  0.3490327981 -9.91814 0.94099999999999999996
1  5.01e-03  0.3490328036 -9.91814 0.94099999999999999996
1  5.25e-03  0.3490328001 -9.91814 0.94099999999999999996
1  5.50e-03  0.3490327964 -9.91814 0.94099999999999999996
1  5.75e-03  0.3490327978 -9.91814 0.94099999999999999996
1  6.03e-03  0.349032801 -9.91814 0.94099999999999999996
1  6.31e-03  0.3490327999 -9.91814 0.94099999999999999996
1  6.61e-03  0.3490328013 -9.91814 0.94099999999999999996
1  6.92e-03  0.3490327981 -9.91814 0.94099999999999999996
1  7.24e-03  0.3490327957 -9.91814 0.94099999999999999996
1  7.59e-03  0.3490328005 -9.91814 0.94099999999999999996
1  7.94e-03  0.3490327947 -9.91814 0.94099999999999999996
1  8.32e-03  0.3490327971 -9.91814 0.94099999999999999996
1  8.71e-03  0.349032803 -9.91814 0.94099999999999999996
1  9.12e-03  0.3490327949 -9.91814 0.94099999999999999996
1  9.55e-03  0.3490327951 -9.91814 0.94099999999999999996
1  1.00e-02  0.3490327996 -9.91814 0.94099999999999999996
1  1.05e-02  0.3490327954 -9.91814 0.94099999999999999996
1  1.10e-02  0.3490327928 -9.91814 0.94099999999999999996
1  1.15e-02  0.3490327978 -9.91814 0.94099999999999999996
1  1.20e-02  0.3490328003 -9.91814 0.94099999999999999996
1  1.26e-02  0.3490327951 -9.91814 0.94099999999999999996
1  1.32e-02  0.3490327957 -9.91814 0.94099999999999999996
1  1.38e-02  0.3490328004 -9.91814 0.94099999999999999996
1  1.45e-02  0.3490327505 -9.91814 0.94099999999999999996
1  1.51e-02  0.3490327948 -9.91814 0.94099999999999999996
1  1.58e-02  0.3490327984 -9.91814 0.94099999999999999996
1  1.66e-02  0.3490327987 -9.91814 0.94099999999999999996
1  1.74e-02  0.3490327922 -9.91814 0.94099999999999999996
1  1.82e-02  0.3490327988 -9.91814 0.94099999999999999996
1  1.91e-02  0.3490327868 -9.91814 0.94099999999999999996
1  2.00e-02  0.3490327753 -9.91814 0.94099999999999999996
1  2.09e-02  0.3490328011 -9.91814 0.94099999999999999996
1  2.19e-02  0.3490327912 -9.91814 0.94099999999999999996
1  2.29e-02  0.3490327984 -9.91814 0.94099999999999999996
1  2.40e-02  0.3490327916 -9.91814 0.94099999999999999996
1  2.51e-02  0.3490327183 -9.91814 0.94099999999999999996
1  2.63e-02  0.3490327652 -9.91814 0.94099999999999999996
1  2.75e-02  0.3490327328 -9.91814 0.94099999999999999996
1  2.88e-02  0.3490023287 -9.91814 0.94099999999999999996
1  3.02e-02  0.3490327732 -9.91814 0.94099999999999999996
1  3.16e-02  0.3490327888 -9.91814 0.94099999999999999996
1  3.31e-02  0.3490327801 -9.91814 0.94099999999999999996
1  3.47e-02  0.3490327713 -9.91814 0.94099999999999999996
1  3.63e-02  0.3490327641 -9.91814 0.94099999999999999996
1  3.80e-02  0.3490327689 -9.91814 0.94099999999999999996
1  3.98e-02  0.3490327204 -9.91814 0.94099999999999999996
1  4.17e-02  0.3490327555 -9.91814 0.94099999999999999996
1  4.37e-02  0.3490327125 -9.91814 0.94099999999999999996
1  4.57e-02  0.3490327635 -9.91814 0.94099999999999999996
1  4.79e-02  0.3490327984 -9.91814 0.94099999999999999996
1  5.01e-02  0.3490327924 -9.91814 0.94099999999999999996
1  5.25e-02  0.3490327404 -9.91814 0.94099999999999999996
1  5.50e-02  0.3490327541 -9.91814 0.94099999999999999996
1  5.75e-02  0.349032511 -9.91814 0.94099999999999999996
1  6.03e-02  0.3490327414 -9.91814 0.94099999999999999996
1  6.31e-02  0.3490327312 -9.91814 0.94099999999999999996
1  6.61e-02  0.3490327268 -9.91814 0.94099999999999999996
1  6.92e-02  0.349032762 -9.91814 0.94099999999999999996
1  7.24e-02  0.3490327056 -9.91814 0.94099999999999999996
1  7.59e-02  0.3490327282 -9.91814 0.94099999999999999996
1  7.94e-02  0.349032703 -9.91814 0.94099999999999999996
1  8.32e-02  0.3490327737 -9.91814 0.94099999999999999996
1  8.71e-02  0.3490327443 -9.91814 0.94099999999999999996
1  9.12e-02  0.3490327826 -9.91814 0.94099999999999999996
1  9.55e-02  0.3490327745 -9.91814 0.94099999999999999996
1  1.00e-01  0.3490321643 -9.91814 0.94099999999999999996
1  1.05e-01  0.3490327441 -9.91814 0.94099999999999999996
1  1.10e-01  0.3490327266 -9.91814 0.94099999999999999996
1  1.15e-01  0.3490326744 -9.91814 0.94099999999999999996
1  1.20e-01  0.3490325421 -9.91814 0.94099999999999999996
1  1.26e-01  0.3490326479 -9.91814 0.94099999999999999996
1  1.32e-01  0.3490327357 -9.91814 0.94099999999999999996
1  1.38e-01  0.3490327045 -9.91814 0.94099999999999999996
1  1.45e-01  0.3490327673 -9.91814 0.94099999999999999996
1  1.51e-01  0.3490326688 -9.91814 0.94099999999999999996
1  1.58e-01  0.3490327554 -9.91814 0.94099999999999999996
1  1.66e-01  0.3490327591 -9.91814 0.94099999999999999996
1  1.74e-01  0.3490326231 -9.91814 0.94099999999999999996
1  1.82e-01  0.3490326079 -9.91814 0.94099999999999999996
1  1.91e-01  0.3490326013 -9.91814 0.94099999999999999996
1  2.00e-01  0.3490325947 -9.91814 0.94099999999999999996
1  2.09e-01  0.3490327346 -9.91814 0.94099999999999999996
1  2.19e-01  0.3490324961 -9.91814 0.94099999999999999996
1  2.29e-01  0.349032736 -9.91814 0.94099999999999999996
1  2.40e-01  0.3490317634 -9.91814 0.94099999999999999996
1  2.51e-01  0.3490325719 -9.91814 0.94099999999999999996
1  2.63e-01  0.3490327657 -9.91814 0.94099999999999999996
1  2.75e-01  0.3490326628 -9.91814 0.94099999999999999996
1  2.88e-01  0.3490327564 -9.91814 0.94099999999999999996
1  3.02e-01  0.3490326876 -9.91814 0.94099999999999999996
1  3.16e-01  0.3490327055 -9.91814 0.94099999999999999996
1  3.31e-01  0.3490326682 -9.91814 0.94099999999999999996
1  3.47e-01  0.3490324649 -9.91814 0.94099999999999999996
1  3.63e-01  0.3490328127 -9.91814 0.94099999999999999996
1  3.80e-01  0.3490325879 -9.91814 0.94099999999999999996
1  3.98e-01  0.3490326974 -9.91814 0.94099999999999999996
1  4.17e-01  0.3490323685 -9.91814 0.94099999999999999996
1  4.37e-01  0.3490394273 -9.91814 0.94099999999999999996
1  4.57e-01  0.3490323745 -9.91814 0.94099999999999999996
1  4.79e-01  0.3490323354 -9.91814 0.94099999999999999996
1  5.01e-01  0.3490326636 -9.91814 0.94099999999999999996
1  5.25e-01  0.3490327882 -9.91814 0.94099999999999999996
1  5.50e-01  0.3490326867 -9.91814 0.94099999999999999996
1  5.75e-01  0.3490333425 -9.91814 0.94099999999999999996
1  6.03e-01  0.3490320913 -9.91814 0.94099999999999999996
1  6.31e-01  0.3490323896 -9.91814 0.94099999999999999996
1  6.61e-01  0.3490323503 -9.91814 0.94099999999999999996
1  6.92e-01  0.3490322958 -9.91814 0.94099999999999999996
1  7.24e-01  0.3490324005 -9.91814 0.94099999999999999996
1  7.59e-01  0.3490325418 -9.91814 0.94099999999999999996
1  7.94e-01  0.349027951 -9.91814 0.94099999999999999996
1  8.32e-01  0.3490331223 -9.91814 0.94099999999999999996
1  8.71e-01  0.3490330966 -9.91814 0.94099999999999999996
1  9.12e-01  0.3490324391 -9.91814 0.94099999999999999996
1  9.55e-01  0.3490325305 -9.91814 0.94099999999999999996
1  1.00e+00  0.3490332431 -9.91814 0.94099999999999999996
1  1.05e+00  0.3490411058 -9.91814 0.94099999999999999996
1  1.10e+00  0.3490321206 -9.91814 0.94099999999999999996
1  1.15e+00  0.3490324457 -9.91814 0.94099999999999999996
1  1.20e+00  0.349032182 -9.91814 0.94099999999999999996
1  1.26e+00  0.3490325557 -9.91814 0.94099999999999999996
1  1.32e+00  0.3490324187 -9.91814 0.94099999999999999996
1  1.38e+00  0.3490319706 -9.91814 0.94099999999999999996
1  1.45e+00  0.3490397402 -9.91814 0.94099999999999999996
1  1.51e+00  0.3490327601 -9.91814 0.94099999999999999996
1  1.58e+00  0.3490428028 -9.91814 0.94099999999999999996
1  1.66e+00  0.3490312009 -9.91814 0.94099999999999999996
1  1.74e+00  0.3490326155 -9.91814 0.94099999999999999996
1  1.82e+00  0.3490325895 -9.91814 0.94099999999999999996
1  1.91e+00  0.3490312677 -9.91814 0.94099999999999999996
1  2.00e+00  0.3490323487 -9.91814 0.94099999999999999996
1  2.09e+00  0.3490133154 -9.91814 0.94099999999999999996
1  2.19e+00  0.3490314162 -9.91814 0.94099999999999999996
1  2.29e+00  0.3490316767 -9.91814 0.94099999999999999996
1  2.40e+00  0.3490323571 -9.91814 0.94099999999999999996
1  2.51e+00  0.3490327055 -9.91814 0.94099999999999999996
1  2.63e+00  0.3490325809 -9.91814 0.94099999999999999996
1  2.75e+00  0.3490315802 -9.91814 0.94099999999999999996
1  2.88e+00  0.3490303213 -9.91814 0.94099999999999999996
1  3.02e+00  0.3489986577 -9.91814 0.94099999999999999996
1  3.16e+00  0.349028549 -9.91814 0.94099999999999999996
1  3.31e+00  0.3490294926 -9.91814 0.94099999999999999996
1  3.47e+00  0.3490318976 -9.91814 0.94099999999999999996
1  3.63e+00  0.3490301815 -9.91814 0.94099999999999999996
1  3.80e+00  0.3490455065 -9.91814 0.94099999999999999996
1  3.98e+00  0.349032579 -9.91814 0.94099999999999999996
1  4.17e+00  0.3490328732 -9.91814 0.94099999999999999996
1  4.37e+00  0.3490285096 -9.91814 0.94099999999999999996
1  4.57e+00  0.3490288796 -9.91814 0.94099999999999999996
1  4.79e+00  0.3490286353 -9.91814 0.94099999999999999996
1  5.01e+00  0.3490328178 -9.91814 0.94099999999999999996
1  5.25e+00  0.3490290654 -9.91814 0.94099999999999999996
1  5.50e+00  0.3490335294 -9.91814 0.94099999999999999996
1  5.75e+00  0.3490305348 -9.91814 0.94099999999999999996
1  6.03e+00  0.348994361 -9.91814 0.94099999999999999996
1  6.31e+00  0.3490382096 -9.91814 0.94099999999999999996
1  6.61e+00  0.349042202 -9.91814 0.94099999999999999996
1  6.92e+00  0.349026755 -9.91814 0.94099999999999999996
1  7.24e+00  0.3490327725 -9.91814 0.94099999999999999996
1  7.59e+00  0.3490295335 -9.91814 0.94099999999999999996
1  7.94e+00  0.3490255286 -9.91814 0.94099999999999999996
1  8.32e+00  0.3490272662 -9.91814 0.94099999999999999996
1  8.71e+00  0.349027199 -9.91814 0.94099999999999999996
1  9.12e+00  0.3490280093 -9.91814 0.94099999999999999996
1  9.55e+00  0.3490311629 -9.91814 0.94099999999999999996
1  1.00e+01  0.3490258122 -9.91814 0.94099999999999999996
1  1.05e+01  0.3490253744 -9.91814 0.94099999999999999996
1  1.10e+01  0.3490211979 -9.91814 0.94099999999999999996
1  1.15e+01  0.3490211131 -9.91814 0.94099999999999999996
1  1.20e+01  0.3490958737 -9.91814 0.94099999999999999996
1  1.26e+01  0.349009241 -9.91814 0.94099999999999999996
1  1.32e+01  0.3490240462 -9.91814 0.94099999999999999996
1  1.38e+01  0.3490286583 -9.91814 0.94099999999999999996
1  1.45e+01  0.3489655967 -9.91814 0.94099999999999999996
1  1.51e+01  0.3490201613 -9.91814 0.94099999999999999996
1  1.58e+01  0.3490218946 -9.91814 0.94099999999999999996
1  1.66e+01  0.3490250723 -9.91814 0.94099999999999999996
1  1.74e+01  0.3490173918 -9.91814 0.94099999999999999996
1  1.82e+01  0.3490281799 -9.91814 0.94099999999999999996
1  1.91e+01  0.3491230927 -9.91814 0.94099999999999999996
1  2.00e+01  0.3492038674 -9.91814 0.94099999999999999996
1  2.09e+01  0.3491834568 -9.91814 0.94099999999999999996
1  2.19e+01  0.3487229302 -9.91814 0.94099999999999999996
1  2.29e+01  0.3488950031 -9.91814 0.94099999999999999996
1  2.40e+01  0.3488331558 -9.91814 0.94099999999999999996
1  2.51e+01  0.3487567478 -9.91814 0.94099999999999999996
1  2.63e+01  0.3489402238 -9.91814 0.94099999999999999996
1  2.75e+01  0.34858704 -9.91814 0.94099999999999999996
1  2.88e+01  0.3486471081 -9.91814 0.94099999999999999996
1  3.02e+01  0.3491456227 -9.91814 0.94099999999999999996
1  3.16e+01  0.3489455016 -9.91814 0.94099999999999999996
1  3.31e+01  0.3489419707 -9.91814 0.94099999999999999996
1  3.47e+01  0.3489776531 -9.91814 0.94099999999999999996
1  3.63e+01  0.3487945981 -9.91814 0.94099999999999999996
1  3.80e+01  0.3489186115 -9.91814 0.94099999999999999996
1  3.98e+01  0.3491114572 -9.91814 0.94099999999999999996
1  4.17e+01  0.3488949683 -9.91814 0.94099999999999999996
1  4.37e+01  0.349036467 -9.91814 0.94099999999999999996
1  4.57e+01  0.3489145456 -9.91814 0.94099999999999999996
1  4.79e+01  0.3492302463 -9.91814 0.94099999999999999996
1  5.01e+01  0.3490155086 -9.91814 0.94099999999999999996
1  5.25e+01  0.3489722331 -9.91814 0.94099999999999999996
1  5.50e+01  0.348561769 -9.91814 0.94099999999999999996
1  5.75e+01  0.3489277651 -9.91814 0.94099999999999999996
1  6.03e+01  0.3489829934 -9.91814 0.94099999999999999996
1  6.31e+01  0.3489944137 -9.91814 0.94099999999999999996
1  6.61e+01  0.3490356811 -9.91814 0.94099999999999999996
1  6.92e+01  0.3488276089 -9.91814 0.94099999999999999996
1  7.24e+01  0.3489348441 -9.91814 0.94099999999999999996
1  7.59e+01  0.348760629 -9.91814 0.94099999999999999996
1  7.94e+01  0.3490474305 -9.91814 0.94099999999999999996
1  8.32e+01  0.348991956 -9.91814 0.94099999999999999996
1  8.71e+01  0.3490338893 -9.91814 0.94099999999999999996
1  9.12e+01  0.3489892761 -9.91814 0.94099999999999999996
1  9.55e+01  0.3492428063 -9.91814 0.94099999999999999996
1  1.00e+02  0.3488337545 -9.91814 0.94099999999999999996
1  1.05e+02  0.3489180093 -9.91814 0.94099999999999999996
1  1.10e+02  0.3489514013 -9.91814 0.94099999999999999996
1  1.15e+02  0.3490918842 -9.91814 0.94099999999999999996
1  1.20e+02  0.3490361836 -9.91814 0.94099999999999999996
1  1.26e+02  0.3487306036 -9.91814 0.94099999999999999996
1  1.32e+02  0.3489477601 -9.91814 0.94099999999999999996
1  1.38e+02  0.3489342094 -9.91814 0.94099999999999999996
1  1.45e+02  0.3489601894 -9.91814 0.94099999999999999996
1  1.51e+02  0.3490789279 -9.91814 0.94099999999999999996
1  1.58e+02  0.3489790762 -9.91814 0.94099999999999999996
1  1.66e+02  0.3489575222 -9.91814 0.94099999999999999996
1  1.74e+02  0.3489714478 -9.91814 0.94099999999999999996
1  1.82e+02  0.3489654059 -9.91814 0.94099999999999999996
1  1.91e+02  0.3490756032 -9.91814 0.94099999999999999996
1  2.00e+02  0.3489334611 -9.91814 0.94099999999999999996
1  2.09e+02  0.3489121524 -9.91814 0.94099999999999999996
1  2.19e+02  0.3488221138 -9.91814 0.94099999999999999996
1  2.29e+02  0.3488506785 -9.91814 0.94099999999999999996
1  2.40e+02  0.3488112275 -9.91814 0.94099999999999999996
1  2.51e+02  0.3489247778 -9.91814 0.94099999999999999996
1  2.63e+02  0.348972673 -9.91814 0.94099999999999999996
1  2.75e+02  0.3490050738 -9.91814 0.94099999999999999996
1  2.88e+02  0.3489198901 -9.91814 0.94099999999999999996
1  3.02e+02  0.3487746615 -9.91814 0.94099999999999999996
1  3.16e+02  0.3490190757 -9.91814 0.94099999999999999996
1  3.31e+02  0.349036405 -9.91814 0.94099999999999999996
1  3.47e+02  0.3490488712 -9.91814 0.94099999999999999996
1  3.63e+02  0.3487247505 -9.91814 0.94099999999999999996
1  3.80e+02  0.3489900557 -9.91814 0.94099999999999999996
1  3.98e+02  0.3489703865 -9.91814 0.94099999999999999996
1  4.17e+02  0.3486768241 -9.91814 0.94099999999999999996
1  4.37e+02  0.3489910029 -9.91814 0.94099999999999999996
1  4.57e+02  0.3488214165 -9.91814 0.94099999999999999996
1  4.79e+02  0.3488847681 -9.91814 0.94099999999999999996
1  5.01e+02  0.3488803282 -9.91814 0.94099999999999999996
1  5.25e+02  0.3490958082 -9.91814 0.94099999999999999996
1  5.50e+02  0.3489024903 -9.91814 0.94099999999999999996
1  5.75e+02  0.3489916556 -9.91814 0.94099999999999999996
1  6.03e+02  0.3487681881 -9.91814 0.94099999999999999996
1  6.31e+02  0.3486349144 -9.91814 0.94099999999999999996
1  6.61e+02  0.3483960526 -9.91814 0.94099999999999999996
1  6.92e+02  0.3488905448 -9.91814 0.94099999999999999996
1  7.24e+02  0.3484594781 -9.91814 0.94099999999999999996
1  7.59e+02  0.3485764719 -9.91814 0.94099999999999999996
1  7.94e+02  0.3484639598 -9.91814 0.94099999999999999996
1  8.32e+02  0.3489936136 -9.91814 0.94099999999999999996
1  8.71e+02  0.3482080248 -9.91814 0.94099999999999999996
1  9.12e+02  0.3485664331 -9.91814 0.94099999999999999996
1  9.55e+02  0.3485815769 -9.91814 0.94099999999999999996
1  1.00e+03  0.3482468231 -9.91814 0.94099999999999999996
1  1.05e+03  0.3487677856 -9.91814 0.94099999999999999996
1  1.10e+03  0.3490314196 -9.91814 0.94099999999999999996
1  1.15e+03  0.3490431659 -9.91814 0.94099999999999999996
1  1.20e+03  0.3490475573 -9.91814 0.94099999999999999996
1  1.26e+03  0.348639219 -9.91814 0.94099999999999999996
1  1.32e+03  0.3492777979 -9.91814 0.94099999999999999996
1  1.38e+03  0.348363492 -9.91814 0.94099999999999999996
1  1.45e+03  0.3483560686 -9.91814 0.94099999999999999996
1  1.51e+03  0.3488200846 -9.91814 0.94099999999999999996
1  1.58e+03  0.3471488653 -9.91814 0.94099999999999999996
1  1.66e+03  0.3494055357 -9.91814 0.94099999999999999996
1  1.74e+03  0.3503109755 -9.91814 0.94099999999999999996
1  1.82e+03  0.3506554473 -9.91814 0.94099999999999999996
1  1.91e+03  0.3499330299 -9.91814 0.94099999999999999996
1  2.00e+03  0.3466960435 -9.91814 0.94099999999999999996
1  2.09e+03  0.3502614541 -9.91814 0.94099999999999999996
1  2.19e+03  0.3429599572 -9.91814 0.94099999999999999996
1  2.29e+03  0.3473024959 -9.91814 0.94099999999999999996
1  2.40e+03  0.349020677 -9.91814 0.94099999999999999996
1  2.51e+03  0.3491346394 -9.91814 0.94099999999999999996
1  2.63e+03  0.3480387943 -9.91814 0.94099999999999999996
1  2.75e+03  0.3413156119 -9.91814 0.94099999999999999996
1  2.88e+03  0.3473818848 -9.91814 0.94099999999999999996
1  3.02e+03  0.3481120629 -9.91814 0.94099999999999999996
1  3.16e+03  0.3541015237 -9.91814 0.94099999999999999996
1  3.31e+03  0.3467328977 -9.91814 0.94099999999999999996
1  3.47e+03  0.3494215023 -9.91814 0.94099999999999999996
1  3.63e+03  0.3453073166 -9.91814 0.94099999999999999996
1  3.80e+03  0.3496728237 -9.91814 0.94099999999999999996
1  3.98e+03  0.3541045222 -9.91814 0.94099999999999999996
1  4.17e+03  0.3625701773 -9.91814 0.94099999999999999996
1  4.37e+03  0.3609143611 -9.91814 0.94099999999999999996
1  4.57e+03  0.3531814687 -9.91814 0.94099999999999999996
1  4.79e+03  0.3479451373 -9.91814 0.94099999999999999996
1  5.01e+03  0.3634429341 -9.91814 0.94099999999999999996
1  5.25e+03  0.3455213476 -9.91814 0.94099999999999999996
1  5.50e+03  0.3451219981 -9.91814 0.94099999999999999996
1  5.75e+03  0.3506856137 -9.91814 0.94099999999999999996
1  6.03e+03  0.3750068907 -9.91814 0.94099999999999999996
1  6.31e+03  0.3644434717 -9.91814 0.94099999999999999996
1  6.61e+03  0.3398880273 -9.91814 0.94099999999999999996
1  6.92e+03  0.3355034634 -9.91814 0.94099999999999999996
1  7.24e+03  0.3321682515 -9.91814 0.94099999999999999996
1  7.59e+03  0.3332510153 -9.91814 0.94099999999999999996
1  7.94e+03  0.3477491965 -9.91814 0.94099999999999999996
1  8.32e+03  0.3261539496 -9.91814 0.94099999999999999996
1  8.71e+03  0.3505366293 -9.91814 0.94099999999999999996
1  9.12e+03  0.3150684742 -9.91814 0.94099999999999999996
1  9.55e+03  0.3673890341 -9.91814 0.94099999999999999996
1  1.00e+04  0.3204586023 -9.91814 0.94099999999999999996
1  1.05e+04  0.3144440901 -9.91814 0.94099999999999999996
1  1.10e+04  0.3574204697 -9.91814 0.94099999999999999996
1  1.15e+04  0.3168205049 -9.91814 0.94099999999999999996
1  1.20e+04  0.3337122103 -9.91814 0.94099999999999999996
1  1.26e+04  0.3457259738 -9.91814 0.94099999999999999996
1  1.32e+04  0.3070761133 -9.91814 0.94099999999999999996
1  1.38e+04  0.3541796972 -9.91814 0.94099999999999999996
1  1.45e+04  0.3050495059 -9.91814 0.94099999999999999996
1  1.51e+04  0.3554128522 -9.91814 0.94099999999999999996
1  1.58e+04  0.297067257 -9.91814 0.94099999999999999996
1  1.66e+04  0.3464583669 -9.91814 0.94099999999999999996
1  1.74e+04  0.3352505313 -9.91814 0.94099999999999999996
1  1.82e+04  0.3450639811 -9.91814 0.94099999999999999996
1  1.91e+04  0.3083727903 -9.91814 0.94099999999999999996
1  2.00e+04  0.2992693486 -9.91814 0.94099999999999999996
1  2.09e+04  0.2899829004 -9.91814 0.94099999999999999996
1  2.19e+04  0.3426295429 -9.91814 0.94099999999999999996
1  2.29e+04  0.2987634094 -9.91814 0.94099999999999999996
1  2.40e+04  0.2770653092 -9.91814 0.94099999999999999996
1  2.51e+04  0.3232007926 -9.91814 0.94099999999999999996
1  2.63e+04  0.3219738734 -9.91814 0.94099999999999999996
1  2.75e+04  0.3305453023 -9.91814 0.94099999999999999996
1  2.88e+04  0.3383653918 -9.91814 0.94099999999999999996
1  3.02e+04  0.272911342 -9.91814 0.94099999999999999996
1  3.16e+04  0.3403118249 -9.91814 0.94099999999999999996
1  3.31e+04  0.3224360404 -9.91814 0.94099999999999999996
1  3.47e+04  0.351264165 -9.91814 0.94099999999999999996
1  3.63e+04  0.2750737835 -9.91814 0.94099999999999999996
1  3.80e+04  0.3461109685 -9.91814 0.94099999999999999996
1  3.98e+04  0.2561882282 -9.91814 0.94099999999999999996
1  4.17e+04  0.3559265792 -9.91814 0.94099999999999999996
1  4.37e+04  0.3040972446 -9.91814 0.94099999999999999996
1  4.57e+04  0.3332680901 -9.91814 0.94099999999999999996
1  4.79e+04  0.351321725 -9.91814 0.94099999999999999996
1  5.01e+04  0.3184882569 -9.91814 0.94099999999999999996
1  5.25e+04  0.3042261991 -9.91814 0.94099999999999999996
1  5.50e+04  0.3471183926 -9.91814 0.94099999999999999996
1  5.75e+04  0.2611027602 -9.91814 0.94099999999999999996
1  6.03e+04  0.3165428415 -9.91814 0.94099999999999999996
1  6.31e+04  0.3373421787 -9.91814 0.94099999999999999996
1  6.61e+04  0.2723656737 -9.91814 0.94099999999999999996
1  6.92e+04  0.3194563794 -9.91814 0.94099999999999999996
1  7.24e+04  0.3572005277 -9.91814 0.94099999999999999996
1  7.59e+04  0.3297195799 -9.91814 0.94099999999999999996
1  7.94e+04  0.3252138579 -9.91814 0.94099999999999999996
1  8.32e+04  0.3378499086 -9.91814 0.94099999999999999996
1  8.71e+04  0.3450840043 -9.91814 0.94099999999999999996
1  9.12e+04  0.354412954 -9.91814 0.94099999999999999996
1  9.55e+04  0.3474113978 -9.91814 0.94099999999999999996
1  1.00e+05  0.320682956 -9.91814 0.94099999999999999996
1  1.05e+05  0.312728257 -9.91814 0.94099999999999999996
1  1.10e+05  0.3374503999 -9.91814 0.94099999999999999996
1  1.15e+05  0.3565236806 -9.91814 0.94099999999999999996
1  1.20e+05  0.3388181806 -9.91814 0.94099999999999999996
1  1.26e+05  0.3036507218 -9.91814 0.94099999999999999996
1  1.32e+05  0.2906925434 -9.91814 0.94099999999999999996
1  1.38e+05  0.3111429884 -9.91814 0.94099999999999999996
1  1.45e+05  0.3410691767 -9.91814 0.94099999999999999996
1  1.51e+05  0.3517593906 -9.91814 0.94099999999999999996
1  1.58e+05  0.3363284801 -9.91814 0.94099999999999999996
1  1.66e+05  0.3101174584 -9.91814 0.94099999999999999996
1  1.74e+05  0.2934890516 -9.91814 0.94099999999999999996
1  1.82e+05  0.2963086094 -9.91814 0.94099999999999999996
1  1.91e+05  0.3144314312 -9.91814 0.94099999999999999996
1  2.00e+05  0.3360435774 -9.91814 0.94099999999999999996
1  2.09e+05  0.3502955835 -9.91814 0.94099999999999999996
1  2.19e+05  0.3524893924 -9.91814 0.94099999999999999996
1  2.29e+05  0.3444393558 -9.91814 0.94099999999999999996
1  2.40e+05  0.3317220184 -9.91814 0.94099999999999999996
1  2.51e+05  0.3202922373 -9.91814 0.94099999999999999996
1  2.63e+05  0.314150281 -9.91814 0.94099999999999999996
1  2.75e+05  0.3145621006 -9.91814 0.94099999999999999996
1  2.88e+05  0.3204981378 -9.91814 0.94099999999999999996
1  3.02e+05  0.3296496783 -9.91814 0.94099999999999999996
1  3.16e+05  0.3394620787 -9.91814 0.94099999999999999996
1  3.31e+05  0.3478653441 -9.91814 0.94099999999999999996
1  3.47e+05  0.353616375 -9.91814 0.94099999999999999996
1  3.63e+05  0.3563175667 -9.91814 0.94099999999999999996
1  3.80e+05  0.356236649 -9.91814 0.94099999999999999996
1  3.98e+05  0.3540493907 -9.91814 0.94099999999999999996
1  4.17e+05  0.3505926553 -9.91814 0.94099999999999999996
1  4.37e+05  0.3466750195 -9.91814 0.94099999999999999996
1  4.57e+05  0.3429593127 -9.91814 0.94099999999999999996
1  4.79e+05  0.339910511 -9.91814 0.94099999999999999996
1  5.01e+05  0.3377925258 -9.91814 0.94099999999999999996
1  5.25e+05  0.3366954162 -9.91814 0.94099999999999999996
1  5.50e+05  0.3365770415 -9.91814 0.94099999999999999996
1  5.75e+05  0.3373074819 -9.91814 0.94099999999999999996
1  6.03e+05  0.3387089839 -9.91814 0.94099999999999999996
1  6.31e+05  0.3405878517 -9.91814 0.94099999999999999996
1  6.61e+05  0.3429669915 -9.91814 0.94099999999999999996
1  6.92e+05  0.345473286 -9.91814 0.94099999999999999996
1  7.24e+05  0.3479414501 -9.91814 0.94099999999999999996
1  7.59e+05  0.3502945355 -9.91814 0.94099999999999999996
1  7.94e+05  0.3523497271 -9.91814 0.94099999999999999996
1  8.32e+05  0.3541092793 -9.91814 0.94099999999999999996
1  8.71e+05  0.3555526467 -9.91814 0.94099999999999999996
1  9.12e+05  0.3566807983 -9.91814 0.94099999999999999996
1  9.55e+05  0.3575263825 -9.91814 0.94099999999999999996
1  1.00e+06  0.3580778212 -9.91814 0.94099999999999999996
1  1.05e+06  0.3583895124 -9.91814 0.94099999999999999996
1  1.10e+06  0.358496034 -9.91814 0.94099999999999999996
1  1.15e+06  0.3584319229 -9.91814 0.94099999999999999996
1  1.20e+06  0.358226248 -9.91814 0.94099999999999999996
1  1.26e+06  0.3579145213 -9.91814 0.94099999999999999996
1  1.32e+06  0.3575224101 -9.91814 0.94099999999999999996
1  1.38e+06  0.3570731065 -9.91814 0.94099999999999999996
1  1.45e+06  0.3565862868 -9.91814 0.94099999999999999996
1  1.51e+06  0.3560782943 -9.91814 0.94099999999999999996
1  1.58e+06  0.3555521038 -9.91814 0.94099999999999999996
1  1.66e+06  0.3550388871 -9.91814 0.94099999999999999996
1  1.74e+06  0.3545367229 -9.91814 0.94099999999999999996
1  1.82e+06  0.3540517444 -9.91814 0.94099999999999999996
1  1.91e+06  0.3535883848 -9.91814 0.94099999999999999996
1  2.00e+06  0.3531496727 -9.91814 0.94099999999999999996
1  2.09e+06  0.3527287612 -9.91814 0.94099999999999999996
1  2.19e+06  0.3523445743 -9.91814 0.94099999999999999996
1  2.29e+06  0.3519881545 -9.91814 0.94099999999999999996
1  2.40e+06  0.3516591883 -9.91814 0.94099999999999999996
1  2.51e+06  0.3513569489 -9.91814 0.94099999999999999996
1  2.63e+06  0.3510741639 -9.91814 0.94099999999999999996
1  2.75e+06  0.3508225556 -9.91814 0.94099999999999999996
1  2.88e+06  0.3505940202 -9.91814 0.94099999999999999996
1  3.02e+06  0.3503871084 -9.91814 0.94099999999999999996
1  3.16e+06  0.3502003406 -9.91814 0.94099999999999999996
1  3.31e+06  0.3500322416 -9.91814 0.94099999999999999996
1  3.47e+06  0.3498775804 -9.91814 0.94099999999999999996
1  3.63e+06  0.3497428546 -9.91814 0.94099999999999999996
1  3.80e+06  0.349622597 -9.91814 0.94099999999999999996
1  3.98e+06  0.3495155443 -9.91814 0.94099999999999999996
1  4.17e+06  0.3494205095 -9.91814 0.94099999999999999996
1  4.37e+06  0.349333992 -9.91814 0.94099999999999999996
1  4.57e+06  0.34925996 -9.91814 0.94099999999999999996
1  4.79e+06  0.3491948359 -9.91814 0.94099999999999999996
1  5.01e+06  0.3491377432 -9.91814 0.94099999999999999996
1  5.25e+06  0.3490878772 -9.91814 0.94099999999999999996
1  5.50e+06  0.3490445016 -9.91814 0.94099999999999999996
1  5.75e+06  0.3490056008 -9.91814 0.94099999999999999996
1  6.03e+06  0.348973375 -9.91814 0.94099999999999999996
1  6.31e+06  0.3489457885 -9.91814 0.94099999999999999996
1  6.61e+06  0.348922338 -9.91814 0.94099999999999999996
1  6.92e+06  0.3489025683 -9.91814 0.94099999999999999996
1  7.24e+06  0.3488852469 -9.91814 0.94099999999999999996
1  7.59e+06  0.3488717216 -9.91814 0.94099999999999999996
1  7.94e+06  0.3488607526 -9.91814 0.94099999999999999996
1  8.32e+06  0.3488520395 -9.91814 0.94099999999999999996
1  8.71e+06  0.3488453126 -9.91814 0.94099999999999999996
1  9.12e+06  0.3488403297 -9.91814 0.94099999999999999996
1  9.55e+06  0.348836423 -9.91814 0.94099999999999999996
1  1.00e+07  0.3488343429 -9.91814 0.94099999999999999996
