1  1.00e-03  0.5477392444 -10.4346 0.98999999999999999995
1  1.05e-03  0.5477392313 -10.4346 0.98999999999999999995
1  1.10e-03  0.5477392215 -10.4346 0.98999999999999999995
1  1.15e-03  0.5477392298 -10.4346 0.98999999999999999995
1  1.20e-03  0.5477392351 -10.4346 0.98999999999999999995
1  1.26e-03  0.5477392227 -10.4346 0.98999999999999999995
1  1.32e-03  0.5477392279 -10.4346 0.98999999999999999995
1  1.38e-03  0.5477392249 -10.4346 0.98999999999999999995
1  1.45e-03  0.547739224 -10.4346 0.98999999999999999995
1  1.51e-03  0.5477392209 -10.4346 0.98999999999999999995
1  1.58e-03  0.5477392192 -10.4346 0.98999999999999999995
1  1.66e-03  0.5477392264 -10.4346 0.98999999999999999995
1  1.74e-03  0.5477392313 -10.4346 0.98999999999999999995
1  1.82e-03  0.5477392327 -10.4346 0.98999999999999999995
1  1.91e-03  0.5477392281 -10.4346 0.98999999999999999995
1  2.00e-03  0.5477392188 -10.4346 0.98999999999999999995
1  2.09e-03  0.5477392461 -10.4346 0.98999999999999999995
1  2.19e-03  0.5477392209 -10.4346 0.98999999999999999995
1  2.29e-03  0.5477392278 -10.4346 0.98999999999999999995
1  2.40e-03  0.5477392269 -10.4346 0.98999999999999999995
1  2.51e-03  0.5477392287 -10.4346 0.98999999999999999995
1  2.63e-03  0.547739225 -10.4346 0.98999999999999999995
1  2.75e-03  0.5477392281 -10.4346 0.98999999999999999995
1  2.88e-03  0.5477392197 -10.4346 0.98999999999999999995
1  3.02e-03  0.5477392333 -10.4346 0.98999999999999999995
1  3.16e-03  0.5477392317 -10.4346 0.98999999999999999995
1  3.31e-03  0.5477392193 -10.4346 0.98999999999999999995
1  3.47e-03  0.547739223 -10.4346 0.98999999999999999995
1  3.63e-03  0.5477392294 -10.4346 0.98999999999999999995
1  3.80e-03  0.5477392263 -10.4346 0.98999999999999999995
1  3.98e-03  0.5477392365 -10.4346 0.98999999999999999995
1  4.17e-03  0.5477392163 -10.4346 0.98999999999999999995
1  4.37e-03  0.547739224 -10.4346 0.98999999999999999995
1  4.57e-03  0.547739236 -10.4346 0.98999999999999999995
1  4.79e-03  0.5477392261 -10.4346 0.98999999999999999995
1  5.01e-03  0.5477392366 -10.4346 0.98999999999999999995
1  5.25e-03  0.5477392209 -10.4346 0.98999999999999999995
1  5.50e-03  0.5477221459 -10.4346 0.98999999999999999995
1  5.75e-03  0.5477392136 -10.4346 0.98999999999999999995
1  6.03e-03  0.5477392163 -10.4346 0.98999999999999999995
1  6.31e-03  0.5477392381 -10.4346 0.98999999999999999995
1  6.61e-03  0.5477392146 -10.4346 0.98999999999999999995
1  6.92e-03  0.5477392208 -10.4346 0.98999999999999999995
1  7.24e-03  0.5477392249 -10.4346 0.98999999999999999995
1  7.59e-03  0.5477392207 -10.4346 0.98999999999999999995
1  7.94e-03  0.5477392851 -10.4346 0.98999999999999999995
1  8.32e-03  0.5477392126 -10.4346 0.98999999999999999995
1  8.71e-03  0.5477392347 -10.4346 0.98999999999999999995
1  9.12e-03  0.5477392175 -10.4346 0.98999999999999999995
1  9.55e-03  0.5477392217 -10.4346 0.98999999999999999995
1  1.00e-02  0.54773921 -10.4346 0.98999999999999999995
1  1.05e-02  0.547739261 -10.4346 0.98999999999999999995
1  1.10e-02  0.547739213 -10.4346 0.98999999999999999995
1  1.15e-02  0.5477392532 -10.4346 0.98999999999999999995
1  1.20e-02  0.5477392542 -10.4346 0.98999999999999999995
1  1.26e-02  0.5477392029 -10.4346 0.98999999999999999995
1  1.32e-02  0.5477392532 -10.4346 0.98999999999999999995
1  1.38e-02  0.5477392555 -10.4346 0.98999999999999999995
1  1.45e-02  0.5477392642 -10.4346 0.98999999999999999995
1  1.51e-02  0.5477392562 -10.4346 0.98999999999999999995
1  1.58e-02  0.5477392443 -10.4346 0.98999999999999999995
1  1.66e-02  0.5477392211 -10.4346 0.98999999999999999995
1  1.74e-02  0.5477392449 -10.4346 0.98999999999999999995
1  1.82e-02  0.5477392668 -10.4346 0.98999999999999999995
1  1.91e-02  0.5477392161 -10.4346 0.98999999999999999995
1  2.00e-02  0.5477391567 -10.4346 0.98999999999999999995
1  2.09e-02  0.5477392445 -10.4346 0.98999999999999999995
1  2.19e-02  0.5477391429 -10.4346 0.98999999999999999995
1  2.29e-02  0.5477391938 -10.4346 0.98999999999999999995
1  2.40e-02  0.547739189 -10.4346 0.98999999999999999995
1  2.51e-02  0.5477391662 -10.4346 0.98999999999999999995
1  2.63e-02  0.547739416 -10.4346 0.98999999999999999995
1  2.75e-02  0.5477391713 -10.4346 0.98999999999999999995
1  2.88e-02  0.547739189 -10.4346 0.98999999999999999995
1  3.02e-02  0.5477383213 -10.4346 0.98999999999999999995
1  3.16e-02  0.5477402649 -10.4346 0.98999999999999999995
1  3.31e-02  0.5477390865 -10.4346 0.98999999999999999995
1  3.47e-02  0.5477390777 -10.4346 0.98999999999999999995
1  3.63e-02  0.5477397996 -10.4346 0.98999999999999999995
1  3.80e-02  0.5477392031 -10.4346 0.98999999999999999995
1  3.98e-02  0.5477404039 -10.4346 0.98999999999999999995
1  4.17e-02  0.5477393409 -10.4346 0.98999999999999999995
1  4.37e-02  0.5477393812 -10.4346 0.98999999999999999995
1  4.57e-02  0.5477394636 -10.4346 0.98999999999999999995
1  4.79e-02  0.5477394299 -10.4346 0.98999999999999999995
1  5.01e-02  0.5477394152 -10.4346 0.98999999999999999995
1  5.25e-02  0.5477391977 -10.4346 0.98999999999999999995
1  5.50e-02  0.5477393287 -10.4346 0.98999999999999999995
1  5.75e-02  0.5477392359 -10.4346 0.98999999999999999995
1  6.03e-02  0.547739041 -10.4346 0.98999999999999999995
1  6.31e-02  0.5477393376 -10.4346 0.98999999999999999995
1  6.61e-02  0.5477415275 -10.4346 0.98999999999999999995
1  6.92e-02  0.547739586 -10.4346 0.98999999999999999995
1  7.24e-02  0.5477394704 -10.4346 0.98999999999999999995
1  7.59e-02  0.5477419794 -10.4346 0.98999999999999999995
1  7.94e-02  0.5477400308 -10.4346 0.98999999999999999995
1  8.32e-02  0.547739371 -10.4346 0.98999999999999999995
1  8.71e-02  0.5477393952 -10.4346 0.98999999999999999995
1  9.12e-02  0.5477392808 -10.4346 0.98999999999999999995
1  9.55e-02  0.5477393172 -10.4346 0.98999999999999999995
1  1.00e-01  0.547739365 -10.4346 0.98999999999999999995
1  1.05e-01  0.5477394053 -10.4346 0.98999999999999999995
1  1.10e-01  0.5477393943 -10.4346 0.98999999999999999995
1  1.15e-01  0.5477391097 -10.4346 0.98999999999999999995
1  1.20e-01  0.5477386886 -10.4346 0.98999999999999999995
1  1.26e-01  0.547987561 -10.4346 0.98999999999999999995
1  1.32e-01  0.5477392166 -10.4346 0.98999999999999999995
1  1.38e-01  0.5477395576 -10.4346 0.98999999999999999995
1  1.45e-01  0.5477386933 -10.4346 0.98999999999999999995
1  1.51e-01  0.5477389212 -10.4346 0.98999999999999999995
1  1.58e-01  0.5477535004 -10.4346 0.98999999999999999995
1  1.66e-01  0.5477394448 -10.4346 0.98999999999999999995
1  1.74e-01  0.5477392232 -10.4346 0.98999999999999999995
1  1.82e-01  0.547739014 -10.4346 0.98999999999999999995
1  1.91e-01  0.5477388946 -10.4346 0.98999999999999999995
1  2.00e-01  0.5477388284 -10.4346 0.98999999999999999995
1  2.09e-01  0.5477388144 -10.4346 0.98999999999999999995
1  2.19e-01  0.5477394072 -10.4346 0.98999999999999999995
1  2.29e-01  0.5477392824 -10.4346 0.98999999999999999995
1  2.40e-01  0.5477394753 -10.4346 0.98999999999999999995
1  2.51e-01  0.5477384484 -10.4346 0.98999999999999999995
1  2.63e-01  0.5477391414 -10.4346 0.98999999999999999995
1  2.75e-01  0.5477380799 -10.4346 0.98999999999999999995
1  2.88e-01  0.5477388776 -10.4346 0.98999999999999999995
1  3.02e-01  0.5477387964 -10.4346 0.98999999999999999995
1  3.16e-01  0.5477382259 -10.4346 0.98999999999999999995
1  3.31e-01  0.547738994 -10.4346 0.98999999999999999995
1  3.47e-01  0.5477393566 -10.4346 0.98999999999999999995
1  3.63e-01  0.5477392619 -10.4346 0.98999999999999999995
1  3.80e-01  0.5477392084 -10.4346 0.98999999999999999995
1  3.98e-01  0.5477391933 -10.4346 0.98999999999999999995
1  4.17e-01  0.5477375955 -10.4346 0.98999999999999999995
1  4.37e-01  0.5477393685 -10.4346 0.98999999999999999995
1  4.57e-01  0.5477380829 -10.4346 0.98999999999999999995
1  4.79e-01  0.5477394494 -10.4346 0.98999999999999999995
1  5.01e-01  0.5477564402 -10.4346 0.98999999999999999995
1  5.25e-01  0.5477402478 -10.4346 0.98999999999999999995
1  5.50e-01  0.5477376273 -10.4346 0.98999999999999999995
1  5.75e-01  0.5477394413 -10.4346 0.98999999999999999995
1  6.03e-01  0.5477391949 -10.4346 0.98999999999999999995
1  6.31e-01  0.5477376598 -10.4346 0.98999999999999999995
1  6.61e-01  0.5477384199 -10.4346 0.98999999999999999995
1  6.92e-01  0.5478054289 -10.4346 0.98999999999999999995
1  7.24e-01  0.5477388499 -10.4346 0.98999999999999999995
1  7.59e-01  0.5477390382 -10.4346 0.98999999999999999995
1  7.94e-01  0.5477385033 -10.4346 0.98999999999999999995
1  8.32e-01  0.5477358702 -10.4346 0.98999999999999999995
1  8.71e-01  0.5477389748 -10.4346 0.98999999999999999995
1  9.12e-01  0.5477794152 -10.4346 0.98999999999999999995
1  9.55e-01  0.5477360534 -10.4346 0.98999999999999999995
1  1.00e+00  0.5477416097 -10.4346 0.98999999999999999995
1  1.05e+00  0.5477389421 -10.4346 0.98999999999999999995
1  1.10e+00  0.5477341715 -10.4346 0.98999999999999999995
1  1.15e+00  0.5477386879 -10.4346 0.98999999999999999995
1  1.20e+00  0.5477346228 -10.4346 0.98999999999999999995
1  1.26e+00  0.5477355378 -10.4346 0.98999999999999999995
1  1.32e+00  0.5477367609 -10.4346 0.98999999999999999995
1  1.38e+00  0.5477359569 -10.4346 0.98999999999999999995
1  1.45e+00  0.5477470212 -10.4346 0.98999999999999999995
1  1.51e+00  0.547737488 -10.4346 0.98999999999999999995
1  1.58e+00  0.547732706 -10.4346 0.98999999999999999995
1  1.66e+00  0.5477413445 -10.4346 0.98999999999999999995
1  1.74e+00  0.5477356589 -10.4346 0.98999999999999999995
1  1.82e+00  0.5477343256 -10.4346 0.98999999999999999995
1  1.91e+00  0.5477315261 -10.4346 0.98999999999999999995
1  2.00e+00  0.5477386581 -10.4346 0.98999999999999999995
1  2.09e+00  0.5477189439 -10.4346 0.98999999999999999995
1  2.19e+00  0.5477310731 -10.4346 0.98999999999999999995
1  2.29e+00  0.5477353639 -10.4346 0.98999999999999999995
1  2.40e+00  0.5477391872 -10.4346 0.98999999999999999995
1  2.51e+00  0.5477381476 -10.4346 0.98999999999999999995
1  2.63e+00  0.5477288216 -10.4346 0.98999999999999999995
1  2.75e+00  0.5477302048 -10.4346 0.98999999999999999995
1  2.88e+00  0.5477400695 -10.4346 0.98999999999999999995
1  3.02e+00  0.5477320155 -10.4346 0.98999999999999999995
1  3.16e+00  0.5477364881 -10.4346 0.98999999999999999995
1  3.31e+00  0.5477247463 -10.4346 0.98999999999999999995
1  3.47e+00  0.5477340093 -10.4346 0.98999999999999999995
1  3.63e+00  0.5477295545 -10.4346 0.98999999999999999995
1  3.80e+00  0.5477227102 -10.4346 0.98999999999999999995
1  3.98e+00  0.5477255267 -10.4346 0.98999999999999999995
1  4.17e+00  0.5477299563 -10.4346 0.98999999999999999995
1  4.37e+00  0.5477379209 -10.4346 0.98999999999999999995
1  4.57e+00  0.547723579 -10.4346 0.98999999999999999995
1  4.79e+00  0.5477169149 -10.4346 0.98999999999999999995
1  5.01e+00  0.5477204002 -10.4346 0.98999999999999999995
1  5.25e+00  0.5477394081 -10.4346 0.98999999999999999995
1  5.50e+00  0.5477160301 -10.4346 0.98999999999999999995
1  5.75e+00  0.547715685 -10.4346 0.98999999999999999995
1  6.03e+00  0.5477127447 -10.4346 0.98999999999999999995
1  6.31e+00  0.5477352959 -10.4346 0.98999999999999999995
1  6.61e+00  0.5477509439 -10.4346 0.98999999999999999995
1  6.92e+00  0.5477291833 -10.4346 0.98999999999999999995
1  7.24e+00  0.5477310447 -10.4346 0.98999999999999999995
1  7.59e+00  0.5476968427 -10.4346 0.98999999999999999995
1  7.94e+00  0.5477327577 -10.4346 0.98999999999999999995
1  8.32e+00  0.5477663454 -10.4346 0.98999999999999999995
1  8.71e+00  0.5476350173 -10.4346 0.98999999999999999995
1  9.12e+00  0.5477090139 -10.4346 0.98999999999999999995
1  9.55e+00  0.5477163191 -10.4346 0.98999999999999999995
1  1.00e+01  0.5477101664 -10.4346 0.98999999999999999995
1  1.05e+01  0.5477218323 -10.4346 0.98999999999999999995
1  1.10e+01  0.5477217527 -10.4346 0.98999999999999999995
1  1.15e+01  0.5477268099 -10.4346 0.98999999999999999995
1  1.20e+01  0.5477197278 -10.4346 0.98999999999999999995
1  1.26e+01  0.5477068597 -10.4346 0.98999999999999999995
1  1.32e+01  0.5477139938 -10.4346 0.98999999999999999995
1  1.38e+01  0.5476799406 -10.4346 0.98999999999999999995
1  1.45e+01  0.5476836474 -10.4346 0.98999999999999999995
1  1.51e+01  0.5477078702 -10.4346 0.98999999999999999995
1  1.58e+01  0.5476983489 -10.4346 0.98999999999999999995
1  1.66e+01  0.5476808098 -10.4346 0.98999999999999999995
1  1.74e+01  0.5477204653 -10.4346 0.98999999999999999995
1  1.82e+01  0.5477051572 -10.4346 0.98999999999999999995
1  1.91e+01  0.5476693341 -10.4346 0.98999999999999999995
1  2.00e+01  0.5476871529 -10.4346 0.98999999999999999995
1  2.09e+01  0.5480684352 -10.4346 0.98999999999999999995
1  2.19e+01  0.5478600404 -10.4346 0.98999999999999999995
1  2.29e+01  0.5476367908 -10.4346 0.98999999999999999995
1  2.40e+01  0.5477545498 -10.4346 0.98999999999999999995
1  2.51e+01  0.5472970659 -10.4346 0.98999999999999999995
1  2.63e+01  0.5477354077 -10.4346 0.98999999999999999995
1  2.75e+01  0.5475855872 -10.4346 0.98999999999999999995
1  2.88e+01  0.5477560988 -10.4346 0.98999999999999999995
1  3.02e+01  0.5476656802 -10.4346 0.98999999999999999995
1  3.16e+01  0.5479002006 -10.4346 0.98999999999999999995
1  3.31e+01  0.5476169739 -10.4346 0.98999999999999999995
1  3.47e+01  0.5480729518 -10.4346 0.98999999999999999995
1  3.63e+01  0.5475178323 -10.4346 0.98999999999999999995
1  3.80e+01  0.5477299293 -10.4346 0.98999999999999999995
1  3.98e+01  0.5476178633 -10.4346 0.98999999999999999995
1  4.17e+01  0.5477604458 -10.4346 0.98999999999999999995
1  4.37e+01  0.5478407427 -10.4346 0.98999999999999999995
1  4.57e+01  0.5477850335 -10.4346 0.98999999999999999995
1  4.79e+01  0.5477220226 -10.4346 0.98999999999999999995
1  5.01e+01  0.5476239277 -10.4346 0.98999999999999999995
1  5.25e+01  0.5475902188 -10.4346 0.98999999999999999995
1  5.50e+01  0.5477240491 -10.4346 0.98999999999999999995
1  5.75e+01  0.547602669 -10.4346 0.98999999999999999995
1  6.03e+01  0.5476985519 -10.4346 0.98999999999999999995
1  6.31e+01  0.5474781801 -10.4346 0.98999999999999999995
1  6.61e+01  0.5474608671 -10.4346 0.98999999999999999995
1  6.92e+01  0.5477495318 -10.4346 0.98999999999999999995
1  7.24e+01  0.548001194 -10.4346 0.98999999999999999995
1  7.59e+01  0.5477321135 -10.4346 0.98999999999999999995
1  7.94e+01  0.5476374538 -10.4346 0.98999999999999999995
1  8.32e+01  0.5475068144 -10.4346 0.98999999999999999995
1  8.71e+01  0.5471165088 -10.4346 0.98999999999999999995
1  9.12e+01  0.5475996191 -10.4346 0.98999999999999999995
1  9.55e+01  0.5478123696 -10.4346 0.98999999999999999995
1  1.00e+02  0.5477188376 -10.4346 0.98999999999999999995
1  1.05e+02  0.5472608128 -10.4346 0.98999999999999999995
1  1.10e+02  0.5473184178 -10.4346 0.98999999999999999995
1  1.15e+02  0.5473055588 -10.4346 0.98999999999999999995
1  1.20e+02  0.547350383 -10.4346 0.98999999999999999995
1  1.26e+02  0.5476937376 -10.4346 0.98999999999999999995
1  1.32e+02  0.5472609499 -10.4346 0.98999999999999999995
1  1.38e+02  0.5477448442 -10.4346 0.98999999999999999995
1  1.45e+02  0.5470941835 -10.4346 0.98999999999999999995
1  1.51e+02  0.5477081134 -10.4346 0.98999999999999999995
1  1.58e+02  0.5472245133 -10.4346 0.98999999999999999995
1  1.66e+02  0.547587965 -10.4346 0.98999999999999999995
1  1.74e+02  0.5470400435 -10.4346 0.98999999999999999995
1  1.82e+02  0.5476275174 -10.4346 0.98999999999999999995
1  1.91e+02  0.547651135 -10.4346 0.98999999999999999995
1  2.00e+02  0.5475249283 -10.4346 0.98999999999999999995
1  2.09e+02  0.5476916674 -10.4346 0.98999999999999999995
1  2.19e+02  0.5472142465 -10.4346 0.98999999999999999995
1  2.29e+02  0.5472364407 -10.4346 0.98999999999999999995
1  2.40e+02  0.5467303503 -10.4346 0.98999999999999999995
1  2.51e+02  0.5468651806 -10.4346 0.98999999999999999995
1  2.63e+02  0.5465038152 -10.4346 0.98999999999999999995
1  2.75e+02  0.547520689 -10.4346 0.98999999999999999995
1  2.88e+02  0.5464581699 -10.4346 0.98999999999999999995
1  3.02e+02  0.546544729 -10.4346 0.98999999999999999995
1  3.16e+02  0.546467796 -10.4346 0.98999999999999999995
1  3.31e+02  0.5477136844 -10.4346 0.98999999999999999995
1  3.47e+02  0.5464944478 -10.4346 0.98999999999999999995
1  3.63e+02  0.5462897869 -10.4346 0.98999999999999999995
1  3.80e+02  0.5473611724 -10.4346 0.98999999999999999995
1  3.98e+02  0.5462568578 -10.4346 0.98999999999999999995
1  4.17e+02  0.5473079138 -10.4346 0.98999999999999999995
1  4.37e+02  0.5467953107 -10.4346 0.98999999999999999995
1  4.57e+02  0.5457466109 -10.4346 0.98999999999999999995
1  4.79e+02  0.5469257661 -10.4346 0.98999999999999999995
1  5.01e+02  0.5476757823 -10.4346 0.98999999999999999995
1  5.25e+02  0.5465900643 -10.4346 0.98999999999999999995
1  5.50e+02  0.5461968218 -10.4346 0.98999999999999999995
1  5.75e+02  0.5453651904 -10.4346 0.98999999999999999995
1  6.03e+02  0.5455836028 -10.4346 0.98999999999999999995
1  6.31e+02  0.5452688953 -10.4346 0.98999999999999999995
1  6.61e+02  0.5475158798 -10.4346 0.98999999999999999995
1  6.92e+02  0.5470204062 -10.4346 0.98999999999999999995
1  7.24e+02  0.547002098 -10.4346 0.98999999999999999995
1  7.59e+02  0.5474998827 -10.4346 0.98999999999999999995
1  7.94e+02  0.5448160834 -10.4346 0.98999999999999999995
1  8.32e+02  0.5460741643 -10.4346 0.98999999999999999995
1  8.71e+02  0.5458800173 -10.4346 0.98999999999999999995
1  9.12e+02  0.5423041849 -10.4346 0.98999999999999999995
1  9.55e+02  0.5477078513 -10.4346 0.98999999999999999995
1  1.00e+03  0.546065832 -10.4346 0.98999999999999999995
1  1.05e+03  0.5460585737 -10.4346 0.98999999999999999995
1  1.10e+03  0.5405122273 -10.4346 0.98999999999999999995
1  1.15e+03  0.5436637893 -10.4346 0.98999999999999999995
1  1.20e+03  0.5408648404 -10.4346 0.98999999999999999995
1  1.26e+03  0.5485330128 -10.4346 0.98999999999999999995
1  1.32e+03  0.5482995362 -10.4346 0.98999999999999999995
1  1.38e+03  0.5445276754 -10.4346 0.98999999999999999995
1  1.45e+03  0.5521224755 -10.4346 0.98999999999999999995
1  1.51e+03  0.5252445302 -10.4346 0.98999999999999999995
1  1.58e+03  0.5395167257 -10.4346 0.98999999999999999995
1  1.66e+03  0.5492964555 -10.4346 0.98999999999999999995
1  1.74e+03  0.5540266793 -10.4346 0.98999999999999999995
1  1.82e+03  0.5468069992 -10.4346 0.98999999999999999995
1  1.91e+03  0.556028565 -10.4346 0.98999999999999999995
1  2.00e+03  0.5662317424 -10.4346 0.98999999999999999995
1  2.09e+03  0.5753020692 -10.4346 0.98999999999999999995
1  2.19e+03  0.5369614814 -10.4346 0.98999999999999999995
1  2.29e+03  0.5087957922 -10.4346 0.98999999999999999995
1  2.40e+03  0.4965523039 -10.4346 0.98999999999999999995
1  2.51e+03  0.5267880433 -10.4346 0.98999999999999999995
1  2.63e+03  0.5338827412 -10.4346 0.98999999999999999995
1  2.75e+03  0.4456896698 -10.4346 0.98999999999999999995
1  2.88e+03  0.5406159256 -10.4346 0.98999999999999999995
1  3.02e+03  0.5153933284 -10.4346 0.98999999999999999995
1  3.16e+03  0.4594554171 -10.4346 0.98999999999999999995
1  3.31e+03  0.4686598607 -10.4346 0.98999999999999999995
1  3.47e+03  0.4840943029 -10.4346 0.98999999999999999995
1  3.63e+03  0.5036177797 -10.4346 0.98999999999999999995
1  3.80e+03  0.57965056 -10.4346 0.98999999999999999995
1  3.98e+03  0.6412480144 -10.4346 0.98999999999999999995
1  4.17e+03  0.5419877006 -10.4346 0.98999999999999999995
1  4.37e+03  0.6486512796 -10.4346 0.98999999999999999995
1  4.57e+03  0.5509242744 -10.4346 0.98999999999999999995
1  4.79e+03  0.6520916445 -10.4346 0.98999999999999999995
1  5.01e+03  0.6120530194 -10.4346 0.98999999999999999995
1  5.25e+03  0.5290371726 -10.4346 0.98999999999999999995
1  5.50e+03  0.5096673128 -10.4346 0.98999999999999999995
1  5.75e+03  0.5026505993 -10.4346 0.98999999999999999995
1  6.03e+03  0.4731882515 -10.4346 0.98999999999999999995
1  6.31e+03  0.434850029 -10.4346 0.98999999999999999995
1  6.61e+03  0.472704253 -10.4346 0.98999999999999999995
1  6.92e+03  0.6391071234 -10.4346 0.98999999999999999995
1  7.24e+03  0.546713049 -10.4346 0.98999999999999999995
1  7.59e+03  0.3656048029 -10.4346 0.98999999999999999995
1  7.94e+03  0.6497679297 -10.4346 0.98999999999999999995
1  8.32e+03  0.3242123386 -10.4346 0.98999999999999999995
1  8.71e+03  0.6432119505 -10.4346 0.98999999999999999995
1  9.12e+03  0.2840938218 -10.4346 0.98999999999999999995
1  9.55e+03  0.5523889143 -10.4346 0.98999999999999999995
1  1.00e+04  0.5581713772 -10.4346 0.98999999999999999995
1  1.05e+04  0.3141523539 -10.4346 0.98999999999999999995
1  1.10e+04  0.2758197364 -10.4346 0.98999999999999999995
1  1.15e+04  0.5535374939 -10.4346 0.98999999999999999995
1  1.20e+04  0.5924631661 -10.4346 0.98999999999999999995
1  1.26e+04  0.6109828342 -10.4346 0.98999999999999999995
1  1.32e+04  0.5806394101 -10.4346 0.98999999999999999995
1  1.38e+04  0.5562491202 -10.4346 0.98999999999999999995
1  1.45e+04  0.5745952791 -10.4346 0.98999999999999999995
1  1.51e+04  0.5986399264 -10.4346 0.98999999999999999995
1  1.58e+04  0.569136294 -10.4346 0.98999999999999999995
1  1.66e+04  0.5200525121 -10.4346 0.98999999999999999995
1  1.74e+04  0.1978659331 -10.4346 0.98999999999999999995
1  1.82e+04  0.1815735003 -10.4346 0.98999999999999999995
1  1.91e+04  0.3263480021 -10.4346 0.98999999999999999995
1  2.00e+04  0.5689640289 -10.4346 0.98999999999999999995
1  2.09e+04  0.378370779 -10.4346 0.98999999999999999995
1  2.19e+04  0.0894131591 -10.4346 0.98999999999999999995
1  2.29e+04  0.5604289625 -10.4346 0.98999999999999999995
1  2.40e+04  0.3115693623 -10.4346 0.98999999999999999995
1  2.51e+04  0.1269711237 -10.4346 0.98999999999999999995
1  2.63e+04  0.5685968109 -10.4346 0.98999999999999999995
1  2.75e+04  0.05046700491 -10.4346 0.98999999999999999995
1  2.88e+04  0.548564624 -10.4346 0.98999999999999999995
1  3.02e+04  0.1719933064 -10.4346 0.98999999999999999995
1  3.16e+04  0.4255259111 -10.4346 0.98999999999999999995
1  3.31e+04  0.1351471736 -10.4346 0.98999999999999999995
1  3.47e+04  0.5366841239 -10.4346 0.98999999999999999995
1  3.63e+04  0.03748688698 -10.4346 0.98999999999999999995
1  3.80e+04  0.5545305796 -10.4346 0.98999999999999999995
1  3.98e+04  0.04835407521 -10.4346 0.98999999999999999995
1  4.17e+04  0.5007726209 -10.4346 0.98999999999999999995
1  4.37e+04  0.2846842175 -10.4346 0.98999999999999999995
1  4.57e+04  0.1285922142 -10.4346 0.98999999999999999995
1  4.79e+04  0.5339306187 -10.4346 0.98999999999999999995
1  5.01e+04  0.285618635 -10.4346 0.98999999999999999995
1  5.25e+04  0.09248140172 -10.4346 0.98999999999999999995
1  5.50e+04  0.5353295666 -10.4346 0.98999999999999999995
1  5.75e+04  0.2461834879 -10.4346 0.98999999999999999995
1  6.03e+04  0.09117256736 -10.4346 0.98999999999999999995
1  6.31e+04  0.5201561788 -10.4346 0.98999999999999999995
1  6.61e+04  0.4013229566 -10.4346 0.98999999999999999995
1  6.92e+04  0.1175961213 -10.4346 0.98999999999999999995
1  7.24e+04  0.3005777732 -10.4346 0.98999999999999999995
1  7.59e+04  0.5373242113 -10.4346 0.98999999999999999995
1  7.94e+04  0.4769944824 -10.4346 0.98999999999999999995
1  8.32e+04  0.2748634029 -10.4346 0.98999999999999999995
1  8.71e+04  0.2091292696 -10.4346 0.98999999999999999995
1  9.12e+04  0.3666922557 -10.4346 0.98999999999999999995
1  9.55e+04  0.5435001539 -10.4346 0.98999999999999999995
1  1.00e+05  0.4940695102 -10.4346 0.98999999999999999995
1  1.05e+05  0.2706663415 -10.4346 0.98999999999999999995
1  1.10e+05  0.1514561833 -10.4346 0.98999999999999999995
1  1.15e+05  0.2715127492 -10.4346 0.98999999999999999995
1  1.20e+05  0.4779696148 -10.4346 0.98999999999999999995
1  1.26e+05  0.5446940657 -10.4346 0.98999999999999999995
1  1.32e+05  0.4206866652 -10.4346 0.98999999999999999995
1  1.38e+05  0.2431958093 -10.4346 0.98999999999999999995
1  1.45e+05  0.1721612846 -10.4346 0.98999999999999999995
1  1.51e+05  0.2517165696 -10.4346 0.98999999999999999995
1  1.58e+05  0.4058007975 -10.4346 0.98999999999999999995
1  1.66e+05  0.5245220925 -10.4346 0.98999999999999999995
1  1.74e+05  0.5459577128 -10.4346 0.98999999999999999995
1  1.82e+05  0.4799959531 -10.4346 0.98999999999999999995
1  1.91e+05  0.3813501173 -10.4346 0.98999999999999999995
1  2.00e+05  0.3072471138 -10.4346 0.98999999999999999995
1  2.09e+05  0.2888633558 -10.4346 0.98999999999999999995
1  2.19e+05  0.3254936847 -10.4346 0.98999999999999999995
1  2.29e+05  0.3950045887 -10.4346 0.98999999999999999995
1  2.40e+05  0.4692896785 -10.4346 0.98999999999999999995
1  2.51e+05  0.5262773308 -10.4346 0.98999999999999999995
1  2.63e+05  0.5552763279 -10.4346 0.98999999999999999995
1  2.75e+05  0.5564987721 -10.4346 0.98999999999999999995
1  2.88e+05  0.5373559021 -10.4346 0.98999999999999999995
1  3.02e+05  0.5080578104 -10.4346 0.98999999999999999995
1  3.16e+05  0.4781238502 -10.4346 0.98999999999999999995
1  3.31e+05  0.4544010556 -10.4346 0.98999999999999999995
1  3.47e+05  0.4404807365 -10.4346 0.98999999999999999995
1  3.63e+05  0.4370717773 -10.4346 0.98999999999999999995
1  3.80e+05  0.4428424179 -10.4346 0.98999999999999999995
1  3.98e+05  0.4553485782 -10.4346 0.98999999999999999995
1  4.17e+05  0.4718187882 -10.4346 0.98999999999999999995
1  4.37e+05  0.4897003288 -10.4346 0.98999999999999999995
1  4.57e+05  0.5069633496 -10.4346 0.98999999999999999995
1  4.79e+05  0.522208829 -10.4346 0.98999999999999999995
1  5.01e+05  0.5346426316 -10.4346 0.98999999999999999995
1  5.25e+05  0.54397432 -10.4346 0.98999999999999999995
1  5.50e+05  0.5502864341 -10.4346 0.98999999999999999995
1  5.75e+05  0.5539048219 -10.4346 0.98999999999999999995
1  6.03e+05  0.5552872227 -10.4346 0.98999999999999999995
1  6.31e+05  0.5549372543 -10.4346 0.98999999999999999995
1  6.61e+05  0.5533043421 -10.4346 0.98999999999999999995
1  6.92e+05  0.5508181648 -10.4346 0.98999999999999999995
1  7.24e+05  0.5479269503 -10.4346 0.98999999999999999995
1  7.59e+05  0.544884775 -10.4346 0.98999999999999999995
1  7.94e+05  0.5419400259 -10.4346 0.98999999999999999995
1  8.32e+05  0.5392260947 -10.4346 0.98999999999999999995
1  8.71e+05  0.5368380737 -10.4346 0.98999999999999999995
1  9.12e+05  0.5348268357 -10.4346 0.98999999999999999995
1  9.55e+05  0.5332095201 -10.4346 0.98999999999999999995
1  1.00e+06  0.5319788203 -10.4346 0.98999999999999999995
1  1.05e+06  0.5311107891 -10.4346 0.98999999999999999995
1  1.10e+06  0.5305711144 -10.4346 0.98999999999999999995
1  1.15e+06  0.530319966 -10.4346 0.98999999999999999995
1  1.20e+06  0.5303155849 -10.4346 0.98999999999999999995
1  1.26e+06  0.5305168245 -10.4346 0.98999999999999999995
1  1.32e+06  0.5308848452 -10.4346 0.98999999999999999995
1  1.38e+06  0.5313888938 -10.4346 0.98999999999999999995
1  1.45e+06  0.5319874698 -10.4346 0.98999999999999999995
1  1.51e+06  0.5326582394 -10.4346 0.98999999999999999995
1  1.58e+06  0.5333776964 -10.4346 0.98999999999999999995
1  1.66e+06  0.5341261374 -10.4346 0.98999999999999999995
1  1.74e+06  0.5348873446 -10.4346 0.98999999999999999995
1  1.82e+06  0.5356482204 -10.4346 0.98999999999999999995
1  1.91e+06  0.5363984042 -10.4346 0.98999999999999999995
1  2.00e+06  0.5371298958 -10.4346 0.98999999999999999995
1  2.09e+06  0.5378367002 -10.4346 0.98999999999999999995
1  2.19e+06  0.5385145024 -10.4346 0.98999999999999999995
1  2.29e+06  0.5391603745 -10.4346 0.98999999999999999995
1  2.40e+06  0.5397725196 -10.4346 0.98999999999999999995
1  2.51e+06  0.5403500492 -10.4346 0.98999999999999999995
1  2.63e+06  0.5408927928 -10.4346 0.98999999999999999995
1  2.75e+06  0.5414011373 -10.4346 0.98999999999999999995
1  2.88e+06  0.541875893 -10.4346 0.98999999999999999995
1  3.02e+06  0.5423181825 -10.4346 0.98999999999999999995
1  3.16e+06  0.5427293504 -10.4346 0.98999999999999999995
1  3.31e+06  0.5431108896 -10.4346 0.98999999999999999995
1  3.47e+06  0.5434643829 -10.4346 0.98999999999999999995
1  3.63e+06  0.5437914567 -10.4346 0.98999999999999999995
1  3.80e+06  0.5440937447 -10.4346 0.98999999999999999995
1  3.98e+06  0.5443728609 -10.4346 0.98999999999999999995
1  4.17e+06  0.5446303789 -10.4346 0.98999999999999999995
1  4.37e+06  0.5448678168 -10.4346 0.98999999999999999995
1  4.57e+06  0.5450866267 -10.4346 0.98999999999999999995
1  4.79e+06  0.5452881884 -10.4346 0.98999999999999999995
1  5.01e+06  0.5454738052 -10.4346 0.98999999999999999995
1  5.25e+06  0.5456447018 -10.4346 0.98999999999999999995
1  5.50e+06  0.5458020251 -10.4346 0.98999999999999999995
1  5.75e+06  0.5459468448 -10.4346 0.98999999999999999995
1  6.03e+06  0.5460801557 -10.4346 0.98999999999999999995
1  6.31e+06  0.546202881 -10.4346 0.98999999999999999995
1  6.61e+06  0.5463158751 -10.4346 0.98999999999999999995
1  6.92e+06  0.5464199276 -10.4346 0.98999999999999999995
1  7.24e+06  0.5465157669 -10.4346 0.98999999999999999995
1  7.59e+06  0.5466040639 -10.4346 0.98999999999999999995
1  7.94e+06  0.5466855797 -10.4346 0.98999999999999999995
1  8.32e+06  0.546760582 -10.4346 0.98999999999999999995
1  8.71e+06  0.5468297495 -10.4346 0.98999999999999999995
1  9.12e+06  0.5468935608 -10.4346 0.98999999999999999995
1  9.55e+06  0.5469524546 -10.4346 0.98999999999999999995
1  1.00e+07  0.5470068333 -10.4346 0.98999999999999999995
