1  1.00e-03  0.3746028129 -11.57292 1.09799999999999999998
1  1.05e-03  0.374602819 -11.57292 1.09799999999999999998
1  1.10e-03  0.3746028162 -11.57292 1.09799999999999999998
1  1.15e-03  0.3746028189 -11.57292 1.09799999999999999998
1  1.20e-03  0.3746028199 -11.57292 1.09799999999999999998
1  1.26e-03  0.3746028136 -11.57292 1.09799999999999999998
1  1.32e-03  0.3746028118 -11.57292 1.09799999999999999998
1  1.38e-03  0.3746028189 -11.57292 1.09799999999999999998
1  1.45e-03  0.3746028195 -11.57292 1.09799999999999999998
1  1.51e-03  0.3746028152 -11.57292 1.09799999999999999998
1  1.58e-03  0.3746028194 -11.57292 1.09799999999999999998
1  1.66e-03  0.3746028154 -11.57292 1.09799999999999999998
1  1.74e-03  0.3746028156 -11.57292 1.09799999999999999998
1  1.82e-03  0.3746028156 -11.57292 1.09799999999999999998
1  1.91e-03  0.3746028184 -11.57292 1.09799999999999999998
1  2.00e-03  0.3746028162 -11.57292 1.09799999999999999998
1  2.09e-03  0.3746028157 -11.57292 1.09799999999999999998
1  2.19e-03  0.3746028178 -11.57292 1.09799999999999999998
1  2.29e-03  0.3746028178 -11.57292 1.09799999999999999998
1  2.40e-03  0.3746028175 -11.57292 1.09799999999999999998
1  2.51e-03  0.3746028139 -11.57292 1.09799999999999999998
1  2.63e-03  0.3746028244 -11.57292 1.09799999999999999998
1  2.75e-03  0.3746028177 -11.57292 1.09799999999999999998
1  2.88e-03  0.3746028206 -11.57292 1.09799999999999999998
1  3.02e-03  0.3746028152 -11.57292 1.09799999999999999998
1  3.16e-03  0.3746028158 -11.57292 1.09799999999999999998
1  3.31e-03  0.374602818 -11.57292 1.09799999999999999998
1  3.47e-03  0.3746028182 -11.57292 1.09799999999999999998
1  3.63e-03  0.3746028132 -11.57292 1.09799999999999999998
1  3.80e-03  0.3746028165 -11.57292 1.09799999999999999998
1  3.98e-03  0.374602813 -11.57292 1.09799999999999999998
1  4.17e-03  0.3746028174 -11.57292 1.09799999999999999998
1  4.37e-03  0.3746028141 -11.57292 1.09799999999999999998
1  4.57e-03  0.3746028138 -11.57292 1.09799999999999999998
1  4.79e-03  0.3746028166 -11.57292 1.09799999999999999998
1  5.01e-03  0.3746028114 -11.57292 1.09799999999999999998
1  5.25e-03  0.3746028153 -11.57292 1.09799999999999999998
1  5.50e-03  0.3746028143 -11.57292 1.09799999999999999998
1  5.75e-03  0.3746028155 -11.57292 1.09799999999999999998
1  6.03e-03  0.374602814 -11.57292 1.09799999999999999998
1  6.31e-03  0.3746028153 -11.57292 1.09799999999999999998
1  6.61e-03  0.3746028122 -11.57292 1.09799999999999999998
1  6.92e-03  0.3746028214 -11.57292 1.09799999999999999998
1  7.24e-03  0.374602888 -11.57292 1.09799999999999999998
1  7.59e-03  0.3746028127 -11.57292 1.09799999999999999998
1  7.94e-03  0.3746028077 -11.57292 1.09799999999999999998
1  8.32e-03  0.3746028075 -11.57292 1.09799999999999999998
1  8.71e-03  0.3746028074 -11.57292 1.09799999999999999998
1  9.12e-03  0.3746028154 -11.57292 1.09799999999999999998
1  9.55e-03  0.3746028035 -11.57292 1.09799999999999999998
1  1.00e-02  0.3746028073 -11.57292 1.09799999999999999998
1  1.05e-02  0.3746028026 -11.57292 1.09799999999999999998
1  1.10e-02  0.3746028105 -11.57292 1.09799999999999999998
1  1.15e-02  0.3746027978 -11.57292 1.09799999999999999998
1  1.20e-02  0.3746027988 -11.57292 1.09799999999999999998
1  1.26e-02  0.3746028012 -11.57292 1.09799999999999999998
1  1.32e-02  0.3746028049 -11.57292 1.09799999999999999998
1  1.38e-02  0.3746027995 -11.57292 1.09799999999999999998
1  1.45e-02  0.3746027973 -11.57292 1.09799999999999999998
1  1.51e-02  0.3746028008 -11.57292 1.09799999999999999998
1  1.58e-02  0.3746027988 -11.57292 1.09799999999999999998
1  1.66e-02  0.3746027962 -11.57292 1.09799999999999999998
1  1.74e-02  0.374602712 -11.57292 1.09799999999999999998
1  1.82e-02  0.3746027967 -11.57292 1.09799999999999999998
1  1.91e-02  0.3746028139 -11.57292 1.09799999999999999998
1  2.00e-02  0.3746028127 -11.57292 1.09799999999999999998
1  2.09e-02  0.3746028244 -11.57292 1.09799999999999999998
1  2.19e-02  0.3746028192 -11.57292 1.09799999999999999998
1  2.29e-02  0.3746027964 -11.57292 1.09799999999999999998
1  2.40e-02  0.3746028146 -11.57292 1.09799999999999999998
1  2.51e-02  0.3746027079 -11.57292 1.09799999999999999998
1  2.63e-02  0.3746030221 -11.57292 1.09799999999999999998
1  2.75e-02  0.3746028413 -11.57292 1.09799999999999999998
1  2.88e-02  0.3746028202 -11.57292 1.09799999999999999998
1  3.02e-02  0.3746027393 -11.57292 1.09799999999999999998
1  3.16e-02  0.3746027233 -11.57292 1.09799999999999999998
1  3.31e-02  0.374602722 -11.57292 1.09799999999999999998
1  3.47e-02  0.3746026705 -11.57292 1.09799999999999999998
1  3.63e-02  0.3746027388 -11.57292 1.09799999999999999998
1  3.80e-02  0.3746028405 -11.57292 1.09799999999999999998
1  3.98e-02  0.374602741 -11.57292 1.09799999999999999998
1  4.17e-02  0.3746027147 -11.57292 1.09799999999999999998
1  4.37e-02  0.3746028229 -11.57292 1.09799999999999999998
1  4.57e-02  0.3746028734 -11.57292 1.09799999999999999998
1  4.79e-02  0.3746027178 -11.57292 1.09799999999999999998
1  5.01e-02  0.3746027339 -11.57292 1.09799999999999999998
1  5.25e-02  0.3746025156 -11.57292 1.09799999999999999998
1  5.50e-02  0.3746026616 -11.57292 1.09799999999999999998
1  5.75e-02  0.3746027021 -11.57292 1.09799999999999999998
1  6.03e-02  0.3746026536 -11.57292 1.09799999999999999998
1  6.31e-02  0.3746026427 -11.57292 1.09799999999999999998
1  6.61e-02  0.3746025366 -11.57292 1.09799999999999999998
1  6.92e-02  0.3746022093 -11.57292 1.09799999999999999998
1  7.24e-02  0.3746025022 -11.57292 1.09799999999999999998
1  7.59e-02  0.3746026496 -11.57292 1.09799999999999999998
1  7.94e-02  0.3746027014 -11.57292 1.09799999999999999998
1  8.32e-02  0.374602654 -11.57292 1.09799999999999999998
1  8.71e-02  0.3746026333 -11.57292 1.09799999999999999998
1  9.12e-02  0.3746026334 -11.57292 1.09799999999999999998
1  9.55e-02  0.3746027973 -11.57292 1.09799999999999999998
1  1.00e-01  0.374602695 -11.57292 1.09799999999999999998
1  1.05e-01  0.374602631 -11.57292 1.09799999999999999998
1  1.10e-01  0.3746025744 -11.57292 1.09799999999999999998
1  1.15e-01  0.374602265 -11.57292 1.09799999999999999998
1  1.20e-01  0.374602699 -11.57292 1.09799999999999999998
1  1.26e-01  0.3746026099 -11.57292 1.09799999999999999998
1  1.32e-01  0.3746025823 -11.57292 1.09799999999999999998
1  1.38e-01  0.3746026688 -11.57292 1.09799999999999999998
1  1.45e-01  0.3746025746 -11.57292 1.09799999999999999998
1  1.51e-01  0.3746025403 -11.57292 1.09799999999999999998
1  1.58e-01  0.3746025378 -11.57292 1.09799999999999999998
1  1.66e-01  0.3746026015 -11.57292 1.09799999999999999998
1  1.74e-01  0.3746025581 -11.57292 1.09799999999999999998
1  1.82e-01  0.3746025748 -11.57292 1.09799999999999999998
1  1.91e-01  0.374602279 -11.57292 1.09799999999999999998
1  2.00e-01  0.374602575 -11.57292 1.09799999999999999998
1  2.09e-01  0.3746076125 -11.57292 1.09799999999999999998
1  2.19e-01  0.3746025009 -11.57292 1.09799999999999999998
1  2.29e-01  0.3745711259 -11.57292 1.09799999999999999998
1  2.40e-01  0.3746026392 -11.57292 1.09799999999999999998
1  2.51e-01  0.3746019427 -11.57292 1.09799999999999999998
1  2.63e-01  0.3746026364 -11.57292 1.09799999999999999998
1  2.75e-01  0.3746027317 -11.57292 1.09799999999999999998
1  2.88e-01  0.374602503 -11.57292 1.09799999999999999998
1  3.02e-01  0.3746024572 -11.57292 1.09799999999999999998
1  3.16e-01  0.3746026396 -11.57292 1.09799999999999999998
1  3.31e-01  0.3746024475 -11.57292 1.09799999999999999998
1  3.47e-01  0.3746023853 -11.57292 1.09799999999999999998
1  3.63e-01  0.3746025697 -11.57292 1.09799999999999999998
1  3.80e-01  0.3746025357 -11.57292 1.09799999999999999998
1  3.98e-01  0.374601737 -11.57292 1.09799999999999999998
1  4.17e-01  0.3746026953 -11.57292 1.09799999999999999998
1  4.37e-01  0.3746017332 -11.57292 1.09799999999999999998
1  4.57e-01  0.3746017883 -11.57292 1.09799999999999999998
1  4.79e-01  0.3746027831 -11.57292 1.09799999999999999998
1  5.01e-01  0.3746020279 -11.57292 1.09799999999999999998
1  5.25e-01  0.3746023526 -11.57292 1.09799999999999999998
1  5.50e-01  0.3746023632 -11.57292 1.09799999999999999998
1  5.75e-01  0.3746026179 -11.57292 1.09799999999999999998
1  6.03e-01  0.3746024983 -11.57292 1.09799999999999999998
1  6.31e-01  0.374602375 -11.57292 1.09799999999999999998
1  6.61e-01  0.3746026261 -11.57292 1.09799999999999999998
1  6.92e-01  0.3745919859 -11.57292 1.09799999999999999998
1  7.24e-01  0.3746211928 -11.57292 1.09799999999999999998
1  7.59e-01  0.3746023725 -11.57292 1.09799999999999999998
1  7.94e-01  0.3746017051 -11.57292 1.09799999999999999998
1  8.32e-01  0.3746023768 -11.57292 1.09799999999999999998
1  8.71e-01  0.3746025219 -11.57292 1.09799999999999999998
1  9.12e-01  0.3746020362 -11.57292 1.09799999999999999998
1  9.55e-01  0.3746016734 -11.57292 1.09799999999999999998
1  1.00e+00  0.3746020661 -11.57292 1.09799999999999999998
1  1.05e+00  0.3746023622 -11.57292 1.09799999999999999998
1  1.10e+00  0.3746030137 -11.57292 1.09799999999999999998
1  1.15e+00  0.3746006644 -11.57292 1.09799999999999999998
1  1.20e+00  0.3746021496 -11.57292 1.09799999999999999998
1  1.26e+00  0.3746017914 -11.57292 1.09799999999999999998
1  1.32e+00  0.374601523 -11.57292 1.09799999999999999998
1  1.38e+00  0.3746028684 -11.57292 1.09799999999999999998
1  1.45e+00  0.3746010087 -11.57292 1.09799999999999999998
1  1.51e+00  0.3746025014 -11.57292 1.09799999999999999998
1  1.58e+00  0.3746015678 -11.57292 1.09799999999999999998
1  1.66e+00  0.3746015235 -11.57292 1.09799999999999999998
1  1.74e+00  0.3746036793 -11.57292 1.09799999999999999998
1  1.82e+00  0.3746021844 -11.57292 1.09799999999999999998
1  1.91e+00  0.3746038888 -11.57292 1.09799999999999999998
1  2.00e+00  0.3746026369 -11.57292 1.09799999999999999998
1  2.09e+00  0.3746291723 -11.57292 1.09799999999999999998
1  2.19e+00  0.3745456839 -11.57292 1.09799999999999999998
1  2.29e+00  0.374602658 -11.57292 1.09799999999999999998
1  2.40e+00  0.3746011155 -11.57292 1.09799999999999999998
1  2.51e+00  0.3746010074 -11.57292 1.09799999999999999998
1  2.63e+00  0.3745944687 -11.57292 1.09799999999999999998
1  2.75e+00  0.3746012531 -11.57292 1.09799999999999999998
1  2.88e+00  0.3745988075 -11.57292 1.09799999999999999998
1  3.02e+00  0.3745701125 -11.57292 1.09799999999999999998
1  3.16e+00  0.3745961225 -11.57292 1.09799999999999999998
1  3.31e+00  0.3745985791 -11.57292 1.09799999999999999998
1  3.47e+00  0.3746029554 -11.57292 1.09799999999999999998
1  3.63e+00  0.374602192 -11.57292 1.09799999999999999998
1  3.80e+00  0.3745988289 -11.57292 1.09799999999999999998
1  3.98e+00  0.3745998944 -11.57292 1.09799999999999999998
1  4.17e+00  0.3746001018 -11.57292 1.09799999999999999998
1  4.37e+00  0.374600734 -11.57292 1.09799999999999999998
1  4.57e+00  0.37460148 -11.57292 1.09799999999999999998
1  4.79e+00  0.3746016592 -11.57292 1.09799999999999999998
1  5.01e+00  0.3745956961 -11.57292 1.09799999999999999998
1  5.25e+00  0.3746006773 -11.57292 1.09799999999999999998
1  5.50e+00  0.3746016829 -11.57292 1.09799999999999999998
1  5.75e+00  0.374598304 -11.57292 1.09799999999999999998
1  6.03e+00  0.3745443477 -11.57292 1.09799999999999999998
1  6.31e+00  0.3745822989 -11.57292 1.09799999999999999998
1  6.61e+00  0.3746793195 -11.57292 1.09799999999999999998
1  6.92e+00  0.3746046321 -11.57292 1.09799999999999999998
1  7.24e+00  0.3746131552 -11.57292 1.09799999999999999998
1  7.59e+00  0.3745761908 -11.57292 1.09799999999999999998
1  7.94e+00  0.3746080544 -11.57292 1.09799999999999999998
1  8.32e+00  0.3745668586 -11.57292 1.09799999999999999998
1  8.71e+00  0.3745965172 -11.57292 1.09799999999999999998
1  9.12e+00  0.3745874916 -11.57292 1.09799999999999999998
1  9.55e+00  0.3745979452 -11.57292 1.09799999999999999998
1  1.00e+01  0.3746026817 -11.57292 1.09799999999999999998
1  1.05e+01  0.3746538476 -11.57292 1.09799999999999999998
1  1.10e+01  0.3745957461 -11.57292 1.09799999999999999998
1  1.15e+01  0.374588037 -11.57292 1.09799999999999999998
1  1.20e+01  0.3745923762 -11.57292 1.09799999999999999998
1  1.26e+01  0.374602155 -11.57292 1.09799999999999999998
1  1.32e+01  0.3745360272 -11.57292 1.09799999999999999998
1  1.38e+01  0.3745970429 -11.57292 1.09799999999999999998
1  1.45e+01  0.3746029684 -11.57292 1.09799999999999999998
1  1.51e+01  0.3745898609 -11.57292 1.09799999999999999998
1  1.58e+01  0.3745932465 -11.57292 1.09799999999999999998
1  1.66e+01  0.3746865322 -11.57292 1.09799999999999999998
1  1.74e+01  0.3743831586 -11.57292 1.09799999999999999998
1  1.82e+01  0.3749471477 -11.57292 1.09799999999999999998
1  1.91e+01  0.3745974367 -11.57292 1.09799999999999999998
1  2.00e+01  0.3746001351 -11.57292 1.09799999999999999998
1  2.09e+01  0.3748892788 -11.57292 1.09799999999999999998
1  2.19e+01  0.3746147924 -11.57292 1.09799999999999999998
1  2.29e+01  0.3751653379 -11.57292 1.09799999999999999998
1  2.40e+01  0.3745395128 -11.57292 1.09799999999999999998
1  2.51e+01  0.3744899947 -11.57292 1.09799999999999999998
1  2.63e+01  0.375366201 -11.57292 1.09799999999999999998
1  2.75e+01  0.3746567814 -11.57292 1.09799999999999999998
1  2.88e+01  0.3745329795 -11.57292 1.09799999999999999998
1  3.02e+01  0.3746470421 -11.57292 1.09799999999999999998
1  3.16e+01  0.3743745341 -11.57292 1.09799999999999999998
1  3.31e+01  0.3747994895 -11.57292 1.09799999999999999998
1  3.47e+01  0.3742478385 -11.57292 1.09799999999999999998
1  3.63e+01  0.3742326291 -11.57292 1.09799999999999999998
1  3.80e+01  0.3742488876 -11.57292 1.09799999999999999998
1  3.98e+01  0.3748245005 -11.57292 1.09799999999999999998
1  4.17e+01  0.3744293303 -11.57292 1.09799999999999999998
1  4.37e+01  0.3747281811 -11.57292 1.09799999999999999998
1  4.57e+01  0.3752883686 -11.57292 1.09799999999999999998
1  4.79e+01  0.3749570482 -11.57292 1.09799999999999999998
1  5.01e+01  0.3746212517 -11.57292 1.09799999999999999998
1  5.25e+01  0.3745659833 -11.57292 1.09799999999999999998
1  5.50e+01  0.3746425165 -11.57292 1.09799999999999999998
1  5.75e+01  0.3743884147 -11.57292 1.09799999999999999998
1  6.03e+01  0.3744268483 -11.57292 1.09799999999999999998
1  6.31e+01  0.3745733712 -11.57292 1.09799999999999999998
1  6.61e+01  0.3745432012 -11.57292 1.09799999999999999998
1  6.92e+01  0.3744748803 -11.57292 1.09799999999999999998
1  7.24e+01  0.3745294607 -11.57292 1.09799999999999999998
1  7.59e+01  0.3741593733 -11.57292 1.09799999999999999998
1  7.94e+01  0.3744999856 -11.57292 1.09799999999999999998
1  8.32e+01  0.3745290114 -11.57292 1.09799999999999999998
1  8.71e+01  0.3753003745 -11.57292 1.09799999999999999998
1  9.12e+01  0.3745677396 -11.57292 1.09799999999999999998
1  9.55e+01  0.3747436712 -11.57292 1.09799999999999999998
1  1.00e+02  0.3744551765 -11.57292 1.09799999999999999998
1  1.05e+02  0.3743904686 -11.57292 1.09799999999999999998
1  1.10e+02  0.3745887042 -11.57292 1.09799999999999999998
1  1.15e+02  0.3745132938 -11.57292 1.09799999999999999998
1  1.20e+02  0.3745127241 -11.57292 1.09799999999999999998
1  1.26e+02  0.3743881648 -11.57292 1.09799999999999999998
1  1.32e+02  0.3744858125 -11.57292 1.09799999999999999998
1  1.38e+02  0.3745004192 -11.57292 1.09799999999999999998
1  1.45e+02  0.3746023702 -11.57292 1.09799999999999999998
1  1.51e+02  0.3744296291 -11.57292 1.09799999999999999998
1  1.58e+02  0.3746182087 -11.57292 1.09799999999999999998
1  1.66e+02  0.374404512 -11.57292 1.09799999999999999998
1  1.74e+02  0.3745405116 -11.57292 1.09799999999999999998
1  1.82e+02  0.3744875129 -11.57292 1.09799999999999999998
1  1.91e+02  0.3744842386 -11.57292 1.09799999999999999998
1  2.00e+02  0.3743767147 -11.57292 1.09799999999999999998
1  2.09e+02  0.3741391007 -11.57292 1.09799999999999999998
1  2.19e+02  0.3746032004 -11.57292 1.09799999999999999998
1  2.29e+02  0.3745344733 -11.57292 1.09799999999999999998
1  2.40e+02  0.3743152388 -11.57292 1.09799999999999999998
1  2.51e+02  0.3745258302 -11.57292 1.09799999999999999998
1  2.63e+02  0.3742070484 -11.57292 1.09799999999999999998
1  2.75e+02  0.3746608141 -11.57292 1.09799999999999999998
1  2.88e+02  0.3744549023 -11.57292 1.09799999999999999998
1  3.02e+02  0.3745659119 -11.57292 1.09799999999999999998
1  3.16e+02  0.3745923222 -11.57292 1.09799999999999999998
1  3.31e+02  0.3748457484 -11.57292 1.09799999999999999998
1  3.47e+02  0.3744369098 -11.57292 1.09799999999999999998
1  3.63e+02  0.3744501515 -11.57292 1.09799999999999999998
1  3.80e+02  0.3743843955 -11.57292 1.09799999999999999998
1  3.98e+02  0.3745191845 -11.57292 1.09799999999999999998
1  4.17e+02  0.3746324828 -11.57292 1.09799999999999999998
1  4.37e+02  0.3744796137 -11.57292 1.09799999999999999998
1  4.57e+02  0.3744097143 -11.57292 1.09799999999999999998
1  4.79e+02  0.3744208884 -11.57292 1.09799999999999999998
1  5.01e+02  0.3746151867 -11.57292 1.09799999999999999998
1  5.25e+02  0.3744187527 -11.57292 1.09799999999999999998
1  5.50e+02  0.3745061096 -11.57292 1.09799999999999999998
1  5.75e+02  0.3741475707 -11.57292 1.09799999999999999998
1  6.03e+02  0.3743961053 -11.57292 1.09799999999999999998
1  6.31e+02  0.3742966039 -11.57292 1.09799999999999999998
1  6.61e+02  0.3740448994 -11.57292 1.09799999999999999998
1  6.92e+02  0.374520398 -11.57292 1.09799999999999999998
1  7.24e+02  0.3745767015 -11.57292 1.09799999999999999998
1  7.59e+02  0.3746076217 -11.57292 1.09799999999999999998
1  7.94e+02  0.3748812055 -11.57292 1.09799999999999999998
1  8.32e+02  0.3729310193 -11.57292 1.09799999999999999998
1  8.71e+02  0.373444318 -11.57292 1.09799999999999999998
1  9.12e+02  0.3742953422 -11.57292 1.09799999999999999998
1  9.55e+02  0.3755365605 -11.57292 1.09799999999999999998
1  1.00e+03  0.3718230696 -11.57292 1.09799999999999999998
1  1.05e+03  0.3744268971 -11.57292 1.09799999999999999998
1  1.10e+03  0.3764534753 -11.57292 1.09799999999999999998
1  1.15e+03  0.3779477259 -11.57292 1.09799999999999999998
1  1.20e+03  0.3741195482 -11.57292 1.09799999999999999998
1  1.26e+03  0.3711429504 -11.57292 1.09799999999999999998
1  1.32e+03  0.3698722779 -11.57292 1.09799999999999999998
1  1.38e+03  0.377149964 -11.57292 1.09799999999999999998
1  1.45e+03  0.3815539206 -11.57292 1.09799999999999999998
1  1.51e+03  0.3861411662 -11.57292 1.09799999999999999998
1  1.58e+03  0.380174674 -11.57292 1.09799999999999999998
1  1.66e+03  0.3662540525 -11.57292 1.09799999999999999998
1  1.74e+03  0.375664686 -11.57292 1.09799999999999999998
1  1.82e+03  0.36178492 -11.57292 1.09799999999999999998
1  1.91e+03  0.3516400509 -11.57292 1.09799999999999999998
1  2.00e+03  0.3566589337 -11.57292 1.09799999999999999998
1  2.09e+03  0.3640421606 -11.57292 1.09799999999999999998
1  2.19e+03  0.3820016735 -11.57292 1.09799999999999999998
1  2.29e+03  0.410572754 -11.57292 1.09799999999999999998
1  2.40e+03  0.3732839467 -11.57292 1.09799999999999999998
1  2.51e+03  0.410436231 -11.57292 1.09799999999999999998
1  2.63e+03  0.3620804481 -11.57292 1.09799999999999999998
1  2.75e+03  0.3436434992 -11.57292 1.09799999999999999998
1  2.88e+03  0.3492621752 -11.57292 1.09799999999999999998
1  3.02e+03  0.3409727635 -11.57292 1.09799999999999999998
1  3.16e+03  0.320076647 -11.57292 1.09799999999999999998
1  3.31e+03  0.3079774502 -11.57292 1.09799999999999999998
1  3.47e+03  0.3572292499 -11.57292 1.09799999999999999998
1  3.63e+03  0.3666183605 -11.57292 1.09799999999999999998
1  3.80e+03  0.3363047475 -11.57292 1.09799999999999999998
1  3.98e+03  0.3823554526 -11.57292 1.09799999999999999998
1  4.17e+03  0.3880386751 -11.57292 1.09799999999999999998
1  4.37e+03  0.3334081268 -11.57292 1.09799999999999999998
1  4.57e+03  0.3635436004 -11.57292 1.09799999999999999998
1  4.79e+03  0.4041103753 -11.57292 1.09799999999999999998
1  5.01e+03  0.4252268459 -11.57292 1.09799999999999999998
1  5.25e+03  0.4374300957 -11.57292 1.09799999999999999998
1  5.50e+03  0.4332797494 -11.57292 1.09799999999999999998
1  5.75e+03  0.3384943676 -11.57292 1.09799999999999999998
1  6.03e+03  0.4270510617 -11.57292 1.09799999999999999998
1  6.31e+03  0.4117964588 -11.57292 1.09799999999999999998
1  6.61e+03  0.4179495728 -11.57292 1.09799999999999999998
1  6.92e+03  0.397775339 -11.57292 1.09799999999999999998
1  7.24e+03  0.4714694512 -11.57292 1.09799999999999999998
1  7.59e+03  0.2515431743 -11.57292 1.09799999999999999998
1  7.94e+03  0.4133273974 -11.57292 1.09799999999999999998
1  8.32e+03  0.3285204902 -11.57292 1.09799999999999999998
1  8.71e+03  0.2580699614 -11.57292 1.09799999999999999998
1  9.12e+03  0.4205720115 -11.57292 1.09799999999999999998
1  9.55e+03  0.4064591648 -11.57292 1.09799999999999999998
1  1.00e+04  0.2811860221 -11.57292 1.09799999999999999998
1  1.05e+04  0.3984681865 -11.57292 1.09799999999999999998
1  1.10e+04  0.3672745738 -11.57292 1.09799999999999999998
1  1.15e+04  0.2018674093 -11.57292 1.09799999999999999998
1  1.20e+04  0.3723162241 -11.57292 1.09799999999999999998
1  1.26e+04  0.4051747355 -11.57292 1.09799999999999999998
1  1.32e+04  0.1563991918 -11.57292 1.09799999999999999998
1  1.38e+04  0.4240058753 -11.57292 1.09799999999999999998
1  1.45e+04  0.1766324741 -11.57292 1.09799999999999999998
1  1.51e+04  0.3453268588 -11.57292 1.09799999999999999998
1  1.58e+04  0.4152098981 -11.57292 1.09799999999999999998
1  1.66e+04  0.3579845867 -11.57292 1.09799999999999999998
1  1.74e+04  0.1402744816 -11.57292 1.09799999999999999998
1  1.82e+04  0.3962071925 -11.57292 1.09799999999999999998
1  1.91e+04  0.3923894256 -11.57292 1.09799999999999999998
1  2.00e+04  0.3323715432 -11.57292 1.09799999999999999998
1  2.09e+04  0.3971848995 -11.57292 1.09799999999999999998
1  2.19e+04  0.401571891 -11.57292 1.09799999999999999998
1  2.29e+04  0.3027077229 -11.57292 1.09799999999999999998
1  2.40e+04  0.3662826852 -11.57292 1.09799999999999999998
1  2.51e+04  0.1855154191 -11.57292 1.09799999999999999998
1  2.63e+04  0.2555568818 -11.57292 1.09799999999999999998
1  2.75e+04  0.3674899338 -11.57292 1.09799999999999999998
1  2.88e+04  0.3935468886 -11.57292 1.09799999999999999998
1  3.02e+04  0.1895646677 -11.57292 1.09799999999999999998
1  3.16e+04  0.2875276407 -11.57292 1.09799999999999999998
1  3.31e+04  0.3585806276 -11.57292 1.09799999999999999998
1  3.47e+04  0.3618940903 -11.57292 1.09799999999999999998
1  3.63e+04  0.2673592964 -11.57292 1.09799999999999999998
1  3.80e+04  0.2967546988 -11.57292 1.09799999999999999998
1  3.98e+04  0.2350015341 -11.57292 1.09799999999999999998
1  4.17e+04  0.2895734276 -11.57292 1.09799999999999999998
1  4.37e+04  0.3884976201 -11.57292 1.09799999999999999998
1  4.57e+04  0.4203445264 -11.57292 1.09799999999999999998
1  4.79e+04  0.2501782028 -11.57292 1.09799999999999999998
1  5.01e+04  0.3258622733 -11.57292 1.09799999999999999998
1  5.25e+04  0.2925597696 -11.57292 1.09799999999999999998
1  5.50e+04  0.118582188 -11.57292 1.09799999999999999998
1  5.75e+04  0.3735435755 -11.57292 1.09799999999999999998
1  6.03e+04  0.3808566099 -11.57292 1.09799999999999999998
1  6.31e+04  0.3357387757 -11.57292 1.09799999999999999998
1  6.61e+04  0.3871306388 -11.57292 1.09799999999999999998
1  6.92e+04  0.3504319235 -11.57292 1.09799999999999999998
1  7.24e+04  0.3913829876 -11.57292 1.09799999999999999998
1  7.59e+04  0.4028300766 -11.57292 1.09799999999999999998
1  7.94e+04  0.2546273711 -11.57292 1.09799999999999999998
1  8.32e+04  0.2032051145 -11.57292 1.09799999999999999998
1  8.71e+04  0.3336495914 -11.57292 1.09799999999999999998
1  9.12e+04  0.393529139 -11.57292 1.09799999999999999998
1  9.55e+04  0.289178949 -11.57292 1.09799999999999999998
1  1.00e+05  0.2041177606 -11.57292 1.09799999999999999998
1  1.05e+05  0.2611805568 -11.57292 1.09799999999999999998
1  1.10e+05  0.3753335654 -11.57292 1.09799999999999999998
1  1.15e+05  0.4243008091 -11.57292 1.09799999999999999998
1  1.20e+05  0.3987030276 -11.57292 1.09799999999999999998
1  1.26e+05  0.3658309853 -11.57292 1.09799999999999999998
1  1.32e+05  0.3683354701 -11.57292 1.09799999999999999998
1  1.38e+05  0.3928141166 -11.57292 1.09799999999999999998
1  1.45e+05  0.4078784963 -11.57292 1.09799999999999999998
1  1.51e+05  0.4031836862 -11.57292 1.09799999999999999998
1  1.58e+05  0.3921891208 -11.57292 1.09799999999999999998
1  1.66e+05  0.3915255447 -11.57292 1.09799999999999999998
1  1.74e+05  0.4044341137 -11.57292 1.09799999999999999998
1  1.82e+05  0.4205034286 -11.57292 1.09799999999999999998
1  1.91e+05  0.4261250174 -11.57292 1.09799999999999999998
1  2.00e+05  0.4145416186 -11.57292 1.09799999999999999998
1  2.09e+05  0.3890351789 -11.57292 1.09799999999999999998
1  2.19e+05  0.359588232 -11.57292 1.09799999999999999998
1  2.29e+05  0.3369647074 -11.57292 1.09799999999999999998
1  2.40e+05  0.3279919214 -11.57292 1.09799999999999999998
1  2.51e+05  0.3337767781 -11.57292 1.09799999999999999998
1  2.63e+05  0.3506013703 -11.57292 1.09799999999999999998
1  2.75e+05  0.3722362513 -11.57292 1.09799999999999999998
1  2.88e+05  0.3923660409 -11.57292 1.09799999999999999998
1  3.02e+05  0.4063014532 -11.57292 1.09799999999999999998
1  3.16e+05  0.4117179632 -11.57292 1.09799999999999999998
1  3.31e+05  0.4085653837 -11.57292 1.09799999999999999998
1  3.47e+05  0.3984726866 -11.57292 1.09799999999999999998
1  3.63e+05  0.3839767747 -11.57292 1.09799999999999999998
1  3.80e+05  0.3678148379 -11.57292 1.09799999999999999998
1  3.98e+05  0.3524074377 -11.57292 1.09799999999999999998
1  4.17e+05  0.3395652685 -11.57292 1.09799999999999999998
1  4.37e+05  0.3303922162 -11.57292 1.09799999999999999998
1  4.57e+05  0.3253296051 -11.57292 1.09799999999999999998
1  4.79e+05  0.3242824618 -11.57292 1.09799999999999999998
1  5.01e+05  0.3267780347 -11.57292 1.09799999999999999998
1  5.25e+05  0.3321214439 -11.57292 1.09799999999999999998
1  5.50e+05  0.3395278661 -11.57292 1.09799999999999999998
1  5.75e+05  0.3482223961 -11.57292 1.09799999999999999998
1  6.03e+05  0.3575068409 -11.57292 1.09799999999999999998
1  6.31e+05  0.366797465 -11.57292 1.09799999999999999998
1  6.61e+05  0.3757080794 -11.57292 1.09799999999999999998
1  6.92e+05  0.3841435001 -11.57292 1.09799999999999999998
1  7.24e+05  0.39146778 -11.57292 1.09799999999999999998
1  7.59e+05  0.3975693276 -11.57292 1.09799999999999999998
1  7.94e+05  0.4023838513 -11.57292 1.09799999999999999998
1  8.32e+05  0.4059117845 -11.57292 1.09799999999999999998
1  8.71e+05  0.4083024563 -11.57292 1.09799999999999999998
1  9.12e+05  0.4096493195 -11.57292 1.09799999999999999998
1  9.55e+05  0.4100878886 -11.57292 1.09799999999999999998
1  1.00e+06  0.4097628197 -11.57292 1.09799999999999999998
1  1.05e+06  0.4088726309 -11.57292 1.09799999999999999998
1  1.10e+06  0.4074609697 -11.57292 1.09799999999999999998
1  1.15e+06  0.4057586901 -11.57292 1.09799999999999999998
1  1.20e+06  0.4037456689 -11.57292 1.09799999999999999998
1  1.26e+06  0.4015742998 -11.57292 1.09799999999999999998
1  1.32e+06  0.3993965989 -11.57292 1.09799999999999999998
1  1.38e+06  0.3971241429 -11.57292 1.09799999999999999998
1  1.45e+06  0.394954393 -11.57292 1.09799999999999999998
1  1.51e+06  0.3927744559 -11.57292 1.09799999999999999998
1  1.58e+06  0.3906875611 -11.57292 1.09799999999999999998
1  1.66e+06  0.3887805399 -11.57292 1.09799999999999999998
1  1.74e+06  0.3869284337 -11.57292 1.09799999999999999998
1  1.82e+06  0.3852693202 -11.57292 1.09799999999999999998
1  1.91e+06  0.3836813878 -11.57292 1.09799999999999999998
1  2.00e+06  0.382228296 -11.57292 1.09799999999999999998
1  2.09e+06  0.3809570277 -11.57292 1.09799999999999999998
1  2.19e+06  0.379759346 -11.57292 1.09799999999999999998
1  2.29e+06  0.3787257475 -11.57292 1.09799999999999999998
1  2.40e+06  0.3777597019 -11.57292 1.09799999999999999998
1  2.51e+06  0.3769370542 -11.57292 1.09799999999999999998
1  2.63e+06  0.3761734077 -11.57292 1.09799999999999999998
1  2.75e+06  0.3755009247 -11.57292 1.09799999999999999998
1  2.88e+06  0.3749406278 -11.57292 1.09799999999999999998
1  3.02e+06  0.374425396 -11.57292 1.09799999999999999998
1  3.16e+06  0.3740034826 -11.57292 1.09799999999999999998
1  3.31e+06  0.3736180087 -11.57292 1.09799999999999999998
1  3.47e+06  0.3732890263 -11.57292 1.09799999999999999998
1  3.63e+06  0.3730290818 -11.57292 1.09799999999999999998
1  3.80e+06  0.3727944583 -11.57292 1.09799999999999999998
1  3.98e+06  0.3726156016 -11.57292 1.09799999999999999998
1  4.17e+06  0.3724560725 -11.57292 1.09799999999999999998
1  4.37e+06  0.3723411666 -11.57292 1.09799999999999999998
1  4.57e+06  0.3722406408 -11.57292 1.09799999999999999998
1  4.79e+06  0.3721650098 -11.57292 1.09799999999999999998
1  5.01e+06  0.3721207292 -11.57292 1.09799999999999999998
1  5.25e+06  0.3720850908 -11.57292 1.09799999999999999998
1  5.50e+06  0.3720739666 -11.57292 1.09799999999999999998
1  5.75e+06  0.3720686469 -11.57292 1.09799999999999999998
1  6.03e+06  0.3720823006 -11.57292 1.09799999999999999998
1  6.31e+06  0.3720995431 -11.57292 1.09799999999999999998
1  6.61e+06  0.3721259409 -11.57292 1.09799999999999999998
1  6.92e+06  0.3721649381 -11.57292 1.09799999999999999998
1  7.24e+06  0.3722051082 -11.57292 1.09799999999999999998
1  7.59e+06  0.3722546986 -11.57292 1.09799999999999999998
1  7.94e+06  0.3723043481 -11.57292 1.09799999999999999998
1  8.32e+06  0.372357603 -11.57292 1.09799999999999999998
1  8.71e+06  0.3724166878 -11.57292 1.09799999999999999998
1  9.12e+06  0.3724746816 -11.57292 1.09799999999999999998
1  9.55e+06  0.372536751 -11.57292 1.09799999999999999998
1  1.00e+07  0.3725972409 -11.57292 1.09799999999999999998
