1  1.00e-03  0.3746028121 -11.10916 1.05399999999999999993
1  1.05e-03  0.3746028178 -11.10916 1.05399999999999999993
1  1.10e-03  0.3746028174 -11.10916 1.05399999999999999993
1  1.15e-03  0.3746028126 -11.10916 1.05399999999999999993
1  1.20e-03  0.3746028168 -11.10916 1.05399999999999999993
1  1.26e-03  0.3746028191 -11.10916 1.05399999999999999993
1  1.32e-03  0.3746028194 -11.10916 1.05399999999999999993
1  1.38e-03  0.3746028147 -11.10916 1.05399999999999999993
1  1.45e-03  0.37460282 -11.10916 1.05399999999999999993
1  1.51e-03  0.3746028158 -11.10916 1.05399999999999999993
1  1.58e-03  0.3746028145 -11.10916 1.05399999999999999993
1  1.66e-03  0.3746028146 -11.10916 1.05399999999999999993
1  1.74e-03  0.3746028154 -11.10916 1.05399999999999999993
1  1.82e-03  0.3746028139 -11.10916 1.05399999999999999993
1  1.91e-03  0.3746028179 -11.10916 1.05399999999999999993
1  2.00e-03  0.3746028151 -11.10916 1.05399999999999999993
1  2.09e-03  0.3746028162 -11.10916 1.05399999999999999993
1  2.19e-03  0.3746028195 -11.10916 1.05399999999999999993
1  2.29e-03  0.3746028151 -11.10916 1.05399999999999999993
1  2.40e-03  0.374602818 -11.10916 1.05399999999999999993
1  2.51e-03  0.3746028169 -11.10916 1.05399999999999999993
1  2.63e-03  0.374602816 -11.10916 1.05399999999999999993
1  2.75e-03  0.3746028166 -11.10916 1.05399999999999999993
1  2.88e-03  0.3746028159 -11.10916 1.05399999999999999993
1  3.02e-03  0.3746028224 -11.10916 1.05399999999999999993
1  3.16e-03  0.3746028215 -11.10916 1.05399999999999999993
1  3.31e-03  0.3746028133 -11.10916 1.05399999999999999993
1  3.47e-03  0.3746028126 -11.10916 1.05399999999999999993
1  3.63e-03  0.3746028116 -11.10916 1.05399999999999999993
1  3.80e-03  0.3746028112 -11.10916 1.05399999999999999993
1  3.98e-03  0.3746028165 -11.10916 1.05399999999999999993
1  4.17e-03  0.3746028128 -11.10916 1.05399999999999999993
1  4.37e-03  0.3746028176 -11.10916 1.05399999999999999993
1  4.57e-03  0.3746028157 -11.10916 1.05399999999999999993
1  4.79e-03  0.3746028131 -11.10916 1.05399999999999999993
1  5.01e-03  0.3746028088 -11.10916 1.05399999999999999993
1  5.25e-03  0.3746027874 -11.10916 1.05399999999999999993
1  5.50e-03  0.3746028141 -11.10916 1.05399999999999999993
1  5.75e-03  0.3746028043 -11.10916 1.05399999999999999993
1  6.03e-03  0.3746028096 -11.10916 1.05399999999999999993
1  6.31e-03  0.3746028042 -11.10916 1.05399999999999999993
1  6.61e-03  0.3746028158 -11.10916 1.05399999999999999993
1  6.92e-03  0.3746028074 -11.10916 1.05399999999999999993
1  7.24e-03  0.3746028098 -11.10916 1.05399999999999999993
1  7.59e-03  0.3746028113 -11.10916 1.05399999999999999993
1  7.94e-03  0.3746028011 -11.10916 1.05399999999999999993
1  8.32e-03  0.3746028082 -11.10916 1.05399999999999999993
1  8.71e-03  0.3746028067 -11.10916 1.05399999999999999993
1  9.12e-03  0.3746027952 -11.10916 1.05399999999999999993
1  9.55e-03  0.3746028009 -11.10916 1.05399999999999999993
1  1.00e-02  0.374602798 -11.10916 1.05399999999999999993
1  1.05e-02  0.3746027986 -11.10916 1.05399999999999999993
1  1.10e-02  0.3746027891 -11.10916 1.05399999999999999993
1  1.15e-02  0.3746027958 -11.10916 1.05399999999999999993
1  1.20e-02  0.3746028035 -11.10916 1.05399999999999999993
1  1.26e-02  0.3746028083 -11.10916 1.05399999999999999993
1  1.32e-02  0.3746027918 -11.10916 1.05399999999999999993
1  1.38e-02  0.3746027917 -11.10916 1.05399999999999999993
1  1.45e-02  0.3746033498 -11.10916 1.05399999999999999993
1  1.51e-02  0.3746027881 -11.10916 1.05399999999999999993
1  1.58e-02  0.374600328 -11.10916 1.05399999999999999993
1  1.66e-02  0.3746027993 -11.10916 1.05399999999999999993
1  1.74e-02  0.3746027892 -11.10916 1.05399999999999999993
1  1.82e-02  0.3746028033 -11.10916 1.05399999999999999993
1  1.91e-02  0.3746028005 -11.10916 1.05399999999999999993
1  2.00e-02  0.3746028696 -11.10916 1.05399999999999999993
1  2.09e-02  0.3746027908 -11.10916 1.05399999999999999993
1  2.19e-02  0.3746028087 -11.10916 1.05399999999999999993
1  2.29e-02  0.3746027973 -11.10916 1.05399999999999999993
1  2.40e-02  0.374602799 -11.10916 1.05399999999999999993
1  2.51e-02  0.3746028056 -11.10916 1.05399999999999999993
1  2.63e-02  0.374602808 -11.10916 1.05399999999999999993
1  2.75e-02  0.3746027985 -11.10916 1.05399999999999999993
1  2.88e-02  0.374602711 -11.10916 1.05399999999999999993
1  3.02e-02  0.3746028959 -11.10916 1.05399999999999999993
1  3.16e-02  0.3746030725 -11.10916 1.05399999999999999993
1  3.31e-02  0.37460254 -11.10916 1.05399999999999999993
1  3.47e-02  0.3746027385 -11.10916 1.05399999999999999993
1  3.63e-02  0.3746027183 -11.10916 1.05399999999999999993
1  3.80e-02  0.3746026848 -11.10916 1.05399999999999999993
1  3.98e-02  0.374602315 -11.10916 1.05399999999999999993
1  4.17e-02  0.374602297 -11.10916 1.05399999999999999993
1  4.37e-02  0.3746026921 -11.10916 1.05399999999999999993
1  4.57e-02  0.3746026961 -11.10916 1.05399999999999999993
1  4.79e-02  0.3746025247 -11.10916 1.05399999999999999993
1  5.01e-02  0.3746026174 -11.10916 1.05399999999999999993
1  5.25e-02  0.374602667 -11.10916 1.05399999999999999993
1  5.50e-02  0.3746027169 -11.10916 1.05399999999999999993
1  5.75e-02  0.3746026493 -11.10916 1.05399999999999999993
1  6.03e-02  0.374602801 -11.10916 1.05399999999999999993
1  6.31e-02  0.3746027308 -11.10916 1.05399999999999999993
1  6.61e-02  0.3746038989 -11.10916 1.05399999999999999993
1  6.92e-02  0.3746027403 -11.10916 1.05399999999999999993
1  7.24e-02  0.3746026664 -11.10916 1.05399999999999999993
1  7.59e-02  0.374602625 -11.10916 1.05399999999999999993
1  7.94e-02  0.3746023799 -11.10916 1.05399999999999999993
1  8.32e-02  0.3746025744 -11.10916 1.05399999999999999993
1  8.71e-02  0.3746026506 -11.10916 1.05399999999999999993
1  9.12e-02  0.3746012325 -11.10916 1.05399999999999999993
1  9.55e-02  0.3746026541 -11.10916 1.05399999999999999993
1  1.00e-01  0.3746026512 -11.10916 1.05399999999999999993
1  1.05e-01  0.3746026495 -11.10916 1.05399999999999999993
1  1.10e-01  0.3746027333 -11.10916 1.05399999999999999993
1  1.15e-01  0.374602763 -11.10916 1.05399999999999999993
1  1.20e-01  0.3746025641 -11.10916 1.05399999999999999993
1  1.26e-01  0.3746026398 -11.10916 1.05399999999999999993
1  1.32e-01  0.3746027142 -11.10916 1.05399999999999999993
1  1.38e-01  0.3746025381 -11.10916 1.05399999999999999993
1  1.45e-01  0.3746024464 -11.10916 1.05399999999999999993
1  1.51e-01  0.3746026141 -11.10916 1.05399999999999999993
1  1.58e-01  0.3746024994 -11.10916 1.05399999999999999993
1  1.66e-01  0.3746025836 -11.10916 1.05399999999999999993
1  1.74e-01  0.374602295 -11.10916 1.05399999999999999993
1  1.82e-01  0.3746024781 -11.10916 1.05399999999999999993
1  1.91e-01  0.3746025132 -11.10916 1.05399999999999999993
1  2.00e-01  0.3746025521 -11.10916 1.05399999999999999993
1  2.09e-01  0.3746026221 -11.10916 1.05399999999999999993
1  2.19e-01  0.3746025079 -11.10916 1.05399999999999999993
1  2.29e-01  0.3746026194 -11.10916 1.05399999999999999993
1  2.40e-01  0.374602603 -11.10916 1.05399999999999999993
1  2.51e-01  0.3746025108 -11.10916 1.05399999999999999993
1  2.63e-01  0.3746027291 -11.10916 1.05399999999999999993
1  2.75e-01  0.3746026329 -11.10916 1.05399999999999999993
1  2.88e-01  0.3746024662 -11.10916 1.05399999999999999993
1  3.02e-01  0.3746024854 -11.10916 1.05399999999999999993
1  3.16e-01  0.3746023505 -11.10916 1.05399999999999999993
1  3.31e-01  0.3746027096 -11.10916 1.05399999999999999993
1  3.47e-01  0.3746023208 -11.10916 1.05399999999999999993
1  3.63e-01  0.3746024213 -11.10916 1.05399999999999999993
1  3.80e-01  0.3746022893 -11.10916 1.05399999999999999993
1  3.98e-01  0.3746025654 -11.10916 1.05399999999999999993
1  4.17e-01  0.3746024187 -11.10916 1.05399999999999999993
1  4.37e-01  0.3746026497 -11.10916 1.05399999999999999993
1  4.57e-01  0.3746025026 -11.10916 1.05399999999999999993
1  4.79e-01  0.3746026648 -11.10916 1.05399999999999999993
1  5.01e-01  0.3746026357 -11.10916 1.05399999999999999993
1  5.25e-01  0.3746024477 -11.10916 1.05399999999999999993
1  5.50e-01  0.3746016164 -11.10916 1.05399999999999999993
1  5.75e-01  0.3745967015 -11.10916 1.05399999999999999993
1  6.03e-01  0.3746024365 -11.10916 1.05399999999999999993
1  6.31e-01  0.3746022719 -11.10916 1.05399999999999999993
1  6.61e-01  0.3746011193 -11.10916 1.05399999999999999993
1  6.92e-01  0.3746017814 -11.10916 1.05399999999999999993
1  7.24e-01  0.3746035422 -11.10916 1.05399999999999999993
1  7.59e-01  0.3746025891 -11.10916 1.05399999999999999993
1  7.94e-01  0.3746018724 -11.10916 1.05399999999999999993
1  8.32e-01  0.3746023236 -11.10916 1.05399999999999999993
1  8.71e-01  0.3746161224 -11.10916 1.05399999999999999993
1  9.12e-01  0.3746006873 -11.10916 1.05399999999999999993
1  9.55e-01  0.3746016775 -11.10916 1.05399999999999999993
1  1.00e+00  0.3746013123 -11.10916 1.05399999999999999993
1  1.05e+00  0.3745874693 -11.10916 1.05399999999999999993
1  1.10e+00  0.3746011413 -11.10916 1.05399999999999999993
1  1.15e+00  0.3746017523 -11.10916 1.05399999999999999993
1  1.20e+00  0.3746014039 -11.10916 1.05399999999999999993
1  1.26e+00  0.3746008419 -11.10916 1.05399999999999999993
1  1.32e+00  0.3745976859 -11.10916 1.05399999999999999993
1  1.38e+00  0.3745860689 -11.10916 1.05399999999999999993
1  1.45e+00  0.3746015847 -11.10916 1.05399999999999999993
1  1.51e+00  0.3745655094 -11.10916 1.05399999999999999993
1  1.58e+00  0.3746026014 -11.10916 1.05399999999999999993
1  1.66e+00  0.3746021577 -11.10916 1.05399999999999999993
1  1.74e+00  0.3746012327 -11.10916 1.05399999999999999993
1  1.82e+00  0.3746014627 -11.10916 1.05399999999999999993
1  1.91e+00  0.3746023632 -11.10916 1.05399999999999999993
1  2.00e+00  0.3746015991 -11.10916 1.05399999999999999993
1  2.09e+00  0.3746007373 -11.10916 1.05399999999999999993
1  2.19e+00  0.3746026498 -11.10916 1.05399999999999999993
1  2.29e+00  0.374602666 -11.10916 1.05399999999999999993
1  2.40e+00  0.3746009912 -11.10916 1.05399999999999999993
1  2.51e+00  0.3746016492 -11.10916 1.05399999999999999993
1  2.63e+00  0.3746000159 -11.10916 1.05399999999999999993
1  2.75e+00  0.3745346462 -11.10916 1.05399999999999999993
1  2.88e+00  0.37461991 -11.10916 1.05399999999999999993
1  3.02e+00  0.3746008678 -11.10916 1.05399999999999999993
1  3.16e+00  0.3746014046 -11.10916 1.05399999999999999993
1  3.31e+00  0.3745703024 -11.10916 1.05399999999999999993
1  3.47e+00  0.3745987473 -11.10916 1.05399999999999999993
1  3.63e+00  0.3745752897 -11.10916 1.05399999999999999993
1  3.80e+00  0.3746024628 -11.10916 1.05399999999999999993
1  3.98e+00  0.3746006483 -11.10916 1.05399999999999999993
1  4.17e+00  0.3746068743 -11.10916 1.05399999999999999993
1  4.37e+00  0.3746033006 -11.10916 1.05399999999999999993
1  4.57e+00  0.3745970488 -11.10916 1.05399999999999999993
1  4.79e+00  0.3745987551 -11.10916 1.05399999999999999993
1  5.01e+00  0.3745969545 -11.10916 1.05399999999999999993
1  5.25e+00  0.3746000252 -11.10916 1.05399999999999999993
1  5.50e+00  0.3746012162 -11.10916 1.05399999999999999993
1  5.75e+00  0.374599365 -11.10916 1.05399999999999999993
1  6.03e+00  0.3746036002 -11.10916 1.05399999999999999993
1  6.31e+00  0.3746162787 -11.10916 1.05399999999999999993
1  6.61e+00  0.3746051858 -11.10916 1.05399999999999999993
1  6.92e+00  0.3747175561 -11.10916 1.05399999999999999993
1  7.24e+00  0.374580626 -11.10916 1.05399999999999999993
1  7.59e+00  0.3746155782 -11.10916 1.05399999999999999993
1  7.94e+00  0.3745280609 -11.10916 1.05399999999999999993
1  8.32e+00  0.3745187738 -11.10916 1.05399999999999999993
1  8.71e+00  0.3746100247 -11.10916 1.05399999999999999993
1  9.12e+00  0.3745742444 -11.10916 1.05399999999999999993
1  9.55e+00  0.3746625661 -11.10916 1.05399999999999999993
1  1.00e+01  0.3746272803 -11.10916 1.05399999999999999993
1  1.05e+01  0.3745199259 -11.10916 1.05399999999999999993
1  1.10e+01  0.3745716553 -11.10916 1.05399999999999999993
1  1.15e+01  0.3745977919 -11.10916 1.05399999999999999993
1  1.20e+01  0.3745946238 -11.10916 1.05399999999999999993
1  1.26e+01  0.3745853089 -11.10916 1.05399999999999999993
1  1.32e+01  0.3747065985 -11.10916 1.05399999999999999993
1  1.38e+01  0.3746028603 -11.10916 1.05399999999999999993
1  1.45e+01  0.3745855577 -11.10916 1.05399999999999999993
1  1.51e+01  0.374601233 -11.10916 1.05399999999999999993
1  1.58e+01  0.3745834772 -11.10916 1.05399999999999999993
1  1.66e+01  0.3745442971 -11.10916 1.05399999999999999993
1  1.74e+01  0.3745019372 -11.10916 1.05399999999999999993
1  1.82e+01  0.3746046971 -11.10916 1.05399999999999999993
1  1.91e+01  0.3745931062 -11.10916 1.05399999999999999993
1  2.00e+01  0.37457957 -11.10916 1.05399999999999999993
1  2.09e+01  0.3754204922 -11.10916 1.05399999999999999993
1  2.19e+01  0.3750993062 -11.10916 1.05399999999999999993
1  2.29e+01  0.3743276103 -11.10916 1.05399999999999999993
1  2.40e+01  0.3744321672 -11.10916 1.05399999999999999993
1  2.51e+01  0.3745626741 -11.10916 1.05399999999999999993
1  2.63e+01  0.3740013178 -11.10916 1.05399999999999999993
1  2.75e+01  0.375641417 -11.10916 1.05399999999999999993
1  2.88e+01  0.3752661569 -11.10916 1.05399999999999999993
1  3.02e+01  0.3742864978 -11.10916 1.05399999999999999993
1  3.16e+01  0.3747484838 -11.10916 1.05399999999999999993
1  3.31e+01  0.3744458532 -11.10916 1.05399999999999999993
1  3.47e+01  0.374902739 -11.10916 1.05399999999999999993
1  3.63e+01  0.3748407433 -11.10916 1.05399999999999999993
1  3.80e+01  0.3748217458 -11.10916 1.05399999999999999993
1  3.98e+01  0.3743260463 -11.10916 1.05399999999999999993
1  4.17e+01  0.3746582656 -11.10916 1.05399999999999999993
1  4.37e+01  0.3754262284 -11.10916 1.05399999999999999993
1  4.57e+01  0.3744755903 -11.10916 1.05399999999999999993
1  4.79e+01  0.3747944111 -11.10916 1.05399999999999999993
1  5.01e+01  0.3745240599 -11.10916 1.05399999999999999993
1  5.25e+01  0.3745786049 -11.10916 1.05399999999999999993
1  5.50e+01  0.3746699423 -11.10916 1.05399999999999999993
1  5.75e+01  0.3741603528 -11.10916 1.05399999999999999993
1  6.03e+01  0.3742953387 -11.10916 1.05399999999999999993
1  6.31e+01  0.3745481985 -11.10916 1.05399999999999999993
1  6.61e+01  0.3746152134 -11.10916 1.05399999999999999993
1  6.92e+01  0.3744586624 -11.10916 1.05399999999999999993
1  7.24e+01  0.3744200165 -11.10916 1.05399999999999999993
1  7.59e+01  0.3744408965 -11.10916 1.05399999999999999993
1  7.94e+01  0.3745253775 -11.10916 1.05399999999999999993
1  8.32e+01  0.3746264422 -11.10916 1.05399999999999999993
1  8.71e+01  0.3745509266 -11.10916 1.05399999999999999993
1  9.12e+01  0.3745261506 -11.10916 1.05399999999999999993
1  9.55e+01  0.374950797 -11.10916 1.05399999999999999993
1  1.00e+02  0.3744762883 -11.10916 1.05399999999999999993
1  1.05e+02  0.374675366 -11.10916 1.05399999999999999993
1  1.10e+02  0.374360283 -11.10916 1.05399999999999999993
1  1.15e+02  0.3746068237 -11.10916 1.05399999999999999993
1  1.20e+02  0.3744321699 -11.10916 1.05399999999999999993
1  1.26e+02  0.3746514297 -11.10916 1.05399999999999999993
1  1.32e+02  0.3746264157 -11.10916 1.05399999999999999993
1  1.38e+02  0.3744902955 -11.10916 1.05399999999999999993
1  1.45e+02  0.3747024738 -11.10916 1.05399999999999999993
1  1.51e+02  0.3748233383 -11.10916 1.05399999999999999993
1  1.58e+02  0.3744809996 -11.10916 1.05399999999999999993
1  1.66e+02  0.3744459542 -11.10916 1.05399999999999999993
1  1.74e+02  0.3741904705 -11.10916 1.05399999999999999993
1  1.82e+02  0.3746004319 -11.10916 1.05399999999999999993
1  1.91e+02  0.3744314789 -11.10916 1.05399999999999999993
1  2.00e+02  0.3746477231 -11.10916 1.05399999999999999993
1  2.09e+02  0.3746066937 -11.10916 1.05399999999999999993
1  2.19e+02  0.3745482538 -11.10916 1.05399999999999999993
1  2.29e+02  0.3744863487 -11.10916 1.05399999999999999993
1  2.40e+02  0.3744215958 -11.10916 1.05399999999999999993
1  2.51e+02  0.3744730174 -11.10916 1.05399999999999999993
1  2.63e+02  0.3743554308 -11.10916 1.05399999999999999993
1  2.75e+02  0.374505484 -11.10916 1.05399999999999999993
1  2.88e+02  0.3743817635 -11.10916 1.05399999999999999993
1  3.02e+02  0.3744362758 -11.10916 1.05399999999999999993
1  3.16e+02  0.3742472893 -11.10916 1.05399999999999999993
1  3.31e+02  0.3740536826 -11.10916 1.05399999999999999993
1  3.47e+02  0.3746663208 -11.10916 1.05399999999999999993
1  3.63e+02  0.3741243278 -11.10916 1.05399999999999999993
1  3.80e+02  0.3741616789 -11.10916 1.05399999999999999993
1  3.98e+02  0.3742094797 -11.10916 1.05399999999999999993
1  4.17e+02  0.374601566 -11.10916 1.05399999999999999993
1  4.37e+02  0.374140438 -11.10916 1.05399999999999999993
1  4.57e+02  0.374401567 -11.10916 1.05399999999999999993
1  4.79e+02  0.3741059935 -11.10916 1.05399999999999999993
1  5.01e+02  0.3740890308 -11.10916 1.05399999999999999993
1  5.25e+02  0.3744337769 -11.10916 1.05399999999999999993
1  5.50e+02  0.3746857033 -11.10916 1.05399999999999999993
1  5.75e+02  0.3742966376 -11.10916 1.05399999999999999993
1  6.03e+02  0.3740462053 -11.10916 1.05399999999999999993
1  6.31e+02  0.3739425335 -11.10916 1.05399999999999999993
1  6.61e+02  0.3741883175 -11.10916 1.05399999999999999993
1  6.92e+02  0.3737045754 -11.10916 1.05399999999999999993
1  7.24e+02  0.3746537469 -11.10916 1.05399999999999999993
1  7.59e+02  0.3748298257 -11.10916 1.05399999999999999993
1  7.94e+02  0.373727922 -11.10916 1.05399999999999999993
1  8.32e+02  0.3744379374 -11.10916 1.05399999999999999993
1  8.71e+02  0.3741287363 -11.10916 1.05399999999999999993
1  9.12e+02  0.3744542087 -11.10916 1.05399999999999999993
1  9.55e+02  0.3728960703 -11.10916 1.05399999999999999993
1  1.00e+03  0.3742953208 -11.10916 1.05399999999999999993
1  1.05e+03  0.3742748141 -11.10916 1.05399999999999999993
1  1.10e+03  0.3763334143 -11.10916 1.05399999999999999993
1  1.15e+03  0.3758752546 -11.10916 1.05399999999999999993
1  1.20e+03  0.3745629059 -11.10916 1.05399999999999999993
1  1.26e+03  0.3744563121 -11.10916 1.05399999999999999993
1  1.32e+03  0.3706828109 -11.10916 1.05399999999999999993
1  1.38e+03  0.3794115404 -11.10916 1.05399999999999999993
1  1.45e+03  0.3768753259 -11.10916 1.05399999999999999993
1  1.51e+03  0.3720681939 -11.10916 1.05399999999999999993
1  1.58e+03  0.3667687087 -11.10916 1.05399999999999999993
1  1.66e+03  0.3677019348 -11.10916 1.05399999999999999993
1  1.74e+03  0.3735352481 -11.10916 1.05399999999999999993
1  1.82e+03  0.3569017594 -11.10916 1.05399999999999999993
1  1.91e+03  0.3769015692 -11.10916 1.05399999999999999993
1  2.00e+03  0.3903436555 -11.10916 1.05399999999999999993
1  2.09e+03  0.3931795789 -11.10916 1.05399999999999999993
1  2.19e+03  0.3998056946 -11.10916 1.05399999999999999993
1  2.29e+03  0.4038493154 -11.10916 1.05399999999999999993
1  2.40e+03  0.3713838056 -11.10916 1.05399999999999999993
1  2.51e+03  0.3738721593 -11.10916 1.05399999999999999993
1  2.63e+03  0.3617956922 -11.10916 1.05399999999999999993
1  2.75e+03  0.3779264102 -11.10916 1.05399999999999999993
1  2.88e+03  0.332246374 -11.10916 1.05399999999999999993
1  3.02e+03  0.3133791577 -11.10916 1.05399999999999999993
1  3.16e+03  0.3107056306 -11.10916 1.05399999999999999993
1  3.31e+03  0.3110245497 -11.10916 1.05399999999999999993
1  3.47e+03  0.3444927945 -11.10916 1.05399999999999999993
1  3.63e+03  0.4038078926 -11.10916 1.05399999999999999993
1  3.80e+03  0.3445275195 -11.10916 1.05399999999999999993
1  3.98e+03  0.3934783807 -11.10916 1.05399999999999999993
1  4.17e+03  0.3639819439 -11.10916 1.05399999999999999993
1  4.37e+03  0.4440844845 -11.10916 1.05399999999999999993
1  4.57e+03  0.4099212971 -11.10916 1.05399999999999999993
1  4.79e+03  0.3793434902 -11.10916 1.05399999999999999993
1  5.01e+03  0.383888347 -11.10916 1.05399999999999999993
1  5.25e+03  0.4158568607 -11.10916 1.05399999999999999993
1  5.50e+03  0.4279876706 -11.10916 1.05399999999999999993
1  5.75e+03  0.3753725643 -11.10916 1.05399999999999999993
1  6.03e+03  0.4238659706 -11.10916 1.05399999999999999993
1  6.31e+03  0.316646275 -11.10916 1.05399999999999999993
1  6.61e+03  0.4465523508 -11.10916 1.05399999999999999993
1  6.92e+03  0.4350893668 -11.10916 1.05399999999999999993
1  7.24e+03  0.3803567205 -11.10916 1.05399999999999999993
1  7.59e+03  0.4648676764 -11.10916 1.05399999999999999993
1  7.94e+03  0.2692241794 -11.10916 1.05399999999999999993
1  8.32e+03  0.4478060815 -11.10916 1.05399999999999999993
1  8.71e+03  0.3341436108 -11.10916 1.05399999999999999993
1  9.12e+03  0.3729939764 -11.10916 1.05399999999999999993
1  9.55e+03  0.4572507538 -11.10916 1.05399999999999999993
1  1.00e+04  0.4261866476 -11.10916 1.05399999999999999993
1  1.05e+04  0.2722690693 -11.10916 1.05399999999999999993
1  1.10e+04  0.1864974714 -11.10916 1.05399999999999999993
1  1.15e+04  0.4307716924 -11.10916 1.05399999999999999993
1  1.20e+04  0.2482610014 -11.10916 1.05399999999999999993
1  1.26e+04  0.2703813479 -11.10916 1.05399999999999999993
1  1.32e+04  0.4137087442 -11.10916 1.05399999999999999993
1  1.38e+04  0.1372774318 -11.10916 1.05399999999999999993
1  1.45e+04  0.4337180881 -11.10916 1.05399999999999999993
1  1.51e+04  0.1145759017 -11.10916 1.05399999999999999993
1  1.58e+04  0.4185225315 -11.10916 1.05399999999999999993
1  1.66e+04  0.4060376967 -11.10916 1.05399999999999999993
1  1.74e+04  0.4077032967 -11.10916 1.05399999999999999993
1  1.82e+04  0.2623468012 -11.10916 1.05399999999999999993
1  1.91e+04  0.1845249759 -11.10916 1.05399999999999999993
1  2.00e+04  0.4078721514 -11.10916 1.05399999999999999993
1  2.09e+04  0.2649782948 -11.10916 1.05399999999999999993
1  2.19e+04  0.1868743767 -11.10916 1.05399999999999999993
1  2.29e+04  0.4039504841 -11.10916 1.05399999999999999993
1  2.40e+04  0.2179591932 -11.10916 1.05399999999999999993
1  2.51e+04  0.2695960116 -11.10916 1.05399999999999999993
1  2.63e+04  0.3887549507 -11.10916 1.05399999999999999993
1  2.75e+04  0.4137150073 -11.10916 1.05399999999999999993
1  2.88e+04  0.3192908499 -11.10916 1.05399999999999999993
1  3.02e+04  0.1495356504 -11.10916 1.05399999999999999993
1  3.16e+04  0.3931513282 -11.10916 1.05399999999999999993
1  3.31e+04  0.3935943894 -11.10916 1.05399999999999999993
1  3.47e+04  0.3158895478 -11.10916 1.05399999999999999993
1  3.63e+04  0.38278824 -11.10916 1.05399999999999999993
1  3.80e+04  0.1062294784 -11.10916 1.05399999999999999993
1  3.98e+04  0.4182983635 -11.10916 1.05399999999999999993
1  4.17e+04  0.2816829874 -11.10916 1.05399999999999999993
1  4.37e+04  0.3877532017 -11.10916 1.05399999999999999993
1  4.57e+04  0.4143153215 -11.10916 1.05399999999999999993
1  4.79e+04  0.3142243731 -11.10916 1.05399999999999999993
1  5.01e+04  0.2405894462 -11.10916 1.05399999999999999993
1  5.25e+04  0.4039237214 -11.10916 1.05399999999999999993
1  5.50e+04  0.1735139238 -11.10916 1.05399999999999999993
1  5.75e+04  0.2546869767 -11.10916 1.05399999999999999993
1  6.03e+04  0.422482432 -11.10916 1.05399999999999999993
1  6.31e+04  0.3522834233 -11.10916 1.05399999999999999993
1  6.61e+04  0.3647794129 -11.10916 1.05399999999999999993
1  6.92e+04  0.3818104588 -11.10916 1.05399999999999999993
1  7.24e+04  0.3953521879 -11.10916 1.05399999999999999993
1  7.59e+04  0.4220356476 -11.10916 1.05399999999999999993
1  7.94e+04  0.3306332241 -11.10916 1.05399999999999999993
1  8.32e+04  0.2390326637 -11.10916 1.05399999999999999993
1  8.71e+04  0.3131013625 -11.10916 1.05399999999999999993
1  9.12e+04  0.4089362805 -11.10916 1.05399999999999999993
1  9.55e+04  0.3496749996 -11.10916 1.05399999999999999993
1  1.00e+05  0.2268099105 -11.10916 1.05399999999999999993
1  1.05e+05  0.2169774771 -11.10916 1.05399999999999999993
1  1.10e+05  0.3214405668 -11.10916 1.05399999999999999993
1  1.15e+05  0.4092407089 -11.10916 1.05399999999999999993
1  1.20e+05  0.4049736618 -11.10916 1.05399999999999999993
1  1.26e+05  0.3492694588 -11.10916 1.05399999999999999993
1  1.32e+05  0.3172698598 -11.10916 1.05399999999999999993
1  1.38e+05  0.3362714391 -11.10916 1.05399999999999999993
1  1.45e+05  0.3807312534 -11.10916 1.05399999999999999993
1  1.51e+05  0.4145913553 -11.10916 1.05399999999999999993
1  1.58e+05  0.4235850731 -11.10916 1.05399999999999999993
1  1.66e+05  0.4162440101 -11.10916 1.05399999999999999993
1  1.74e+05  0.407558873 -11.10916 1.05399999999999999993
1  1.82e+05  0.4055223396 -11.10916 1.05399999999999999993
1  1.91e+05  0.4087344124 -11.10916 1.05399999999999999993
1  2.00e+05  0.4115541586 -11.10916 1.05399999999999999993
1  2.09e+05  0.4099497928 -11.10916 1.05399999999999999993
1  2.19e+05  0.4040034342 -11.10916 1.05399999999999999993
1  2.29e+05  0.3969368999 -11.10916 1.05399999999999999993
1  2.40e+05  0.39259459 -11.10916 1.05399999999999999993
1  2.51e+05  0.3933139893 -11.10916 1.05399999999999999993
1  2.63e+05  0.3990989257 -11.10916 1.05399999999999999993
1  2.75e+05  0.4080168263 -11.10916 1.05399999999999999993
1  2.88e+05  0.4172379612 -11.10916 1.05399999999999999993
1  3.02e+05  0.4241080882 -11.10916 1.05399999999999999993
1  3.16e+05  0.4268743542 -11.10916 1.05399999999999999993
1  3.31e+05  0.4249531501 -11.10916 1.05399999999999999993
1  3.47e+05  0.4188179604 -11.10916 1.05399999999999999993
1  3.63e+05  0.4096667045 -11.10916 1.05399999999999999993
1  3.80e+05  0.3990260326 -11.10916 1.05399999999999999993
1  3.98e+05  0.388404542 -11.10916 1.05399999999999999993
1  4.17e+05  0.3790514961 -11.10916 1.05399999999999999993
1  4.37e+05  0.3718321022 -11.10916 1.05399999999999999993
1  4.57e+05  0.3672018451 -11.10916 1.05399999999999999993
1  4.79e+05  0.365249866 -11.10916 1.05399999999999999993
1  5.01e+05  0.3657803805 -11.10916 1.05399999999999999993
1  5.25e+05  0.3684065973 -11.10916 1.05399999999999999993
1  5.50e+05  0.3726394418 -11.10916 1.05399999999999999993
1  5.75e+05  0.3779610132 -11.10916 1.05399999999999999993
1  6.03e+05  0.3838787917 -11.10916 1.05399999999999999993
1  6.31e+05  0.3899607823 -11.10916 1.05399999999999999993
1  6.61e+05  0.3959544855 -11.10916 1.05399999999999999993
1  6.92e+05  0.4016790866 -11.10916 1.05399999999999999993
1  7.24e+05  0.4066537828 -11.10916 1.05399999999999999993
1  7.59e+05  0.410748128 -11.10916 1.05399999999999999993
1  7.94e+05  0.4138567792 -11.10916 1.05399999999999999993
1  8.32e+05  0.4160370881 -11.10916 1.05399999999999999993
1  8.71e+05  0.4172991781 -11.10916 1.05399999999999999993
1  9.12e+05  0.4177290978 -11.10916 1.05399999999999999993
1  9.55e+05  0.4174788593 -11.10916 1.05399999999999999993
1  1.00e+06  0.4165904537 -11.10916 1.05399999999999999993
1  1.05e+06  0.4152102373 -11.10916 1.05399999999999999993
1  1.10e+06  0.4134498191 -11.10916 1.05399999999999999993
1  1.15e+06  0.411493141 -11.10916 1.05399999999999999993
1  1.20e+06  0.4092697455 -11.10916 1.05399999999999999993
1  1.26e+06  0.4069327334 -11.10916 1.05399999999999999993
1  1.32e+06  0.4045464251 -11.10916 1.05399999999999999993
1  1.38e+06  0.4022515446 -11.10916 1.05399999999999999993
1  1.45e+06  0.3999107239 -11.10916 1.05399999999999999993
1  1.51e+06  0.3976447764 -11.10916 1.05399999999999999993
1  1.58e+06  0.395477057 -11.10916 1.05399999999999999993
1  1.66e+06  0.3935014525 -11.10916 1.05399999999999999993
1  1.74e+06  0.391569242 -11.10916 1.05399999999999999993
1  1.82e+06  0.3897674044 -11.10916 1.05399999999999999993
1  1.91e+06  0.3880979354 -11.10916 1.05399999999999999993
1  2.00e+06  0.3866211761 -11.10916 1.05399999999999999993
1  2.09e+06  0.3852072444 -11.10916 1.05399999999999999993
1  2.19e+06  0.3839168575 -11.10916 1.05399999999999999993
1  2.29e+06  0.3827933941 -11.10916 1.05399999999999999993
1  2.40e+06  0.3817279094 -11.10916 1.05399999999999999993
1  2.51e+06  0.3807664868 -11.10916 1.05399999999999999993
1  2.63e+06  0.3799018454 -11.10916 1.05399999999999999993
1  2.75e+06  0.3791623072 -11.10916 1.05399999999999999993
1  2.88e+06  0.3784665649 -11.10916 1.05399999999999999993
1  3.02e+06  0.3778464427 -11.10916 1.05399999999999999993
1  3.16e+06  0.3772953304 -11.10916 1.05399999999999999993
1  3.31e+06  0.3768320678 -11.10916 1.05399999999999999993
1  3.47e+06  0.3763984321 -11.10916 1.05399999999999999993
1  3.63e+06  0.3760163905 -11.10916 1.05399999999999999993
1  3.80e+06  0.3756808694 -11.10916 1.05399999999999999993
1  3.98e+06  0.3754045965 -11.10916 1.05399999999999999993
1  4.17e+06  0.3751469139 -11.10916 1.05399999999999999993
1  4.37e+06  0.3749229837 -11.10916 1.05399999999999999993
1  4.57e+06  0.3747423627 -11.10916 1.05399999999999999993
1  4.79e+06  0.374574308 -11.10916 1.05399999999999999993
1  5.01e+06  0.374430302 -11.10916 1.05399999999999999993
1  5.25e+06  0.3743076623 -11.10916 1.05399999999999999993
1  5.50e+06  0.3742129535 -11.10916 1.05399999999999999993
1  5.75e+06  0.3741252005 -11.10916 1.05399999999999999993
1  6.03e+06  0.3740523261 -11.10916 1.05399999999999999993
1  6.31e+06  0.3739925643 -11.10916 1.05399999999999999993
1  6.61e+06  0.373950447 -11.10916 1.05399999999999999993
1  6.92e+06  0.3739117633 -11.10916 1.05399999999999999993
1  7.24e+06  0.3738819791 -11.10916 1.05399999999999999993
1  7.59e+06  0.3738645349 -11.10916 1.05399999999999999993
1  7.94e+06  0.3738488469 -11.10916 1.05399999999999999993
1  8.32e+06  0.3738390537 -11.10916 1.05399999999999999993
1  8.71e+06  0.3738343526 -11.10916 1.05399999999999999993
1  9.12e+06  0.3738371308 -11.10916 1.05399999999999999993
1  9.55e+06  0.3738402682 -11.10916 1.05399999999999999993
1  1.00e+07  0.3738466211 -11.10916 1.05399999999999999993
