1  1.00e-03  0.5560181666  5.449879e-01 0.98199999999999999995
1  1.05e-03  0.5560181572  5.449879e-01 0.98199999999999999995
1  1.10e-03  0.5560181691  5.449879e-01 0.98199999999999999995
1  1.15e-03  0.55601817  5.449879e-01 0.98199999999999999995
1  1.20e-03  0.5560181608  5.449879e-01 0.98199999999999999995
1  1.26e-03  0.55601817  5.449879e-01 0.98199999999999999995
1  1.32e-03  0.5560181693  5.449879e-01 0.98199999999999999995
1  1.38e-03  0.5560181597  5.449879e-01 0.98199999999999999995
1  1.45e-03  0.5560181623  5.449879e-01 0.98199999999999999995
1  1.51e-03  0.5560181527  5.449879e-01 0.98199999999999999995
1  1.58e-03  0.5560181525  5.449879e-01 0.98199999999999999995
1  1.66e-03  0.5560181557  5.449879e-01 0.98199999999999999995
1  1.74e-03  0.5560181609  5.449879e-01 0.98199999999999999995
1  1.82e-03  0.5560181627  5.449879e-01 0.98199999999999999995
1  1.91e-03  0.5560181488  5.449879e-01 0.98199999999999999995
1  2.00e-03  0.5560181528  5.449879e-01 0.98199999999999999995
1  2.09e-03  0.5560181635  5.449879e-01 0.98199999999999999995
1  2.19e-03  0.5560181658  5.449879e-01 0.98199999999999999995
1  2.29e-03  0.5560181637  5.449879e-01 0.98199999999999999995
1  2.40e-03  0.5560181716  5.449879e-01 0.98199999999999999995
1  2.51e-03  0.5560181721  5.449879e-01 0.98199999999999999995
1  2.63e-03  0.5560181905  5.449879e-01 0.98199999999999999995
1  2.75e-03  0.5560181832  5.449879e-01 0.98199999999999999995
1  2.88e-03  0.556018158  5.449879e-01 0.98199999999999999995
1  3.02e-03  0.5560181519  5.449879e-01 0.98199999999999999995
1  3.16e-03  0.5560181559  5.449879e-01 0.98199999999999999995
1  3.31e-03  0.5560181659  5.449879e-01 0.98199999999999999995
1  3.47e-03  0.5560181611  5.449879e-01 0.98199999999999999995
1  3.63e-03  0.5560181537  5.449879e-01 0.98199999999999999995
1  3.80e-03  0.5560181549  5.449879e-01 0.98199999999999999995
1  3.98e-03  0.5560181629  5.449879e-01 0.98199999999999999995
1  4.17e-03  0.5560181646  5.449879e-01 0.98199999999999999995
1  4.37e-03  0.5560181726  5.449879e-01 0.98199999999999999995
1  4.57e-03  0.5560181674  5.449879e-01 0.98199999999999999995
1  4.79e-03  0.5560181548  5.449879e-01 0.98199999999999999995
1  5.01e-03  0.5560181616  5.449879e-01 0.98199999999999999995
1  5.25e-03  0.5560181711  5.449879e-01 0.98199999999999999995
1  5.50e-03  0.5560181578  5.449879e-01 0.98199999999999999995
1  5.75e-03  0.5560181325  5.449879e-01 0.98199999999999999995
1  6.03e-03  0.5560181716  5.449879e-01 0.98199999999999999995
1  6.31e-03  0.5560181459  5.449879e-01 0.98199999999999999995
1  6.61e-03  0.5560181714  5.449879e-01 0.98199999999999999995
1  6.92e-03  0.5560181486  5.449879e-01 0.98199999999999999995
1  7.24e-03  0.5560181696  5.449879e-01 0.98199999999999999995
1  7.59e-03  0.5560181799  5.449879e-01 0.98199999999999999995
1  7.94e-03  0.5560181476  5.449879e-01 0.98199999999999999995
1  8.32e-03  0.5560181856  5.449879e-01 0.98199999999999999995
1  8.71e-03  0.5560181856  5.449879e-01 0.98199999999999999995
1  9.12e-03  0.5560181726  5.449879e-01 0.98199999999999999995
1  9.55e-03  0.556018162  5.449879e-01 0.98199999999999999995
1  1.00e-02  0.5560181899  5.449879e-01 0.98199999999999999995
1  1.05e-02  0.5560181538  5.449879e-01 0.98199999999999999995
1  1.10e-02  0.5560181563  5.449879e-01 0.98199999999999999995
1  1.15e-02  0.5560181479  5.449879e-01 0.98199999999999999995
1  1.20e-02  0.5560181494  5.449879e-01 0.98199999999999999995
1  1.26e-02  0.5560181873  5.449879e-01 0.98199999999999999995
1  1.32e-02  0.5560181632  5.449879e-01 0.98199999999999999995
1  1.38e-02  0.5560181553  5.449879e-01 0.98199999999999999995
1  1.45e-02  0.5560181416  5.449879e-01 0.98199999999999999995
1  1.51e-02  0.5560181341  5.449879e-01 0.98199999999999999995
1  1.58e-02  0.5560181532  5.449879e-01 0.98199999999999999995
1  1.66e-02  0.5560182014  5.449879e-01 0.98199999999999999995
1  1.74e-02  0.5560181444  5.449879e-01 0.98199999999999999995
1  1.82e-02  0.5560182995  5.449879e-01 0.98199999999999999995
1  1.91e-02  0.5560181197  5.449879e-01 0.98199999999999999995
1  2.00e-02  0.5560181676  5.449879e-01 0.98199999999999999995
1  2.09e-02  0.5560181597  5.449879e-01 0.98199999999999999995
1  2.19e-02  0.5560181752  5.449879e-01 0.98199999999999999995
1  2.29e-02  0.5560181812  5.449879e-01 0.98199999999999999995
1  2.40e-02  0.5560181127  5.449879e-01 0.98199999999999999995
1  2.51e-02  0.5560186461  5.449879e-01 0.98199999999999999995
1  2.63e-02  0.5560197021  5.449879e-01 0.98199999999999999995
1  2.75e-02  0.5560182395  5.449879e-01 0.98199999999999999995
1  2.88e-02  0.5560180978  5.449879e-01 0.98199999999999999995
1  3.02e-02  0.5560179438  5.449879e-01 0.98199999999999999995
1  3.16e-02  0.5560179411  5.449879e-01 0.98199999999999999995
1  3.31e-02  0.5560181513  5.449879e-01 0.98199999999999999995
1  3.47e-02  0.5560182217  5.449879e-01 0.98199999999999999995
1  3.63e-02  0.5560180566  5.449879e-01 0.98199999999999999995
1  3.80e-02  0.5560182937  5.449879e-01 0.98199999999999999995
1  3.98e-02  0.5560185481  5.449879e-01 0.98199999999999999995
1  4.17e-02  0.5560189242  5.449879e-01 0.98199999999999999995
1  4.37e-02  0.5560182439  5.449879e-01 0.98199999999999999995
1  4.57e-02  0.5560183217  5.449879e-01 0.98199999999999999995
1  4.79e-02  0.5560182111  5.449879e-01 0.98199999999999999995
1  5.01e-02  0.5560181983  5.449879e-01 0.98199999999999999995
1  5.25e-02  0.5560181823  5.449879e-01 0.98199999999999999995
1  5.50e-02  0.5560182635  5.449879e-01 0.98199999999999999995
1  5.75e-02  0.5560182892  5.449879e-01 0.98199999999999999995
1  6.03e-02  0.5560182096  5.449879e-01 0.98199999999999999995
1  6.31e-02  0.5560182688  5.449879e-01 0.98199999999999999995
1  6.61e-02  0.5560181725  5.449879e-01 0.98199999999999999995
1  6.92e-02  0.5560182407  5.449879e-01 0.98199999999999999995
1  7.24e-02  0.5560198044  5.449879e-01 0.98199999999999999995
1  7.59e-02  0.5560181578  5.449879e-01 0.98199999999999999995
1  7.94e-02  0.5560180527  5.449879e-01 0.98199999999999999995
1  8.32e-02  0.5560187223  5.449879e-01 0.98199999999999999995
1  8.71e-02  0.5560184235  5.449879e-01 0.98199999999999999995
1  9.12e-02  0.5560182764  5.449879e-01 0.98199999999999999995
1  9.55e-02  0.5560183736  5.449879e-01 0.98199999999999999995
1  1.00e-01  0.5560182197  5.449879e-01 0.98199999999999999995
1  1.05e-01  0.5560180394  5.449879e-01 0.98199999999999999995
1  1.10e-01  0.5560181511  5.449879e-01 0.98199999999999999995
1  1.15e-01  0.5560180939  5.449879e-01 0.98199999999999999995
1  1.20e-01  0.5560182884  5.449879e-01 0.98199999999999999995
1  1.26e-01  0.5560179057  5.449879e-01 0.98199999999999999995
1  1.32e-01  0.5560179897  5.449879e-01 0.98199999999999999995
1  1.38e-01  0.5560179944  5.449879e-01 0.98199999999999999995
1  1.45e-01  0.5560182768  5.449879e-01 0.98199999999999999995
1  1.51e-01  0.556018617  5.449879e-01 0.98199999999999999995
1  1.58e-01  0.5560182012  5.449879e-01 0.98199999999999999995
1  1.66e-01  0.5560177654  5.449879e-01 0.98199999999999999995
1  1.74e-01  0.5560184488  5.449879e-01 0.98199999999999999995
1  1.82e-01  0.5560185087  5.449879e-01 0.98199999999999999995
1  1.91e-01  0.5560184442  5.449879e-01 0.98199999999999999995
1  2.00e-01  0.5560183716  5.449879e-01 0.98199999999999999995
1  2.09e-01  0.556018857  5.449879e-01 0.98199999999999999995
1  2.19e-01  0.5560176014  5.449879e-01 0.98199999999999999995
1  2.29e-01  0.5560184233  5.449879e-01 0.98199999999999999995
1  2.40e-01  0.5560182877  5.449879e-01 0.98199999999999999995
1  2.51e-01  0.5560173074  5.449879e-01 0.98199999999999999995
1  2.63e-01  0.5560183981  5.449879e-01 0.98199999999999999995
1  2.75e-01  0.5560195951  5.449879e-01 0.98199999999999999995
1  2.88e-01  0.5560180623  5.449879e-01 0.98199999999999999995
1  3.02e-01  0.5560180127  5.449879e-01 0.98199999999999999995
1  3.16e-01  0.5560174799  5.449879e-01 0.98199999999999999995
1  3.31e-01  0.5560181501  5.449879e-01 0.98199999999999999995
1  3.47e-01  0.5560181875  5.449879e-01 0.98199999999999999995
1  3.63e-01  0.5560182211  5.449879e-01 0.98199999999999999995
1  3.80e-01  0.5560176198  5.449879e-01 0.98199999999999999995
1  3.98e-01  0.5560173984  5.449879e-01 0.98199999999999999995
1  4.17e-01  0.5560174028  5.449879e-01 0.98199999999999999995
1  4.37e-01  0.5560178708  5.449879e-01 0.98199999999999999995
1  4.57e-01  0.5560182921  5.449879e-01 0.98199999999999999995
1  4.79e-01  0.5560170846  5.449879e-01 0.98199999999999999995
1  5.01e-01  0.5560301555  5.449879e-01 0.98199999999999999995
1  5.25e-01  0.5560178792  5.449879e-01 0.98199999999999999995
1  5.50e-01  0.5560180265  5.449879e-01 0.98199999999999999995
1  5.75e-01  0.5560162317  5.449879e-01 0.98199999999999999995
1  6.03e-01  0.5560153915  5.449879e-01 0.98199999999999999995
1  6.31e-01  0.5560173893  5.449879e-01 0.98199999999999999995
1  6.61e-01  0.5560175038  5.449879e-01 0.98199999999999999995
1  6.92e-01  0.5560181284  5.449879e-01 0.98199999999999999995
1  7.24e-01  0.556017824  5.449879e-01 0.98199999999999999995
1  7.59e-01  0.5560159363  5.449879e-01 0.98199999999999999995
1  7.94e-01  0.5560787597  5.449879e-01 0.98199999999999999995
1  8.32e-01  0.5560160953  5.449879e-01 0.98199999999999999995
1  8.71e-01  0.5560171708  5.449879e-01 0.98199999999999999995
1  9.12e-01  0.5560163879  5.449879e-01 0.98199999999999999995
1  9.55e-01  0.5560181221  5.449879e-01 0.98199999999999999995
1  1.00e+00  0.5560185433  5.449879e-01 0.98199999999999999995
1  1.05e+00  0.5560160709  5.449879e-01 0.98199999999999999995
1  1.10e+00  0.5560140482  5.449879e-01 0.98199999999999999995
1  1.15e+00  0.5560170221  5.449879e-01 0.98199999999999999995
1  1.20e+00  0.5560226128  5.449879e-01 0.98199999999999999995
1  1.26e+00  0.5560128329  5.449879e-01 0.98199999999999999995
1  1.32e+00  0.5560179906  5.449879e-01 0.98199999999999999995
1  1.38e+00  0.5560124968  5.449879e-01 0.98199999999999999995
1  1.45e+00  0.5560123096  5.449879e-01 0.98199999999999999995
1  1.51e+00  0.5560175772  5.449879e-01 0.98199999999999999995
1  1.58e+00  0.5560255765  5.449879e-01 0.98199999999999999995
1  1.66e+00  0.5560115581  5.449879e-01 0.98199999999999999995
1  1.74e+00  0.5560113136  5.449879e-01 0.98199999999999999995
1  1.82e+00  0.5560182102  5.449879e-01 0.98199999999999999995
1  1.91e+00  0.5560155703  5.449879e-01 0.98199999999999999995
1  2.00e+00  0.5560173839  5.449879e-01 0.98199999999999999995
1  2.09e+00  0.5560160163  5.449879e-01 0.98199999999999999995
1  2.19e+00  0.5560144245  5.449879e-01 0.98199999999999999995
1  2.29e+00  0.5560151093  5.449879e-01 0.98199999999999999995
1  2.40e+00  0.5560008656  5.449879e-01 0.98199999999999999995
1  2.51e+00  0.5560154854  5.449879e-01 0.98199999999999999995
1  2.63e+00  0.5560133088  5.449879e-01 0.98199999999999999995
1  2.75e+00  0.556017862  5.449879e-01 0.98199999999999999995
1  2.88e+00  0.5560119835  5.449879e-01 0.98199999999999999995
1  3.02e+00  0.5560154038  5.449879e-01 0.98199999999999999995
1  3.16e+00  0.556017619  5.449879e-01 0.98199999999999999995
1  3.31e+00  0.5560056241  5.449879e-01 0.98199999999999999995
1  3.47e+00  0.5560139906  5.449879e-01 0.98199999999999999995
1  3.63e+00  0.5560149793  5.449879e-01 0.98199999999999999995
1  3.80e+00  0.5560158826  5.449879e-01 0.98199999999999999995
1  3.98e+00  0.5559751528  5.449879e-01 0.98199999999999999995
1  4.17e+00  0.5560177846  5.449879e-01 0.98199999999999999995
1  4.37e+00  0.5560174691  5.449879e-01 0.98199999999999999995
1  4.57e+00  0.556005339  5.449879e-01 0.98199999999999999995
1  4.79e+00  0.556003305  5.449879e-01 0.98199999999999999995
1  5.01e+00  0.5559787542  5.449879e-01 0.98199999999999999995
1  5.25e+00  0.5559988293  5.449879e-01 0.98199999999999999995
1  5.50e+00  0.5560024026  5.449879e-01 0.98199999999999999995
1  5.75e+00  0.5559948824  5.449879e-01 0.98199999999999999995
1  6.03e+00  0.5559780531  5.449879e-01 0.98199999999999999995
1  6.31e+00  0.555993808  5.449879e-01 0.98199999999999999995
1  6.61e+00  0.5559925613  5.449879e-01 0.98199999999999999995
1  6.92e+00  0.5560113758  5.449879e-01 0.98199999999999999995
1  7.24e+00  0.55602381  5.449879e-01 0.98199999999999999995
1  7.59e+00  0.5559736638  5.449879e-01 0.98199999999999999995
1  7.94e+00  0.55600762  5.449879e-01 0.98199999999999999995
1  8.32e+00  0.5559977547  5.449879e-01 0.98199999999999999995
1  8.71e+00  0.5560122558  5.449879e-01 0.98199999999999999995
1  9.12e+00  0.5559693085  5.449879e-01 0.98199999999999999995
1  9.55e+00  0.5559915486  5.449879e-01 0.98199999999999999995
1  1.00e+01  0.5559997135  5.449879e-01 0.98199999999999999995
1  1.05e+01  0.5559772351  5.449879e-01 0.98199999999999999995
1  1.10e+01  0.5560062904  5.449879e-01 0.98199999999999999995
1  1.15e+01  0.5559788184  5.449879e-01 0.98199999999999999995
1  1.20e+01  0.5560153456  5.449879e-01 0.98199999999999999995
1  1.26e+01  0.5559686798  5.449879e-01 0.98199999999999999995
1  1.32e+01  0.5559979652  5.449879e-01 0.98199999999999999995
1  1.38e+01  0.5559840752  5.449879e-01 0.98199999999999999995
1  1.45e+01  0.5560185004  5.449879e-01 0.98199999999999999995
1  1.51e+01  0.5559944294  5.449879e-01 0.98199999999999999995
1  1.58e+01  0.5560305907  5.449879e-01 0.98199999999999999995
1  1.66e+01  0.5559985218  5.449879e-01 0.98199999999999999995
1  1.74e+01  0.5560158155  5.449879e-01 0.98199999999999999995
1  1.82e+01  0.555954146  5.449879e-01 0.98199999999999999995
1  1.91e+01  0.5559443047  5.449879e-01 0.98199999999999999995
1  2.00e+01  0.5558912036  5.449879e-01 0.98199999999999999995
1  2.09e+01  0.5560039399  5.449879e-01 0.98199999999999999995
1  2.19e+01  0.5558680763  5.449879e-01 0.98199999999999999995
1  2.29e+01  0.5560229157  5.449879e-01 0.98199999999999999995
1  2.40e+01  0.555705922  5.449879e-01 0.98199999999999999995
1  2.51e+01  0.5561544115  5.449879e-01 0.98199999999999999995
1  2.63e+01  0.5560175202  5.449879e-01 0.98199999999999999995
1  2.75e+01  0.5561209043  5.449879e-01 0.98199999999999999995
1  2.88e+01  0.5559134532  5.449879e-01 0.98199999999999999995
1  3.02e+01  0.5560431502  5.449879e-01 0.98199999999999999995
1  3.16e+01  0.5557425507  5.449879e-01 0.98199999999999999995
1  3.31e+01  0.556045849  5.449879e-01 0.98199999999999999995
1  3.47e+01  0.5558876653  5.449879e-01 0.98199999999999999995
1  3.63e+01  0.5560744291  5.449879e-01 0.98199999999999999995
1  3.80e+01  0.5559564061  5.449879e-01 0.98199999999999999995
1  3.98e+01  0.5559396026  5.449879e-01 0.98199999999999999995
1  4.17e+01  0.5558432672  5.449879e-01 0.98199999999999999995
1  4.37e+01  0.5559724237  5.449879e-01 0.98199999999999999995
1  4.57e+01  0.5558454086  5.449879e-01 0.98199999999999999995
1  4.79e+01  0.5561334136  5.449879e-01 0.98199999999999999995
1  5.01e+01  0.5560928296  5.449879e-01 0.98199999999999999995
1  5.25e+01  0.5558839653  5.449879e-01 0.98199999999999999995
1  5.50e+01  0.5560013944  5.449879e-01 0.98199999999999999995
1  5.75e+01  0.5556406342  5.449879e-01 0.98199999999999999995
1  6.03e+01  0.5557754592  5.449879e-01 0.98199999999999999995
1  6.31e+01  0.5557927557  5.449879e-01 0.98199999999999999995
1  6.61e+01  0.5558279557  5.449879e-01 0.98199999999999999995
1  6.92e+01  0.5554978016  5.449879e-01 0.98199999999999999995
1  7.24e+01  0.5557316709  5.449879e-01 0.98199999999999999995
1  7.59e+01  0.5554600646  5.449879e-01 0.98199999999999999995
1  7.94e+01  0.5556688403  5.449879e-01 0.98199999999999999995
1  8.32e+01  0.5560364133  5.449879e-01 0.98199999999999999995
1  8.71e+01  0.5559863255  5.449879e-01 0.98199999999999999995
1  9.12e+01  0.5558376804  5.449879e-01 0.98199999999999999995
1  9.55e+01  0.5557082605  5.449879e-01 0.98199999999999999995
1  1.00e+02  0.5557118572  5.449879e-01 0.98199999999999999995
1  1.05e+02  0.5558374925  5.449879e-01 0.98199999999999999995
1  1.10e+02  0.5554358194  5.449879e-01 0.98199999999999999995
1  1.15e+02  0.5555349603  5.449879e-01 0.98199999999999999995
1  1.20e+02  0.5553557641  5.449879e-01 0.98199999999999999995
1  1.26e+02  0.5556433556  5.449879e-01 0.98199999999999999995
1  1.32e+02  0.5559635056  5.449879e-01 0.98199999999999999995
1  1.38e+02  0.5555940115  5.449879e-01 0.98199999999999999995
1  1.45e+02  0.5556544002  5.449879e-01 0.98199999999999999995
1  1.51e+02  0.555876191  5.449879e-01 0.98199999999999999995
1  1.58e+02  0.5552319362  5.449879e-01 0.98199999999999999995
1  1.66e+02  0.5560536872  5.449879e-01 0.98199999999999999995
1  1.74e+02  0.5558146097  5.449879e-01 0.98199999999999999995
1  1.82e+02  0.5553002502  5.449879e-01 0.98199999999999999995
1  1.91e+02  0.5552065956  5.449879e-01 0.98199999999999999995
1  2.00e+02  0.5554392564  5.449879e-01 0.98199999999999999995
1  2.09e+02  0.5558896415  5.449879e-01 0.98199999999999999995
1  2.19e+02  0.555318949  5.449879e-01 0.98199999999999999995
1  2.29e+02  0.5559659226  5.449879e-01 0.98199999999999999995
1  2.40e+02  0.5556396227  5.449879e-01 0.98199999999999999995
1  2.51e+02  0.5559021833  5.449879e-01 0.98199999999999999995
1  2.63e+02  0.5557076094  5.449879e-01 0.98199999999999999995
1  2.75e+02  0.5551730657  5.449879e-01 0.98199999999999999995
1  2.88e+02  0.5548974563  5.449879e-01 0.98199999999999999995
1  3.02e+02  0.554744914  5.449879e-01 0.98199999999999999995
1  3.16e+02  0.5556645305  5.449879e-01 0.98199999999999999995
1  3.31e+02  0.5549358754  5.449879e-01 0.98199999999999999995
1  3.47e+02  0.5557047177  5.449879e-01 0.98199999999999999995
1  3.63e+02  0.5552399454  5.449879e-01 0.98199999999999999995
1  3.80e+02  0.5548116658  5.449879e-01 0.98199999999999999995
1  3.98e+02  0.5549534476  5.449879e-01 0.98199999999999999995
1  4.17e+02  0.5556292827  5.449879e-01 0.98199999999999999995
1  4.37e+02  0.5545514118  5.449879e-01 0.98199999999999999995
1  4.57e+02  0.5554137613  5.449879e-01 0.98199999999999999995
1  4.79e+02  0.5539867652  5.449879e-01 0.98199999999999999995
1  5.01e+02  0.5539921726  5.449879e-01 0.98199999999999999995
1  5.25e+02  0.5552731363  5.449879e-01 0.98199999999999999995
1  5.50e+02  0.5541688695  5.449879e-01 0.98199999999999999995
1  5.75e+02  0.5553809079  5.449879e-01 0.98199999999999999995
1  6.03e+02  0.5547169068  5.449879e-01 0.98199999999999999995
1  6.31e+02  0.5535139266  5.449879e-01 0.98199999999999999995
1  6.61e+02  0.5550882701  5.449879e-01 0.98199999999999999995
1  6.92e+02  0.5561258486  5.449879e-01 0.98199999999999999995
1  7.24e+02  0.5558534048  5.449879e-01 0.98199999999999999995
1  7.59e+02  0.5524131525  5.449879e-01 0.98199999999999999995
1  7.94e+02  0.5559461336  5.449879e-01 0.98199999999999999995
1  8.32e+02  0.5554229548  5.449879e-01 0.98199999999999999995
1  8.71e+02  0.5551456154  5.449879e-01 0.98199999999999999995
1  9.12e+02  0.5548537576  5.449879e-01 0.98199999999999999995
1  9.55e+02  0.5534052157  5.449879e-01 0.98199999999999999995
1  1.00e+03  0.5545697107  5.449879e-01 0.98199999999999999995
1  1.05e+03  0.5571922132  5.449879e-01 0.98199999999999999995
1  1.10e+03  0.5505979928  5.449879e-01 0.98199999999999999995
1  1.15e+03  0.5519893887  5.449879e-01 0.98199999999999999995
1  1.20e+03  0.5451508778  5.449879e-01 0.98199999999999999995
1  1.26e+03  0.5527117766  5.449879e-01 0.98199999999999999995
1  1.32e+03  0.5558644021  5.449879e-01 0.98199999999999999995
1  1.38e+03  0.5627874403  5.449879e-01 0.98199999999999999995
1  1.45e+03  0.5518751122  5.449879e-01 0.98199999999999999995
1  1.51e+03  0.5547282645  5.449879e-01 0.98199999999999999995
1  1.58e+03  0.528461531  5.449879e-01 0.98199999999999999995
1  1.66e+03  0.5241650002  5.449879e-01 0.98199999999999999995
1  1.74e+03  0.5373992769  5.449879e-01 0.98199999999999999995
1  1.82e+03  0.5735545147  5.449879e-01 0.98199999999999999995
1  1.91e+03  0.5607427142  5.449879e-01 0.98199999999999999995
1  2.00e+03  0.5919653922  5.449879e-01 0.98199999999999999995
1  2.09e+03  0.5550448883  5.449879e-01 0.98199999999999999995
1  2.19e+03  0.5380476541  5.449879e-01 0.98199999999999999995
1  2.29e+03  0.5208959701  5.449879e-01 0.98199999999999999995
1  2.40e+03  0.4888007767  5.449879e-01 0.98199999999999999995
1  2.51e+03  0.5061030277  5.449879e-01 0.98199999999999999995
1  2.63e+03  0.5535322612  5.449879e-01 0.98199999999999999995
1  2.75e+03  0.4368364385  5.449879e-01 0.98199999999999999995
1  2.88e+03  0.5370526517  5.449879e-01 0.98199999999999999995
1  3.02e+03  0.5348566217  5.449879e-01 0.98199999999999999995
1  3.16e+03  0.472373002  5.449879e-01 0.98199999999999999995
1  3.31e+03  0.4641104552  5.449879e-01 0.98199999999999999995
1  3.47e+03  0.4898842674  5.449879e-01 0.98199999999999999995
1  3.63e+03  0.5615643406  5.449879e-01 0.98199999999999999995
1  3.80e+03  0.6504043397  5.449879e-01 0.98199999999999999995
1  3.98e+03  0.5675432789  5.449879e-01 0.98199999999999999995
1  4.17e+03  0.5901253967  5.449879e-01 0.98199999999999999995
1  4.37e+03  0.6226311589  5.449879e-01 0.98199999999999999995
1  4.57e+03  0.6250935356  5.449879e-01 0.98199999999999999995
1  4.79e+03  0.5606833727  5.449879e-01 0.98199999999999999995
1  5.01e+03  0.6408663573  5.449879e-01 0.98199999999999999995
1  5.25e+03  0.6585481838  5.449879e-01 0.98199999999999999995
1  5.50e+03  0.6435590899  5.449879e-01 0.98199999999999999995
1  5.75e+03  0.6044381029  5.449879e-01 0.98199999999999999995
1  6.03e+03  0.6319044181  5.449879e-01 0.98199999999999999995
1  6.31e+03  0.6785902355  5.449879e-01 0.98199999999999999995
1  6.61e+03  0.6075981189  5.449879e-01 0.98199999999999999995
1  6.92e+03  0.4189523292  5.449879e-01 0.98199999999999999995
1  7.24e+03  0.4718969701  5.449879e-01 0.98199999999999999995
1  7.59e+03  0.6353578856  5.449879e-01 0.98199999999999999995
1  7.94e+03  0.3243251151  5.449879e-01 0.98199999999999999995
1  8.32e+03  0.6439436791  5.449879e-01 0.98199999999999999995
1  8.71e+03  0.2936445122  5.449879e-01 0.98199999999999999995
1  9.12e+03  0.563313151  5.449879e-01 0.98199999999999999995
1  9.55e+03  0.4772617601  5.449879e-01 0.98199999999999999995
1  1.00e+04  0.2779617221  5.449879e-01 0.98199999999999999995
1  1.05e+04  0.4849536519  5.449879e-01 0.98199999999999999995
1  1.10e+04  0.563216293  5.449879e-01 0.98199999999999999995
1  1.15e+04  0.5249421864  5.449879e-01 0.98199999999999999995
1  1.20e+04  0.3312867163  5.449879e-01 0.98199999999999999995
1  1.26e+04  0.2568974943  5.449879e-01 0.98199999999999999995
1  1.32e+04  0.2341151925  5.449879e-01 0.98199999999999999995
1  1.38e+04  0.21277315  5.449879e-01 0.98199999999999999995
1  1.45e+04  0.2324707178  5.449879e-01 0.98199999999999999995
1  1.51e+04  0.2023155062  5.449879e-01 0.98199999999999999995
1  1.58e+04  0.3419575046  5.449879e-01 0.98199999999999999995
1  1.66e+04  0.3878698422  5.449879e-01 0.98199999999999999995
1  1.74e+04  0.5523408006  5.449879e-01 0.98199999999999999995
1  1.82e+04  0.4657347392  5.449879e-01 0.98199999999999999995
1  1.91e+04  0.2517975372  5.449879e-01 0.98199999999999999995
1  2.00e+04  0.1905760211  5.449879e-01 0.98199999999999999995
1  2.09e+04  0.5168483453  5.449879e-01 0.98199999999999999995
1  2.19e+04  0.4548956557  5.449879e-01 0.98199999999999999995
1  2.29e+04  0.07423939205  5.449879e-01 0.98199999999999999995
1  2.40e+04  0.5366623558  5.449879e-01 0.98199999999999999995
1  2.51e+04  0.3664260826  5.449879e-01 0.98199999999999999995
1  2.63e+04  0.1092832567  5.449879e-01 0.98199999999999999995
1  2.75e+04  0.5100523589  5.449879e-01 0.98199999999999999995
1  2.88e+04  0.08569137109  5.449879e-01 0.98199999999999999995
1  3.02e+04  0.5447774678  5.449879e-01 0.98199999999999999995
1  3.16e+04  0.07675746105  5.449879e-01 0.98199999999999999995
1  3.31e+04  0.5303765592  5.449879e-01 0.98199999999999999995
1  3.47e+04  0.04467323205  5.449879e-01 0.98199999999999999995
1  3.63e+04  0.5186886624  5.449879e-01 0.98199999999999999995
1  3.80e+04  0.1449431733  5.449879e-01 0.98199999999999999995
1  3.98e+04  0.3956522388  5.449879e-01 0.98199999999999999995
1  4.17e+04  0.2809120333  5.449879e-01 0.98199999999999999995
1  4.37e+04  0.1525205629  5.449879e-01 0.98199999999999999995
1  4.57e+04  0.5510535729  5.449879e-01 0.98199999999999999995
1  4.79e+04  0.2045449236  5.449879e-01 0.98199999999999999995
1  5.01e+04  0.1673275618  5.449879e-01 0.98199999999999999995
1  5.25e+04  0.5665236772  5.449879e-01 0.98199999999999999995
1  5.50e+04  0.2183631185  5.449879e-01 0.98199999999999999995
1  5.75e+04  0.1223797915  5.449879e-01 0.98199999999999999995
1  6.03e+04  0.5447102514  5.449879e-01 0.98199999999999999995
1  6.31e+04  0.2765925302  5.449879e-01 0.98199999999999999995
1  6.61e+04  0.08364191159  5.449879e-01 0.98199999999999999995
1  6.92e+04  0.4391462331  5.449879e-01 0.98199999999999999995
1  7.24e+04  0.5391284148  5.449879e-01 0.98199999999999999995
1  7.59e+04  0.2982451611  5.449879e-01 0.98199999999999999995
1  7.94e+04  0.2007683325  5.449879e-01 0.98199999999999999995
1  8.32e+04  0.3527070965  5.449879e-01 0.98199999999999999995
1  8.71e+04  0.5349492683  5.449879e-01 0.98199999999999999995
1  9.12e+04  0.5288264731  5.449879e-01 0.98199999999999999995
1  9.55e+04  0.3340064226  5.449879e-01 0.98199999999999999995
1  1.00e+05  0.1878291486  5.449879e-01 0.98199999999999999995
1  1.05e+05  0.2754370109  5.449879e-01 0.98199999999999999995
1  1.10e+05  0.4859808601  5.449879e-01 0.98199999999999999995
1  1.15e+05  0.563543098  5.449879e-01 0.98199999999999999995
1  1.20e+05  0.424163695  5.449879e-01 0.98199999999999999995
1  1.26e+05  0.2260637891  5.449879e-01 0.98199999999999999995
1  1.32e+05  0.1662216567  5.449879e-01 0.98199999999999999995
1  1.38e+05  0.2841805897  5.449879e-01 0.98199999999999999995
1  1.45e+05  0.4611574559  5.449879e-01 0.98199999999999999995
1  1.51e+05  0.5551192634  5.449879e-01 0.98199999999999999995
1  1.58e+05  0.5149984878  5.449879e-01 0.98199999999999999995
1  1.66e+05  0.3926535844  5.449879e-01 0.98199999999999999995
1  1.74e+05  0.2804347272  5.449879e-01 0.98199999999999999995
1  1.82e+05  0.2435126599  5.449879e-01 0.98199999999999999995
1  1.91e+05  0.291151902  5.449879e-01 0.98199999999999999995
1  2.00e+05  0.3886156928  5.449879e-01 0.98199999999999999995
1  2.09e+05  0.4873344031  5.449879e-01 0.98199999999999999995
1  2.19e+05  0.5508473808  5.449879e-01 0.98199999999999999995
1  2.29e+05  0.5660013974  5.449879e-01 0.98199999999999999995
1  2.40e+05  0.5404754378  5.449879e-01 0.98199999999999999995
1  2.51e+05  0.4932560334  5.449879e-01 0.98199999999999999995
1  2.63e+05  0.4446361967  5.449879e-01 0.98199999999999999995
1  2.75e+05  0.4095372888  5.449879e-01 0.98199999999999999995
1  2.88e+05  0.3950234982  5.449879e-01 0.98199999999999999995
1  3.02e+05  0.4010443111  5.449879e-01 0.98199999999999999995
1  3.16e+05  0.4228331256  5.449879e-01 0.98199999999999999995
1  3.31e+05  0.4535978153  5.449879e-01 0.98199999999999999995
1  3.47e+05  0.4866733505  5.449879e-01 0.98199999999999999995
1  3.63e+05  0.5168284126  5.449879e-01 0.98199999999999999995
1  3.80e+05  0.5407743517  5.449879e-01 0.98199999999999999995
1  3.98e+05  0.5570967719  5.449879e-01 0.98199999999999999995
1  4.17e+05  0.5658637975  5.449879e-01 0.98199999999999999995
1  4.37e+05  0.568121776  5.449879e-01 0.98199999999999999995
1  4.57e+05  0.565418452  5.449879e-01 0.98199999999999999995
1  4.79e+05  0.559426116  5.449879e-01 0.98199999999999999995
1  5.01e+05  0.5516865946  5.449879e-01 0.98199999999999999995
1  5.25e+05  0.5434687878  5.449879e-01 0.98199999999999999995
1  5.50e+05  0.5357145784  5.449879e-01 0.98199999999999999995
1  5.75e+05  0.5290452795  5.449879e-01 0.98199999999999999995
1  6.03e+05  0.5238035637  5.449879e-01 0.98199999999999999995
1  6.31e+05  0.5201113967  5.449879e-01 0.98199999999999999995
1  6.61e+05  0.517975217  5.449879e-01 0.98199999999999999995
1  6.92e+05  0.5172248337  5.449879e-01 0.98199999999999999995
1  7.24e+05  0.5176154026  5.449879e-01 0.98199999999999999995
1  7.59e+05  0.518935828  5.449879e-01 0.98199999999999999995
1  7.94e+05  0.5209603218  5.449879e-01 0.98199999999999999995
1  8.32e+05  0.5234793418  5.449879e-01 0.98199999999999999995
1  8.71e+05  0.5263089283  5.449879e-01 0.98199999999999999995
1  9.12e+05  0.5292881008  5.449879e-01 0.98199999999999999995
1  9.55e+05  0.5323072454  5.449879e-01 0.98199999999999999995
1  1.00e+06  0.5352635811  5.449879e-01 0.98199999999999999995
1  1.05e+06  0.5380873982  5.449879e-01 0.98199999999999999995
1  1.10e+06  0.5407308215  5.449879e-01 0.98199999999999999995
1  1.15e+06  0.5431639805  5.449879e-01 0.98199999999999999995
1  1.20e+06  0.5453713591  5.449879e-01 0.98199999999999999995
1  1.26e+06  0.5473485027  5.449879e-01 0.98199999999999999995
1  1.32e+06  0.5490991696  5.449879e-01 0.98199999999999999995
1  1.38e+06  0.5506329475  5.449879e-01 0.98199999999999999995
1  1.45e+06  0.5519633166  5.449879e-01 0.98199999999999999995
1  1.51e+06  0.5531061193  5.449879e-01 0.98199999999999999995
1  1.58e+06  0.5540783833  5.449879e-01 0.98199999999999999995
1  1.66e+06  0.5548974435  5.449879e-01 0.98199999999999999995
1  1.74e+06  0.5555803089  5.449879e-01 0.98199999999999999995
1  1.82e+06  0.5561416972  5.449879e-01 0.98199999999999999995
1  1.91e+06  0.5566000063  5.449879e-01 0.98199999999999999995
1  2.00e+06  0.5569675526  5.449879e-01 0.98199999999999999995
1  2.09e+06  0.5572570495  5.449879e-01 0.98199999999999999995
1  2.19e+06  0.557479915  5.449879e-01 0.98199999999999999995
1  2.29e+06  0.5576463058  5.449879e-01 0.98199999999999999995
1  2.40e+06  0.5577651806  5.449879e-01 0.98199999999999999995
1  2.51e+06  0.5578443825  5.449879e-01 0.98199999999999999995
1  2.63e+06  0.5578907314  5.449879e-01 0.98199999999999999995
1  2.75e+06  0.5579101205  5.449879e-01 0.98199999999999999995
1  2.88e+06  0.5579076121  5.449879e-01 0.98199999999999999995
1  3.02e+06  0.5578875304  5.449879e-01 0.98199999999999999995
1  3.16e+06  0.5578535487  5.449879e-01 0.98199999999999999995
1  3.31e+06  0.5578087704  5.449879e-01 0.98199999999999999995
1  3.47e+06  0.5577558022  5.449879e-01 0.98199999999999999995
1  3.63e+06  0.557696424  5.449879e-01 0.98199999999999999995
1  3.80e+06  0.5576332703  5.449879e-01 0.98199999999999999995
1  3.98e+06  0.5575673966  5.449879e-01 0.98199999999999999995
1  4.17e+06  0.557500021  5.449879e-01 0.98199999999999999995
1  4.37e+06  0.5574321311  5.449879e-01 0.98199999999999999995
1  4.57e+06  0.5573645193  5.449879e-01 0.98199999999999999995
1  4.79e+06  0.5572978133  5.449879e-01 0.98199999999999999995
1  5.01e+06  0.5572325032  5.449879e-01 0.98199999999999999995
1  5.25e+06  0.5571689633  5.449879e-01 0.98199999999999999995
1  5.50e+06  0.5571074726  5.449879e-01 0.98199999999999999995
1  5.75e+06  0.5570482306  5.449879e-01 0.98199999999999999995
1  6.03e+06  0.5569913718  5.449879e-01 0.98199999999999999995
1  6.31e+06  0.5569369776  5.449879e-01 0.98199999999999999995
1  6.61e+06  0.5568850865  5.449879e-01 0.98199999999999999995
1  6.92e+06  0.5568357024  5.449879e-01 0.98199999999999999995
1  7.24e+06  0.5567886952  5.449879e-01 0.98199999999999999995
1  7.59e+06  0.5567442427  5.449879e-01 0.98199999999999999995
1  7.94e+06  0.5567021672  5.449879e-01 0.98199999999999999995
1  8.32e+06  0.5566623953  5.449879e-01 0.98199999999999999995
1  8.71e+06  0.5566248445  5.449879e-01 0.98199999999999999995
1  9.12e+06  0.5565894263  5.449879e-01 0.98199999999999999995
1  9.55e+06  0.5565560484  5.449879e-01 0.98199999999999999995
1  1.00e+07  0.5565246162  5.449879e-01 0.98199999999999999995
