1  1.00e-03  0.2763643712 67011.296 1.01600000000000000001
1  1.05e-03  0.2763643701 67011.296 1.01600000000000000001
1  1.10e-03  0.2763643686 67011.296 1.01600000000000000001
1  1.15e-03  0.2763643741 67011.296 1.01600000000000000001
1  1.20e-03  0.2763643715 67011.296 1.01600000000000000001
1  1.26e-03  0.2763643717 67011.296 1.01600000000000000001
1  1.32e-03  0.2763643745 67011.296 1.01600000000000000001
1  1.38e-03  0.2763643727 67011.296 1.01600000000000000001
1  1.45e-03  0.2763643704 67011.296 1.01600000000000000001
1  1.51e-03  0.2763643689 67011.296 1.01600000000000000001
1  1.58e-03  0.276364368 67011.296 1.01600000000000000001
1  1.66e-03  0.2763643682 67011.296 1.01600000000000000001
1  1.74e-03  0.2763643694 67011.296 1.01600000000000000001
1  1.82e-03  0.2763643702 67011.296 1.01600000000000000001
1  1.91e-03  0.2763643681 67011.296 1.01600000000000000001
1  2.00e-03  0.2763643698 67011.296 1.01600000000000000001
1  2.09e-03  0.2763643746 67011.296 1.01600000000000000001
1  2.19e-03  0.276364373 67011.296 1.01600000000000000001
1  2.29e-03  0.2763643748 67011.296 1.01600000000000000001
1  2.40e-03  0.2763643728 67011.296 1.01600000000000000001
1  2.51e-03  0.2763643728 67011.296 1.01600000000000000001
1  2.63e-03  0.2763643865 67011.296 1.01600000000000000001
1  2.75e-03  0.2763644041 67011.296 1.01600000000000000001
1  2.88e-03  0.2763643758 67011.296 1.01600000000000000001
1  3.02e-03  0.2763643774 67011.296 1.01600000000000000001
1  3.16e-03  0.2763643752 67011.296 1.01600000000000000001
1  3.31e-03  0.276364375 67011.296 1.01600000000000000001
1  3.47e-03  0.2763643762 67011.296 1.01600000000000000001
1  3.63e-03  0.2763643722 67011.296 1.01600000000000000001
1  3.80e-03  0.2763643741 67011.296 1.01600000000000000001
1  3.98e-03  0.2763643713 67011.296 1.01600000000000000001
1  4.17e-03  0.2763643752 67011.296 1.01600000000000000001
1  4.37e-03  0.2763643695 67011.296 1.01600000000000000001
1  4.57e-03  0.2763643698 67011.296 1.01600000000000000001
1  4.79e-03  0.2763643741 67011.296 1.01600000000000000001
1  5.01e-03  0.2763643729 67011.296 1.01600000000000000001
1  5.25e-03  0.2763643706 67011.296 1.01600000000000000001
1  5.50e-03  0.2763643747 67011.296 1.01600000000000000001
1  5.75e-03  0.2763643756 67011.296 1.01600000000000000001
1  6.03e-03  0.2763643722 67011.296 1.01600000000000000001
1  6.31e-03  0.2763643768 67011.296 1.01600000000000000001
1  6.61e-03  0.2763643723 67011.296 1.01600000000000000001
1  6.92e-03  0.2763643755 67011.296 1.01600000000000000001
1  7.24e-03  0.2763643757 67011.296 1.01600000000000000001
1  7.59e-03  0.2763643724 67011.296 1.01600000000000000001
1  7.94e-03  0.2763643783 67011.296 1.01600000000000000001
1  8.32e-03  0.2763643694 67011.296 1.01600000000000000001
1  8.71e-03  0.2763643732 67011.296 1.01600000000000000001
1  9.12e-03  0.2763643731 67011.296 1.01600000000000000001
1  9.55e-03  0.2763643736 67011.296 1.01600000000000000001
1  1.00e-02  0.2763643667 67011.296 1.01600000000000000001
1  1.05e-02  0.2763643757 67011.296 1.01600000000000000001
1  1.10e-02  0.2763643749 67011.296 1.01600000000000000001
1  1.15e-02  0.2763643746 67011.296 1.01600000000000000001
1  1.20e-02  0.2763643745 67011.296 1.01600000000000000001
1  1.26e-02  0.2763643699 67011.296 1.01600000000000000001
1  1.32e-02  0.276364366 67011.296 1.01600000000000000001
1  1.38e-02  0.2763643724 67011.296 1.01600000000000000001
1  1.45e-02  0.276364376 67011.296 1.01600000000000000001
1  1.51e-02  0.2763643788 67011.296 1.01600000000000000001
1  1.58e-02  0.2763643732 67011.296 1.01600000000000000001
1  1.66e-02  0.2763643694 67011.296 1.01600000000000000001
1  1.74e-02  0.2763643807 67011.296 1.01600000000000000001
1  1.82e-02  0.2763643689 67011.296 1.01600000000000000001
1  1.91e-02  0.2763643858 67011.296 1.01600000000000000001
1  2.00e-02  0.2763643787 67011.296 1.01600000000000000001
1  2.09e-02  0.2763643742 67011.296 1.01600000000000000001
1  2.19e-02  0.2763643747 67011.296 1.01600000000000000001
1  2.29e-02  0.2763643711 67011.296 1.01600000000000000001
1  2.40e-02  0.276364389 67011.296 1.01600000000000000001
1  2.51e-02  0.2763639888 67011.296 1.01600000000000000001
1  2.63e-02  0.2763640972 67011.296 1.01600000000000000001
1  2.75e-02  0.2763643488 67011.296 1.01600000000000000001
1  2.88e-02  0.2763643811 67011.296 1.01600000000000000001
1  3.02e-02  0.2763644181 67011.296 1.01600000000000000001
1  3.16e-02  0.276364307 67011.296 1.01600000000000000001
1  3.31e-02  0.2763643645 67011.296 1.01600000000000000001
1  3.47e-02  0.2763643687 67011.296 1.01600000000000000001
1  3.63e-02  0.2763643918 67011.296 1.01600000000000000001
1  3.80e-02  0.2763643607 67011.296 1.01600000000000000001
1  3.98e-02  0.2763644142 67011.296 1.01600000000000000001
1  4.17e-02  0.27636428 67011.296 1.01600000000000000001
1  4.37e-02  0.2763643396 67011.296 1.01600000000000000001
1  4.57e-02  0.2763643103 67011.296 1.01600000000000000001
1  4.79e-02  0.2763643446 67011.296 1.01600000000000000001
1  5.01e-02  0.2763643391 67011.296 1.01600000000000000001
1  5.25e-02  0.2763643448 67011.296 1.01600000000000000001
1  5.50e-02  0.2763643349 67011.296 1.01600000000000000001
1  5.75e-02  0.2763643491 67011.296 1.01600000000000000001
1  6.03e-02  0.2763643993 67011.296 1.01600000000000000001
1  6.31e-02  0.2763643238 67011.296 1.01600000000000000001
1  6.61e-02  0.2763643568 67011.296 1.01600000000000000001
1  6.92e-02  0.2763795954 67011.296 1.01600000000000000001
1  7.24e-02  0.2763641941 67011.296 1.01600000000000000001
1  7.59e-02  0.2763532335 67011.296 1.01600000000000000001
1  7.94e-02  0.2763643695 67011.296 1.01600000000000000001
1  8.32e-02  0.2763647198 67011.296 1.01600000000000000001
1  8.71e-02  0.2763643286 67011.296 1.01600000000000000001
1  9.12e-02  0.276364383 67011.296 1.01600000000000000001
1  9.55e-02  0.2763643605 67011.296 1.01600000000000000001
1  1.00e-01  0.2763643607 67011.296 1.01600000000000000001
1  1.05e-01  0.2763643546 67011.296 1.01600000000000000001
1  1.10e-01  0.2763643542 67011.296 1.01600000000000000001
1  1.15e-01  0.2763643678 67011.296 1.01600000000000000001
1  1.20e-01  0.2763644505 67011.296 1.01600000000000000001
1  1.26e-01  0.2763643464 67011.296 1.01600000000000000001
1  1.32e-01  0.2763643692 67011.296 1.01600000000000000001
1  1.38e-01  0.276364303 67011.296 1.01600000000000000001
1  1.45e-01  0.2763644551 67011.296 1.01600000000000000001
1  1.51e-01  0.2763643901 67011.296 1.01600000000000000001
1  1.58e-01  0.276364436 67011.296 1.01600000000000000001
1  1.66e-01  0.2763644261 67011.296 1.01600000000000000001
1  1.74e-01  0.2763643246 67011.296 1.01600000000000000001
1  1.82e-01  0.2763643644 67011.296 1.01600000000000000001
1  1.91e-01  0.2763643629 67011.296 1.01600000000000000001
1  2.00e-01  0.2763643714 67011.296 1.01600000000000000001
1  2.09e-01  0.2763649095 67011.296 1.01600000000000000001
1  2.19e-01  0.2763644838 67011.296 1.01600000000000000001
1  2.29e-01  0.276364349 67011.296 1.01600000000000000001
1  2.40e-01  0.276364403 67011.296 1.01600000000000000001
1  2.51e-01  0.2763644592 67011.296 1.01600000000000000001
1  2.63e-01  0.276364409 67011.296 1.01600000000000000001
1  2.75e-01  0.2763639967 67011.296 1.01600000000000000001
1  2.88e-01  0.2763643715 67011.296 1.01600000000000000001
1  3.02e-01  0.2763643611 67011.296 1.01600000000000000001
1  3.16e-01  0.2763642319 67011.296 1.01600000000000000001
1  3.31e-01  0.2763645223 67011.296 1.01600000000000000001
1  3.47e-01  0.2763645364 67011.296 1.01600000000000000001
1  3.63e-01  0.2763644364 67011.296 1.01600000000000000001
1  3.80e-01  0.2763645465 67011.296 1.01600000000000000001
1  3.98e-01  0.2763646428 67011.296 1.01600000000000000001
1  4.17e-01  0.2763644449 67011.296 1.01600000000000000001
1  4.37e-01  0.2763646128 67011.296 1.01600000000000000001
1  4.57e-01  0.2763644029 67011.296 1.01600000000000000001
1  4.79e-01  0.2763643843 67011.296 1.01600000000000000001
1  5.01e-01  0.2763644975 67011.296 1.01600000000000000001
1  5.25e-01  0.2763653876 67011.296 1.01600000000000000001
1  5.50e-01  0.2763647414 67011.296 1.01600000000000000001
1  5.75e-01  0.2763644308 67011.296 1.01600000000000000001
1  6.03e-01  0.2763645646 67011.296 1.01600000000000000001
1  6.31e-01  0.2763644742 67011.296 1.01600000000000000001
1  6.61e-01  0.2763644785 67011.296 1.01600000000000000001
1  6.92e-01  0.27636435 67011.296 1.01600000000000000001
1  7.24e-01  0.2763663795 67011.296 1.01600000000000000001
1  7.59e-01  0.276364657 67011.296 1.01600000000000000001
1  7.94e-01  0.2763630418 67011.296 1.01600000000000000001
1  8.32e-01  0.2763649013 67011.296 1.01600000000000000001
1  8.71e-01  0.2763643373 67011.296 1.01600000000000000001
1  9.12e-01  0.2763647566 67011.296 1.01600000000000000001
1  9.55e-01  0.2763643446 67011.296 1.01600000000000000001
1  1.00e+00  0.2763649952 67011.296 1.01600000000000000001
1  1.05e+00  0.2763648736 67011.296 1.01600000000000000001
1  1.10e+00  0.2763653194 67011.296 1.01600000000000000001
1  1.15e+00  0.2763644222 67011.296 1.01600000000000000001
1  1.20e+00  0.2763647484 67011.296 1.01600000000000000001
1  1.26e+00  0.2763681379 67011.296 1.01600000000000000001
1  1.32e+00  0.2763652577 67011.296 1.01600000000000000001
1  1.38e+00  0.2763645589 67011.296 1.01600000000000000001
1  1.45e+00  0.276365381 67011.296 1.01600000000000000001
1  1.51e+00  0.2763643857 67011.296 1.01600000000000000001
1  1.58e+00  0.2763624427 67011.296 1.01600000000000000001
1  1.66e+00  0.2763644619 67011.296 1.01600000000000000001
1  1.74e+00  0.2763645138 67011.296 1.01600000000000000001
1  1.82e+00  0.2763646492 67011.296 1.01600000000000000001
1  1.91e+00  0.276365283 67011.296 1.01600000000000000001
1  2.00e+00  0.2763644276 67011.296 1.01600000000000000001
1  2.09e+00  0.2763657209 67011.296 1.01600000000000000001
1  2.19e+00  0.2763640634 67011.296 1.01600000000000000001
1  2.29e+00  0.2763561137 67011.296 1.01600000000000000001
1  2.40e+00  0.2763682152 67011.296 1.01600000000000000001
1  2.51e+00  0.2763644896 67011.296 1.01600000000000000001
1  2.63e+00  0.2763651408 67011.296 1.01600000000000000001
1  2.75e+00  0.2763648824 67011.296 1.01600000000000000001
1  2.88e+00  0.2763665937 67011.296 1.01600000000000000001
1  3.02e+00  0.2763682367 67011.296 1.01600000000000000001
1  3.16e+00  0.2763666465 67011.296 1.01600000000000000001
1  3.31e+00  0.2763753739 67011.296 1.01600000000000000001
1  3.47e+00  0.2763667278 67011.296 1.01600000000000000001
1  3.63e+00  0.2763664194 67011.296 1.01600000000000000001
1  3.80e+00  0.2763668914 67011.296 1.01600000000000000001
1  3.98e+00  0.2763729916 67011.296 1.01600000000000000001
1  4.17e+00  0.2763668907 67011.296 1.01600000000000000001
1  4.37e+00  0.2763669994 67011.296 1.01600000000000000001
1  4.57e+00  0.2763665717 67011.296 1.01600000000000000001
1  4.79e+00  0.2763642465 67011.296 1.01600000000000000001
1  5.01e+00  0.2763646524 67011.296 1.01600000000000000001
1  5.25e+00  0.2763658481 67011.296 1.01600000000000000001
1  5.50e+00  0.2763682296 67011.296 1.01600000000000000001
1  5.75e+00  0.276368571 67011.296 1.01600000000000000001
1  6.03e+00  0.2763697714 67011.296 1.01600000000000000001
1  6.31e+00  0.2763668218 67011.296 1.01600000000000000001
1  6.61e+00  0.2763625937 67011.296 1.01600000000000000001
1  6.92e+00  0.27636973 67011.296 1.01600000000000000001
1  7.24e+00  0.2763690123 67011.296 1.01600000000000000001
1  7.59e+00  0.2763794932 67011.296 1.01600000000000000001
1  7.94e+00  0.2763863328 67011.296 1.01600000000000000001
1  8.32e+00  0.276365815 67011.296 1.01600000000000000001
1  8.71e+00  0.2763520338 67011.296 1.01600000000000000001
1  9.12e+00  0.2763765936 67011.296 1.01600000000000000001
1  9.55e+00  0.2763670891 67011.296 1.01600000000000000001
1  1.00e+01  0.2763621913 67011.296 1.01600000000000000001
1  1.05e+01  0.2763659609 67011.296 1.01600000000000000001
1  1.10e+01  0.2763727261 67011.296 1.01600000000000000001
1  1.15e+01  0.2763722524 67011.296 1.01600000000000000001
1  1.20e+01  0.276365809 67011.296 1.01600000000000000001
1  1.26e+01  0.2763732237 67011.296 1.01600000000000000001
1  1.32e+01  0.2763656683 67011.296 1.01600000000000000001
1  1.38e+01  0.276369626 67011.296 1.01600000000000000001
1  1.45e+01  0.2763730689 67011.296 1.01600000000000000001
1  1.51e+01  0.2763549206 67011.296 1.01600000000000000001
1  1.58e+01  0.2763646599 67011.296 1.01600000000000000001
1  1.66e+01  0.276370001 67011.296 1.01600000000000000001
1  1.74e+01  0.2763802435 67011.296 1.01600000000000000001
1  1.82e+01  0.2763756777 67011.296 1.01600000000000000001
1  1.91e+01  0.2763654331 67011.296 1.01600000000000000001
1  2.00e+01  0.2763909673 67011.296 1.01600000000000000001
1  2.09e+01  0.2764633283 67011.296 1.01600000000000000001
1  2.19e+01  0.276311359 67011.296 1.01600000000000000001
1  2.29e+01  0.2763544172 67011.296 1.01600000000000000001
1  2.40e+01  0.2762346881 67011.296 1.01600000000000000001
1  2.51e+01  0.27646334 67011.296 1.01600000000000000001
1  2.63e+01  0.2762972529 67011.296 1.01600000000000000001
1  2.75e+01  0.2764034682 67011.296 1.01600000000000000001
1  2.88e+01  0.2763934143 67011.296 1.01600000000000000001
1  3.02e+01  0.2763536179 67011.296 1.01600000000000000001
1  3.16e+01  0.2763061767 67011.296 1.01600000000000000001
1  3.31e+01  0.2762462515 67011.296 1.01600000000000000001
1  3.47e+01  0.2763580626 67011.296 1.01600000000000000001
1  3.63e+01  0.2763870917 67011.296 1.01600000000000000001
1  3.80e+01  0.2764339387 67011.296 1.01600000000000000001
1  3.98e+01  0.2764057051 67011.296 1.01600000000000000001
1  4.17e+01  0.2762916776 67011.296 1.01600000000000000001
1  4.37e+01  0.2764176254 67011.296 1.01600000000000000001
1  4.57e+01  0.2764711026 67011.296 1.01600000000000000001
1  4.79e+01  0.2763754016 67011.296 1.01600000000000000001
1  5.01e+01  0.2764048434 67011.296 1.01600000000000000001
1  5.25e+01  0.2762745267 67011.296 1.01600000000000000001
1  5.50e+01  0.2765301064 67011.296 1.01600000000000000001
1  5.75e+01  0.276286446 67011.296 1.01600000000000000001
1  6.03e+01  0.2764132968 67011.296 1.01600000000000000001
1  6.31e+01  0.2763793568 67011.296 1.01600000000000000001
1  6.61e+01  0.2763949931 67011.296 1.01600000000000000001
1  6.92e+01  0.2764486861 67011.296 1.01600000000000000001
1  7.24e+01  0.276417601 67011.296 1.01600000000000000001
1  7.59e+01  0.2763642893 67011.296 1.01600000000000000001
1  7.94e+01  0.2764245324 67011.296 1.01600000000000000001
1  8.32e+01  0.2764674055 67011.296 1.01600000000000000001
1  8.71e+01  0.2765077124 67011.296 1.01600000000000000001
1  9.12e+01  0.2764620164 67011.296 1.01600000000000000001
1  9.55e+01  0.2763614473 67011.296 1.01600000000000000001
1  1.00e+02  0.2764619921 67011.296 1.01600000000000000001
1  1.05e+02  0.2763585473 67011.296 1.01600000000000000001
1  1.10e+02  0.2763469875 67011.296 1.01600000000000000001
1  1.15e+02  0.2764398164 67011.296 1.01600000000000000001
1  1.20e+02  0.2763007943 67011.296 1.01600000000000000001
1  1.26e+02  0.2764288943 67011.296 1.01600000000000000001
1  1.32e+02  0.2763667623 67011.296 1.01600000000000000001
1  1.38e+02  0.2764335919 67011.296 1.01600000000000000001
1  1.45e+02  0.2765080649 67011.296 1.01600000000000000001
1  1.51e+02  0.2764373082 67011.296 1.01600000000000000001
1  1.58e+02  0.2763627542 67011.296 1.01600000000000000001
1  1.66e+02  0.2764885419 67011.296 1.01600000000000000001
1  1.74e+02  0.2763905752 67011.296 1.01600000000000000001
1  1.82e+02  0.276510017 67011.296 1.01600000000000000001
1  1.91e+02  0.2764037687 67011.296 1.01600000000000000001
1  2.00e+02  0.2764216715 67011.296 1.01600000000000000001
1  2.09e+02  0.2763519722 67011.296 1.01600000000000000001
1  2.19e+02  0.2764345639 67011.296 1.01600000000000000001
1  2.29e+02  0.2765250497 67011.296 1.01600000000000000001
1  2.40e+02  0.2764905894 67011.296 1.01600000000000000001
1  2.51e+02  0.2763746129 67011.296 1.01600000000000000001
1  2.63e+02  0.2764628359 67011.296 1.01600000000000000001
1  2.75e+02  0.2765739968 67011.296 1.01600000000000000001
1  2.88e+02  0.276422147 67011.296 1.01600000000000000001
1  3.02e+02  0.2763735206 67011.296 1.01600000000000000001
1  3.16e+02  0.2764681647 67011.296 1.01600000000000000001
1  3.31e+02  0.2765817264 67011.296 1.01600000000000000001
1  3.47e+02  0.2765009921 67011.296 1.01600000000000000001
1  3.63e+02  0.2764808229 67011.296 1.01600000000000000001
1  3.80e+02  0.2766839552 67011.296 1.01600000000000000001
1  3.98e+02  0.2762836842 67011.296 1.01600000000000000001
1  4.17e+02  0.2765380525 67011.296 1.01600000000000000001
1  4.37e+02  0.2764313034 67011.296 1.01600000000000000001
1  4.57e+02  0.2764798183 67011.296 1.01600000000000000001
1  4.79e+02  0.2765205639 67011.296 1.01600000000000000001
1  5.01e+02  0.2766104602 67011.296 1.01600000000000000001
1  5.25e+02  0.2763851861 67011.296 1.01600000000000000001
1  5.50e+02  0.2767533197 67011.296 1.01600000000000000001
1  5.75e+02  0.276336066 67011.296 1.01600000000000000001
1  6.03e+02  0.2764756899 67011.296 1.01600000000000000001
1  6.31e+02  0.2766977713 67011.296 1.01600000000000000001
1  6.61e+02  0.2764779259 67011.296 1.01600000000000000001
1  6.92e+02  0.2768588715 67011.296 1.01600000000000000001
1  7.24e+02  0.2768406345 67011.296 1.01600000000000000001
1  7.59e+02  0.2764262965 67011.296 1.01600000000000000001
1  7.94e+02  0.2769564131 67011.296 1.01600000000000000001
1  8.32e+02  0.276383678 67011.296 1.01600000000000000001
1  8.71e+02  0.2763680481 67011.296 1.01600000000000000001
1  9.12e+02  0.2772685975 67011.296 1.01600000000000000001
1  9.55e+02  0.2764509372 67011.296 1.01600000000000000001
1  1.00e+03  0.2767185127 67011.296 1.01600000000000000001
1  1.05e+03  0.2764455368 67011.296 1.01600000000000000001
1  1.10e+03  0.2774382425 67011.296 1.01600000000000000001
1  1.15e+03  0.2772605545 67011.296 1.01600000000000000001
1  1.20e+03  0.2779039115 67011.296 1.01600000000000000001
1  1.26e+03  0.2764525768 67011.296 1.01600000000000000001
1  1.32e+03  0.2762433148 67011.296 1.01600000000000000001
1  1.38e+03  0.2763975936 67011.296 1.01600000000000000001
1  1.45e+03  0.2752837348 67011.296 1.01600000000000000001
1  1.51e+03  0.2798877669 67011.296 1.01600000000000000001
1  1.58e+03  0.2802987094 67011.296 1.01600000000000000001
1  1.66e+03  0.27841858 67011.296 1.01600000000000000001
1  1.74e+03  0.2783774822 67011.296 1.01600000000000000001
1  1.82e+03  0.2785717225 67011.296 1.01600000000000000001
1  1.91e+03  0.2715068453 67011.296 1.01600000000000000001
1  2.00e+03  0.2762930986 67011.296 1.01600000000000000001
1  2.09e+03  0.2708519268 67011.296 1.01600000000000000001
1  2.19e+03  0.2701035086 67011.296 1.01600000000000000001
1  2.29e+03  0.272522671 67011.296 1.01600000000000000001
1  2.40e+03  0.2731204764 67011.296 1.01600000000000000001
1  2.51e+03  0.2791252678 67011.296 1.01600000000000000001
1  2.63e+03  0.2949135032 67011.296 1.01600000000000000001
1  2.75e+03  0.2769881728 67011.296 1.01600000000000000001
1  2.88e+03  0.2975669676 67011.296 1.01600000000000000001
1  3.02e+03  0.2826750189 67011.296 1.01600000000000000001
1  3.16e+03  0.2721913306 67011.296 1.01600000000000000001
1  3.31e+03  0.270937979 67011.296 1.01600000000000000001
1  3.47e+03  0.2659193873 67011.296 1.01600000000000000001
1  3.63e+03  0.2639831849 67011.296 1.01600000000000000001
1  3.80e+03  0.2737220288 67011.296 1.01600000000000000001
1  3.98e+03  0.2797848684 67011.296 1.01600000000000000001
1  4.17e+03  0.2570949435 67011.296 1.01600000000000000001
1  4.37e+03  0.2771796291 67011.296 1.01600000000000000001
1  4.57e+03  0.2558415693 67011.296 1.01600000000000000001
1  4.79e+03  0.2706268624 67011.296 1.01600000000000000001
1  5.01e+03  0.2749261639 67011.296 1.01600000000000000001
1  5.25e+03  0.2633237124 67011.296 1.01600000000000000001
1  5.50e+03  0.2541652361 67011.296 1.01600000000000000001
1  5.75e+03  0.2578466898 67011.296 1.01600000000000000001
1  6.03e+03  0.2541130856 67011.296 1.01600000000000000001
1  6.31e+03  0.2644487649 67011.296 1.01600000000000000001
1  6.61e+03  0.2883186305 67011.296 1.01600000000000000001
1  6.92e+03  0.3064281008 67011.296 1.01600000000000000001
1  7.24e+03  0.2645896706 67011.296 1.01600000000000000001
1  7.59e+03  0.2847799502 67011.296 1.01600000000000000001
1  7.94e+03  0.3043403119 67011.296 1.01600000000000000001
1  8.32e+03  0.2695318529 67011.296 1.01600000000000000001
1  8.71e+03  0.3146437481 67011.296 1.01600000000000000001
1  9.12e+03  0.2943581583 67011.296 1.01600000000000000001
1  9.55e+03  0.27751623 67011.296 1.01600000000000000001
1  1.00e+04  0.320534318 67011.296 1.01600000000000000001
1  1.05e+04  0.3216492672 67011.296 1.01600000000000000001
1  1.10e+04  0.2708202963 67011.296 1.01600000000000000001
1  1.15e+04  0.2724704442 67011.296 1.01600000000000000001
1  1.20e+04  0.2930591713 67011.296 1.01600000000000000001
1  1.26e+04  0.3404480849 67011.296 1.01600000000000000001
1  1.32e+04  0.3286017886 67011.296 1.01600000000000000001
1  1.38e+04  0.3638385907 67011.296 1.01600000000000000001
1  1.45e+04  0.3313361321 67011.296 1.01600000000000000001
1  1.51e+04  0.3568134091 67011.296 1.01600000000000000001
1  1.58e+04  0.2930451264 67011.296 1.01600000000000000001
1  1.66e+04  0.2932520011 67011.296 1.01600000000000000001
1  1.74e+04  0.2743119985 67011.296 1.01600000000000000001
1  1.82e+04  0.3194382259 67011.296 1.01600000000000000001
1  1.91e+04  0.3878490823 67011.296 1.01600000000000000001
1  2.00e+04  0.3297621111 67011.296 1.01600000000000000001
1  2.09e+04  0.2712796089 67011.296 1.01600000000000000001
1  2.19e+04  0.3360413704 67011.296 1.01600000000000000001
1  2.29e+04  0.3820267581 67011.296 1.01600000000000000001
1  2.40e+04  0.2681307902 67011.296 1.01600000000000000001
1  2.51e+04  0.3629261726 67011.296 1.01600000000000000001
1  2.63e+04  0.3556062898 67011.296 1.01600000000000000001
1  2.75e+04  0.326886669 67011.296 1.01600000000000000001
1  2.88e+04  0.3721042277 67011.296 1.01600000000000000001
1  3.02e+04  0.2834080287 67011.296 1.01600000000000000001
1  3.16e+04  0.4164211482 67011.296 1.01600000000000000001
1  3.31e+04  0.278338636 67011.296 1.01600000000000000001
1  3.47e+04  0.3921130007 67011.296 1.01600000000000000001
1  3.63e+04  0.3279456137 67011.296 1.01600000000000000001
1  3.80e+04  0.3424709275 67011.296 1.01600000000000000001
1  3.98e+04  0.3666209815 67011.296 1.01600000000000000001
1  4.17e+04  0.3006923496 67011.296 1.01600000000000000001
1  4.37e+04  0.4177429534 67011.296 1.01600000000000000001
1  4.57e+04  0.2889506171 67011.296 1.01600000000000000001
1  4.79e+04  0.3248632202 67011.296 1.01600000000000000001
1  5.01e+04  0.4120732877 67011.296 1.01600000000000000001
1  5.25e+04  0.2968825701 67011.296 1.01600000000000000001
1  5.50e+04  0.3196145922 67011.296 1.01600000000000000001
1  5.75e+04  0.4220035487 67011.296 1.01600000000000000001
1  6.03e+04  0.3047282462 67011.296 1.01600000000000000001
1  6.31e+04  0.305133405 67011.296 1.01600000000000000001
1  6.61e+04  0.408590086 67011.296 1.01600000000000000001
1  6.92e+04  0.3516787035 67011.296 1.01600000000000000001
1  7.24e+04  0.2729914519 67011.296 1.01600000000000000001
1  7.59e+04  0.3087694487 67011.296 1.01600000000000000001
1  7.94e+04  0.3671094616 67011.296 1.01600000000000000001
1  8.32e+04  0.3616632639 67011.296 1.01600000000000000001
1  8.71e+04  0.3074575965 67011.296 1.01600000000000000001
1  9.12e+04  0.2722324809 67011.296 1.01600000000000000001
1  9.55e+04  0.3025351605 67011.296 1.01600000000000000001
1  1.00e+05  0.3640737606 67011.296 1.01600000000000000001
1  1.05e+05  0.3803118419 67011.296 1.01600000000000000001
1  1.10e+05  0.3322830161 67011.296 1.01600000000000000001
1  1.15e+05  0.2797675711 67011.296 1.01600000000000000001
1  1.20e+05  0.2825960432 67011.296 1.01600000000000000001
1  1.26e+05  0.3343336782 67011.296 1.01600000000000000001
1  1.32e+05  0.3802188664 67011.296 1.01600000000000000001
1  1.38e+05  0.3791980503 67011.296 1.01600000000000000001
1  1.45e+05  0.3374330167 67011.296 1.01600000000000000001
1  1.51e+05  0.2920446942 67011.296 1.01600000000000000001
1  1.58e+05  0.2749472891 67011.296 1.01600000000000000001
1  1.66e+05  0.291703753 67011.296 1.01600000000000000001
1  1.74e+05  0.3252000835 67011.296 1.01600000000000000001
1  1.82e+05  0.3525468045 67011.296 1.01600000000000000001
1  1.91e+05  0.3596611444 67011.296 1.01600000000000000001
1  2.00e+05  0.3459568163 67011.296 1.01600000000000000001
1  2.09e+05  0.3204896655 67011.296 1.01600000000000000001
1  2.19e+05  0.2949098831 67011.296 1.01600000000000000001
1  2.29e+05  0.2778284506 67011.296 1.01600000000000000001
1  2.40e+05  0.2725000026 67011.296 1.01600000000000000001
1  2.51e+05  0.2774131366 67011.296 1.01600000000000000001
1  2.63e+05  0.2883595687 67011.296 1.01600000000000000001
1  2.75e+05  0.3006226577 67011.296 1.01600000000000000001
1  2.88e+05  0.3104968446 67011.296 1.01600000000000000001
1  3.02e+05  0.3159366883 67011.296 1.01600000000000000001
1  3.16e+05  0.3165071257 67011.296 1.01600000000000000001
1  3.31e+05  0.3129418032 67011.296 1.01600000000000000001
1  3.47e+05  0.3065899151 67011.296 1.01600000000000000001
1  3.63e+05  0.298935232 67011.296 1.01600000000000000001
1  3.80e+05  0.2912694203 67011.296 1.01600000000000000001
1  3.98e+05  0.2845272492 67011.296 1.01600000000000000001
1  4.17e+05  0.2792506426 67011.296 1.01600000000000000001
1  4.37e+05  0.2756352612 67011.296 1.01600000000000000001
1  4.57e+05  0.27361691 67011.296 1.01600000000000000001
1  4.79e+05  0.2729662207 67011.296 1.01600000000000000001
1  5.01e+05  0.273372458 67011.296 1.01600000000000000001
1  5.25e+05  0.2745076421 67011.296 1.01600000000000000001
1  5.50e+05  0.2760693389 67011.296 1.01600000000000000001
1  5.75e+05  0.2778046086 67011.296 1.01600000000000000001
1  6.03e+05  0.2795194004 67011.296 1.01600000000000000001
1  6.31e+05  0.2810779622 67011.296 1.01600000000000000001
1  6.61e+05  0.2823946837 67011.296 1.01600000000000000001
1  6.92e+05  0.2834304035 67011.296 1.01600000000000000001
1  7.24e+05  0.2841749311 67011.296 1.01600000000000000001
1  7.59e+05  0.2846411996 67011.296 1.01600000000000000001
1  7.94e+05  0.2848566818 67011.296 1.01600000000000000001
1  8.32e+05  0.2848568559 67011.296 1.01600000000000000001
1  8.71e+05  0.2846802925 67011.296 1.01600000000000000001
1  9.12e+05  0.2843651923 67011.296 1.01600000000000000001
1  9.55e+05  0.2839471279 67011.296 1.01600000000000000001
1  1.00e+06  0.2834577307 67011.296 1.01600000000000000001
1  1.05e+06  0.2829240794 67011.296 1.01600000000000000001
1  1.10e+06  0.2823685828 67011.296 1.01600000000000000001
1  1.15e+06  0.2818090583 67011.296 1.01600000000000000001
1  1.20e+06  0.2812596501 67011.296 1.01600000000000000001
1  1.26e+06  0.2807305542 67011.296 1.01600000000000000001
1  1.32e+06  0.280229073 67011.296 1.01600000000000000001
1  1.38e+06  0.2797600092 67011.296 1.01600000000000000001
1  1.45e+06  0.2793261511 67011.296 1.01600000000000000001
1  1.51e+06  0.2789287053 67011.296 1.01600000000000000001
1  1.58e+06  0.2785676707 67011.296 1.01600000000000000001
1  1.66e+06  0.2782421528 67011.296 1.01600000000000000001
1  1.74e+06  0.2779506232 67011.296 1.01600000000000000001
1  1.82e+06  0.2776911286 67011.296 1.01600000000000000001
1  1.91e+06  0.2774614556 67011.296 1.01600000000000000001
1  2.00e+06  0.2772592585 67011.296 1.01600000000000000001
1  2.09e+06  0.2770821557 67011.296 1.01600000000000000001
1  2.19e+06  0.2769278003 67011.296 1.01600000000000000001
1  2.29e+06  0.2767938867 67011.296 1.01600000000000000001
1  2.40e+06  0.2766783629 67011.296 1.01600000000000000001
1  2.51e+06  0.2765791774 67011.296 1.01600000000000000001
1  2.63e+06  0.2764944779 67011.296 1.01600000000000000001
1  2.75e+06  0.2764225675 67011.296 1.01600000000000000001
1  2.88e+06  0.2763619037 67011.296 1.01600000000000000001
1  3.02e+06  0.2763110934 67011.296 1.01600000000000000001
1  3.16e+06  0.2762688857 67011.296 1.01600000000000000001
1  3.31e+06  0.2762341628 67011.296 1.01600000000000000001
1  3.47e+06  0.2762059303 67011.296 1.01600000000000000001
1  3.63e+06  0.276183307 67011.296 1.01600000000000000001
1  3.80e+06  0.2761655149 67011.296 1.01600000000000000001
1  3.98e+06  0.2761518692 67011.296 1.01600000000000000001
1  4.17e+06  0.2761417687 67011.296 1.01600000000000000001
1  4.37e+06  0.2761346873 67011.296 1.01600000000000000001
1  4.57e+06  0.276130158 67011.296 1.01600000000000000001
1  4.79e+06  0.2761277975 67011.296 1.01600000000000000001
1  5.01e+06  0.2761272496 67011.296 1.01600000000000000001
1  5.25e+06  0.276128213 67011.296 1.01600000000000000001
1  5.50e+06  0.2761304275 67011.296 1.01600000000000000001
1  5.75e+06  0.2761336683 67011.296 1.01600000000000000001
1  6.03e+06  0.2761377423 67011.296 1.01600000000000000001
1  6.31e+06  0.2761424833 67011.296 1.01600000000000000001
1  6.61e+06  0.2761477495 67011.296 1.01600000000000000001
1  6.92e+06  0.2761534195 67011.296 1.01600000000000000001
1  7.24e+06  0.27615939 67011.296 1.01600000000000000001
1  7.59e+06  0.2761655736 67011.296 1.01600000000000000001
1  7.94e+06  0.2761718964 67011.296 1.01600000000000000001
1  8.32e+06  0.276178296 67011.296 1.01600000000000000001
1  8.71e+06  0.2761847205 67011.296 1.01600000000000000001
1  9.12e+06  0.2761911255 67011.296 1.01600000000000000001
1  9.55e+06  0.2761974775 67011.296 1.01600000000000000001
1  1.00e+07  0.276203746 67011.296 1.01600000000000000001
