1  1.00e-03  0.2763643712 67209.164 1.01899999999999999996
1  1.05e-03  0.2763643701 67209.164 1.01899999999999999996
1  1.10e-03  0.2763643683 67209.164 1.01899999999999999996
1  1.15e-03  0.276364374 67209.164 1.01899999999999999996
1  1.20e-03  0.2763643716 67209.164 1.01899999999999999996
1  1.26e-03  0.2763643716 67209.164 1.01899999999999999996
1  1.32e-03  0.2763643745 67209.164 1.01899999999999999996
1  1.38e-03  0.2763643726 67209.164 1.01899999999999999996
1  1.45e-03  0.2763643702 67209.164 1.01899999999999999996
1  1.51e-03  0.276364369 67209.164 1.01899999999999999996
1  1.58e-03  0.276364368 67209.164 1.01899999999999999996
1  1.66e-03  0.2763643682 67209.164 1.01899999999999999996
1  1.74e-03  0.2763643696 67209.164 1.01899999999999999996
1  1.82e-03  0.2763643702 67209.164 1.01899999999999999996
1  1.91e-03  0.2763643683 67209.164 1.01899999999999999996
1  2.00e-03  0.2763643698 67209.164 1.01899999999999999996
1  2.09e-03  0.2763643746 67209.164 1.01899999999999999996
1  2.19e-03  0.2763643729 67209.164 1.01899999999999999996
1  2.29e-03  0.2763643748 67209.164 1.01899999999999999996
1  2.40e-03  0.2763643728 67209.164 1.01899999999999999996
1  2.51e-03  0.2763643727 67209.164 1.01899999999999999996
1  2.63e-03  0.2763643805 67209.164 1.01899999999999999996
1  2.75e-03  0.276364391 67209.164 1.01899999999999999996
1  2.88e-03  0.2763643757 67209.164 1.01899999999999999996
1  3.02e-03  0.2763643774 67209.164 1.01899999999999999996
1  3.16e-03  0.2763643747 67209.164 1.01899999999999999996
1  3.31e-03  0.2763643748 67209.164 1.01899999999999999996
1  3.47e-03  0.2763643761 67209.164 1.01899999999999999996
1  3.63e-03  0.2763643719 67209.164 1.01899999999999999996
1  3.80e-03  0.2763643741 67209.164 1.01899999999999999996
1  3.98e-03  0.2763643714 67209.164 1.01899999999999999996
1  4.17e-03  0.2763643753 67209.164 1.01899999999999999996
1  4.37e-03  0.2763643696 67209.164 1.01899999999999999996
1  4.57e-03  0.2763643698 67209.164 1.01899999999999999996
1  4.79e-03  0.2763643739 67209.164 1.01899999999999999996
1  5.01e-03  0.2763643728 67209.164 1.01899999999999999996
1  5.25e-03  0.2763643709 67209.164 1.01899999999999999996
1  5.50e-03  0.2763643732 67209.164 1.01899999999999999996
1  5.75e-03  0.2763643758 67209.164 1.01899999999999999996
1  6.03e-03  0.2763643724 67209.164 1.01899999999999999996
1  6.31e-03  0.2763643768 67209.164 1.01899999999999999996
1  6.61e-03  0.2763643721 67209.164 1.01899999999999999996
1  6.92e-03  0.2763643754 67209.164 1.01899999999999999996
1  7.24e-03  0.276364376 67209.164 1.01899999999999999996
1  7.59e-03  0.2763643725 67209.164 1.01899999999999999996
1  7.94e-03  0.2763643783 67209.164 1.01899999999999999996
1  8.32e-03  0.2763643691 67209.164 1.01899999999999999996
1  8.71e-03  0.2763643727 67209.164 1.01899999999999999996
1  9.12e-03  0.2763643722 67209.164 1.01899999999999999996
1  9.55e-03  0.276364373 67209.164 1.01899999999999999996
1  1.00e-02  0.2763643666 67209.164 1.01899999999999999996
1  1.05e-02  0.2763643733 67209.164 1.01899999999999999996
1  1.10e-02  0.2763643756 67209.164 1.01899999999999999996
1  1.15e-02  0.276364374 67209.164 1.01899999999999999996
1  1.20e-02  0.2763643739 67209.164 1.01899999999999999996
1  1.26e-02  0.2763643692 67209.164 1.01899999999999999996
1  1.32e-02  0.2763643144 67209.164 1.01899999999999999996
1  1.38e-02  0.2763643732 67209.164 1.01899999999999999996
1  1.45e-02  0.2763643763 67209.164 1.01899999999999999996
1  1.51e-02  0.2763643794 67209.164 1.01899999999999999996
1  1.58e-02  0.2763643747 67209.164 1.01899999999999999996
1  1.66e-02  0.2763643678 67209.164 1.01899999999999999996
1  1.74e-02  0.2763643719 67209.164 1.01899999999999999996
1  1.82e-02  0.2763643689 67209.164 1.01899999999999999996
1  1.91e-02  0.2763643862 67209.164 1.01899999999999999996
1  2.00e-02  0.27636438 67209.164 1.01899999999999999996
1  2.09e-02  0.276364374 67209.164 1.01899999999999999996
1  2.19e-02  0.2763643752 67209.164 1.01899999999999999996
1  2.29e-02  0.2763643708 67209.164 1.01899999999999999996
1  2.40e-02  0.2763643896 67209.164 1.01899999999999999996
1  2.51e-02  0.276364316 67209.164 1.01899999999999999996
1  2.63e-02  0.2763641919 67209.164 1.01899999999999999996
1  2.75e-02  0.2763643459 67209.164 1.01899999999999999996
1  2.88e-02  0.2763643801 67209.164 1.01899999999999999996
1  3.02e-02  0.2763644221 67209.164 1.01899999999999999996
1  3.16e-02  0.2763641347 67209.164 1.01899999999999999996
1  3.31e-02  0.2763643618 67209.164 1.01899999999999999996
1  3.47e-02  0.2763643616 67209.164 1.01899999999999999996
1  3.63e-02  0.2763643984 67209.164 1.01899999999999999996
1  3.80e-02  0.2763643637 67209.164 1.01899999999999999996
1  3.98e-02  0.2763643861 67209.164 1.01899999999999999996
1  4.17e-02  0.2763642752 67209.164 1.01899999999999999996
1  4.37e-02  0.276364345 67209.164 1.01899999999999999996
1  4.57e-02  0.276364316 67209.164 1.01899999999999999996
1  4.79e-02  0.2763643409 67209.164 1.01899999999999999996
1  5.01e-02  0.2763643346 67209.164 1.01899999999999999996
1  5.25e-02  0.2763643428 67209.164 1.01899999999999999996
1  5.50e-02  0.2763643336 67209.164 1.01899999999999999996
1  5.75e-02  0.2763643476 67209.164 1.01899999999999999996
1  6.03e-02  0.2763643966 67209.164 1.01899999999999999996
1  6.31e-02  0.2763643295 67209.164 1.01899999999999999996
1  6.61e-02  0.276364362 67209.164 1.01899999999999999996
1  6.92e-02  0.276393047 67209.164 1.01899999999999999996
1  7.24e-02  0.2763642133 67209.164 1.01899999999999999996
1  7.59e-02  0.2763667447 67209.164 1.01899999999999999996
1  7.94e-02  0.2763643763 67209.164 1.01899999999999999996
1  8.32e-02  0.27636754 67209.164 1.01899999999999999996
1  8.71e-02  0.2763643319 67209.164 1.01899999999999999996
1  9.12e-02  0.2763643696 67209.164 1.01899999999999999996
1  9.55e-02  0.2763643551 67209.164 1.01899999999999999996
1  1.00e-01  0.2763643431 67209.164 1.01899999999999999996
1  1.05e-01  0.2763643345 67209.164 1.01899999999999999996
1  1.10e-01  0.2763643339 67209.164 1.01899999999999999996
1  1.15e-01  0.2763643786 67209.164 1.01899999999999999996
1  1.20e-01  0.2763644386 67209.164 1.01899999999999999996
1  1.26e-01  0.2763643373 67209.164 1.01899999999999999996
1  1.32e-01  0.276364385 67209.164 1.01899999999999999996
1  1.38e-01  0.276364318 67209.164 1.01899999999999999996
1  1.45e-01  0.2763644456 67209.164 1.01899999999999999996
1  1.51e-01  0.2763641736 67209.164 1.01899999999999999996
1  1.58e-01  0.276364374 67209.164 1.01899999999999999996
1  1.66e-01  0.2763645369 67209.164 1.01899999999999999996
1  1.74e-01  0.2763643079 67209.164 1.01899999999999999996
1  1.82e-01  0.276364326 67209.164 1.01899999999999999996
1  1.91e-01  0.2763643264 67209.164 1.01899999999999999996
1  2.00e-01  0.2763644151 67209.164 1.01899999999999999996
1  2.09e-01  0.2763645174 67209.164 1.01899999999999999996
1  2.19e-01  0.2763645055 67209.164 1.01899999999999999996
1  2.29e-01  0.2763643902 67209.164 1.01899999999999999996
1  2.40e-01  0.2763641228 67209.164 1.01899999999999999996
1  2.51e-01  0.2763643929 67209.164 1.01899999999999999996
1  2.63e-01  0.2763644983 67209.164 1.01899999999999999996
1  2.75e-01  0.2763641191 67209.164 1.01899999999999999996
1  2.88e-01  0.2763644957 67209.164 1.01899999999999999996
1  3.02e-01  0.2763644887 67209.164 1.01899999999999999996
1  3.16e-01  0.2763642991 67209.164 1.01899999999999999996
1  3.31e-01  0.2763643727 67209.164 1.01899999999999999996
1  3.47e-01  0.2763645198 67209.164 1.01899999999999999996
1  3.63e-01  0.2763643149 67209.164 1.01899999999999999996
1  3.80e-01  0.2763645139 67209.164 1.01899999999999999996
1  3.98e-01  0.2763644734 67209.164 1.01899999999999999996
1  4.17e-01  0.2763646227 67209.164 1.01899999999999999996
1  4.37e-01  0.2763643327 67209.164 1.01899999999999999996
1  4.57e-01  0.2763646435 67209.164 1.01899999999999999996
1  4.79e-01  0.2763644506 67209.164 1.01899999999999999996
1  5.01e-01  0.276366028 67209.164 1.01899999999999999996
1  5.25e-01  0.2763645066 67209.164 1.01899999999999999996
1  5.50e-01  0.276364599 67209.164 1.01899999999999999996
1  5.75e-01  0.2763647633 67209.164 1.01899999999999999996
1  6.03e-01  0.2763646701 67209.164 1.01899999999999999996
1  6.31e-01  0.2763638247 67209.164 1.01899999999999999996
1  6.61e-01  0.2763648194 67209.164 1.01899999999999999996
1  6.92e-01  0.2763648571 67209.164 1.01899999999999999996
1  7.24e-01  0.2763644447 67209.164 1.01899999999999999996
1  7.59e-01  0.2763646014 67209.164 1.01899999999999999996
1  7.94e-01  0.2763635495 67209.164 1.01899999999999999996
1  8.32e-01  0.2763642875 67209.164 1.01899999999999999996
1  8.71e-01  0.2763649658 67209.164 1.01899999999999999996
1  9.12e-01  0.2763644902 67209.164 1.01899999999999999996
1  9.55e-01  0.27636495 67209.164 1.01899999999999999996
1  1.00e+00  0.2763643541 67209.164 1.01899999999999999996
1  1.05e+00  0.2763644461 67209.164 1.01899999999999999996
1  1.10e+00  0.2763621185 67209.164 1.01899999999999999996
1  1.15e+00  0.2763646584 67209.164 1.01899999999999999996
1  1.20e+00  0.2763641928 67209.164 1.01899999999999999996
1  1.26e+00  0.2763617811 67209.164 1.01899999999999999996
1  1.32e+00  0.2763659998 67209.164 1.01899999999999999996
1  1.38e+00  0.2763643626 67209.164 1.01899999999999999996
1  1.45e+00  0.2763651685 67209.164 1.01899999999999999996
1  1.51e+00  0.2763643913 67209.164 1.01899999999999999996
1  1.58e+00  0.2763629532 67209.164 1.01899999999999999996
1  1.66e+00  0.2763644007 67209.164 1.01899999999999999996
1  1.74e+00  0.2763649222 67209.164 1.01899999999999999996
1  1.82e+00  0.2763643445 67209.164 1.01899999999999999996
1  1.91e+00  0.2763656663 67209.164 1.01899999999999999996
1  2.00e+00  0.2763655651 67209.164 1.01899999999999999996
1  2.09e+00  0.2763643365 67209.164 1.01899999999999999996
1  2.19e+00  0.276363798 67209.164 1.01899999999999999996
1  2.29e+00  0.2763632328 67209.164 1.01899999999999999996
1  2.40e+00  0.276365936 67209.164 1.01899999999999999996
1  2.51e+00  0.2763656967 67209.164 1.01899999999999999996
1  2.63e+00  0.276366206 67209.164 1.01899999999999999996
1  2.75e+00  0.2763650944 67209.164 1.01899999999999999996
1  2.88e+00  0.2763650611 67209.164 1.01899999999999999996
1  3.02e+00  0.276356585 67209.164 1.01899999999999999996
1  3.16e+00  0.2763657652 67209.164 1.01899999999999999996
1  3.31e+00  0.2763667132 67209.164 1.01899999999999999996
1  3.47e+00  0.2763668992 67209.164 1.01899999999999999996
1  3.63e+00  0.2763663496 67209.164 1.01899999999999999996
1  3.80e+00  0.2763669529 67209.164 1.01899999999999999996
1  3.98e+00  0.2763682757 67209.164 1.01899999999999999996
1  4.17e+00  0.2763674172 67209.164 1.01899999999999999996
1  4.37e+00  0.2763677978 67209.164 1.01899999999999999996
1  4.57e+00  0.2763644563 67209.164 1.01899999999999999996
1  4.79e+00  0.2763671017 67209.164 1.01899999999999999996
1  5.01e+00  0.2763726081 67209.164 1.01899999999999999996
1  5.25e+00  0.2763655336 67209.164 1.01899999999999999996
1  5.50e+00  0.2763645583 67209.164 1.01899999999999999996
1  5.75e+00  0.2763705193 67209.164 1.01899999999999999996
1  6.03e+00  0.2763656704 67209.164 1.01899999999999999996
1  6.31e+00  0.2763656307 67209.164 1.01899999999999999996
1  6.61e+00  0.2763645474 67209.164 1.01899999999999999996
1  6.92e+00  0.2763649974 67209.164 1.01899999999999999996
1  7.24e+00  0.2763646678 67209.164 1.01899999999999999996
1  7.59e+00  0.276364599 67209.164 1.01899999999999999996
1  7.94e+00  0.2763637526 67209.164 1.01899999999999999996
1  8.32e+00  0.2763696475 67209.164 1.01899999999999999996
1  8.71e+00  0.2763391211 67209.164 1.01899999999999999996
1  9.12e+00  0.2763863178 67209.164 1.01899999999999999996
1  9.55e+00  0.2763682422 67209.164 1.01899999999999999996
1  1.00e+01  0.2763666825 67209.164 1.01899999999999999996
1  1.05e+01  0.2763670547 67209.164 1.01899999999999999996
1  1.10e+01  0.2763717994 67209.164 1.01899999999999999996
1  1.15e+01  0.2763723975 67209.164 1.01899999999999999996
1  1.20e+01  0.27636602 67209.164 1.01899999999999999996
1  1.26e+01  0.2763740486 67209.164 1.01899999999999999996
1  1.32e+01  0.2763643535 67209.164 1.01899999999999999996
1  1.38e+01  0.2763700434 67209.164 1.01899999999999999996
1  1.45e+01  0.276374191 67209.164 1.01899999999999999996
1  1.51e+01  0.2763612293 67209.164 1.01899999999999999996
1  1.58e+01  0.2763745554 67209.164 1.01899999999999999996
1  1.66e+01  0.2763751329 67209.164 1.01899999999999999996
1  1.74e+01  0.2763662276 67209.164 1.01899999999999999996
1  1.82e+01  0.2763779775 67209.164 1.01899999999999999996
1  1.91e+01  0.2763659093 67209.164 1.01899999999999999996
1  2.00e+01  0.2763058286 67209.164 1.01899999999999999996
1  2.09e+01  0.276264827 67209.164 1.01899999999999999996
1  2.19e+01  0.2763768379 67209.164 1.01899999999999999996
1  2.29e+01  0.2764102814 67209.164 1.01899999999999999996
1  2.40e+01  0.276398288 67209.164 1.01899999999999999996
1  2.51e+01  0.2762793439 67209.164 1.01899999999999999996
1  2.63e+01  0.2764074125 67209.164 1.01899999999999999996
1  2.75e+01  0.2763970455 67209.164 1.01899999999999999996
1  2.88e+01  0.2763872154 67209.164 1.01899999999999999996
1  3.02e+01  0.276324462 67209.164 1.01899999999999999996
1  3.16e+01  0.276471352 67209.164 1.01899999999999999996
1  3.31e+01  0.27632025 67209.164 1.01899999999999999996
1  3.47e+01  0.2765552681 67209.164 1.01899999999999999996
1  3.63e+01  0.2763883636 67209.164 1.01899999999999999996
1  3.80e+01  0.2763471815 67209.164 1.01899999999999999996
1  3.98e+01  0.2763943141 67209.164 1.01899999999999999996
1  4.17e+01  0.2764849384 67209.164 1.01899999999999999996
1  4.37e+01  0.2764307091 67209.164 1.01899999999999999996
1  4.57e+01  0.2763350978 67209.164 1.01899999999999999996
1  4.79e+01  0.2763722439 67209.164 1.01899999999999999996
1  5.01e+01  0.2764019008 67209.164 1.01899999999999999996
1  5.25e+01  0.2764466654 67209.164 1.01899999999999999996
1  5.50e+01  0.2763290107 67209.164 1.01899999999999999996
1  5.75e+01  0.2763846824 67209.164 1.01899999999999999996
1  6.03e+01  0.2763795222 67209.164 1.01899999999999999996
1  6.31e+01  0.276368973 67209.164 1.01899999999999999996
1  6.61e+01  0.2763831954 67209.164 1.01899999999999999996
1  6.92e+01  0.2763198968 67209.164 1.01899999999999999996
1  7.24e+01  0.2763293494 67209.164 1.01899999999999999996
1  7.59e+01  0.2763688092 67209.164 1.01899999999999999996
1  7.94e+01  0.2764786058 67209.164 1.01899999999999999996
1  8.32e+01  0.2763792496 67209.164 1.01899999999999999996
1  8.71e+01  0.276353704 67209.164 1.01899999999999999996
1  9.12e+01  0.2763600348 67209.164 1.01899999999999999996
1  9.55e+01  0.2764179318 67209.164 1.01899999999999999996
1  1.00e+02  0.2763922961 67209.164 1.01899999999999999996
1  1.05e+02  0.2764308796 67209.164 1.01899999999999999996
1  1.10e+02  0.2764248055 67209.164 1.01899999999999999996
1  1.15e+02  0.2763085635 67209.164 1.01899999999999999996
1  1.20e+02  0.2764468629 67209.164 1.01899999999999999996
1  1.26e+02  0.2763597205 67209.164 1.01899999999999999996
1  1.32e+02  0.2764191047 67209.164 1.01899999999999999996
1  1.38e+02  0.2764710961 67209.164 1.01899999999999999996
1  1.45e+02  0.2764763202 67209.164 1.01899999999999999996
1  1.51e+02  0.2764369141 67209.164 1.01899999999999999996
1  1.58e+02  0.2763965436 67209.164 1.01899999999999999996
1  1.66e+02  0.2764964374 67209.164 1.01899999999999999996
1  1.74e+02  0.2764368938 67209.164 1.01899999999999999996
1  1.82e+02  0.2764576779 67209.164 1.01899999999999999996
1  1.91e+02  0.276393556 67209.164 1.01899999999999999996
1  2.00e+02  0.2764772958 67209.164 1.01899999999999999996
1  2.09e+02  0.2764412883 67209.164 1.01899999999999999996
1  2.19e+02  0.2763770143 67209.164 1.01899999999999999996
1  2.29e+02  0.27650575 67209.164 1.01899999999999999996
1  2.40e+02  0.2763808778 67209.164 1.01899999999999999996
1  2.51e+02  0.2764030984 67209.164 1.01899999999999999996
1  2.63e+02  0.2763737647 67209.164 1.01899999999999999996
1  2.75e+02  0.2764266427 67209.164 1.01899999999999999996
1  2.88e+02  0.2764605496 67209.164 1.01899999999999999996
1  3.02e+02  0.2765798352 67209.164 1.01899999999999999996
1  3.16e+02  0.2765794243 67209.164 1.01899999999999999996
1  3.31e+02  0.2763673432 67209.164 1.01899999999999999996
1  3.47e+02  0.2765344191 67209.164 1.01899999999999999996
1  3.63e+02  0.2765449233 67209.164 1.01899999999999999996
1  3.80e+02  0.2764141182 67209.164 1.01899999999999999996
1  3.98e+02  0.2766660879 67209.164 1.01899999999999999996
1  4.17e+02  0.2764312276 67209.164 1.01899999999999999996
1  4.37e+02  0.2765254343 67209.164 1.01899999999999999996
1  4.57e+02  0.2767179046 67209.164 1.01899999999999999996
1  4.79e+02  0.2764163444 67209.164 1.01899999999999999996
1  5.01e+02  0.2763358048 67209.164 1.01899999999999999996
1  5.25e+02  0.2765257956 67209.164 1.01899999999999999996
1  5.50e+02  0.2766917347 67209.164 1.01899999999999999996
1  5.75e+02  0.2767429196 67209.164 1.01899999999999999996
1  6.03e+02  0.2766877103 67209.164 1.01899999999999999996
1  6.31e+02  0.2768615974 67209.164 1.01899999999999999996
1  6.61e+02  0.276395066 67209.164 1.01899999999999999996
1  6.92e+02  0.2764634933 67209.164 1.01899999999999999996
1  7.24e+02  0.2765046516 67209.164 1.01899999999999999996
1  7.59e+02  0.2764026355 67209.164 1.01899999999999999996
1  7.94e+02  0.2768730321 67209.164 1.01899999999999999996
1  8.32e+02  0.276759943 67209.164 1.01899999999999999996
1  8.71e+02  0.2767806206 67209.164 1.01899999999999999996
1  9.12e+02  0.2773993126 67209.164 1.01899999999999999996
1  9.55e+02  0.2764363142 67209.164 1.01899999999999999996
1  1.00e+03  0.2765142816 67209.164 1.01899999999999999996
1  1.05e+03  0.27673867 67209.164 1.01899999999999999996
1  1.10e+03  0.2776508644 67209.164 1.01899999999999999996
1  1.15e+03  0.276521814 67209.164 1.01899999999999999996
1  1.20e+03  0.2781622348 67209.164 1.01899999999999999996
1  1.26e+03  0.2768813085 67209.164 1.01899999999999999996
1  1.32e+03  0.276335221 67209.164 1.01899999999999999996
1  1.38e+03  0.2757249132 67209.164 1.01899999999999999996
1  1.45e+03  0.2760330929 67209.164 1.01899999999999999996
1  1.51e+03  0.2786708947 67209.164 1.01899999999999999996
1  1.58e+03  0.2814799439 67209.164 1.01899999999999999996
1  1.66e+03  0.2801591804 67209.164 1.01899999999999999996
1  1.74e+03  0.2798106319 67209.164 1.01899999999999999996
1  1.82e+03  0.2778683446 67209.164 1.01899999999999999996
1  1.91e+03  0.2711602774 67209.164 1.01899999999999999996
1  2.00e+03  0.2762861583 67209.164 1.01899999999999999996
1  2.09e+03  0.2726281499 67209.164 1.01899999999999999996
1  2.19e+03  0.2699545364 67209.164 1.01899999999999999996
1  2.29e+03  0.2714518609 67209.164 1.01899999999999999996
1  2.40e+03  0.2732507921 67209.164 1.01899999999999999996
1  2.51e+03  0.2825603437 67209.164 1.01899999999999999996
1  2.63e+03  0.2943461037 67209.164 1.01899999999999999996
1  2.75e+03  0.2767156278 67209.164 1.01899999999999999996
1  2.88e+03  0.2966540055 67209.164 1.01899999999999999996
1  3.02e+03  0.2865945328 67209.164 1.01899999999999999996
1  3.16e+03  0.2723946825 67209.164 1.01899999999999999996
1  3.31e+03  0.2694362992 67209.164 1.01899999999999999996
1  3.47e+03  0.2659199823 67209.164 1.01899999999999999996
1  3.63e+03  0.2648113123 67209.164 1.01899999999999999996
1  3.80e+03  0.2772717671 67209.164 1.01899999999999999996
1  3.98e+03  0.2781858172 67209.164 1.01899999999999999996
1  4.17e+03  0.2565706084 67209.164 1.01899999999999999996
1  4.37e+03  0.2776622606 67209.164 1.01899999999999999996
1  4.57e+03  0.2558717799 67209.164 1.01899999999999999996
1  4.79e+03  0.2692717902 67209.164 1.01899999999999999996
1  5.01e+03  0.2767063131 67209.164 1.01899999999999999996
1  5.25e+03  0.2641838245 67209.164 1.01899999999999999996
1  5.50e+03  0.2573547681 67209.164 1.01899999999999999996
1  5.75e+03  0.2550302957 67209.164 1.01899999999999999996
1  6.03e+03  0.2589084055 67209.164 1.01899999999999999996
1  6.31e+03  0.2649856574 67209.164 1.01899999999999999996
1  6.61e+03  0.2932290571 67209.164 1.01899999999999999996
1  6.92e+03  0.3020614742 67209.164 1.01899999999999999996
1  7.24e+03  0.2603539333 67209.164 1.01899999999999999996
1  7.59e+03  0.2964122475 67209.164 1.01899999999999999996
1  7.94e+03  0.2929530675 67209.164 1.01899999999999999996
1  8.32e+03  0.2866291115 67209.164 1.01899999999999999996
1  8.71e+03  0.2957088806 67209.164 1.01899999999999999996
1  9.12e+03  0.3151180039 67209.164 1.01899999999999999996
1  9.55e+03  0.2577155322 67209.164 1.01899999999999999996
1  1.00e+04  0.3164834592 67209.164 1.01899999999999999996
1  1.05e+04  0.33269644 67209.164 1.01899999999999999996
1  1.10e+04  0.2928166452 67209.164 1.01899999999999999996
1  1.15e+04  0.2594282458 67209.164 1.01899999999999999996
1  1.20e+04  0.2768488106 67209.164 1.01899999999999999996
1  1.26e+04  0.2998826558 67209.164 1.01899999999999999996
1  1.32e+04  0.299163831 67209.164 1.01899999999999999996
1  1.38e+04  0.3177757455 67209.164 1.01899999999999999996
1  1.45e+04  0.2969514058 67209.164 1.01899999999999999996
1  1.51e+04  0.2928197752 67209.164 1.01899999999999999996
1  1.58e+04  0.2806933257 67209.164 1.01899999999999999996
1  1.66e+04  0.2708103408 67209.164 1.01899999999999999996
1  1.74e+04  0.3551905395 67209.164 1.01899999999999999996
1  1.82e+04  0.3604001929 67209.164 1.01899999999999999996
1  1.91e+04  0.3624886109 67209.164 1.01899999999999999996
1  2.00e+04  0.2823652074 67209.164 1.01899999999999999996
1  2.09e+04  0.3180663848 67209.164 1.01899999999999999996
1  2.19e+04  0.4027782282 67209.164 1.01899999999999999996
1  2.29e+04  0.2891699205 67209.164 1.01899999999999999996
1  2.40e+04  0.3472050127 67209.164 1.01899999999999999996
1  2.51e+04  0.3899762267 67209.164 1.01899999999999999996
1  2.63e+04  0.2782162966 67209.164 1.01899999999999999996
1  2.75e+04  0.417272408 67209.164 1.01899999999999999996
1  2.88e+04  0.2834845315 67209.164 1.01899999999999999996
1  3.02e+04  0.3875601664 67209.164 1.01899999999999999996
1  3.16e+04  0.3127735582 67209.164 1.01899999999999999996
1  3.31e+04  0.3973237154 67209.164 1.01899999999999999996
1  3.47e+04  0.2860339116 67209.164 1.01899999999999999996
1  3.63e+04  0.4219286562 67209.164 1.01899999999999999996
1  3.80e+04  0.2857325233 67209.164 1.01899999999999999996
1  3.98e+04  0.4100008905 67209.164 1.01899999999999999996
1  4.17e+04  0.3089055851 67209.164 1.01899999999999999996
1  4.37e+04  0.3418331191 67209.164 1.01899999999999999996
1  4.57e+04  0.4058966045 67209.164 1.01899999999999999996
1  4.79e+04  0.2930013344 67209.164 1.01899999999999999996
1  5.01e+04  0.3356752389 67209.164 1.01899999999999999996
1  5.25e+04  0.4170052558 67209.164 1.01899999999999999996
1  5.50e+04  0.2979336874 67209.164 1.01899999999999999996
1  5.75e+04  0.3373591183 67209.164 1.01899999999999999996
1  6.03e+04  0.4206925496 67209.164 1.01899999999999999996
1  6.31e+04  0.3082501109 67209.164 1.01899999999999999996
1  6.61e+04  0.2999647818 67209.164 1.01899999999999999996
1  6.92e+04  0.3938841457 67209.164 1.01899999999999999996
1  7.24e+04  0.3704059326 67209.164 1.01899999999999999996
1  7.59e+04  0.2928122471 67209.164 1.01899999999999999996
1  7.94e+04  0.2876255994 67209.164 1.01899999999999999996
1  8.32e+04  0.340027896 67209.164 1.01899999999999999996
1  8.71e+04  0.3750947557 67209.164 1.01899999999999999996
1  9.12e+04  0.3495080064 67209.164 1.01899999999999999996
1  9.55e+04  0.293457012 67209.164 1.01899999999999999996
1  1.00e+05  0.279652961 67209.164 1.01899999999999999996
1  1.05e+05  0.3294245923 67209.164 1.01899999999999999996
1  1.10e+05  0.3830936389 67209.164 1.01899999999999999996
1  1.15e+05  0.3784452956 67209.164 1.01899999999999999996
1  1.20e+05  0.3244470923 67209.164 1.01899999999999999996
1  1.26e+05  0.2814714499 67209.164 1.01899999999999999996
1  1.32e+05  0.2902395323 67209.164 1.01899999999999999996
1  1.38e+05  0.3366897595 67209.164 1.01899999999999999996
1  1.45e+05  0.3764993784 67209.164 1.01899999999999999996
1  1.51e+05  0.3787780194 67209.164 1.01899999999999999996
1  1.58e+05  0.3463393395 67209.164 1.01899999999999999996
1  1.66e+05  0.3048266476 67209.164 1.01899999999999999996
1  1.74e+05  0.2796739238 67209.164 1.01899999999999999996
1  1.82e+05  0.2807843878 67209.164 1.01899999999999999996
1  1.91e+05  0.3015609446 67209.164 1.01899999999999999996
1  2.00e+05  0.3273191782 67209.164 1.01899999999999999996
1  2.09e+05  0.3448539857 67209.164 1.01899999999999999996
1  2.19e+05  0.3478770537 67209.164 1.01899999999999999996
1  2.29e+05  0.3374297478 67209.164 1.01899999999999999996
1  2.40e+05  0.3191341677 67209.164 1.01899999999999999996
1  2.51e+05  0.2997086682 67209.164 1.01899999999999999996
1  2.63e+05  0.2843909814 67209.164 1.01899999999999999996
1  2.75e+05  0.2758200284 67209.164 1.01899999999999999996
1  2.88e+05  0.2741462631 67209.164 1.01899999999999999996
1  3.02e+05  0.2778227389 67209.164 1.01899999999999999996
1  3.16e+05  0.2845572295 67209.164 1.01899999999999999996
1  3.31e+05  0.2920922073 67209.164 1.01899999999999999996
1  3.47e+05  0.2986799203 67209.164 1.01899999999999999996
1  3.63e+05  0.3032626344 67209.164 1.01899999999999999996
1  3.80e+05  0.3054391817 67209.164 1.01899999999999999996
1  3.98e+05  0.305314236 67209.164 1.01899999999999999996
1  4.17e+05  0.3033103571 67209.164 1.01899999999999999996
1  4.37e+05  0.2999951151 67209.164 1.01899999999999999996
1  4.57e+05  0.2959491679 67209.164 1.01899999999999999996
1  4.79e+05  0.2916816583 67209.164 1.01899999999999999996
1  5.01e+05  0.2875876775 67209.164 1.01899999999999999996
1  5.25e+05  0.2839374068 67209.164 1.01899999999999999996
1  5.50e+05  0.2808857577 67209.164 1.01899999999999999996
1  5.75e+05  0.2784928996 67209.164 1.01899999999999999996
1  6.03e+05  0.2767485509 67209.164 1.01899999999999999996
1  6.31e+05  0.2755954139 67209.164 1.01899999999999999996
1  6.61e+05  0.2749691914 67209.164 1.01899999999999999996
1  6.92e+05  0.2747469738 67209.164 1.01899999999999999996
1  7.24e+05  0.2748378426 67209.164 1.01899999999999999996
1  7.59e+05  0.2751536417 67209.164 1.01899999999999999996
1  7.94e+05  0.2756175086 67209.164 1.01899999999999999996
1  8.32e+05  0.2761656494 67209.164 1.01899999999999999996
1  8.71e+05  0.276747479 67209.164 1.01899999999999999996
1  9.12e+05  0.2773247251 67209.164 1.01899999999999999996
1  9.55e+05  0.2778699531 67209.164 1.01899999999999999996
1  1.00e+06  0.2783648436 67209.164 1.01899999999999999996
1  1.05e+06  0.2787984456 67209.164 1.01899999999999999996
1  1.10e+06  0.2791655434 67209.164 1.01899999999999999996
1  1.15e+06  0.2794652134 67209.164 1.01899999999999999996
1  1.20e+06  0.2796996006 67209.164 1.01899999999999999996
1  1.26e+06  0.2798729198 67209.164 1.01899999999999999996
1  1.32e+06  0.2799906646 67209.164 1.01899999999999999996
1  1.38e+06  0.2800581965 67209.164 1.01899999999999999996
1  1.45e+06  0.2800835886 67209.164 1.01899999999999999996
1  1.51e+06  0.2800722515 67209.164 1.01899999999999999996
1  1.58e+06  0.280030168 67209.164 1.01899999999999999996
1  1.66e+06  0.2799628711 67209.164 1.01899999999999999996
1  1.74e+06  0.2798753682 67209.164 1.01899999999999999996
1  1.82e+06  0.2797721089 67209.164 1.01899999999999999996
1  1.91e+06  0.2796569855 67209.164 1.01899999999999999996
1  2.00e+06  0.2795333541 67209.164 1.01899999999999999996
1  2.09e+06  0.2794040697 67209.164 1.01899999999999999996
1  2.19e+06  0.2792715292 67209.164 1.01899999999999999996
1  2.29e+06  0.2791377183 67209.164 1.01899999999999999996
1  2.40e+06  0.2790042585 67209.164 1.01899999999999999996
1  2.51e+06  0.2788724533 67209.164 1.01899999999999999996
1  2.63e+06  0.2787433315 67209.164 1.01899999999999999996
1  2.75e+06  0.2786174831 67209.164 1.01899999999999999996
1  2.88e+06  0.2784959285 67209.164 1.01899999999999999996
1  3.02e+06  0.2783788732 67209.164 1.01899999999999999996
1  3.16e+06  0.2782666072 67209.164 1.01899999999999999996
1  3.31e+06  0.2781593069 67209.164 1.01899999999999999996
1  3.47e+06  0.2780570559 67209.164 1.01899999999999999996
1  3.63e+06  0.2779598637 67209.164 1.01899999999999999996
1  3.80e+06  0.2778676807 67209.164 1.01899999999999999996
1  3.98e+06  0.2777804114 67209.164 1.01899999999999999996
1  4.17e+06  0.2776979253 67209.164 1.01899999999999999996
1  4.37e+06  0.277620066 67209.164 1.01899999999999999996
1  4.57e+06  0.2775466585 67209.164 1.01899999999999999996
1  4.79e+06  0.2774775152 67209.164 1.01899999999999999996
1  5.01e+06  0.2774124412 67209.164 1.01899999999999999996
1  5.25e+06  0.2773512381 67209.164 1.01899999999999999996
1  5.50e+06  0.2772936542 67209.164 1.01899999999999999996
1  5.75e+06  0.2772396028 67209.164 1.01899999999999999996
1  6.03e+06  0.2771888333 67209.164 1.01899999999999999996
1  6.31e+06  0.2771411584 67209.164 1.01899999999999999996
1  6.61e+06  0.2770963972 67209.164 1.01899999999999999996
1  6.92e+06  0.277054376 67209.164 1.01899999999999999996
1  7.24e+06  0.2770149287 67209.164 1.01899999999999999996
1  7.59e+06  0.2769778971 67209.164 1.01899999999999999996
1  7.94e+06  0.2769431313 67209.164 1.01899999999999999996
1  8.32e+06  0.2769104892 67209.164 1.01899999999999999996
1  8.71e+06  0.2768798369 67209.164 1.01899999999999999996
1  9.12e+06  0.2768510478 67209.164 1.01899999999999999996
1  9.55e+06  0.2768240034 67209.164 1.01899999999999999996
1  1.00e+07  0.276798592 67209.164 1.01899999999999999996
