1  1.00e-03  0.3631165522  6.093653e-01 1.09799999999999999998
1  1.05e-03  0.3631165492  6.093653e-01 1.09799999999999999998
1  1.10e-03  0.3631165537  6.093653e-01 1.09799999999999999998
1  1.15e-03  0.3631165515  6.093653e-01 1.09799999999999999998
1  1.20e-03  0.3631165518  6.093653e-01 1.09799999999999999998
1  1.26e-03  0.363116553  6.093653e-01 1.09799999999999999998
1  1.32e-03  0.3631165547  6.093653e-01 1.09799999999999999998
1  1.38e-03  0.3631165538  6.093653e-01 1.09799999999999999998
1  1.45e-03  0.3631165559  6.093653e-01 1.09799999999999999998
1  1.51e-03  0.3631165551  6.093653e-01 1.09799999999999999998
1  1.58e-03  0.3631165525  6.093653e-01 1.09799999999999999998
1  1.66e-03  0.3631165533  6.093653e-01 1.09799999999999999998
1  1.74e-03  0.3631165527  6.093653e-01 1.09799999999999999998
1  1.82e-03  0.3631165536  6.093653e-01 1.09799999999999999998
1  1.91e-03  0.3631165551  6.093653e-01 1.09799999999999999998
1  2.00e-03  0.3631165484  6.093653e-01 1.09799999999999999998
1  2.09e-03  0.3631165553  6.093653e-01 1.09799999999999999998
1  2.19e-03  0.3631165554  6.093653e-01 1.09799999999999999998
1  2.29e-03  0.3631165494  6.093653e-01 1.09799999999999999998
1  2.40e-03  0.3631165524  6.093653e-01 1.09799999999999999998
1  2.51e-03  0.3631165563  6.093653e-01 1.09799999999999999998
1  2.63e-03  0.3631165537  6.093653e-01 1.09799999999999999998
1  2.75e-03  0.3631165529  6.093653e-01 1.09799999999999999998
1  2.88e-03  0.3631165543  6.093653e-01 1.09799999999999999998
1  3.02e-03  0.3631165537  6.093653e-01 1.09799999999999999998
1  3.16e-03  0.3631165551  6.093653e-01 1.09799999999999999998
1  3.31e-03  0.3631165544  6.093653e-01 1.09799999999999999998
1  3.47e-03  0.3631165535  6.093653e-01 1.09799999999999999998
1  3.63e-03  0.3631165556  6.093653e-01 1.09799999999999999998
1  3.80e-03  0.3631165553  6.093653e-01 1.09799999999999999998
1  3.98e-03  0.3631165553  6.093653e-01 1.09799999999999999998
1  4.17e-03  0.3631165561  6.093653e-01 1.09799999999999999998
1  4.37e-03  0.3631165528  6.093653e-01 1.09799999999999999998
1  4.57e-03  0.3631165553  6.093653e-01 1.09799999999999999998
1  4.79e-03  0.3631165528  6.093653e-01 1.09799999999999999998
1  5.01e-03  0.363116552  6.093653e-01 1.09799999999999999998
1  5.25e-03  0.3631165533  6.093653e-01 1.09799999999999999998
1  5.50e-03  0.3631165525  6.093653e-01 1.09799999999999999998
1  5.75e-03  0.3631165543  6.093653e-01 1.09799999999999999998
1  6.03e-03  0.3631165552  6.093653e-01 1.09799999999999999998
1  6.31e-03  0.3631165555  6.093653e-01 1.09799999999999999998
1  6.61e-03  0.3631165559  6.093653e-01 1.09799999999999999998
1  6.92e-03  0.3631165559  6.093653e-01 1.09799999999999999998
1  7.24e-03  0.3631165544  6.093653e-01 1.09799999999999999998
1  7.59e-03  0.3631165537  6.093653e-01 1.09799999999999999998
1  7.94e-03  0.3631165542  6.093653e-01 1.09799999999999999998
1  8.32e-03  0.3631165557  6.093653e-01 1.09799999999999999998
1  8.71e-03  0.3631165558  6.093653e-01 1.09799999999999999998
1  9.12e-03  0.3631165543  6.093653e-01 1.09799999999999999998
1  9.55e-03  0.363116553  6.093653e-01 1.09799999999999999998
1  1.00e-02  0.3631165543  6.093653e-01 1.09799999999999999998
1  1.05e-02  0.3631165551  6.093653e-01 1.09799999999999999998
1  1.10e-02  0.3631165566  6.093653e-01 1.09799999999999999998
1  1.15e-02  0.3631165534  6.093653e-01 1.09799999999999999998
1  1.20e-02  0.3631165558  6.093653e-01 1.09799999999999999998
1  1.26e-02  0.363116555  6.093653e-01 1.09799999999999999998
1  1.32e-02  0.3631165556  6.093653e-01 1.09799999999999999998
1  1.38e-02  0.3631165529  6.093653e-01 1.09799999999999999998
1  1.45e-02  0.3631165535  6.093653e-01 1.09799999999999999998
1  1.51e-02  0.3631165552  6.093653e-01 1.09799999999999999998
1  1.58e-02  0.363116555  6.093653e-01 1.09799999999999999998
1  1.66e-02  0.3631165559  6.093653e-01 1.09799999999999999998
1  1.74e-02  0.3631165553  6.093653e-01 1.09799999999999999998
1  1.82e-02  0.3631165566  6.093653e-01 1.09799999999999999998
1  1.91e-02  0.3631165558  6.093653e-01 1.09799999999999999998
1  2.00e-02  0.3631165565  6.093653e-01 1.09799999999999999998
1  2.09e-02  0.3631165593  6.093653e-01 1.09799999999999999998
1  2.19e-02  0.3631165793  6.093653e-01 1.09799999999999999998
1  2.29e-02  0.3631165553  6.093653e-01 1.09799999999999999998
1  2.40e-02  0.363116891  6.093653e-01 1.09799999999999999998
1  2.51e-02  0.3631165547  6.093653e-01 1.09799999999999999998
1  2.63e-02  0.3631165547  6.093653e-01 1.09799999999999999998
1  2.75e-02  0.3631165559  6.093653e-01 1.09799999999999999998
1  2.88e-02  0.3631165545  6.093653e-01 1.09799999999999999998
1  3.02e-02  0.3631165556  6.093653e-01 1.09799999999999999998
1  3.16e-02  0.3631165552  6.093653e-01 1.09799999999999999998
1  3.31e-02  0.3631165556  6.093653e-01 1.09799999999999999998
1  3.47e-02  0.3631165585  6.093653e-01 1.09799999999999999998
1  3.63e-02  0.3631165529  6.093653e-01 1.09799999999999999998
1  3.80e-02  0.3631165541  6.093653e-01 1.09799999999999999998
1  3.98e-02  0.3631165539  6.093653e-01 1.09799999999999999998
1  4.17e-02  0.3631165584  6.093653e-01 1.09799999999999999998
1  4.37e-02  0.3631165534  6.093653e-01 1.09799999999999999998
1  4.57e-02  0.3631165593  6.093653e-01 1.09799999999999999998
1  4.79e-02  0.3631165685  6.093653e-01 1.09799999999999999998
1  5.01e-02  0.3631165566  6.093653e-01 1.09799999999999999998
1  5.25e-02  0.3631165607  6.093653e-01 1.09799999999999999998
1  5.50e-02  0.3631165605  6.093653e-01 1.09799999999999999998
1  5.75e-02  0.3631165601  6.093653e-01 1.09799999999999999998
1  6.03e-02  0.3631165532  6.093653e-01 1.09799999999999999998
1  6.31e-02  0.3631165546  6.093653e-01 1.09799999999999999998
1  6.61e-02  0.3631165574  6.093653e-01 1.09799999999999999998
1  6.92e-02  0.3631165557  6.093653e-01 1.09799999999999999998
1  7.24e-02  0.363116554  6.093653e-01 1.09799999999999999998
1  7.59e-02  0.3631165618  6.093653e-01 1.09799999999999999998
1  7.94e-02  0.3631165644  6.093653e-01 1.09799999999999999998
1  8.32e-02  0.3631165657  6.093653e-01 1.09799999999999999998
1  8.71e-02  0.3631165378  6.093653e-01 1.09799999999999999998
1  9.12e-02  0.3631165545  6.093653e-01 1.09799999999999999998
1  9.55e-02  0.3631165612  6.093653e-01 1.09799999999999999998
1  1.00e-01  0.3631165645  6.093653e-01 1.09799999999999999998
1  1.05e-01  0.363116565  6.093653e-01 1.09799999999999999998
1  1.10e-01  0.3631165582  6.093653e-01 1.09799999999999999998
1  1.15e-01  0.3631165513  6.093653e-01 1.09799999999999999998
1  1.20e-01  0.363116565  6.093653e-01 1.09799999999999999998
1  1.26e-01  0.3631165544  6.093653e-01 1.09799999999999999998
1  1.32e-01  0.3631165522  6.093653e-01 1.09799999999999999998
1  1.38e-01  0.3631165539  6.093653e-01 1.09799999999999999998
1  1.45e-01  0.3631165638  6.093653e-01 1.09799999999999999998
1  1.51e-01  0.36311656  6.093653e-01 1.09799999999999999998
1  1.58e-01  0.3631163648  6.093653e-01 1.09799999999999999998
1  1.66e-01  0.3631165709  6.093653e-01 1.09799999999999999998
1  1.74e-01  0.3631165526  6.093653e-01 1.09799999999999999998
1  1.82e-01  0.3631165632  6.093653e-01 1.09799999999999999998
1  1.91e-01  0.3631165569  6.093653e-01 1.09799999999999999998
1  2.00e-01  0.3631165629  6.093653e-01 1.09799999999999999998
1  2.09e-01  0.3631165647  6.093653e-01 1.09799999999999999998
1  2.19e-01  0.3631165531  6.093653e-01 1.09799999999999999998
1  2.29e-01  0.3631165618  6.093653e-01 1.09799999999999999998
1  2.40e-01  0.3631165642  6.093653e-01 1.09799999999999999998
1  2.51e-01  0.3631165396  6.093653e-01 1.09799999999999999998
1  2.63e-01  0.3631165638  6.093653e-01 1.09799999999999999998
1  2.75e-01  0.3631165468  6.093653e-01 1.09799999999999999998
1  2.88e-01  0.3631165669  6.093653e-01 1.09799999999999999998
1  3.02e-01  0.3631165651  6.093653e-01 1.09799999999999999998
1  3.16e-01  0.363116559  6.093653e-01 1.09799999999999999998
1  3.31e-01  0.3631165624  6.093653e-01 1.09799999999999999998
1  3.47e-01  0.3631165432  6.093653e-01 1.09799999999999999998
1  3.63e-01  0.3631165585  6.093653e-01 1.09799999999999999998
1  3.80e-01  0.3631164874  6.093653e-01 1.09799999999999999998
1  3.98e-01  0.3631165635  6.093653e-01 1.09799999999999999998
1  4.17e-01  0.3631165596  6.093653e-01 1.09799999999999999998
1  4.37e-01  0.3631164683  6.093653e-01 1.09799999999999999998
1  4.57e-01  0.363116547  6.093653e-01 1.09799999999999999998
1  4.79e-01  0.3631160538  6.093653e-01 1.09799999999999999998
1  5.01e-01  0.36311656  6.093653e-01 1.09799999999999999998
1  5.25e-01  0.3631165303  6.093653e-01 1.09799999999999999998
1  5.50e-01  0.3631165521  6.093653e-01 1.09799999999999999998
1  5.75e-01  0.3631165181  6.093653e-01 1.09799999999999999998
1  6.03e-01  0.3631166013  6.093653e-01 1.09799999999999999998
1  6.31e-01  0.3631166009  6.093653e-01 1.09799999999999999998
1  6.61e-01  0.3631165245  6.093653e-01 1.09799999999999999998
1  6.92e-01  0.3631166236  6.093653e-01 1.09799999999999999998
1  7.24e-01  0.3631166064  6.093653e-01 1.09799999999999999998
1  7.59e-01  0.3631166148  6.093653e-01 1.09799999999999999998
1  7.94e-01  0.3631165039  6.093653e-01 1.09799999999999999998
1  8.32e-01  0.3631165957  6.093653e-01 1.09799999999999999998
1  8.71e-01  0.3631166076  6.093653e-01 1.09799999999999999998
1  9.12e-01  0.3631158723  6.093653e-01 1.09799999999999999998
1  9.55e-01  0.3631165137  6.093653e-01 1.09799999999999999998
1  1.00e+00  0.3631165445  6.093653e-01 1.09799999999999999998
1  1.05e+00  0.3631165463  6.093653e-01 1.09799999999999999998
1  1.10e+00  0.3631165567  6.093653e-01 1.09799999999999999998
1  1.15e+00  0.3631165545  6.093653e-01 1.09799999999999999998
1  1.20e+00  0.3631165818  6.093653e-01 1.09799999999999999998
1  1.26e+00  0.3631225042  6.093653e-01 1.09799999999999999998
1  1.32e+00  0.3631164974  6.093653e-01 1.09799999999999999998
1  1.38e+00  0.3631164451  6.093653e-01 1.09799999999999999998
1  1.45e+00  0.3631158041  6.093653e-01 1.09799999999999999998
1  1.51e+00  0.3631164757  6.093653e-01 1.09799999999999999998
1  1.58e+00  0.3631165984  6.093653e-01 1.09799999999999999998
1  1.66e+00  0.3631165633  6.093653e-01 1.09799999999999999998
1  1.74e+00  0.3631185741  6.093653e-01 1.09799999999999999998
1  1.82e+00  0.3631166368  6.093653e-01 1.09799999999999999998
1  1.91e+00  0.3631166136  6.093653e-01 1.09799999999999999998
1  2.00e+00  0.3631166971  6.093653e-01 1.09799999999999999998
1  2.09e+00  0.3631167236  6.093653e-01 1.09799999999999999998
1  2.19e+00  0.3631165616  6.093653e-01 1.09799999999999999998
1  2.29e+00  0.3631159138  6.093653e-01 1.09799999999999999998
1  2.40e+00  0.3631007042  6.093653e-01 1.09799999999999999998
1  2.51e+00  0.3631161931  6.093653e-01 1.09799999999999999998
1  2.63e+00  0.3631164503  6.093653e-01 1.09799999999999999998
1  2.75e+00  0.3631171285  6.093653e-01 1.09799999999999999998
1  2.88e+00  0.3630678723  6.093653e-01 1.09799999999999999998
1  3.02e+00  0.3631027472  6.093653e-01 1.09799999999999999998
1  3.16e+00  0.3631170456  6.093653e-01 1.09799999999999999998
1  3.31e+00  0.3631439409  6.093653e-01 1.09799999999999999998
1  3.47e+00  0.3630797272  6.093653e-01 1.09799999999999999998
1  3.63e+00  0.3631171064  6.093653e-01 1.09799999999999999998
1  3.80e+00  0.363116665  6.093653e-01 1.09799999999999999998
1  3.98e+00  0.3631162644  6.093653e-01 1.09799999999999999998
1  4.17e+00  0.3631172032  6.093653e-01 1.09799999999999999998
1  4.37e+00  0.3631158579  6.093653e-01 1.09799999999999999998
1  4.57e+00  0.3631164885  6.093653e-01 1.09799999999999999998
1  4.79e+00  0.3631166112  6.093653e-01 1.09799999999999999998
1  5.01e+00  0.3631161449  6.093653e-01 1.09799999999999999998
1  5.25e+00  0.363116929  6.093653e-01 1.09799999999999999998
1  5.50e+00  0.3631165191  6.093653e-01 1.09799999999999999998
1  5.75e+00  0.3631162148  6.093653e-01 1.09799999999999999998
1  6.03e+00  0.3631320598  6.093653e-01 1.09799999999999999998
1  6.31e+00  0.3631155661  6.093653e-01 1.09799999999999999998
1  6.61e+00  0.3631171411  6.093653e-01 1.09799999999999999998
1  6.92e+00  0.3631165522  6.093653e-01 1.09799999999999999998
1  7.24e+00  0.3631166642  6.093653e-01 1.09799999999999999998
1  7.59e+00  0.362919506  6.093653e-01 1.09799999999999999998
1  7.94e+00  0.363101962  6.093653e-01 1.09799999999999999998
1  8.32e+00  0.3630589433  6.093653e-01 1.09799999999999999998
1  8.71e+00  0.3631162216  6.093653e-01 1.09799999999999999998
1  9.12e+00  0.3631455416  6.093653e-01 1.09799999999999999998
1  9.55e+00  0.3630343061  6.093653e-01 1.09799999999999999998
1  1.00e+01  0.3632101129  6.093653e-01 1.09799999999999999998
1  1.05e+01  0.3631914772  6.093653e-01 1.09799999999999999998
1  1.10e+01  0.3631255258  6.093653e-01 1.09799999999999999998
1  1.15e+01  0.3631185773  6.093653e-01 1.09799999999999999998
1  1.20e+01  0.3631124167  6.093653e-01 1.09799999999999999998
1  1.26e+01  0.363116066  6.093653e-01 1.09799999999999999998
1  1.32e+01  0.3630973533  6.093653e-01 1.09799999999999999998
1  1.38e+01  0.363115624  6.093653e-01 1.09799999999999999998
1  1.45e+01  0.3631160575  6.093653e-01 1.09799999999999999998
1  1.51e+01  0.3631149412  6.093653e-01 1.09799999999999999998
1  1.58e+01  0.3631122493  6.093653e-01 1.09799999999999999998
1  1.66e+01  0.3631102672  6.093653e-01 1.09799999999999999998
1  1.74e+01  0.3624312859  6.093653e-01 1.09799999999999999998
1  1.82e+01  0.3630946099  6.093653e-01 1.09799999999999999998
1  1.91e+01  0.3631150643  6.093653e-01 1.09799999999999999998
1  2.00e+01  0.3631100864  6.093653e-01 1.09799999999999999998
1  2.09e+01  0.3630020321  6.093653e-01 1.09799999999999999998
1  2.19e+01  0.3626013987  6.093653e-01 1.09799999999999999998
1  2.29e+01  0.3630972934  6.093653e-01 1.09799999999999999998
1  2.40e+01  0.3632544913  6.093653e-01 1.09799999999999999998
1  2.51e+01  0.3628988564  6.093653e-01 1.09799999999999999998
1  2.63e+01  0.3635864247  6.093653e-01 1.09799999999999999998
1  2.75e+01  0.362333522  6.093653e-01 1.09799999999999999998
1  2.88e+01  0.3628385281  6.093653e-01 1.09799999999999999998
1  3.02e+01  0.3628845428  6.093653e-01 1.09799999999999999998
1  3.16e+01  0.3632907594  6.093653e-01 1.09799999999999999998
1  3.31e+01  0.3632699761  6.093653e-01 1.09799999999999999998
1  3.47e+01  0.362506804  6.093653e-01 1.09799999999999999998
1  3.63e+01  0.3631113407  6.093653e-01 1.09799999999999999998
1  3.80e+01  0.3631858681  6.093653e-01 1.09799999999999999998
1  3.98e+01  0.3628346173  6.093653e-01 1.09799999999999999998
1  4.17e+01  0.363268932  6.093653e-01 1.09799999999999999998
1  4.37e+01  0.3630536927  6.093653e-01 1.09799999999999999998
1  4.57e+01  0.3632693105  6.093653e-01 1.09799999999999999998
1  4.79e+01  0.3627899832  6.093653e-01 1.09799999999999999998
1  5.01e+01  0.3629317338  6.093653e-01 1.09799999999999999998
1  5.25e+01  0.3631002122  6.093653e-01 1.09799999999999999998
1  5.50e+01  0.3630397376  6.093653e-01 1.09799999999999999998
1  5.75e+01  0.3634041214  6.093653e-01 1.09799999999999999998
1  6.03e+01  0.3629710629  6.093653e-01 1.09799999999999999998
1  6.31e+01  0.3629968206  6.093653e-01 1.09799999999999999998
1  6.61e+01  0.3631178368  6.093653e-01 1.09799999999999999998
1  6.92e+01  0.3630812187  6.093653e-01 1.09799999999999999998
1  7.24e+01  0.3630988471  6.093653e-01 1.09799999999999999998
1  7.59e+01  0.3628518018  6.093653e-01 1.09799999999999999998
1  7.94e+01  0.3631469624  6.093653e-01 1.09799999999999999998
1  8.32e+01  0.3631306306  6.093653e-01 1.09799999999999999998
1  8.71e+01  0.3631094321  6.093653e-01 1.09799999999999999998
1  9.12e+01  0.3630963089  6.093653e-01 1.09799999999999999998
1  9.55e+01  0.3627645369  6.093653e-01 1.09799999999999999998
1  1.00e+02  0.3628413736  6.093653e-01 1.09799999999999999998
1  1.05e+02  0.3631447964  6.093653e-01 1.09799999999999999998
1  1.10e+02  0.3630895012  6.093653e-01 1.09799999999999999998
1  1.15e+02  0.3631295558  6.093653e-01 1.09799999999999999998
1  1.20e+02  0.3630602718  6.093653e-01 1.09799999999999999998
1  1.26e+02  0.3626900398  6.093653e-01 1.09799999999999999998
1  1.32e+02  0.3630820377  6.093653e-01 1.09799999999999999998
1  1.38e+02  0.3631150629  6.093653e-01 1.09799999999999999998
1  1.45e+02  0.3630918681  6.093653e-01 1.09799999999999999998
1  1.51e+02  0.363126519  6.093653e-01 1.09799999999999999998
1  1.58e+02  0.3632296929  6.093653e-01 1.09799999999999999998
1  1.66e+02  0.3631753906  6.093653e-01 1.09799999999999999998
1  1.74e+02  0.3630654788  6.093653e-01 1.09799999999999999998
1  1.82e+02  0.3631293667  6.093653e-01 1.09799999999999999998
1  1.91e+02  0.3631022228  6.093653e-01 1.09799999999999999998
1  2.00e+02  0.3630017102  6.093653e-01 1.09799999999999999998
1  2.09e+02  0.3630558051  6.093653e-01 1.09799999999999999998
1  2.19e+02  0.363157273  6.093653e-01 1.09799999999999999998
1  2.29e+02  0.3631554015  6.093653e-01 1.09799999999999999998
1  2.40e+02  0.3630744973  6.093653e-01 1.09799999999999999998
1  2.51e+02  0.3630780971  6.093653e-01 1.09799999999999999998
1  2.63e+02  0.3632764543  6.093653e-01 1.09799999999999999998
1  2.75e+02  0.3631322565  6.093653e-01 1.09799999999999999998
1  2.88e+02  0.3631337655  6.093653e-01 1.09799999999999999998
1  3.02e+02  0.3631140867  6.093653e-01 1.09799999999999999998
1  3.16e+02  0.3631557825  6.093653e-01 1.09799999999999999998
1  3.31e+02  0.3628417641  6.093653e-01 1.09799999999999999998
1  3.47e+02  0.3631199499  6.093653e-01 1.09799999999999999998
1  3.63e+02  0.3631321129  6.093653e-01 1.09799999999999999998
1  3.80e+02  0.3631248058  6.093653e-01 1.09799999999999999998
1  3.98e+02  0.3631103648  6.093653e-01 1.09799999999999999998
1  4.17e+02  0.3630875574  6.093653e-01 1.09799999999999999998
1  4.37e+02  0.3630802123  6.093653e-01 1.09799999999999999998
1  4.57e+02  0.3630604229  6.093653e-01 1.09799999999999999998
1  4.79e+02  0.3630657882  6.093653e-01 1.09799999999999999998
1  5.01e+02  0.3633626091  6.093653e-01 1.09799999999999999998
1  5.25e+02  0.3629253863  6.093653e-01 1.09799999999999999998
1  5.50e+02  0.3629718714  6.093653e-01 1.09799999999999999998
1  5.75e+02  0.3629423134  6.093653e-01 1.09799999999999999998
1  6.03e+02  0.3632291402  6.093653e-01 1.09799999999999999998
1  6.31e+02  0.3630603839  6.093653e-01 1.09799999999999999998
1  6.61e+02  0.363346296  6.093653e-01 1.09799999999999999998
1  6.92e+02  0.3631404825  6.093653e-01 1.09799999999999999998
1  7.24e+02  0.363033806  6.093653e-01 1.09799999999999999998
1  7.59e+02  0.3632575836  6.093653e-01 1.09799999999999999998
1  7.94e+02  0.3629216426  6.093653e-01 1.09799999999999999998
1  8.32e+02  0.3630369586  6.093653e-01 1.09799999999999999998
1  8.71e+02  0.3631241626  6.093653e-01 1.09799999999999999998
1  9.12e+02  0.3629662954  6.093653e-01 1.09799999999999999998
1  9.55e+02  0.3632556614  6.093653e-01 1.09799999999999999998
1  1.00e+03  0.3629762699  6.093653e-01 1.09799999999999999998
1  1.05e+03  0.3632588324  6.093653e-01 1.09799999999999999998
1  1.10e+03  0.363266479  6.093653e-01 1.09799999999999999998
1  1.15e+03  0.3627968492  6.093653e-01 1.09799999999999999998
1  1.20e+03  0.3629342786  6.093653e-01 1.09799999999999999998
1  1.26e+03  0.3631408747  6.093653e-01 1.09799999999999999998
1  1.32e+03  0.3632054646  6.093653e-01 1.09799999999999999998
1  1.38e+03  0.3629066912  6.093653e-01 1.09799999999999999998
1  1.45e+03  0.3632062179  6.093653e-01 1.09799999999999999998
1  1.51e+03  0.3632208005  6.093653e-01 1.09799999999999999998
1  1.58e+03  0.3632733888  6.093653e-01 1.09799999999999999998
1  1.66e+03  0.3631970394  6.093653e-01 1.09799999999999999998
1  1.74e+03  0.3630221462  6.093653e-01 1.09799999999999999998
1  1.82e+03  0.3632690366  6.093653e-01 1.09799999999999999998
1  1.91e+03  0.3627671102  6.093653e-01 1.09799999999999999998
1  2.00e+03  0.3630986477  6.093653e-01 1.09799999999999999998
1  2.09e+03  0.3632293413  6.093653e-01 1.09799999999999999998
1  2.19e+03  0.3632598462  6.093653e-01 1.09799999999999999998
1  2.29e+03  0.3627760969  6.093653e-01 1.09799999999999999998
1  2.40e+03  0.3622520028  6.093653e-01 1.09799999999999999998
1  2.51e+03  0.3623854077  6.093653e-01 1.09799999999999999998
1  2.63e+03  0.3634703596  6.093653e-01 1.09799999999999999998
1  2.75e+03  0.3618278723  6.093653e-01 1.09799999999999999998
1  2.88e+03  0.3625430177  6.093653e-01 1.09799999999999999998
1  3.02e+03  0.3642398362  6.093653e-01 1.09799999999999999998
1  3.16e+03  0.3632195315  6.093653e-01 1.09799999999999999998
1  3.31e+03  0.3595508106  6.093653e-01 1.09799999999999999998
1  3.47e+03  0.3645544242  6.093653e-01 1.09799999999999999998
1  3.63e+03  0.3630639995  6.093653e-01 1.09799999999999999998
1  3.80e+03  0.3631901488  6.093653e-01 1.09799999999999999998
1  3.98e+03  0.3671529438  6.093653e-01 1.09799999999999999998
1  4.17e+03  0.3603123816  6.093653e-01 1.09799999999999999998
1  4.37e+03  0.3587838154  6.093653e-01 1.09799999999999999998
1  4.57e+03  0.3655302572  6.093653e-01 1.09799999999999999998
1  4.79e+03  0.3662494074  6.093653e-01 1.09799999999999999998
1  5.01e+03  0.3697262  6.093653e-01 1.09799999999999999998
1  5.25e+03  0.3495631777  6.093653e-01 1.09799999999999999998
1  5.50e+03  0.3760288239  6.093653e-01 1.09799999999999999998
1  5.75e+03  0.3504105491  6.093653e-01 1.09799999999999999998
1  6.03e+03  0.3668007422  6.093653e-01 1.09799999999999999998
1  6.31e+03  0.3759366695  6.093653e-01 1.09799999999999999998
1  6.61e+03  0.3357790946  6.093653e-01 1.09799999999999999998
1  6.92e+03  0.3670076178  6.093653e-01 1.09799999999999999998
1  7.24e+03  0.3423405253  6.093653e-01 1.09799999999999999998
1  7.59e+03  0.3872529717  6.093653e-01 1.09799999999999999998
1  7.94e+03  0.3550741832  6.093653e-01 1.09799999999999999998
1  8.32e+03  0.3768173863  6.093653e-01 1.09799999999999999998
1  8.71e+03  0.3446306039  6.093653e-01 1.09799999999999999998
1  9.12e+03  0.3439936831  6.093653e-01 1.09799999999999999998
1  9.55e+03  0.3416605248  6.093653e-01 1.09799999999999999998
1  1.00e+04  0.3748290943  6.093653e-01 1.09799999999999999998
1  1.05e+04  0.3855730076  6.093653e-01 1.09799999999999999998
1  1.10e+04  0.3201223636  6.093653e-01 1.09799999999999999998
1  1.15e+04  0.3638093463  6.093653e-01 1.09799999999999999998
1  1.20e+04  0.3450028541  6.093653e-01 1.09799999999999999998
1  1.26e+04  0.3472300019  6.093653e-01 1.09799999999999999998
1  1.32e+04  0.3665306832  6.093653e-01 1.09799999999999999998
1  1.38e+04  0.340224498  6.093653e-01 1.09799999999999999998
1  1.45e+04  0.3685126133  6.093653e-01 1.09799999999999999998
1  1.51e+04  0.3226044883  6.093653e-01 1.09799999999999999998
1  1.58e+04  0.3524462058  6.093653e-01 1.09799999999999999998
1  1.66e+04  0.3010438946  6.093653e-01 1.09799999999999999998
1  1.74e+04  0.3614255414  6.093653e-01 1.09799999999999999998
1  1.82e+04  0.3519968095  6.093653e-01 1.09799999999999999998
1  1.91e+04  0.3571117904  6.093653e-01 1.09799999999999999998
1  2.00e+04  0.3130803923  6.093653e-01 1.09799999999999999998
1  2.09e+04  0.3214331728  6.093653e-01 1.09799999999999999998
1  2.19e+04  0.3617691536  6.093653e-01 1.09799999999999999998
1  2.29e+04  0.2995208512  6.093653e-01 1.09799999999999999998
1  2.40e+04  0.3375628903  6.093653e-01 1.09799999999999999998
1  2.51e+04  0.3706873667  6.093653e-01 1.09799999999999999998
1  2.63e+04  0.2878950375  6.093653e-01 1.09799999999999999998
1  2.75e+04  0.3706837618  6.093653e-01 1.09799999999999999998
1  2.88e+04  0.3109387533  6.093653e-01 1.09799999999999999998
1  3.02e+04  0.3303476027  6.093653e-01 1.09799999999999999998
1  3.16e+04  0.335619682  6.093653e-01 1.09799999999999999998
1  3.31e+04  0.3391413384  6.093653e-01 1.09799999999999999998
1  3.47e+04  0.2937598968  6.093653e-01 1.09799999999999999998
1  3.63e+04  0.3682835266  6.093653e-01 1.09799999999999999998
1  3.80e+04  0.2943859031  6.093653e-01 1.09799999999999999998
1  3.98e+04  0.3658383484  6.093653e-01 1.09799999999999999998
1  4.17e+04  0.2868333814  6.093653e-01 1.09799999999999999998
1  4.37e+04  0.3441770932  6.093653e-01 1.09799999999999999998
1  4.57e+04  0.3526787617  6.093653e-01 1.09799999999999999998
1  4.79e+04  0.2990624658  6.093653e-01 1.09799999999999999998
1  5.01e+04  0.3312089315  6.093653e-01 1.09799999999999999998
1  5.25e+04  0.3598327822  6.093653e-01 1.09799999999999999998
1  5.50e+04  0.2891150652  6.093653e-01 1.09799999999999999998
1  5.75e+04  0.3362731063  6.093653e-01 1.09799999999999999998
1  6.03e+04  0.352409874  6.093653e-01 1.09799999999999999998
1  6.31e+04  0.2910596174  6.093653e-01 1.09799999999999999998
1  6.61e+04  0.3234283661  6.093653e-01 1.09799999999999999998
1  6.92e+04  0.3665922525  6.093653e-01 1.09799999999999999998
1  7.24e+04  0.3413669126  6.093653e-01 1.09799999999999999998
1  7.59e+04  0.3151974062  6.093653e-01 1.09799999999999999998
1  7.94e+04  0.3246459236  6.093653e-01 1.09799999999999999998
1  8.32e+04  0.3511431904  6.093653e-01 1.09799999999999999998
1  8.71e+04  0.3649472712  6.093653e-01 1.09799999999999999998
1  9.12e+04  0.3460228652  6.093653e-01 1.09799999999999999998
1  9.55e+04  0.3146185084  6.093653e-01 1.09799999999999999998
1  1.00e+05  0.3125548911  6.093653e-01 1.09799999999999999998
1  1.05e+05  0.3428973303  6.093653e-01 1.09799999999999999998
1  1.10e+05  0.3649841902  6.093653e-01 1.09799999999999999998
1  1.15e+05  0.3508524565  6.093653e-01 1.09799999999999999998
1  1.20e+05  0.3180148106  6.093653e-01 1.09799999999999999998
1  1.26e+05  0.3025404928  6.093653e-01 1.09799999999999999998
1  1.32e+05  0.317812436  6.093653e-01 1.09799999999999999998
1  1.38e+05  0.3463958707  6.093653e-01 1.09799999999999999998
1  1.45e+05  0.3628195964  6.093653e-01 1.09799999999999999998
1  1.51e+05  0.3566541568  6.093653e-01 1.09799999999999999998
1  1.58e+05  0.3365138728  6.093653e-01 1.09799999999999999998
1  1.66e+05  0.3187002991  6.093653e-01 1.09799999999999999998
1  1.74e+05  0.3143226037  6.093653e-01 1.09799999999999999998
1  1.82e+05  0.3240791933  6.093653e-01 1.09799999999999999998
1  1.91e+05  0.3409803211  6.093653e-01 1.09799999999999999998
1  2.00e+05  0.3563125014  6.093653e-01 1.09799999999999999998
1  2.09e+05  0.3643397496  6.093653e-01 1.09799999999999999998
1  2.19e+05  0.3638940102  6.093653e-01 1.09799999999999999998
1  2.29e+05  0.3573803467  6.093653e-01 1.09799999999999999998
1  2.40e+05  0.3486948957  6.093653e-01 1.09799999999999999998
1  2.51e+05  0.3413552866  6.093653e-01 1.09799999999999999998
1  2.63e+05  0.3374685961  6.093653e-01 1.09799999999999999998
1  2.75e+05  0.337555787  6.093653e-01 1.09799999999999999998
1  2.88e+05  0.340932822  6.093653e-01 1.09799999999999999998
1  3.02e+05  0.3462953388  6.093653e-01 1.09799999999999999998
1  3.16e+05  0.3522490426  6.093653e-01 1.09799999999999999998
1  3.31e+05  0.3576615187  6.093653e-01 1.09799999999999999998
1  3.47e+05  0.3618184651  6.093653e-01 1.09799999999999999998
1  3.63e+05  0.3644276765  6.093653e-01 1.09799999999999999998
1  3.80e+05  0.3655332777  6.093653e-01 1.09799999999999999998
1  3.98e+05  0.3653961785  6.093653e-01 1.09799999999999999998
1  4.17e+05  0.3643793359  6.093653e-01 1.09799999999999999998
1  4.37e+05  0.3628581606  6.093653e-01 1.09799999999999999998
1  4.57e+05  0.3611622354  6.093653e-01 1.09799999999999999998
1  4.79e+05  0.3595457166  6.093653e-01 1.09799999999999999998
1  5.01e+05  0.3581796609  6.093653e-01 1.09799999999999999998
1  5.25e+05  0.3571586341  6.093653e-01 1.09799999999999999998
1  5.50e+05  0.3565148953  6.093653e-01 1.09799999999999999998
1  5.75e+05  0.3562351436  6.093653e-01 1.09799999999999999998
1  6.03e+05  0.3562765737  6.093653e-01 1.09799999999999999998
1  6.31e+05  0.3565804689  6.093653e-01 1.09799999999999999998
1  6.61e+05  0.3570927465  6.093653e-01 1.09799999999999999998
1  6.92e+05  0.3577558923  6.093653e-01 1.09799999999999999998
1  7.24e+05  0.3584913643  6.093653e-01 1.09799999999999999998
1  7.59e+05  0.3592554086  6.093653e-01 1.09799999999999999998
1  7.94e+05  0.3600096565  6.093653e-01 1.09799999999999999998
1  8.32e+05  0.3607258081  6.093653e-01 1.09799999999999999998
1  8.71e+05  0.3613845589  6.093653e-01 1.09799999999999999998
1  9.12e+05  0.3619741905  6.093653e-01 1.09799999999999999998
1  9.55e+05  0.3624890708  6.093653e-01 1.09799999999999999998
1  1.00e+06  0.3629282208  6.093653e-01 1.09799999999999999998
1  1.05e+06  0.3632940382  6.093653e-01 1.09799999999999999998
1  1.10e+06  0.3635912171  6.093653e-01 1.09799999999999999998
1  1.15e+06  0.3638258744  6.093653e-01 1.09799999999999999998
1  1.20e+06  0.3640048686  6.093653e-01 1.09799999999999999998
1  1.26e+06  0.3641352925  6.093653e-01 1.09799999999999999998
1  1.32e+06  0.3642241097  6.093653e-01 1.09799999999999999998
1  1.38e+06  0.3642779094  6.093653e-01 1.09799999999999999998
1  1.45e+06  0.3643027546  6.093653e-01 1.09799999999999999998
1  1.51e+06  0.3643040992  6.093653e-01 1.09799999999999999998
1  1.58e+06  0.3642881071  6.093653e-01 1.09799999999999999998
1  1.66e+06  0.3642562576  6.093653e-01 1.09799999999999999998
1  1.74e+06  0.3642134622  6.093653e-01 1.09799999999999999998
1  1.82e+06  0.3641627431  6.093653e-01 1.09799999999999999998
1  1.91e+06  0.3641066164  6.093653e-01 1.09799999999999999998
1  2.00e+06  0.3640471478  6.093653e-01 1.09799999999999999998
1  2.09e+06  0.36398601  6.093653e-01 1.09799999999999999998
1  2.19e+06  0.3639245355  6.093653e-01 1.09799999999999999998
1  2.29e+06  0.3638637671  6.093653e-01 1.09799999999999999998
1  2.40e+06  0.3638045034  6.093653e-01 1.09799999999999999998
1  2.51e+06  0.3637473389  6.093653e-01 1.09799999999999999998
1  2.63e+06  0.3636926999  6.093653e-01 1.09799999999999999998
1  2.75e+06  0.363640875  6.093653e-01 1.09799999999999999998
1  2.88e+06  0.3635920419  6.093653e-01 1.09799999999999999998
1  3.02e+06  0.3635462897  6.093653e-01 1.09799999999999999998
1  3.16e+06  0.3635042374  6.093653e-01 1.09799999999999999998
1  3.31e+06  0.3634646036  6.093653e-01 1.09799999999999999998
1  3.47e+06  0.363427964  6.093653e-01 1.09799999999999999998
1  3.63e+06  0.3633942132  6.093653e-01 1.09799999999999999998
1  3.80e+06  0.3633632251  6.093653e-01 1.09799999999999999998
1  3.98e+06  0.3633348588  6.093653e-01 1.09799999999999999998
1  4.17e+06  0.3633089651  6.093653e-01 1.09799999999999999998
1  4.37e+06  0.3632853905  6.093653e-01 1.09799999999999999998
1  4.57e+06  0.3632639809  6.093653e-01 1.09799999999999999998
1  4.79e+06  0.3632445839  6.093653e-01 1.09799999999999999998
1  5.01e+06  0.3632270512  6.093653e-01 1.09799999999999999998
1  5.25e+06  0.3632112395  6.093653e-01 1.09799999999999999998
1  5.50e+06  0.3631970123  6.093653e-01 1.09799999999999999998
1  5.75e+06  0.3631842397  6.093653e-01 1.09799999999999999998
1  6.03e+06  0.3631727995  6.093653e-01 1.09799999999999999998
1  6.31e+06  0.3631627304  6.093653e-01 1.09799999999999999998
1  6.61e+06  0.3631536042  6.093653e-01 1.09799999999999999998
1  6.92e+06  0.36314549  6.093653e-01 1.09799999999999999998
1  7.24e+06  0.3631382954  6.093653e-01 1.09799999999999999998
1  7.59e+06  0.3631319347  6.093653e-01 1.09799999999999999998
1  7.94e+06  0.3631263292  6.093653e-01 1.09799999999999999998
1  8.32e+06  0.3631214065  6.093653e-01 1.09799999999999999998
1  8.71e+06  0.3631171  6.093653e-01 1.09799999999999999998
1  9.12e+06  0.3631133489  6.093653e-01 1.09799999999999999998
1  9.55e+06  0.3631100974  6.093653e-01 1.09799999999999999998
1  1.00e+07  0.3631072947  6.093653e-01 1.09799999999999999998
