1  1.00e-03  0.3737479844  1.575597e-01 1.02999999999999999997
1  1.05e-03  0.3737479907  1.575597e-01 1.02999999999999999997
1  1.10e-03  0.373747988  1.575597e-01 1.02999999999999999997
1  1.15e-03  0.373747992  1.575597e-01 1.02999999999999999997
1  1.20e-03  0.3737479874  1.575597e-01 1.02999999999999999997
1  1.26e-03  0.3737479895  1.575597e-01 1.02999999999999999997
1  1.32e-03  0.3737479916  1.575597e-01 1.02999999999999999997
1  1.38e-03  0.3737479926  1.575597e-01 1.02999999999999999997
1  1.45e-03  0.3737479891  1.575597e-01 1.02999999999999999997
1  1.51e-03  0.3737479911  1.575597e-01 1.02999999999999999997
1  1.58e-03  0.3737479853  1.575597e-01 1.02999999999999999997
1  1.66e-03  0.3737479872  1.575597e-01 1.02999999999999999997
1  1.74e-03  0.3737479919  1.575597e-01 1.02999999999999999997
1  1.82e-03  0.3737479883  1.575597e-01 1.02999999999999999997
1  1.91e-03  0.3737479858  1.575597e-01 1.02999999999999999997
1  2.00e-03  0.3737479873  1.575597e-01 1.02999999999999999997
1  2.09e-03  0.3737479902  1.575597e-01 1.02999999999999999997
1  2.19e-03  0.37374799  1.575597e-01 1.02999999999999999997
1  2.29e-03  0.3737479872  1.575597e-01 1.02999999999999999997
1  2.40e-03  0.3737479858  1.575597e-01 1.02999999999999999997
1  2.51e-03  0.3737479919  1.575597e-01 1.02999999999999999997
1  2.63e-03  0.3737479907  1.575597e-01 1.02999999999999999997
1  2.75e-03  0.37374799  1.575597e-01 1.02999999999999999997
1  2.88e-03  0.3737479907  1.575597e-01 1.02999999999999999997
1  3.02e-03  0.3737479912  1.575597e-01 1.02999999999999999997
1  3.16e-03  0.3737479911  1.575597e-01 1.02999999999999999997
1  3.31e-03  0.3737479889  1.575597e-01 1.02999999999999999997
1  3.47e-03  0.3737479904  1.575597e-01 1.02999999999999999997
1  3.63e-03  0.3737479907  1.575597e-01 1.02999999999999999997
1  3.80e-03  0.3737479892  1.575597e-01 1.02999999999999999997
1  3.98e-03  0.3737479916  1.575597e-01 1.02999999999999999997
1  4.17e-03  0.3737479874  1.575597e-01 1.02999999999999999997
1  4.37e-03  0.3737479883  1.575597e-01 1.02999999999999999997
1  4.57e-03  0.3737479894  1.575597e-01 1.02999999999999999997
1  4.79e-03  0.3737479913  1.575597e-01 1.02999999999999999997
1  5.01e-03  0.3737479902  1.575597e-01 1.02999999999999999997
1  5.25e-03  0.3737479869  1.575597e-01 1.02999999999999999997
1  5.50e-03  0.3737479885  1.575597e-01 1.02999999999999999997
1  5.75e-03  0.3737479896  1.575597e-01 1.02999999999999999997
1  6.03e-03  0.3737479882  1.575597e-01 1.02999999999999999997
1  6.31e-03  0.373747989  1.575597e-01 1.02999999999999999997
1  6.61e-03  0.37374799  1.575597e-01 1.02999999999999999997
1  6.92e-03  0.3737479907  1.575597e-01 1.02999999999999999997
1  7.24e-03  0.3737479889  1.575597e-01 1.02999999999999999997
1  7.59e-03  0.3737479888  1.575597e-01 1.02999999999999999997
1  7.94e-03  0.3737479901  1.575597e-01 1.02999999999999999997
1  8.32e-03  0.3737479855  1.575597e-01 1.02999999999999999997
1  8.71e-03  0.373747988  1.575597e-01 1.02999999999999999997
1  9.12e-03  0.3737479887  1.575597e-01 1.02999999999999999997
1  9.55e-03  0.3737479892  1.575597e-01 1.02999999999999999997
1  1.00e-02  0.3737479865  1.575597e-01 1.02999999999999999997
1  1.05e-02  0.3737479416  1.575597e-01 1.02999999999999999997
1  1.10e-02  0.3737479859  1.575597e-01 1.02999999999999999997
1  1.15e-02  0.3737479869  1.575597e-01 1.02999999999999999997
1  1.20e-02  0.3737479878  1.575597e-01 1.02999999999999999997
1  1.26e-02  0.3737479863  1.575597e-01 1.02999999999999999997
1  1.32e-02  0.3737479889  1.575597e-01 1.02999999999999999997
1  1.38e-02  0.3737479871  1.575597e-01 1.02999999999999999997
1  1.45e-02  0.3737479896  1.575597e-01 1.02999999999999999997
1  1.51e-02  0.3737479892  1.575597e-01 1.02999999999999999997
1  1.58e-02  0.373747989  1.575597e-01 1.02999999999999999997
1  1.66e-02  0.3737479864  1.575597e-01 1.02999999999999999997
1  1.74e-02  0.3737479889  1.575597e-01 1.02999999999999999997
1  1.82e-02  0.3737479682  1.575597e-01 1.02999999999999999997
1  1.91e-02  0.3737484054  1.575597e-01 1.02999999999999999997
1  2.00e-02  0.3737479849  1.575597e-01 1.02999999999999999997
1  2.09e-02  0.3737479891  1.575597e-01 1.02999999999999999997
1  2.19e-02  0.3737479849  1.575597e-01 1.02999999999999999997
1  2.29e-02  0.3737479843  1.575597e-01 1.02999999999999999997
1  2.40e-02  0.3737479865  1.575597e-01 1.02999999999999999997
1  2.51e-02  0.3737479826  1.575597e-01 1.02999999999999999997
1  2.63e-02  0.3737479836  1.575597e-01 1.02999999999999999997
1  2.75e-02  0.3737479836  1.575597e-01 1.02999999999999999997
1  2.88e-02  0.3737479783  1.575597e-01 1.02999999999999999997
1  3.02e-02  0.3737479892  1.575597e-01 1.02999999999999999997
1  3.16e-02  0.3737479902  1.575597e-01 1.02999999999999999997
1  3.31e-02  0.3737479907  1.575597e-01 1.02999999999999999997
1  3.47e-02  0.3737479755  1.575597e-01 1.02999999999999999997
1  3.63e-02  0.3737479975  1.575597e-01 1.02999999999999999997
1  3.80e-02  0.3737479775  1.575597e-01 1.02999999999999999997
1  3.98e-02  0.3737479388  1.575597e-01 1.02999999999999999997
1  4.17e-02  0.3737479836  1.575597e-01 1.02999999999999999997
1  4.37e-02  0.3737479662  1.575597e-01 1.02999999999999999997
1  4.57e-02  0.3737479706  1.575597e-01 1.02999999999999999997
1  4.79e-02  0.3737479403  1.575597e-01 1.02999999999999999997
1  5.01e-02  0.3737479684  1.575597e-01 1.02999999999999999997
1  5.25e-02  0.3737479698  1.575597e-01 1.02999999999999999997
1  5.50e-02  0.3737479766  1.575597e-01 1.02999999999999999997
1  5.75e-02  0.373747965  1.575597e-01 1.02999999999999999997
1  6.03e-02  0.3737479601  1.575597e-01 1.02999999999999999997
1  6.31e-02  0.3737479705  1.575597e-01 1.02999999999999999997
1  6.61e-02  0.3737479747  1.575597e-01 1.02999999999999999997
1  6.92e-02  0.3737479712  1.575597e-01 1.02999999999999999997
1  7.24e-02  0.3737479664  1.575597e-01 1.02999999999999999997
1  7.59e-02  0.3737478924  1.575597e-01 1.02999999999999999997
1  7.94e-02  0.3737479653  1.575597e-01 1.02999999999999999997
1  8.32e-02  0.3737473942  1.575597e-01 1.02999999999999999997
1  8.71e-02  0.3737479504  1.575597e-01 1.02999999999999999997
1  9.12e-02  0.3737462353  1.575597e-01 1.02999999999999999997
1  9.55e-02  0.3737479523  1.575597e-01 1.02999999999999999997
1  1.00e-01  0.3737479533  1.575597e-01 1.02999999999999999997
1  1.05e-01  0.3737479581  1.575597e-01 1.02999999999999999997
1  1.10e-01  0.3737479619  1.575597e-01 1.02999999999999999997
1  1.15e-01  0.3737479565  1.575597e-01 1.02999999999999999997
1  1.20e-01  0.3737479374  1.575597e-01 1.02999999999999999997
1  1.26e-01  0.37374797  1.575597e-01 1.02999999999999999997
1  1.32e-01  0.3737479738  1.575597e-01 1.02999999999999999997
1  1.38e-01  0.3737479851  1.575597e-01 1.02999999999999999997
1  1.45e-01  0.3737479388  1.575597e-01 1.02999999999999999997
1  1.51e-01  0.3737479269  1.575597e-01 1.02999999999999999997
1  1.58e-01  0.3737477336  1.575597e-01 1.02999999999999999997
1  1.66e-01  0.3737479101  1.575597e-01 1.02999999999999999997
1  1.74e-01  0.373743133  1.575597e-01 1.02999999999999999997
1  1.82e-01  0.3737478494  1.575597e-01 1.02999999999999999997
1  1.91e-01  0.3737479224  1.575597e-01 1.02999999999999999997
1  2.00e-01  0.3737479131  1.575597e-01 1.02999999999999999997
1  2.09e-01  0.3737479678  1.575597e-01 1.02999999999999999997
1  2.19e-01  0.3737479772  1.575597e-01 1.02999999999999999997
1  2.29e-01  0.3737479249  1.575597e-01 1.02999999999999999997
1  2.40e-01  0.3737464708  1.575597e-01 1.02999999999999999997
1  2.51e-01  0.3737479433  1.575597e-01 1.02999999999999999997
1  2.63e-01  0.3737479287  1.575597e-01 1.02999999999999999997
1  2.75e-01  0.3737479142  1.575597e-01 1.02999999999999999997
1  2.88e-01  0.3737478971  1.575597e-01 1.02999999999999999997
1  3.02e-01  0.3737478832  1.575597e-01 1.02999999999999999997
1  3.16e-01  0.3737479182  1.575597e-01 1.02999999999999999997
1  3.31e-01  0.373747939  1.575597e-01 1.02999999999999999997
1  3.47e-01  0.3737478646  1.575597e-01 1.02999999999999999997
1  3.63e-01  0.3737479091  1.575597e-01 1.02999999999999999997
1  3.80e-01  0.3737478702  1.575597e-01 1.02999999999999999997
1  3.98e-01  0.3737478786  1.575597e-01 1.02999999999999999997
1  4.17e-01  0.3737479797  1.575597e-01 1.02999999999999999997
1  4.37e-01  0.3737478644  1.575597e-01 1.02999999999999999997
1  4.57e-01  0.37374791  1.575597e-01 1.02999999999999999997
1  4.79e-01  0.3737478584  1.575597e-01 1.02999999999999999997
1  5.01e-01  0.3737479166  1.575597e-01 1.02999999999999999997
1  5.25e-01  0.3737478542  1.575597e-01 1.02999999999999999997
1  5.50e-01  0.3737477494  1.575597e-01 1.02999999999999999997
1  5.75e-01  0.373747673  1.575597e-01 1.02999999999999999997
1  6.03e-01  0.3737478149  1.575597e-01 1.02999999999999999997
1  6.31e-01  0.3737477149  1.575597e-01 1.02999999999999999997
1  6.61e-01  0.3737479062  1.575597e-01 1.02999999999999999997
1  6.92e-01  0.3737477548  1.575597e-01 1.02999999999999999997
1  7.24e-01  0.3737480777  1.575597e-01 1.02999999999999999997
1  7.59e-01  0.3737479478  1.575597e-01 1.02999999999999999997
1  7.94e-01  0.3737478174  1.575597e-01 1.02999999999999999997
1  8.32e-01  0.3737477878  1.575597e-01 1.02999999999999999997
1  8.71e-01  0.3737479777  1.575597e-01 1.02999999999999999997
1  9.12e-01  0.3737483481  1.575597e-01 1.02999999999999999997
1  9.55e-01  0.3737482963  1.575597e-01 1.02999999999999999997
1  1.00e+00  0.3737481163  1.575597e-01 1.02999999999999999997
1  1.05e+00  0.3737477089  1.575597e-01 1.02999999999999999997
1  1.10e+00  0.3737479786  1.575597e-01 1.02999999999999999997
1  1.15e+00  0.3737477062  1.575597e-01 1.02999999999999999997
1  1.20e+00  0.3737477904  1.575597e-01 1.02999999999999999997
1  1.26e+00  0.3737316546  1.575597e-01 1.02999999999999999997
1  1.32e+00  0.373747757  1.575597e-01 1.02999999999999999997
1  1.38e+00  0.3737477463  1.575597e-01 1.02999999999999999997
1  1.45e+00  0.3737535089  1.575597e-01 1.02999999999999999997
1  1.51e+00  0.373748562  1.575597e-01 1.02999999999999999997
1  1.58e+00  0.3737477991  1.575597e-01 1.02999999999999999997
1  1.66e+00  0.3737476502  1.575597e-01 1.02999999999999999997
1  1.74e+00  0.3737477615  1.575597e-01 1.02999999999999999997
1  1.82e+00  0.3737474196  1.575597e-01 1.02999999999999999997
1  1.91e+00  0.3737475439  1.575597e-01 1.02999999999999999997
1  2.00e+00  0.3737478858  1.575597e-01 1.02999999999999999997
1  2.09e+00  0.3737476224  1.575597e-01 1.02999999999999999997
1  2.19e+00  0.3737475484  1.575597e-01 1.02999999999999999997
1  2.29e+00  0.3737473959  1.575597e-01 1.02999999999999999997
1  2.40e+00  0.3737309801  1.575597e-01 1.02999999999999999997
1  2.51e+00  0.3737476979  1.575597e-01 1.02999999999999999997
1  2.63e+00  0.3737472069  1.575597e-01 1.02999999999999999997
1  2.75e+00  0.3737456338  1.575597e-01 1.02999999999999999997
1  2.88e+00  0.3737398374  1.575597e-01 1.02999999999999999997
1  3.02e+00  0.3737480542  1.575597e-01 1.02999999999999999997
1  3.16e+00  0.3737207534  1.575597e-01 1.02999999999999999997
1  3.31e+00  0.3737480263  1.575597e-01 1.02999999999999999997
1  3.47e+00  0.3737505284  1.575597e-01 1.02999999999999999997
1  3.63e+00  0.373747402  1.575597e-01 1.02999999999999999997
1  3.80e+00  0.3737472115  1.575597e-01 1.02999999999999999997
1  3.98e+00  0.3737476578  1.575597e-01 1.02999999999999999997
1  4.17e+00  0.373747238  1.575597e-01 1.02999999999999999997
1  4.37e+00  0.3737473147  1.575597e-01 1.02999999999999999997
1  4.57e+00  0.3737476454  1.575597e-01 1.02999999999999999997
1  4.79e+00  0.3737469881  1.575597e-01 1.02999999999999999997
1  5.01e+00  0.3737478009  1.575597e-01 1.02999999999999999997
1  5.25e+00  0.3737469421  1.575597e-01 1.02999999999999999997
1  5.50e+00  0.3737476118  1.575597e-01 1.02999999999999999997
1  5.75e+00  0.373747137  1.575597e-01 1.02999999999999999997
1  6.03e+00  0.373725082  1.575597e-01 1.02999999999999999997
1  6.31e+00  0.3737448158  1.575597e-01 1.02999999999999999997
1  6.61e+00  0.3737466981  1.575597e-01 1.02999999999999999997
1  6.92e+00  0.3737466908  1.575597e-01 1.02999999999999999997
1  7.24e+00  0.3737474864  1.575597e-01 1.02999999999999999997
1  7.59e+00  0.3737783765  1.575597e-01 1.02999999999999999997
1  7.94e+00  0.3737451025  1.575597e-01 1.02999999999999999997
1  8.32e+00  0.3738154157  1.575597e-01 1.02999999999999999997
1  8.71e+00  0.3737163007  1.575597e-01 1.02999999999999999997
1  9.12e+00  0.3737238585  1.575597e-01 1.02999999999999999997
1  9.55e+00  0.3737510036  1.575597e-01 1.02999999999999999997
1  1.00e+01  0.3736447811  1.575597e-01 1.02999999999999999997
1  1.05e+01  0.3738127782  1.575597e-01 1.02999999999999999997
1  1.10e+01  0.3738224886  1.575597e-01 1.02999999999999999997
1  1.15e+01  0.3737436613  1.575597e-01 1.02999999999999999997
1  1.20e+01  0.3737007334  1.575597e-01 1.02999999999999999997
1  1.26e+01  0.3737441711  1.575597e-01 1.02999999999999999997
1  1.32e+01  0.3737471863  1.575597e-01 1.02999999999999999997
1  1.38e+01  0.3737421737  1.575597e-01 1.02999999999999999997
1  1.45e+01  0.3737465231  1.575597e-01 1.02999999999999999997
1  1.51e+01  0.3737475327  1.575597e-01 1.02999999999999999997
1  1.58e+01  0.3737477884  1.575597e-01 1.02999999999999999997
1  1.66e+01  0.3737475217  1.575597e-01 1.02999999999999999997
1  1.74e+01  0.3735913726  1.575597e-01 1.02999999999999999997
1  1.82e+01  0.3737405724  1.575597e-01 1.02999999999999999997
1  1.91e+01  0.3737454083  1.575597e-01 1.02999999999999999997
1  2.00e+01  0.3737425492  1.575597e-01 1.02999999999999999997
1  2.09e+01  0.3737223435  1.575597e-01 1.02999999999999999997
1  2.19e+01  0.3736123747  1.575597e-01 1.02999999999999999997
1  2.29e+01  0.374300798  1.575597e-01 1.02999999999999999997
1  2.40e+01  0.3738539846  1.575597e-01 1.02999999999999999997
1  2.51e+01  0.3739183782  1.575597e-01 1.02999999999999999997
1  2.63e+01  0.3737575075  1.575597e-01 1.02999999999999999997
1  2.75e+01  0.3737397756  1.575597e-01 1.02999999999999999997
1  2.88e+01  0.3731310487  1.575597e-01 1.02999999999999999997
1  3.02e+01  0.3739952368  1.575597e-01 1.02999999999999999997
1  3.16e+01  0.3737185874  1.575597e-01 1.02999999999999999997
1  3.31e+01  0.3738733906  1.575597e-01 1.02999999999999999997
1  3.47e+01  0.3738610857  1.575597e-01 1.02999999999999999997
1  3.63e+01  0.3734056996  1.575597e-01 1.02999999999999999997
1  3.80e+01  0.3736578538  1.575597e-01 1.02999999999999999997
1  3.98e+01  0.3736570075  1.575597e-01 1.02999999999999999997
1  4.17e+01  0.3738572997  1.575597e-01 1.02999999999999999997
1  4.37e+01  0.3737163184  1.575597e-01 1.02999999999999999997
1  4.57e+01  0.3734713119  1.575597e-01 1.02999999999999999997
1  4.79e+01  0.3739545249  1.575597e-01 1.02999999999999999997
1  5.01e+01  0.3737326847  1.575597e-01 1.02999999999999999997
1  5.25e+01  0.3737518121  1.575597e-01 1.02999999999999999997
1  5.50e+01  0.3737523654  1.575597e-01 1.02999999999999999997
1  5.75e+01  0.373804093  1.575597e-01 1.02999999999999999997
1  6.03e+01  0.3734501734  1.575597e-01 1.02999999999999999997
1  6.31e+01  0.3739081632  1.575597e-01 1.02999999999999999997
1  6.61e+01  0.373772573  1.575597e-01 1.02999999999999999997
1  6.92e+01  0.3736840599  1.575597e-01 1.02999999999999999997
1  7.24e+01  0.3737260161  1.575597e-01 1.02999999999999999997
1  7.59e+01  0.3740770333  1.575597e-01 1.02999999999999999997
1  7.94e+01  0.3734837568  1.575597e-01 1.02999999999999999997
1  8.32e+01  0.3736713472  1.575597e-01 1.02999999999999999997
1  8.71e+01  0.3737573839  1.575597e-01 1.02999999999999999997
1  9.12e+01  0.3737135645  1.575597e-01 1.02999999999999999997
1  9.55e+01  0.373784403  1.575597e-01 1.02999999999999999997
1  1.00e+02  0.3739403033  1.575597e-01 1.02999999999999999997
1  1.05e+02  0.3737702595  1.575597e-01 1.02999999999999999997
1  1.10e+02  0.3737155095  1.575597e-01 1.02999999999999999997
1  1.15e+02  0.373699011  1.575597e-01 1.02999999999999999997
1  1.20e+02  0.3737659979  1.575597e-01 1.02999999999999999997
1  1.26e+02  0.3741429556  1.575597e-01 1.02999999999999999997
1  1.32e+02  0.3737373267  1.575597e-01 1.02999999999999999997
1  1.38e+02  0.3737171597  1.575597e-01 1.02999999999999999997
1  1.45e+02  0.3737476002  1.575597e-01 1.02999999999999999997
1  1.51e+02  0.3736801878  1.575597e-01 1.02999999999999999997
1  1.58e+02  0.3737372573  1.575597e-01 1.02999999999999999997
1  1.66e+02  0.3739018877  1.575597e-01 1.02999999999999999997
1  1.74e+02  0.373673194  1.575597e-01 1.02999999999999999997
1  1.82e+02  0.3737027451  1.575597e-01 1.02999999999999999997
1  1.91e+02  0.3737196242  1.575597e-01 1.02999999999999999997
1  2.00e+02  0.3736984492  1.575597e-01 1.02999999999999999997
1  2.09e+02  0.3735606412  1.575597e-01 1.02999999999999999997
1  2.19e+02  0.3737449857  1.575597e-01 1.02999999999999999997
1  2.29e+02  0.3737330263  1.575597e-01 1.02999999999999999997
1  2.40e+02  0.3737651913  1.575597e-01 1.02999999999999999997
1  2.51e+02  0.3738015241  1.575597e-01 1.02999999999999999997
1  2.63e+02  0.3734143378  1.575597e-01 1.02999999999999999997
1  2.75e+02  0.3737543595  1.575597e-01 1.02999999999999999997
1  2.88e+02  0.3737218128  1.575597e-01 1.02999999999999999997
1  3.02e+02  0.3737310904  1.575597e-01 1.02999999999999999997
1  3.16e+02  0.373775317  1.575597e-01 1.02999999999999999997
1  3.31e+02  0.3737550974  1.575597e-01 1.02999999999999999997
1  3.47e+02  0.3736326772  1.575597e-01 1.02999999999999999997
1  3.63e+02  0.3736727215  1.575597e-01 1.02999999999999999997
1  3.80e+02  0.3737672217  1.575597e-01 1.02999999999999999997
1  3.98e+02  0.3736603558  1.575597e-01 1.02999999999999999997
1  4.17e+02  0.3736241989  1.575597e-01 1.02999999999999999997
1  4.37e+02  0.3736937447  1.575597e-01 1.02999999999999999997
1  4.57e+02  0.3737010347  1.575597e-01 1.02999999999999999997
1  4.79e+02  0.3738649987  1.575597e-01 1.02999999999999999997
1  5.01e+02  0.3735956026  1.575597e-01 1.02999999999999999997
1  5.25e+02  0.3738065272  1.575597e-01 1.02999999999999999997
1  5.50e+02  0.3736304838  1.575597e-01 1.02999999999999999997
1  5.75e+02  0.373512924  1.575597e-01 1.02999999999999999997
1  6.03e+02  0.3736866251  1.575597e-01 1.02999999999999999997
1  6.31e+02  0.3737576608  1.575597e-01 1.02999999999999999997
1  6.61e+02  0.3735471648  1.575597e-01 1.02999999999999999997
1  6.92e+02  0.3735046601  1.575597e-01 1.02999999999999999997
1  7.24e+02  0.3735612932  1.575597e-01 1.02999999999999999997
1  7.59e+02  0.3736442719  1.575597e-01 1.02999999999999999997
1  7.94e+02  0.3735609451  1.575597e-01 1.02999999999999999997
1  8.32e+02  0.3737633949  1.575597e-01 1.02999999999999999997
1  8.71e+02  0.3735068706  1.575597e-01 1.02999999999999999997
1  9.12e+02  0.373651644  1.575597e-01 1.02999999999999999997
1  9.55e+02  0.3735561705  1.575597e-01 1.02999999999999999997
1  1.00e+03  0.3734915432  1.575597e-01 1.02999999999999999997
1  1.05e+03  0.3738998851  1.575597e-01 1.02999999999999999997
1  1.10e+03  0.3736609835  1.575597e-01 1.02999999999999999997
1  1.15e+03  0.3730760455  1.575597e-01 1.02999999999999999997
1  1.20e+03  0.373588354  1.575597e-01 1.02999999999999999997
1  1.26e+03  0.3738387834  1.575597e-01 1.02999999999999999997
1  1.32e+03  0.3739505245  1.575597e-01 1.02999999999999999997
1  1.38e+03  0.3736789448  1.575597e-01 1.02999999999999999997
1  1.45e+03  0.374088103  1.575597e-01 1.02999999999999999997
1  1.51e+03  0.3726544069  1.575597e-01 1.02999999999999999997
1  1.58e+03  0.3720335828  1.575597e-01 1.02999999999999999997
1  1.66e+03  0.3721029721  1.575597e-01 1.02999999999999999997
1  1.74e+03  0.3722856003  1.575597e-01 1.02999999999999999997
1  1.82e+03  0.3735701024  1.575597e-01 1.02999999999999999997
1  1.91e+03  0.3750128714  1.575597e-01 1.02999999999999999997
1  2.00e+03  0.3745737185  1.575597e-01 1.02999999999999999997
1  2.09e+03  0.3736820819  1.575597e-01 1.02999999999999999997
1  2.19e+03  0.3741686273  1.575597e-01 1.02999999999999999997
1  2.29e+03  0.3736192889  1.575597e-01 1.02999999999999999997
1  2.40e+03  0.3709797257  1.575597e-01 1.02999999999999999997
1  2.51e+03  0.3683693326  1.575597e-01 1.02999999999999999997
1  2.63e+03  0.3737634199  1.575597e-01 1.02999999999999999997
1  2.75e+03  0.3667089844  1.575597e-01 1.02999999999999999997
1  2.88e+03  0.3739287037  1.575597e-01 1.02999999999999999997
1  3.02e+03  0.3687784273  1.575597e-01 1.02999999999999999997
1  3.16e+03  0.3640853613  1.575597e-01 1.02999999999999999997
1  3.31e+03  0.3653048736  1.575597e-01 1.02999999999999999997
1  3.47e+03  0.370640636  1.575597e-01 1.02999999999999999997
1  3.63e+03  0.3690167654  1.575597e-01 1.02999999999999999997
1  3.80e+03  0.3768025432  1.575597e-01 1.02999999999999999997
1  3.98e+03  0.3800713635  1.575597e-01 1.02999999999999999997
1  4.17e+03  0.3714604343  1.575597e-01 1.02999999999999999997
1  4.37e+03  0.3800162583  1.575597e-01 1.02999999999999999997
1  4.57e+03  0.3750360268  1.575597e-01 1.02999999999999999997
1  4.79e+03  0.3826078861  1.575597e-01 1.02999999999999999997
1  5.01e+03  0.3737508347  1.575597e-01 1.02999999999999999997
1  5.25e+03  0.3739926164  1.575597e-01 1.02999999999999999997
1  5.50e+03  0.3744946834  1.575597e-01 1.02999999999999999997
1  5.75e+03  0.3691494996  1.575597e-01 1.02999999999999999997
1  6.03e+03  0.363594758  1.575597e-01 1.02999999999999999997
1  6.31e+03  0.3919452748  1.575597e-01 1.02999999999999999997
1  6.61e+03  0.3586520668  1.575597e-01 1.02999999999999999997
1  6.92e+03  0.3683182642  1.575597e-01 1.02999999999999999997
1  7.24e+03  0.3384018685  1.575597e-01 1.02999999999999999997
1  7.59e+03  0.3873119705  1.575597e-01 1.02999999999999999997
1  7.94e+03  0.3483771625  1.575597e-01 1.02999999999999999997
1  8.32e+03  0.3735223685  1.575597e-01 1.02999999999999999997
1  8.71e+03  0.3363363128  1.575597e-01 1.02999999999999999997
1  9.12e+03  0.3593679876  1.575597e-01 1.02999999999999999997
1  9.55e+03  0.3588326963  1.575597e-01 1.02999999999999999997
1  1.00e+04  0.361608029  1.575597e-01 1.02999999999999999997
1  1.05e+04  0.3869675426  1.575597e-01 1.02999999999999999997
1  1.10e+04  0.3402027454  1.575597e-01 1.02999999999999999997
1  1.15e+04  0.3816573091  1.575597e-01 1.02999999999999999997
1  1.20e+04  0.3208922232  1.575597e-01 1.02999999999999999997
1  1.26e+04  0.3417847312  1.575597e-01 1.02999999999999999997
1  1.32e+04  0.3515094689  1.575597e-01 1.02999999999999999997
1  1.38e+04  0.3245006322  1.575597e-01 1.02999999999999999997
1  1.45e+04  0.3575184683  1.575597e-01 1.02999999999999999997
1  1.51e+04  0.3146181241  1.575597e-01 1.02999999999999999997
1  1.58e+04  0.3355838882  1.575597e-01 1.02999999999999999997
1  1.66e+04  0.3337636803  1.575597e-01 1.02999999999999999997
1  1.74e+04  0.3621178398  1.575597e-01 1.02999999999999999997
1  1.82e+04  0.3555973182  1.575597e-01 1.02999999999999999997
1  1.91e+04  0.3395380578  1.575597e-01 1.02999999999999999997
1  2.00e+04  0.2867716953  1.575597e-01 1.02999999999999999997
1  2.09e+04  0.3393913127  1.575597e-01 1.02999999999999999997
1  2.19e+04  0.3649614256  1.575597e-01 1.02999999999999999997
1  2.29e+04  0.265894357  1.575597e-01 1.02999999999999999997
1  2.40e+04  0.3370533644  1.575597e-01 1.02999999999999999997
1  2.51e+04  0.3730008344  1.575597e-01 1.02999999999999999997
1  2.63e+04  0.2858149  1.575597e-01 1.02999999999999999997
1  2.75e+04  0.3757932349  1.575597e-01 1.02999999999999999997
1  2.88e+04  0.3055202893  1.575597e-01 1.02999999999999999997
1  3.02e+04  0.3450272085  1.575597e-01 1.02999999999999999997
1  3.16e+04  0.3355783033  1.575597e-01 1.02999999999999999997
1  3.31e+04  0.3643765008  1.575597e-01 1.02999999999999999997
1  3.47e+04  0.2559086115  1.575597e-01 1.02999999999999999997
1  3.63e+04  0.3702268917  1.575597e-01 1.02999999999999999997
1  3.80e+04  0.302276385  1.575597e-01 1.02999999999999999997
1  3.98e+04  0.3744288548  1.575597e-01 1.02999999999999999997
1  4.17e+04  0.3231410026  1.575597e-01 1.02999999999999999997
1  4.37e+04  0.3246356182  1.575597e-01 1.02999999999999999997
1  4.57e+04  0.3720733312  1.575597e-01 1.02999999999999999997
1  4.79e+04  0.2740521378  1.575597e-01 1.02999999999999999997
1  5.01e+04  0.3167101042  1.575597e-01 1.02999999999999999997
1  5.25e+04  0.361476058  1.575597e-01 1.02999999999999999997
1  5.50e+04  0.2923958674  1.575597e-01 1.02999999999999999997
1  5.75e+04  0.3496736776  1.575597e-01 1.02999999999999999997
1  6.03e+04  0.3665389964  1.575597e-01 1.02999999999999999997
1  6.31e+04  0.3250954598  1.575597e-01 1.02999999999999999997
1  6.61e+04  0.3289636547  1.575597e-01 1.02999999999999999997
1  6.92e+04  0.3624916367  1.575597e-01 1.02999999999999999997
1  7.24e+04  0.367071339  1.575597e-01 1.02999999999999999997
1  7.59e+04  0.3200953218  1.575597e-01 1.02999999999999999997
1  7.94e+04  0.2942614115  1.575597e-01 1.02999999999999999997
1  8.32e+04  0.3368853701  1.575597e-01 1.02999999999999999997
1  8.71e+04  0.3736548104  1.575597e-01 1.02999999999999999997
1  9.12e+04  0.3431759705  1.575597e-01 1.02999999999999999997
1  9.55e+04  0.2971300314  1.575597e-01 1.02999999999999999997
1  1.00e+05  0.3035472862  1.575597e-01 1.02999999999999999997
1  1.05e+05  0.3481434689  1.575597e-01 1.02999999999999999997
1  1.10e+05  0.3727826044  1.575597e-01 1.02999999999999999997
1  1.15e+05  0.3566075991  1.575597e-01 1.02999999999999999997
1  1.20e+05  0.3277240112  1.575597e-01 1.02999999999999999997
1  1.26e+05  0.3189441501  1.575597e-01 1.02999999999999999997
1  1.32e+05  0.335340561  1.575597e-01 1.02999999999999999997
1  1.38e+05  0.3594067851  1.575597e-01 1.02999999999999999997
1  1.45e+05  0.3729695863  1.575597e-01 1.02999999999999999997
1  1.51e+05  0.3706178724  1.575597e-01 1.02999999999999999997
1  1.58e+05  0.3585344081  1.575597e-01 1.02999999999999999997
1  1.66e+05  0.3464017744  1.575597e-01 1.02999999999999999997
1  1.74e+05  0.3407958371  1.575597e-01 1.02999999999999999997
1  1.82e+05  0.3431356664  1.575597e-01 1.02999999999999999997
1  1.91e+05  0.3510110865  1.575597e-01 1.02999999999999999997
1  2.00e+05  0.3605802261  1.575597e-01 1.02999999999999999997
1  2.09e+05  0.3684833851  1.575597e-01 1.02999999999999999997
1  2.19e+05  0.3727800439  1.575597e-01 1.02999999999999999997
1  2.29e+05  0.3730585423  1.575597e-01 1.02999999999999999997
1  2.40e+05  0.3700669198  1.575597e-01 1.02999999999999999997
1  2.51e+05  0.3651752066  1.575597e-01 1.02999999999999999997
1  2.63e+05  0.3598725189  1.575597e-01 1.02999999999999999997
1  2.75e+05  0.3554027233  1.575597e-01 1.02999999999999999997
1  2.88e+05  0.3525692114  1.575597e-01 1.02999999999999999997
1  3.02e+05  0.3516918097  1.575597e-01 1.02999999999999999997
1  3.16e+05  0.3526733393  1.575597e-01 1.02999999999999999997
1  3.31e+05  0.3551258292  1.575597e-01 1.02999999999999999997
1  3.47e+05  0.3585119098  1.575597e-01 1.02999999999999999997
1  3.63e+05  0.3622696566  1.575597e-01 1.02999999999999999997
1  3.80e+05  0.3659037534  1.575597e-01 1.02999999999999999997
1  3.98e+05  0.3690384267  1.575597e-01 1.02999999999999999997
1  4.17e+05  0.371436269  1.575597e-01 1.02999999999999999997
1  4.37e+05  0.3729915714  1.575597e-01 1.02999999999999999997
1  4.57e+05  0.3737079033  1.575597e-01 1.02999999999999999997
1  4.79e+05  0.373668608  1.575597e-01 1.02999999999999999997
1  5.01e+05  0.37300673  1.575597e-01 1.02999999999999999997
1  5.25e+05  0.3718785317  1.575597e-01 1.02999999999999999997
1  5.50e+05  0.3704426786  1.575597e-01 1.02999999999999999997
1  5.75e+05  0.3688456199  1.575597e-01 1.02999999999999999997
1  6.03e+05  0.3672126899  1.575597e-01 1.02999999999999999997
1  6.31e+05  0.3656439222  1.575597e-01 1.02999999999999999997
1  6.61e+05  0.3640902048  1.575597e-01 1.02999999999999999997
1  6.92e+05  0.3625560997  1.575597e-01 1.02999999999999999997
1  7.24e+05  0.3613406028  1.575597e-01 1.02999999999999999997
1  7.59e+05  0.360407278  1.575597e-01 1.02999999999999999997
1  7.94e+05  0.3597594892  1.575597e-01 1.02999999999999999997
1  8.32e+05  0.3593841791  1.575597e-01 1.02999999999999999997
1  8.71e+05  0.3592570582  1.575597e-01 1.02999999999999999997
1  9.12e+05  0.3593470889  1.575597e-01 1.02999999999999999997
1  9.55e+05  0.3596201007  1.575597e-01 1.02999999999999999997
1  1.00e+06  0.3600415222  1.575597e-01 1.02999999999999999997
1  1.05e+06  0.3605783105  1.575597e-01 1.02999999999999999997
1  1.10e+06  0.3612001998  1.575597e-01 1.02999999999999999997
1  1.15e+06  0.3618804071  1.575597e-01 1.02999999999999999997
1  1.20e+06  0.3625959273  1.575597e-01 1.02999999999999999997
1  1.26e+06  0.3633275362  1.575597e-01 1.02999999999999999997
1  1.32e+06  0.364059595  1.575597e-01 1.02999999999999999997
1  1.38e+06  0.3647797368  1.575597e-01 1.02999999999999999997
1  1.45e+06  0.3654784891  1.575597e-01 1.02999999999999999997
1  1.51e+06  0.3661488755  1.575597e-01 1.02999999999999999997
1  1.58e+06  0.3667860239  1.575597e-01 1.02999999999999999997
1  1.66e+06  0.3673868005  1.575597e-01 1.02999999999999999997
1  1.74e+06  0.3679494768  1.575597e-01 1.02999999999999999997
1  1.82e+06  0.3684734386  1.575597e-01 1.02999999999999999997
1  1.91e+06  0.3689496234  1.575597e-01 1.02999999999999999997
1  2.00e+06  0.3693979752  1.575597e-01 1.02999999999999999997
1  2.09e+06  0.3698101688  1.575597e-01 1.02999999999999999997
1  2.19e+06  0.3701878888  1.575597e-01 1.02999999999999999997
1  2.29e+06  0.3705330372  1.575597e-01 1.02999999999999999997
1  2.40e+06  0.3708476414  1.575597e-01 1.02999999999999999997
1  2.51e+06  0.3711337829  1.575597e-01 1.02999999999999999997
1  2.63e+06  0.3713935428  1.575597e-01 1.02999999999999999997
1  2.75e+06  0.3716289609  1.575597e-01 1.02999999999999999997
1  2.88e+06  0.371842007  1.575597e-01 1.02999999999999999997
1  3.02e+06  0.3720345603  1.575597e-01 1.02999999999999999997
1  3.16e+06  0.3722083966  1.575597e-01 1.02999999999999999997
1  3.31e+06  0.3723651809  1.575597e-01 1.02999999999999999997
1  3.47e+06  0.3725064637  1.575597e-01 1.02999999999999999997
1  3.63e+06  0.3726336813  1.575597e-01 1.02999999999999999997
1  3.80e+06  0.3727451445  1.575597e-01 1.02999999999999999997
1  3.98e+06  0.3728483627  1.575597e-01 1.02999999999999999997
1  4.17e+06  0.3729411484  1.575597e-01 1.02999999999999999997
1  4.37e+06  0.3730245187  1.575597e-01 1.02999999999999999997
1  4.57e+06  0.3730993998  1.575597e-01 1.02999999999999999997
1  4.79e+06  0.373166633  1.575597e-01 1.02999999999999999997
1  5.01e+06  0.3732269812  1.575597e-01 1.02999999999999999997
1  5.25e+06  0.3732811354  1.575597e-01 1.02999999999999999997
1  5.50e+06  0.3733297201  1.575597e-01 1.02999999999999999997
1  5.75e+06  0.3733732991  1.575597e-01 1.02999999999999999997
1  6.03e+06  0.3734123814  1.575597e-01 1.02999999999999999997
1  6.31e+06  0.3734474252  1.575597e-01 1.02999999999999999997
1  6.61e+06  0.3734788435  1.575597e-01 1.02999999999999999997
1  6.92e+06  0.3735070078  1.575597e-01 1.02999999999999999997
1  7.24e+06  0.3735322522  1.575597e-01 1.02999999999999999997
1  7.59e+06  0.3735541702  1.575597e-01 1.02999999999999999997
1  7.94e+06  0.3735745125  1.575597e-01 1.02999999999999999997
1  8.32e+06  0.3735927411  1.575597e-01 1.02999999999999999997
1  8.71e+06  0.3736090743  1.575597e-01 1.02999999999999999997
1  9.12e+06  0.3736237078  1.575597e-01 1.02999999999999999997
1  9.55e+06  0.3736368175  1.575597e-01 1.02999999999999999997
1  1.00e+07  0.3736485611  1.575597e-01 1.02999999999999999997
