1  1.00e-03  0.3490328044 70375.052 1.06699999999999999999
1  1.05e-03  0.3490327991 70375.052 1.06699999999999999999
1  1.10e-03  0.3490328049 70375.052 1.06699999999999999999
1  1.15e-03  0.3490327983 70375.052 1.06699999999999999999
1  1.20e-03  0.3490328035 70375.052 1.06699999999999999999
1  1.26e-03  0.3490328045 70375.052 1.06699999999999999999
1  1.32e-03  0.349032803 70375.052 1.06699999999999999999
1  1.38e-03  0.3490327994 70375.052 1.06699999999999999999
1  1.45e-03  0.3490328017 70375.052 1.06699999999999999999
1  1.51e-03  0.3490328039 70375.052 1.06699999999999999999
1  1.58e-03  0.3490327995 70375.052 1.06699999999999999999
1  1.66e-03  0.3490328043 70375.052 1.06699999999999999999
1  1.74e-03  0.3490328049 70375.052 1.06699999999999999999
1  1.82e-03  0.3490328049 70375.052 1.06699999999999999999
1  1.91e-03  0.3490327985 70375.052 1.06699999999999999999
1  2.00e-03  0.3490328001 70375.052 1.06699999999999999999
1  2.09e-03  0.3490328045 70375.052 1.06699999999999999999
1  2.19e-03  0.349032803 70375.052 1.06699999999999999999
1  2.29e-03  0.3490328019 70375.052 1.06699999999999999999
1  2.40e-03  0.3490328021 70375.052 1.06699999999999999999
1  2.51e-03  0.3490328034 70375.052 1.06699999999999999999
1  2.63e-03  0.3490328022 70375.052 1.06699999999999999999
1  2.75e-03  0.3490328036 70375.052 1.06699999999999999999
1  2.88e-03  0.3490328034 70375.052 1.06699999999999999999
1  3.02e-03  0.3490328026 70375.052 1.06699999999999999999
1  3.16e-03  0.3490328027 70375.052 1.06699999999999999999
1  3.31e-03  0.3490328024 70375.052 1.06699999999999999999
1  3.47e-03  0.349032803 70375.052 1.06699999999999999999
1  3.63e-03  0.3490328012 70375.052 1.06699999999999999999
1  3.80e-03  0.3490328009 70375.052 1.06699999999999999999
1  3.98e-03  0.3490328051 70375.052 1.06699999999999999999
1  4.17e-03  0.3490328004 70375.052 1.06699999999999999999
1  4.37e-03  0.3490328031 70375.052 1.06699999999999999999
1  4.57e-03  0.3490328016 70375.052 1.06699999999999999999
1  4.79e-03  0.3490327985 70375.052 1.06699999999999999999
1  5.01e-03  0.3490328023 70375.052 1.06699999999999999999
1  5.25e-03  0.3490328005 70375.052 1.06699999999999999999
1  5.50e-03  0.3490328016 70375.052 1.06699999999999999999
1  5.75e-03  0.3490327998 70375.052 1.06699999999999999999
1  6.03e-03  0.3490328012 70375.052 1.06699999999999999999
1  6.31e-03  0.3490303242 70375.052 1.06699999999999999999
1  6.61e-03  0.3490328024 70375.052 1.06699999999999999999
1  6.92e-03  0.3490327999 70375.052 1.06699999999999999999
1  7.24e-03  0.3490328 70375.052 1.06699999999999999999
1  7.59e-03  0.349032802 70375.052 1.06699999999999999999
1  7.94e-03  0.3490327994 70375.052 1.06699999999999999999
1  8.32e-03  0.3490327994 70375.052 1.06699999999999999999
1  8.71e-03  0.3490328011 70375.052 1.06699999999999999999
1  9.12e-03  0.3490327973 70375.052 1.06699999999999999999
1  9.55e-03  0.3490327959 70375.052 1.06699999999999999999
1  1.00e-02  0.3490328002 70375.052 1.06699999999999999999
1  1.05e-02  0.3490327972 70375.052 1.06699999999999999999
1  1.10e-02  0.3490327958 70375.052 1.06699999999999999999
1  1.15e-02  0.3490327998 70375.052 1.06699999999999999999
1  1.20e-02  0.3490328024 70375.052 1.06699999999999999999
1  1.26e-02  0.3490327961 70375.052 1.06699999999999999999
1  1.32e-02  0.3490327996 70375.052 1.06699999999999999999
1  1.38e-02  0.3490328012 70375.052 1.06699999999999999999
1  1.45e-02  0.3490328021 70375.052 1.06699999999999999999
1  1.51e-02  0.349032798 70375.052 1.06699999999999999999
1  1.58e-02  0.3490328001 70375.052 1.06699999999999999999
1  1.66e-02  0.3490327982 70375.052 1.06699999999999999999
1  1.74e-02  0.3490327972 70375.052 1.06699999999999999999
1  1.82e-02  0.3490327984 70375.052 1.06699999999999999999
1  1.91e-02  0.3490327933 70375.052 1.06699999999999999999
1  2.00e-02  0.3490327893 70375.052 1.06699999999999999999
1  2.09e-02  0.3490328016 70375.052 1.06699999999999999999
1  2.19e-02  0.3490327918 70375.052 1.06699999999999999999
1  2.29e-02  0.3490327837 70375.052 1.06699999999999999999
1  2.40e-02  0.3490329424 70375.052 1.06699999999999999999
1  2.51e-02  0.3490327919 70375.052 1.06699999999999999999
1  2.63e-02  0.3490327912 70375.052 1.06699999999999999999
1  2.75e-02  0.3490327733 70375.052 1.06699999999999999999
1  2.88e-02  0.3490327742 70375.052 1.06699999999999999999
1  3.02e-02  0.3490328062 70375.052 1.06699999999999999999
1  3.16e-02  0.3490328048 70375.052 1.06699999999999999999
1  3.31e-02  0.3490328321 70375.052 1.06699999999999999999
1  3.47e-02  0.3490327776 70375.052 1.06699999999999999999
1  3.63e-02  0.349032728 70375.052 1.06699999999999999999
1  3.80e-02  0.3490326295 70375.052 1.06699999999999999999
1  3.98e-02  0.3490347781 70375.052 1.06699999999999999999
1  4.17e-02  0.3490327068 70375.052 1.06699999999999999999
1  4.37e-02  0.3490327594 70375.052 1.06699999999999999999
1  4.57e-02  0.3490327613 70375.052 1.06699999999999999999
1  4.79e-02  0.3490327101 70375.052 1.06699999999999999999
1  5.01e-02  0.3490326169 70375.052 1.06699999999999999999
1  5.25e-02  0.3490328956 70375.052 1.06699999999999999999
1  5.50e-02  0.3490327553 70375.052 1.06699999999999999999
1  5.75e-02  0.3490327591 70375.052 1.06699999999999999999
1  6.03e-02  0.3490327895 70375.052 1.06699999999999999999
1  6.31e-02  0.349032772 70375.052 1.06699999999999999999
1  6.61e-02  0.3490327741 70375.052 1.06699999999999999999
1  6.92e-02  0.3490327454 70375.052 1.06699999999999999999
1  7.24e-02  0.3490327798 70375.052 1.06699999999999999999
1  7.59e-02  0.349032749 70375.052 1.06699999999999999999
1  7.94e-02  0.3490327977 70375.052 1.06699999999999999999
1  8.32e-02  0.3490325413 70375.052 1.06699999999999999999
1  8.71e-02  0.3490327293 70375.052 1.06699999999999999999
1  9.12e-02  0.3490327516 70375.052 1.06699999999999999999
1  9.55e-02  0.3490328672 70375.052 1.06699999999999999999
1  1.00e-01  0.3490327386 70375.052 1.06699999999999999999
1  1.05e-01  0.3490327299 70375.052 1.06699999999999999999
1  1.10e-01  0.3490327757 70375.052 1.06699999999999999999
1  1.15e-01  0.3490327223 70375.052 1.06699999999999999999
1  1.20e-01  0.3490323813 70375.052 1.06699999999999999999
1  1.26e-01  0.3490327478 70375.052 1.06699999999999999999
1  1.32e-01  0.3490327104 70375.052 1.06699999999999999999
1  1.38e-01  0.349032712 70375.052 1.06699999999999999999
1  1.45e-01  0.3490327812 70375.052 1.06699999999999999999
1  1.51e-01  0.3490327734 70375.052 1.06699999999999999999
1  1.58e-01  0.3490323182 70375.052 1.06699999999999999999
1  1.66e-01  0.3490327143 70375.052 1.06699999999999999999
1  1.74e-01  0.3490327142 70375.052 1.06699999999999999999
1  1.82e-01  0.3490326493 70375.052 1.06699999999999999999
1  1.91e-01  0.3490327199 70375.052 1.06699999999999999999
1  2.00e-01  0.3490326835 70375.052 1.06699999999999999999
1  2.09e-01  0.3490326763 70375.052 1.06699999999999999999
1  2.19e-01  0.3490326786 70375.052 1.06699999999999999999
1  2.29e-01  0.3490306659 70375.052 1.06699999999999999999
1  2.40e-01  0.3490326615 70375.052 1.06699999999999999999
1  2.51e-01  0.3490327015 70375.052 1.06699999999999999999
1  2.63e-01  0.3490327474 70375.052 1.06699999999999999999
1  2.75e-01  0.3490326783 70375.052 1.06699999999999999999
1  2.88e-01  0.349032603 70375.052 1.06699999999999999999
1  3.02e-01  0.3490327108 70375.052 1.06699999999999999999
1  3.16e-01  0.3490326293 70375.052 1.06699999999999999999
1  3.31e-01  0.3490327817 70375.052 1.06699999999999999999
1  3.47e-01  0.3490327672 70375.052 1.06699999999999999999
1  3.63e-01  0.3490325134 70375.052 1.06699999999999999999
1  3.80e-01  0.349032601 70375.052 1.06699999999999999999
1  3.98e-01  0.349027351 70375.052 1.06699999999999999999
1  4.17e-01  0.3490325366 70375.052 1.06699999999999999999
1  4.37e-01  0.3490326083 70375.052 1.06699999999999999999
1  4.57e-01  0.3490327184 70375.052 1.06699999999999999999
1  4.79e-01  0.3490326812 70375.052 1.06699999999999999999
1  5.01e-01  0.3490325188 70375.052 1.06699999999999999999
1  5.25e-01  0.3490325813 70375.052 1.06699999999999999999
1  5.50e-01  0.3490328135 70375.052 1.06699999999999999999
1  5.75e-01  0.3490326663 70375.052 1.06699999999999999999
1  6.03e-01  0.3490323725 70375.052 1.06699999999999999999
1  6.31e-01  0.3490324745 70375.052 1.06699999999999999999
1  6.61e-01  0.3490326765 70375.052 1.06699999999999999999
1  6.92e-01  0.3490324977 70375.052 1.06699999999999999999
1  7.24e-01  0.3490327638 70375.052 1.06699999999999999999
1  7.59e-01  0.3490325572 70375.052 1.06699999999999999999
1  7.94e-01  0.3490384038 70375.052 1.06699999999999999999
1  8.32e-01  0.3490324547 70375.052 1.06699999999999999999
1  8.71e-01  0.3490331261 70375.052 1.06699999999999999999
1  9.12e-01  0.3490325366 70375.052 1.06699999999999999999
1  9.55e-01  0.349032414 70375.052 1.06699999999999999999
1  1.00e+00  0.3490285396 70375.052 1.06699999999999999999
1  1.05e+00  0.349032369 70375.052 1.06699999999999999999
1  1.10e+00  0.3490326141 70375.052 1.06699999999999999999
1  1.15e+00  0.3490323133 70375.052 1.06699999999999999999
1  1.20e+00  0.3490321444 70375.052 1.06699999999999999999
1  1.26e+00  0.3490321895 70375.052 1.06699999999999999999
1  1.32e+00  0.3490267722 70375.052 1.06699999999999999999
1  1.38e+00  0.3490320332 70375.052 1.06699999999999999999
1  1.45e+00  0.349032147 70375.052 1.06699999999999999999
1  1.51e+00  0.3490321715 70375.052 1.06699999999999999999
1  1.58e+00  0.3490326929 70375.052 1.06699999999999999999
1  1.66e+00  0.3490323603 70375.052 1.06699999999999999999
1  1.74e+00  0.3490361863 70375.052 1.06699999999999999999
1  1.82e+00  0.3490325262 70375.052 1.06699999999999999999
1  1.91e+00  0.3490326725 70375.052 1.06699999999999999999
1  2.00e+00  0.3490326511 70375.052 1.06699999999999999999
1  2.09e+00  0.3490323986 70375.052 1.06699999999999999999
1  2.19e+00  0.349032035 70375.052 1.06699999999999999999
1  2.29e+00  0.3490321469 70375.052 1.06699999999999999999
1  2.40e+00  0.34903124 70375.052 1.06699999999999999999
1  2.51e+00  0.3490310479 70375.052 1.06699999999999999999
1  2.63e+00  0.3490326255 70375.052 1.06699999999999999999
1  2.75e+00  0.3490308411 70375.052 1.06699999999999999999
1  2.88e+00  0.3490322647 70375.052 1.06699999999999999999
1  3.02e+00  0.3490315697 70375.052 1.06699999999999999999
1  3.16e+00  0.3490315824 70375.052 1.06699999999999999999
1  3.31e+00  0.3490328562 70375.052 1.06699999999999999999
1  3.47e+00  0.3490131466 70375.052 1.06699999999999999999
1  3.63e+00  0.3490078606 70375.052 1.06699999999999999999
1  3.80e+00  0.3490276865 70375.052 1.06699999999999999999
1  3.98e+00  0.3490323189 70375.052 1.06699999999999999999
1  4.17e+00  0.3490338159 70375.052 1.06699999999999999999
1  4.37e+00  0.3490315883 70375.052 1.06699999999999999999
1  4.57e+00  0.34903026 70375.052 1.06699999999999999999
1  4.79e+00  0.3490322649 70375.052 1.06699999999999999999
1  5.01e+00  0.3490319826 70375.052 1.06699999999999999999
1  5.25e+00  0.3490303453 70375.052 1.06699999999999999999
1  5.50e+00  0.3490695101 70375.052 1.06699999999999999999
1  5.75e+00  0.3490307961 70375.052 1.06699999999999999999
1  6.03e+00  0.3490431438 70375.052 1.06699999999999999999
1  6.31e+00  0.3490328676 70375.052 1.06699999999999999999
1  6.61e+00  0.3490303914 70375.052 1.06699999999999999999
1  6.92e+00  0.3490045067 70375.052 1.06699999999999999999
1  7.24e+00  0.3490181756 70375.052 1.06699999999999999999
1  7.59e+00  0.3489713331 70375.052 1.06699999999999999999
1  7.94e+00  0.3491467105 70375.052 1.06699999999999999999
1  8.32e+00  0.3491521782 70375.052 1.06699999999999999999
1  8.71e+00  0.3490857273 70375.052 1.06699999999999999999
1  9.12e+00  0.3490958664 70375.052 1.06699999999999999999
1  9.55e+00  0.3490142669 70375.052 1.06699999999999999999
1  1.00e+01  0.3490301584 70375.052 1.06699999999999999999
1  1.05e+01  0.3490516936 70375.052 1.06699999999999999999
1  1.10e+01  0.3489734947 70375.052 1.06699999999999999999
1  1.15e+01  0.3490309191 70375.052 1.06699999999999999999
1  1.20e+01  0.3490559764 70375.052 1.06699999999999999999
1  1.26e+01  0.3490310086 70375.052 1.06699999999999999999
1  1.32e+01  0.3490334752 70375.052 1.06699999999999999999
1  1.38e+01  0.3490238154 70375.052 1.06699999999999999999
1  1.45e+01  0.3490300824 70375.052 1.06699999999999999999
1  1.51e+01  0.3490379292 70375.052 1.06699999999999999999
1  1.58e+01  0.3489778901 70375.052 1.06699999999999999999
1  1.66e+01  0.3491793726 70375.052 1.06699999999999999999
1  1.74e+01  0.3488974295 70375.052 1.06699999999999999999
1  1.82e+01  0.3487814902 70375.052 1.06699999999999999999
1  1.91e+01  0.349027058 70375.052 1.06699999999999999999
1  2.00e+01  0.3487805219 70375.052 1.06699999999999999999
1  2.09e+01  0.348761912 70375.052 1.06699999999999999999
1  2.19e+01  0.3491699949 70375.052 1.06699999999999999999
1  2.29e+01  0.3489808347 70375.052 1.06699999999999999999
1  2.40e+01  0.3491896897 70375.052 1.06699999999999999999
1  2.51e+01  0.3490688605 70375.052 1.06699999999999999999
1  2.63e+01  0.3494525005 70375.052 1.06699999999999999999
1  2.75e+01  0.3490524024 70375.052 1.06699999999999999999
1  2.88e+01  0.3487431148 70375.052 1.06699999999999999999
1  3.02e+01  0.3490686529 70375.052 1.06699999999999999999
1  3.16e+01  0.3488603932 70375.052 1.06699999999999999999
1  3.31e+01  0.3492262067 70375.052 1.06699999999999999999
1  3.47e+01  0.3492903334 70375.052 1.06699999999999999999
1  3.63e+01  0.3491265974 70375.052 1.06699999999999999999
1  3.80e+01  0.3489784766 70375.052 1.06699999999999999999
1  3.98e+01  0.3488628183 70375.052 1.06699999999999999999
1  4.17e+01  0.3490662347 70375.052 1.06699999999999999999
1  4.37e+01  0.3488386087 70375.052 1.06699999999999999999
1  4.57e+01  0.3487915842 70375.052 1.06699999999999999999
1  4.79e+01  0.3490269743 70375.052 1.06699999999999999999
1  5.01e+01  0.3489883933 70375.052 1.06699999999999999999
1  5.25e+01  0.3490220031 70375.052 1.06699999999999999999
1  5.50e+01  0.3490056402 70375.052 1.06699999999999999999
1  5.75e+01  0.3490089399 70375.052 1.06699999999999999999
1  6.03e+01  0.3492818074 70375.052 1.06699999999999999999
1  6.31e+01  0.3489280582 70375.052 1.06699999999999999999
1  6.61e+01  0.3489829261 70375.052 1.06699999999999999999
1  6.92e+01  0.3490121082 70375.052 1.06699999999999999999
1  7.24e+01  0.3490106102 70375.052 1.06699999999999999999
1  7.59e+01  0.3491571521 70375.052 1.06699999999999999999
1  7.94e+01  0.3489846113 70375.052 1.06699999999999999999
1  8.32e+01  0.3489976295 70375.052 1.06699999999999999999
1  8.71e+01  0.3489633777 70375.052 1.06699999999999999999
1  9.12e+01  0.3489647934 70375.052 1.06699999999999999999
1  9.55e+01  0.3487614508 70375.052 1.06699999999999999999
1  1.00e+02  0.3487786018 70375.052 1.06699999999999999999
1  1.05e+02  0.3489747722 70375.052 1.06699999999999999999
1  1.10e+02  0.3489917513 70375.052 1.06699999999999999999
1  1.15e+02  0.3489842959 70375.052 1.06699999999999999999
1  1.20e+02  0.3489920019 70375.052 1.06699999999999999999
1  1.26e+02  0.3488199025 70375.052 1.06699999999999999999
1  1.32e+02  0.3489700966 70375.052 1.06699999999999999999
1  1.38e+02  0.3489364771 70375.052 1.06699999999999999999
1  1.45e+02  0.3489698007 70375.052 1.06699999999999999999
1  1.51e+02  0.3490244178 70375.052 1.06699999999999999999
1  1.58e+02  0.3489030669 70375.052 1.06699999999999999999
1  1.66e+02  0.349013294 70375.052 1.06699999999999999999
1  1.74e+02  0.349286048 70375.052 1.06699999999999999999
1  1.82e+02  0.3489803521 70375.052 1.06699999999999999999
1  1.91e+02  0.3490398692 70375.052 1.06699999999999999999
1  2.00e+02  0.3489036226 70375.052 1.06699999999999999999
1  2.09e+02  0.3489784162 70375.052 1.06699999999999999999
1  2.19e+02  0.3490354283 70375.052 1.06699999999999999999
1  2.29e+02  0.3489939316 70375.052 1.06699999999999999999
1  2.40e+02  0.3489639923 70375.052 1.06699999999999999999
1  2.51e+02  0.3489522404 70375.052 1.06699999999999999999
1  2.63e+02  0.349009013 70375.052 1.06699999999999999999
1  2.75e+02  0.3489474574 70375.052 1.06699999999999999999
1  2.88e+02  0.3489344477 70375.052 1.06699999999999999999
1  3.02e+02  0.3490237421 70375.052 1.06699999999999999999
1  3.16e+02  0.3488342075 70375.052 1.06699999999999999999
1  3.31e+02  0.3489797389 70375.052 1.06699999999999999999
1  3.47e+02  0.3490929966 70375.052 1.06699999999999999999
1  3.63e+02  0.3488137707 70375.052 1.06699999999999999999
1  3.80e+02  0.3488513734 70375.052 1.06699999999999999999
1  3.98e+02  0.3488834498 70375.052 1.06699999999999999999
1  4.17e+02  0.3489728373 70375.052 1.06699999999999999999
1  4.37e+02  0.3490607997 70375.052 1.06699999999999999999
1  4.57e+02  0.3491380659 70375.052 1.06699999999999999999
1  4.79e+02  0.3487233283 70375.052 1.06699999999999999999
1  5.01e+02  0.3489844629 70375.052 1.06699999999999999999
1  5.25e+02  0.3491615668 70375.052 1.06699999999999999999
1  5.50e+02  0.3488084079 70375.052 1.06699999999999999999
1  5.75e+02  0.3487880447 70375.052 1.06699999999999999999
1  6.03e+02  0.3487062867 70375.052 1.06699999999999999999
1  6.31e+02  0.3488327705 70375.052 1.06699999999999999999
1  6.61e+02  0.3491087095 70375.052 1.06699999999999999999
1  6.92e+02  0.3489373087 70375.052 1.06699999999999999999
1  7.24e+02  0.3487305621 70375.052 1.06699999999999999999
1  7.59e+02  0.3486709777 70375.052 1.06699999999999999999
1  7.94e+02  0.3490319043 70375.052 1.06699999999999999999
1  8.32e+02  0.3488307816 70375.052 1.06699999999999999999
1  8.71e+02  0.3488287977 70375.052 1.06699999999999999999
1  9.12e+02  0.3486655633 70375.052 1.06699999999999999999
1  9.55e+02  0.3487871811 70375.052 1.06699999999999999999
1  1.00e+03  0.349036049 70375.052 1.06699999999999999999
1  1.05e+03  0.3490653933 70375.052 1.06699999999999999999
1  1.10e+03  0.3489295865 70375.052 1.06699999999999999999
1  1.15e+03  0.3488540967 70375.052 1.06699999999999999999
1  1.20e+03  0.3482088453 70375.052 1.06699999999999999999
1  1.26e+03  0.3488025802 70375.052 1.06699999999999999999
1  1.32e+03  0.3489316745 70375.052 1.06699999999999999999
1  1.38e+03  0.3486766013 70375.052 1.06699999999999999999
1  1.45e+03  0.3496484304 70375.052 1.06699999999999999999
1  1.51e+03  0.34662679 70375.052 1.06699999999999999999
1  1.58e+03  0.3488872662 70375.052 1.06699999999999999999
1  1.66e+03  0.3487098009 70375.052 1.06699999999999999999
1  1.74e+03  0.3496834753 70375.052 1.06699999999999999999
1  1.82e+03  0.351346525 70375.052 1.06699999999999999999
1  1.91e+03  0.3494548649 70375.052 1.06699999999999999999
1  2.00e+03  0.3520858149 70375.052 1.06699999999999999999
1  2.09e+03  0.3485606855 70375.052 1.06699999999999999999
1  2.19e+03  0.3506615405 70375.052 1.06699999999999999999
1  2.29e+03  0.3515643414 70375.052 1.06699999999999999999
1  2.40e+03  0.3498681663 70375.052 1.06699999999999999999
1  2.51e+03  0.3440828003 70375.052 1.06699999999999999999
1  2.63e+03  0.3387622441 70375.052 1.06699999999999999999
1  2.75e+03  0.3485826542 70375.052 1.06699999999999999999
1  2.88e+03  0.3370650324 70375.052 1.06699999999999999999
1  3.02e+03  0.3488736487 70375.052 1.06699999999999999999
1  3.16e+03  0.3494286096 70375.052 1.06699999999999999999
1  3.31e+03  0.3463435766 70375.052 1.06699999999999999999
1  3.47e+03  0.3472707606 70375.052 1.06699999999999999999
1  3.63e+03  0.3533552371 70375.052 1.06699999999999999999
1  3.80e+03  0.3610340049 70375.052 1.06699999999999999999
1  3.98e+03  0.3584795602 70375.052 1.06699999999999999999
1  4.17e+03  0.3502255802 70375.052 1.06699999999999999999
1  4.37e+03  0.367200866 70375.052 1.06699999999999999999
1  4.57e+03  0.3524205652 70375.052 1.06699999999999999999
1  4.79e+03  0.3676623703 70375.052 1.06699999999999999999
1  5.01e+03  0.3560999895 70375.052 1.06699999999999999999
1  5.25e+03  0.3635045227 70375.052 1.06699999999999999999
1  5.50e+03  0.3407570032 70375.052 1.06699999999999999999
1  5.75e+03  0.3491873774 70375.052 1.06699999999999999999
1  6.03e+03  0.3324346119 70375.052 1.06699999999999999999
1  6.31e+03  0.3492436343 70375.052 1.06699999999999999999
1  6.61e+03  0.3702043098 70375.052 1.06699999999999999999
1  6.92e+03  0.3464890872 70375.052 1.06699999999999999999
1  7.24e+03  0.3436578433 70375.052 1.06699999999999999999
1  7.59e+03  0.3129281259 70375.052 1.06699999999999999999
1  7.94e+03  0.3557839898 70375.052 1.06699999999999999999
1  8.32e+03  0.3149563795 70375.052 1.06699999999999999999
1  8.71e+03  0.3422262889 70375.052 1.06699999999999999999
1  9.12e+03  0.3515054316 70375.052 1.06699999999999999999
1  9.55e+03  0.3380588184 70375.052 1.06699999999999999999
1  1.00e+04  0.3681873101 70375.052 1.06699999999999999999
1  1.05e+04  0.2908810382 70375.052 1.06699999999999999999
1  1.10e+04  0.3418501598 70375.052 1.06699999999999999999
1  1.15e+04  0.3479904553 70375.052 1.06699999999999999999
1  1.20e+04  0.352768011 70375.052 1.06699999999999999999
1  1.26e+04  0.3474312438 70375.052 1.06699999999999999999
1  1.32e+04  0.3361348146 70375.052 1.06699999999999999999
1  1.38e+04  0.3447165733 70375.052 1.06699999999999999999
1  1.45e+04  0.3319376609 70375.052 1.06699999999999999999
1  1.51e+04  0.3346570132 70375.052 1.06699999999999999999
1  1.58e+04  0.3547615836 70375.052 1.06699999999999999999
1  1.66e+04  0.3358085263 70375.052 1.06699999999999999999
1  1.74e+04  0.3378033139 70375.052 1.06699999999999999999
1  1.82e+04  0.2934987949 70375.052 1.06699999999999999999
1  1.91e+04  0.3450206259 70375.052 1.06699999999999999999
1  2.00e+04  0.3354383845 70375.052 1.06699999999999999999
1  2.09e+04  0.3473177976 70375.052 1.06699999999999999999
1  2.19e+04  0.3539619827 70375.052 1.06699999999999999999
1  2.29e+04  0.3226283369 70375.052 1.06699999999999999999
1  2.40e+04  0.3533277591 70375.052 1.06699999999999999999
1  2.51e+04  0.3034959701 70375.052 1.06699999999999999999
1  2.63e+04  0.311098039 70375.052 1.06699999999999999999
1  2.75e+04  0.3337544349 70375.052 1.06699999999999999999
1  2.88e+04  0.29739897 70375.052 1.06699999999999999999
1  3.02e+04  0.3397150985 70375.052 1.06699999999999999999
1  3.16e+04  0.2854991903 70375.052 1.06699999999999999999
1  3.31e+04  0.3507340618 70375.052 1.06699999999999999999
1  3.47e+04  0.3224183998 70375.052 1.06699999999999999999
1  3.63e+04  0.3251391682 70375.052 1.06699999999999999999
1  3.80e+04  0.3052442421 70375.052 1.06699999999999999999
1  3.98e+04  0.2985263688 70375.052 1.06699999999999999999
1  4.17e+04  0.3147897044 70375.052 1.06699999999999999999
1  4.37e+04  0.3104888683 70375.052 1.06699999999999999999
1  4.57e+04  0.3523696018 70375.052 1.06699999999999999999
1  4.79e+04  0.3334993065 70375.052 1.06699999999999999999
1  5.01e+04  0.3066043152 70375.052 1.06699999999999999999
1  5.25e+04  0.345791928 70375.052 1.06699999999999999999
1  5.50e+04  0.3173515706 70375.052 1.06699999999999999999
1  5.75e+04  0.2612488157 70375.052 1.06699999999999999999
1  6.03e+04  0.3421055086 70375.052 1.06699999999999999999
1  6.31e+04  0.3064565561 70375.052 1.06699999999999999999
1  6.61e+04  0.2773025874 70375.052 1.06699999999999999999
1  6.92e+04  0.3447387394 70375.052 1.06699999999999999999
1  7.24e+04  0.3473888357 70375.052 1.06699999999999999999
1  7.59e+04  0.3213098565 70375.052 1.06699999999999999999
1  7.94e+04  0.3330214772 70375.052 1.06699999999999999999
1  8.32e+04  0.3414060994 70375.052 1.06699999999999999999
1  8.71e+04  0.3448352707 70375.052 1.06699999999999999999
1  9.12e+04  0.3556722292 70375.052 1.06699999999999999999
1  9.55e+04  0.3437626736 70375.052 1.06699999999999999999
1  1.00e+05  0.3099146944 70375.052 1.06699999999999999999
1  1.05e+05  0.3015590451 70375.052 1.06699999999999999999
1  1.10e+05  0.3310728606 70375.052 1.06699999999999999999
1  1.15e+05  0.3539458125 70375.052 1.06699999999999999999
1  1.20e+05  0.3359243829 70375.052 1.06699999999999999999
1  1.26e+05  0.2966871304 70375.052 1.06699999999999999999
1  1.32e+05  0.2786742269 70375.052 1.06699999999999999999
1  1.38e+05  0.2970989793 70375.052 1.06699999999999999999
1  1.45e+05  0.3304944493 70375.052 1.06699999999999999999
1  1.51e+05  0.3486536468 70375.052 1.06699999999999999999
1  1.58e+05  0.3401322588 70375.052 1.06699999999999999999
1  1.66e+05  0.316185244 70375.052 1.06699999999999999999
1  1.74e+05  0.2964443675 70375.052 1.06699999999999999999
1  1.82e+05  0.2934607998 70375.052 1.06699999999999999999
1  1.91e+05  0.3069949294 70375.052 1.06699999999999999999
1  2.00e+05  0.3279133934 70375.052 1.06699999999999999999
1  2.09e+05  0.3456730292 70375.052 1.06699999999999999999
1  2.19e+05  0.353893515 70375.052 1.06699999999999999999
1  2.29e+05  0.351943423 70375.052 1.06699999999999999999
1  2.40e+05  0.3433870843 70375.052 1.06699999999999999999
1  2.51e+05  0.3332503559 70375.052 1.06699999999999999999
1  2.63e+05  0.3257194183 70375.052 1.06699999999999999999
1  2.75e+05  0.3229893323 70375.052 1.06699999999999999999
1  2.88e+05  0.3252110524 70375.052 1.06699999999999999999
1  3.02e+05  0.3311054582 70375.052 1.06699999999999999999
1  3.16e+05  0.3387750934 70375.052 1.06699999999999999999
1  3.31e+05  0.346389056 70375.052 1.06699999999999999999
1  3.47e+05  0.352599565 70375.052 1.06699999999999999999
1  3.63e+05  0.3566888626 70375.052 1.06699999999999999999
1  3.80e+05  0.3585191044 70375.052 1.06699999999999999999
1  3.98e+05  0.3583765275 70375.052 1.06699999999999999999
1  4.17e+05  0.3567868344 70375.052 1.06699999999999999999
1  4.37e+05  0.3543517736 70375.052 1.06699999999999999999
1  4.57e+05  0.3516306045 70375.052 1.06699999999999999999
1  4.79e+05  0.3490706866 70375.052 1.06699999999999999999
1  5.01e+05  0.3469800495 70375.052 1.06699999999999999999
1  5.25e+05  0.3455300943 70375.052 1.06699999999999999999
1  5.50e+05  0.3447763184 70375.052 1.06699999999999999999
1  5.75e+05  0.3446870516 70375.052 1.06699999999999999999
1  6.03e+05  0.3451731047 70375.052 1.06699999999999999999
1  6.31e+05  0.3464415868 70375.052 1.06699999999999999999
1  6.61e+05  0.3479665656 70375.052 1.06699999999999999999
1  6.92e+05  0.3496543482 70375.052 1.06699999999999999999
1  7.24e+05  0.351372769 70375.052 1.06699999999999999999
1  7.59e+05  0.3530185752 70375.052 1.06699999999999999999
1  7.94e+05  0.3545176126 70375.052 1.06699999999999999999
1  8.32e+05  0.3558221796 70375.052 1.06699999999999999999
1  8.71e+05  0.3569069055 70375.052 1.06699999999999999999
1  9.12e+05  0.3577641184 70375.052 1.06699999999999999999
1  9.55e+05  0.3583993324 70375.052 1.06699999999999999999
1  1.00e+06  0.3588272147 70375.052 1.06699999999999999999
1  1.05e+06  0.3590682036 70375.052 1.06699999999999999999
1  1.10e+06  0.3591458177 70375.052 1.06699999999999999999
1  1.15e+06  0.3590846185 70375.052 1.06699999999999999999
1  1.20e+06  0.358908747 70375.052 1.06699999999999999999
1  1.26e+06  0.3586479023 70375.052 1.06699999999999999999
1  1.32e+06  0.3583104028 70375.052 1.06699999999999999999
1  1.38e+06  0.3579196222 70375.052 1.06699999999999999999
1  1.45e+06  0.357491573 70375.052 1.06699999999999999999
1  1.51e+06  0.3570398594 70375.052 1.06699999999999999999
1  1.58e+06  0.3565758126 70375.052 1.06699999999999999999
1  1.66e+06  0.3561086845 70375.052 1.06699999999999999999
1  1.74e+06  0.3556458716 70375.052 1.06699999999999999999
1  1.82e+06  0.3551931477 70375.052 1.06699999999999999999
1  1.91e+06  0.3547548934 70375.052 1.06699999999999999999
1  2.00e+06  0.354334311 70375.052 1.06699999999999999999
1  2.09e+06  0.3539336221 70375.052 1.06699999999999999999
1  2.19e+06  0.3535542429 70375.052 1.06699999999999999999
1  2.29e+06  0.3531969393 70375.052 1.06699999999999999999
1  2.40e+06  0.3528619592 70375.052 1.06699999999999999999
1  2.51e+06  0.3525491465 70375.052 1.06699999999999999999
1  2.63e+06  0.352264353 70375.052 1.06699999999999999999
1  2.75e+06  0.3519937683 70375.052 1.06699999999999999999
1  2.88e+06  0.3517433543 70375.052 1.06699999999999999999
1  3.02e+06  0.3515121409 70375.052 1.06699999999999999999
1  3.16e+06  0.3512990872 70375.052 1.06699999999999999999
1  3.31e+06  0.3511031157 70375.052 1.06699999999999999999
1  3.47e+06  0.3509231382 70375.052 1.06699999999999999999
1  3.63e+06  0.3507580763 70375.052 1.06699999999999999999
1  3.80e+06  0.3506068766 70375.052 1.06699999999999999999
1  3.98e+06  0.3504685214 70375.052 1.06699999999999999999
1  4.17e+06  0.3503420371 70375.052 1.06699999999999999999
1  4.37e+06  0.3502264989 70375.052 1.06699999999999999999
1  4.57e+06  0.350121034 70375.052 1.06699999999999999999
1  4.79e+06  0.3500248231 70375.052 1.06699999999999999999
1  5.01e+06  0.3499371005 70375.052 1.06699999999999999999
1  5.25e+06  0.3498587862 70375.052 1.06699999999999999999
1  5.50e+06  0.3497858017 70375.052 1.06699999999999999999
1  5.75e+06  0.3497193328 70375.052 1.06699999999999999999
1  6.03e+06  0.349658814 70375.052 1.06699999999999999999
1  6.31e+06  0.3496037242 70375.052 1.06699999999999999999
1  6.61e+06  0.3495535845 70375.052 1.06699999999999999999
1  6.92e+06  0.3495079556 70375.052 1.06699999999999999999
1  7.24e+06  0.3494664348 70375.052 1.06699999999999999999
1  7.59e+06  0.3494286539 70375.052 1.06699999999999999999
1  7.94e+06  0.349394276 70375.052 1.06699999999999999999
1  8.32e+06  0.3493629939 70375.052 1.06699999999999999999
1  8.71e+06  0.3493345269 70375.052 1.06699999999999999999
1  9.12e+06  0.3493086195 70375.052 1.06699999999999999999
1  9.55e+06  0.3492850387 70375.052 1.06699999999999999999
1  1.00e+07  0.3492635725 70375.052 1.06699999999999999999
