1  1.00e-03  0.1689261822  5.405481e-01 0.97400000000000000000
1  1.05e-03  0.168926184  5.405481e-01 0.97400000000000000000
1  1.10e-03  0.1689261811  5.405481e-01 0.97400000000000000000
1  1.15e-03  0.1689261855  5.405481e-01 0.97400000000000000000
1  1.20e-03  0.1689261855  5.405481e-01 0.97400000000000000000
1  1.26e-03  0.1689261827  5.405481e-01 0.97400000000000000000
1  1.32e-03  0.1689261851  5.405481e-01 0.97400000000000000000
1  1.38e-03  0.1689261848  5.405481e-01 0.97400000000000000000
1  1.45e-03  0.1689261816  5.405481e-01 0.97400000000000000000
1  1.51e-03  0.1689261847  5.405481e-01 0.97400000000000000000
1  1.58e-03  0.1689261818  5.405481e-01 0.97400000000000000000
1  1.66e-03  0.1689261831  5.405481e-01 0.97400000000000000000
1  1.74e-03  0.1689261817  5.405481e-01 0.97400000000000000000
1  1.82e-03  0.1689261813  5.405481e-01 0.97400000000000000000
1  1.91e-03  0.1689261855  5.405481e-01 0.97400000000000000000
1  2.00e-03  0.168926185  5.405481e-01 0.97400000000000000000
1  2.09e-03  0.1689261886  5.405481e-01 0.97400000000000000000
1  2.19e-03  0.1689261836  5.405481e-01 0.97400000000000000000
1  2.29e-03  0.1689261882  5.405481e-01 0.97400000000000000000
1  2.40e-03  0.1689261839  5.405481e-01 0.97400000000000000000
1  2.51e-03  0.1689261817  5.405481e-01 0.97400000000000000000
1  2.63e-03  0.168926171  5.405481e-01 0.97400000000000000000
1  2.75e-03  0.1689261761  5.405481e-01 0.97400000000000000000
1  2.88e-03  0.1689261919  5.405481e-01 0.97400000000000000000
1  3.02e-03  0.1689261996  5.405481e-01 0.97400000000000000000
1  3.16e-03  0.1689261946  5.405481e-01 0.97400000000000000000
1  3.31e-03  0.1689261861  5.405481e-01 0.97400000000000000000
1  3.47e-03  0.1689261916  5.405481e-01 0.97400000000000000000
1  3.63e-03  0.1689261773  5.405481e-01 0.97400000000000000000
1  3.80e-03  0.16892619  5.405481e-01 0.97400000000000000000
1  3.98e-03  0.1689261868  5.405481e-01 0.97400000000000000000
1  4.17e-03  0.1689261869  5.405481e-01 0.97400000000000000000
1  4.37e-03  0.168926179  5.405481e-01 0.97400000000000000000
1  4.57e-03  0.1689261826  5.405481e-01 0.97400000000000000000
1  4.79e-03  0.1689261894  5.405481e-01 0.97400000000000000000
1  5.01e-03  0.1689261905  5.405481e-01 0.97400000000000000000
1  5.25e-03  0.1689261794  5.405481e-01 0.97400000000000000000
1  5.50e-03  0.1689261832  5.405481e-01 0.97400000000000000000
1  5.75e-03  0.1689262048  5.405481e-01 0.97400000000000000000
1  6.03e-03  0.168926182  5.405481e-01 0.97400000000000000000
1  6.31e-03  0.1689262009  5.405481e-01 0.97400000000000000000
1  6.61e-03  0.16892618  5.405481e-01 0.97400000000000000000
1  6.92e-03  0.1689261942  5.405481e-01 0.97400000000000000000
1  7.24e-03  0.1689261848  5.405481e-01 0.97400000000000000000
1  7.59e-03  0.1689261781  5.405481e-01 0.97400000000000000000
1  7.94e-03  0.1689262016  5.405481e-01 0.97400000000000000000
1  8.32e-03  0.1689261649  5.405481e-01 0.97400000000000000000
1  8.71e-03  0.168926183  5.405481e-01 0.97400000000000000000
1  9.12e-03  0.168926172  5.405481e-01 0.97400000000000000000
1  9.55e-03  0.1689262273  5.405481e-01 0.97400000000000000000
1  1.00e-02  0.1689261675  5.405481e-01 0.97400000000000000000
1  1.05e-02  0.1689261933  5.405481e-01 0.97400000000000000000
1  1.10e-02  0.1689261823  5.405481e-01 0.97400000000000000000
1  1.15e-02  0.1689262021  5.405481e-01 0.97400000000000000000
1  1.20e-02  0.1689262016  5.405481e-01 0.97400000000000000000
1  1.26e-02  0.1689261669  5.405481e-01 0.97400000000000000000
1  1.32e-02  0.1689260634  5.405481e-01 0.97400000000000000000
1  1.38e-02  0.1689262025  5.405481e-01 0.97400000000000000000
1  1.45e-02  0.1689262091  5.405481e-01 0.97400000000000000000
1  1.51e-02  0.168926211  5.405481e-01 0.97400000000000000000
1  1.58e-02  0.1689262106  5.405481e-01 0.97400000000000000000
1  1.66e-02  0.1689260625  5.405481e-01 0.97400000000000000000
1  1.74e-02  0.1689262085  5.405481e-01 0.97400000000000000000
1  1.82e-02  0.1689261942  5.405481e-01 0.97400000000000000000
1  1.91e-02  0.1689262118  5.405481e-01 0.97400000000000000000
1  2.00e-02  0.1689261753  5.405481e-01 0.97400000000000000000
1  2.09e-02  0.1689253877  5.405481e-01 0.97400000000000000000
1  2.19e-02  0.1689262954  5.405481e-01 0.97400000000000000000
1  2.29e-02  0.1689261947  5.405481e-01 0.97400000000000000000
1  2.40e-02  0.1689262105  5.405481e-01 0.97400000000000000000
1  2.51e-02  0.1689255729  5.405481e-01 0.97400000000000000000
1  2.63e-02  0.1689252836  5.405481e-01 0.97400000000000000000
1  2.75e-02  0.1689260961  5.405481e-01 0.97400000000000000000
1  2.88e-02  0.1689262626  5.405481e-01 0.97400000000000000000
1  3.02e-02  0.168926334  5.405481e-01 0.97400000000000000000
1  3.16e-02  0.1689265919  5.405481e-01 0.97400000000000000000
1  3.31e-02  0.1689262125  5.405481e-01 0.97400000000000000000
1  3.47e-02  0.168926206  5.405481e-01 0.97400000000000000000
1  3.63e-02  0.1689245849  5.405481e-01 0.97400000000000000000
1  3.80e-02  0.1689260908  5.405481e-01 0.97400000000000000000
1  3.98e-02  0.1689257716  5.405481e-01 0.97400000000000000000
1  4.17e-02  0.1689257041  5.405481e-01 0.97400000000000000000
1  4.37e-02  0.1689261167  5.405481e-01 0.97400000000000000000
1  4.57e-02  0.1689260943  5.405481e-01 0.97400000000000000000
1  4.79e-02  0.1689264251  5.405481e-01 0.97400000000000000000
1  5.01e-02  0.1689261667  5.405481e-01 0.97400000000000000000
1  5.25e-02  0.1689261543  5.405481e-01 0.97400000000000000000
1  5.50e-02  0.1689261819  5.405481e-01 0.97400000000000000000
1  5.75e-02  0.1689261582  5.405481e-01 0.97400000000000000000
1  6.03e-02  0.1689261066  5.405481e-01 0.97400000000000000000
1  6.31e-02  0.1689261762  5.405481e-01 0.97400000000000000000
1  6.61e-02  0.1689262738  5.405481e-01 0.97400000000000000000
1  6.92e-02  0.1689260161  5.405481e-01 0.97400000000000000000
1  7.24e-02  0.1689249318  5.405481e-01 0.97400000000000000000
1  7.59e-02  0.1689268199  5.405481e-01 0.97400000000000000000
1  7.94e-02  0.1689262559  5.405481e-01 0.97400000000000000000
1  8.32e-02  0.1689259094  5.405481e-01 0.97400000000000000000
1  8.71e-02  0.1689258839  5.405481e-01 0.97400000000000000000
1  9.12e-02  0.1689259689  5.405481e-01 0.97400000000000000000
1  9.55e-02  0.1689259184  5.405481e-01 0.97400000000000000000
1  1.00e-01  0.1689259808  5.405481e-01 0.97400000000000000000
1  1.05e-01  0.1689260459  5.405481e-01 0.97400000000000000000
1  1.10e-01  0.1689260461  5.405481e-01 0.97400000000000000000
1  1.15e-01  0.1689263738  5.405481e-01 0.97400000000000000000
1  1.20e-01  0.168926224  5.405481e-01 0.97400000000000000000
1  1.26e-01  0.1689261522  5.405481e-01 0.97400000000000000000
1  1.32e-01  0.1689263894  5.405481e-01 0.97400000000000000000
1  1.38e-01  0.1689260268  5.405481e-01 0.97400000000000000000
1  1.45e-01  0.1689264608  5.405481e-01 0.97400000000000000000
1  1.51e-01  0.1689261635  5.405481e-01 0.97400000000000000000
1  1.58e-01  0.1689264718  5.405481e-01 0.97400000000000000000
1  1.66e-01  0.1689265542  5.405481e-01 0.97400000000000000000
1  1.74e-01  0.1689260321  5.405481e-01 0.97400000000000000000
1  1.82e-01  0.1689262784  5.405481e-01 0.97400000000000000000
1  1.91e-01  0.1689264142  5.405481e-01 0.97400000000000000000
1  2.00e-01  0.1689265381  5.405481e-01 0.97400000000000000000
1  2.09e-01  0.1689261777  5.405481e-01 0.97400000000000000000
1  2.19e-01  0.1689258758  5.405481e-01 0.97400000000000000000
1  2.29e-01  0.1689264546  5.405481e-01 0.97400000000000000000
1  2.40e-01  0.1689265018  5.405481e-01 0.97400000000000000000
1  2.51e-01  0.1689265008  5.405481e-01 0.97400000000000000000
1  2.63e-01  0.1689267141  5.405481e-01 0.97400000000000000000
1  2.75e-01  0.1689260676  5.405481e-01 0.97400000000000000000
1  2.88e-01  0.1689269383  5.405481e-01 0.97400000000000000000
1  3.02e-01  0.1689266845  5.405481e-01 0.97400000000000000000
1  3.16e-01  0.1689259735  5.405481e-01 0.97400000000000000000
1  3.31e-01  0.1689265469  5.405481e-01 0.97400000000000000000
1  3.47e-01  0.1689269751  5.405481e-01 0.97400000000000000000
1  3.63e-01  0.1689268446  5.405481e-01 0.97400000000000000000
1  3.80e-01  0.1689266881  5.405481e-01 0.97400000000000000000
1  3.98e-01  0.1689266129  5.405481e-01 0.97400000000000000000
1  4.17e-01  0.1689267496  5.405481e-01 0.97400000000000000000
1  4.37e-01  0.1689268528  5.405481e-01 0.97400000000000000000
1  4.57e-01  0.1689274922  5.405481e-01 0.97400000000000000000
1  4.79e-01  0.1689264669  5.405481e-01 0.97400000000000000000
1  5.01e-01  0.1689271545  5.405481e-01 0.97400000000000000000
1  5.25e-01  0.1689252835  5.405481e-01 0.97400000000000000000
1  5.50e-01  0.1689269615  5.405481e-01 0.97400000000000000000
1  5.75e-01  0.1689271081  5.405481e-01 0.97400000000000000000
1  6.03e-01  0.1689272882  5.405481e-01 0.97400000000000000000
1  6.31e-01  0.1689262621  5.405481e-01 0.97400000000000000000
1  6.61e-01  0.1689281882  5.405481e-01 0.97400000000000000000
1  6.92e-01  0.1689264048  5.405481e-01 0.97400000000000000000
1  7.24e-01  0.1689281077  5.405481e-01 0.97400000000000000000
1  7.59e-01  0.1689283585  5.405481e-01 0.97400000000000000000
1  7.94e-01  0.1689140583  5.405481e-01 0.97400000000000000000
1  8.32e-01  0.1689266009  5.405481e-01 0.97400000000000000000
1  8.71e-01  0.1689279081  5.405481e-01 0.97400000000000000000
1  9.12e-01  0.1689283115  5.405481e-01 0.97400000000000000000
1  9.55e-01  0.1689273332  5.405481e-01 0.97400000000000000000
1  1.00e+00  0.1689263145  5.405481e-01 0.97400000000000000000
1  1.05e+00  0.1689275766  5.405481e-01 0.97400000000000000000
1  1.10e+00  0.1689315698  5.405481e-01 0.97400000000000000000
1  1.15e+00  0.1689265509  5.405481e-01 0.97400000000000000000
1  1.20e+00  0.1689134652  5.405481e-01 0.97400000000000000000
1  1.26e+00  0.1689208217  5.405481e-01 0.97400000000000000000
1  1.32e+00  0.1689281068  5.405481e-01 0.97400000000000000000
1  1.38e+00  0.1689295552  5.405481e-01 0.97400000000000000000
1  1.45e+00  0.1689301926  5.405481e-01 0.97400000000000000000
1  1.51e+00  0.1689288069  5.405481e-01 0.97400000000000000000
1  1.58e+00  0.1689240131  5.405481e-01 0.97400000000000000000
1  1.66e+00  0.1689304854  5.405481e-01 0.97400000000000000000
1  1.74e+00  0.1689296992  5.405481e-01 0.97400000000000000000
1  1.82e+00  0.1689269212  5.405481e-01 0.97400000000000000000
1  1.91e+00  0.1689261212  5.405481e-01 0.97400000000000000000
1  2.00e+00  0.1689296245  5.405481e-01 0.97400000000000000000
1  2.09e+00  0.1689260012  5.405481e-01 0.97400000000000000000
1  2.19e+00  0.1689276434  5.405481e-01 0.97400000000000000000
1  2.29e+00  0.1689274595  5.405481e-01 0.97400000000000000000
1  2.40e+00  0.1689325347  5.405481e-01 0.97400000000000000000
1  2.51e+00  0.1689294173  5.405481e-01 0.97400000000000000000
1  2.63e+00  0.168928365  5.405481e-01 0.97400000000000000000
1  2.75e+00  0.1689278302  5.405481e-01 0.97400000000000000000
1  2.88e+00  0.1689351088  5.405481e-01 0.97400000000000000000
1  3.02e+00  0.1689274379  5.405481e-01 0.97400000000000000000
1  3.16e+00  0.168935388  5.405481e-01 0.97400000000000000000
1  3.31e+00  0.168901952  5.405481e-01 0.97400000000000000000
1  3.47e+00  0.1689329966  5.405481e-01 0.97400000000000000000
1  3.63e+00  0.1689380946  5.405481e-01 0.97400000000000000000
1  3.80e+00  0.1689366716  5.405481e-01 0.97400000000000000000
1  3.98e+00  0.1689135069  5.405481e-01 0.97400000000000000000
1  4.17e+00  0.1689261244  5.405481e-01 0.97400000000000000000
1  4.37e+00  0.1689268075  5.405481e-01 0.97400000000000000000
1  4.57e+00  0.1689406168  5.405481e-01 0.97400000000000000000
1  4.79e+00  0.1689263939  5.405481e-01 0.97400000000000000000
1  5.01e+00  0.1689377814  5.405481e-01 0.97400000000000000000
1  5.25e+00  0.1689295894  5.405481e-01 0.97400000000000000000
1  5.50e+00  0.1689262533  5.405481e-01 0.97400000000000000000
1  5.75e+00  0.1689392376  5.405481e-01 0.97400000000000000000
1  6.03e+00  0.1689636779  5.405481e-01 0.97400000000000000000
1  6.31e+00  0.1689468345  5.405481e-01 0.97400000000000000000
1  6.61e+00  0.168901839  5.405481e-01 0.97400000000000000000
1  6.92e+00  0.1689359768  5.405481e-01 0.97400000000000000000
1  7.24e+00  0.1689458866  5.405481e-01 0.97400000000000000000
1  7.59e+00  0.168942266  5.405481e-01 0.97400000000000000000
1  7.94e+00  0.1689311445  5.405481e-01 0.97400000000000000000
1  8.32e+00  0.1689464487  5.405481e-01 0.97400000000000000000
1  8.71e+00  0.1688935099  5.405481e-01 0.97400000000000000000
1  9.12e+00  0.1689183253  5.405481e-01 0.97400000000000000000
1  9.55e+00  0.1689598163  5.405481e-01 0.97400000000000000000
1  1.00e+01  0.1689351938  5.405481e-01 0.97400000000000000000
1  1.05e+01  0.1689236916  5.405481e-01 0.97400000000000000000
1  1.10e+01  0.1689203346  5.405481e-01 0.97400000000000000000
1  1.15e+01  0.1689429759  5.405481e-01 0.97400000000000000000
1  1.20e+01  0.1689318481  5.405481e-01 0.97400000000000000000
1  1.26e+01  0.1689584431  5.405481e-01 0.97400000000000000000
1  1.32e+01  0.1689665529  5.405481e-01 0.97400000000000000000
1  1.38e+01  0.1689257378  5.405481e-01 0.97400000000000000000
1  1.45e+01  0.1689606094  5.405481e-01 0.97400000000000000000
1  1.51e+01  0.1689673788  5.405481e-01 0.97400000000000000000
1  1.58e+01  0.1689751807  5.405481e-01 0.97400000000000000000
1  1.66e+01  0.1689303725  5.405481e-01 0.97400000000000000000
1  1.74e+01  0.1689207546  5.405481e-01 0.97400000000000000000
1  1.82e+01  0.1689699027  5.405481e-01 0.97400000000000000000
1  1.91e+01  0.1689874299  5.405481e-01 0.97400000000000000000
1  2.00e+01  0.1689808292  5.405481e-01 0.97400000000000000000
1  2.09e+01  0.1688058529  5.405481e-01 0.97400000000000000000
1  2.19e+01  0.1689695671  5.405481e-01 0.97400000000000000000
1  2.29e+01  0.1689977186  5.405481e-01 0.97400000000000000000
1  2.40e+01  0.1689679111  5.405481e-01 0.97400000000000000000
1  2.51e+01  0.169131229  5.405481e-01 0.97400000000000000000
1  2.63e+01  0.1690528963  5.405481e-01 0.97400000000000000000
1  2.75e+01  0.1689953526  5.405481e-01 0.97400000000000000000
1  2.88e+01  0.1689590364  5.405481e-01 0.97400000000000000000
1  3.02e+01  0.1689114743  5.405481e-01 0.97400000000000000000
1  3.16e+01  0.1691518058  5.405481e-01 0.97400000000000000000
1  3.31e+01  0.1687259391  5.405481e-01 0.97400000000000000000
1  3.47e+01  0.1691894905  5.405481e-01 0.97400000000000000000
1  3.63e+01  0.168868339  5.405481e-01 0.97400000000000000000
1  3.80e+01  0.1691059263  5.405481e-01 0.97400000000000000000
1  3.98e+01  0.1690764146  5.405481e-01 0.97400000000000000000
1  4.17e+01  0.1688903341  5.405481e-01 0.97400000000000000000
1  4.37e+01  0.1687964047  5.405481e-01 0.97400000000000000000
1  4.57e+01  0.1690002719  5.405481e-01 0.97400000000000000000
1  4.79e+01  0.1690932836  5.405481e-01 0.97400000000000000000
1  5.01e+01  0.1690231912  5.405481e-01 0.97400000000000000000
1  5.25e+01  0.1691329123  5.405481e-01 0.97400000000000000000
1  5.50e+01  0.1689182412  5.405481e-01 0.97400000000000000000
1  5.75e+01  0.1690598336  5.405481e-01 0.97400000000000000000
1  6.03e+01  0.1691309727  5.405481e-01 0.97400000000000000000
1  6.31e+01  0.169038861  5.405481e-01 0.97400000000000000000
1  6.61e+01  0.168940878  5.405481e-01 0.97400000000000000000
1  6.92e+01  0.168886318  5.405481e-01 0.97400000000000000000
1  7.24e+01  0.168935244  5.405481e-01 0.97400000000000000000
1  7.59e+01  0.1688471359  5.405481e-01 0.97400000000000000000
1  7.94e+01  0.1689002174  5.405481e-01 0.97400000000000000000
1  8.32e+01  0.1691106528  5.405481e-01 0.97400000000000000000
1  8.71e+01  0.1690368201  5.405481e-01 0.97400000000000000000
1  9.12e+01  0.1690848974  5.405481e-01 0.97400000000000000000
1  9.55e+01  0.1693151205  5.405481e-01 0.97400000000000000000
1  1.00e+02  0.169194283  5.405481e-01 0.97400000000000000000
1  1.05e+02  0.1690385602  5.405481e-01 0.97400000000000000000
1  1.10e+02  0.1691827542  5.405481e-01 0.97400000000000000000
1  1.15e+02  0.1690095908  5.405481e-01 0.97400000000000000000
1  1.20e+02  0.1691943424  5.405481e-01 0.97400000000000000000
1  1.26e+02  0.1692287661  5.405481e-01 0.97400000000000000000
1  1.32e+02  0.1692280895  5.405481e-01 0.97400000000000000000
1  1.38e+02  0.1690045353  5.405481e-01 0.97400000000000000000
1  1.45e+02  0.169391639  5.405481e-01 0.97400000000000000000
1  1.51e+02  0.1690736213  5.405481e-01 0.97400000000000000000
1  1.58e+02  0.1691761053  5.405481e-01 0.97400000000000000000
1  1.66e+02  0.1694276615  5.405481e-01 0.97400000000000000000
1  1.74e+02  0.1690607617  5.405481e-01 0.97400000000000000000
1  1.82e+02  0.1689150507  5.405481e-01 0.97400000000000000000
1  1.91e+02  0.1689316805  5.405481e-01 0.97400000000000000000
1  2.00e+02  0.1690949694  5.405481e-01 0.97400000000000000000
1  2.09e+02  0.169494279  5.405481e-01 0.97400000000000000000
1  2.19e+02  0.1690105314  5.405481e-01 0.97400000000000000000
1  2.29e+02  0.1697252818  5.405481e-01 0.97400000000000000000
1  2.40e+02  0.169666106  5.405481e-01 0.97400000000000000000
1  2.51e+02  0.1697782708  5.405481e-01 0.97400000000000000000
1  2.63e+02  0.1692819983  5.405481e-01 0.97400000000000000000
1  2.75e+02  0.1697335226  5.405481e-01 0.97400000000000000000
1  2.88e+02  0.1690900657  5.405481e-01 0.97400000000000000000
1  3.02e+02  0.1692652719  5.405481e-01 0.97400000000000000000
1  3.16e+02  0.1698413524  5.405481e-01 0.97400000000000000000
1  3.31e+02  0.1688728626  5.405481e-01 0.97400000000000000000
1  3.47e+02  0.1692080092  5.405481e-01 0.97400000000000000000
1  3.63e+02  0.1688810102  5.405481e-01 0.97400000000000000000
1  3.80e+02  0.1699266046  5.405481e-01 0.97400000000000000000
1  3.98e+02  0.1690230559  5.405481e-01 0.97400000000000000000
1  4.17e+02  0.1689048466  5.405481e-01 0.97400000000000000000
1  4.37e+02  0.1690578093  5.405481e-01 0.97400000000000000000
1  4.57e+02  0.1703103471  5.405481e-01 0.97400000000000000000
1  4.79e+02  0.1700996203  5.405481e-01 0.97400000000000000000
1  5.01e+02  0.1701018945  5.405481e-01 0.97400000000000000000
1  5.25e+02  0.170438421  5.405481e-01 0.97400000000000000000
1  5.50e+02  0.1693666457  5.405481e-01 0.97400000000000000000
1  5.75e+02  0.1688946495  5.405481e-01 0.97400000000000000000
1  6.03e+02  0.169016367  5.405481e-01 0.97400000000000000000
1  6.31e+02  0.1707879072  5.405481e-01 0.97400000000000000000
1  6.61e+02  0.1688751475  5.405481e-01 0.97400000000000000000
1  6.92e+02  0.1691957752  5.405481e-01 0.97400000000000000000
1  7.24e+02  0.1690066962  5.405481e-01 0.97400000000000000000
1  7.59e+02  0.1707229035  5.405481e-01 0.97400000000000000000
1  7.94e+02  0.1689682763  5.405481e-01 0.97400000000000000000
1  8.32e+02  0.1699657345  5.405481e-01 0.97400000000000000000
1  8.71e+02  0.1709619817  5.405481e-01 0.97400000000000000000
1  9.12e+02  0.1688871982  5.405481e-01 0.97400000000000000000
1  9.55e+02  0.1722752133  5.405481e-01 0.97400000000000000000
1  1.00e+03  0.1698454539  5.405481e-01 0.97400000000000000000
1  1.05e+03  0.1675465128  5.405481e-01 0.97400000000000000000
1  1.10e+03  0.1712755182  5.405481e-01 0.97400000000000000000
1  1.15e+03  0.1751621102  5.405481e-01 0.97400000000000000000
1  1.20e+03  0.1765083873  5.405481e-01 0.97400000000000000000
1  1.26e+03  0.1698894237  5.405481e-01 0.97400000000000000000
1  1.32e+03  0.1687709769  5.405481e-01 0.97400000000000000000
1  1.38e+03  0.1657102505  5.405481e-01 0.97400000000000000000
1  1.45e+03  0.1682398797  5.405481e-01 0.97400000000000000000
1  1.51e+03  0.1745567728  5.405481e-01 0.97400000000000000000
1  1.58e+03  0.1947578244  5.405481e-01 0.97400000000000000000
1  1.66e+03  0.1958180619  5.405481e-01 0.97400000000000000000
1  1.74e+03  0.1876255566  5.405481e-01 0.97400000000000000000
1  1.82e+03  0.1575808458  5.405481e-01 0.97400000000000000000
1  1.91e+03  0.1601038396  5.405481e-01 0.97400000000000000000
1  2.00e+03  0.1431440241  5.405481e-01 0.97400000000000000000
1  2.09e+03  0.1728529665  5.405481e-01 0.97400000000000000000
1  2.19e+03  0.1793555766  5.405481e-01 0.97400000000000000000
1  2.29e+03  0.1910651495  5.405481e-01 0.97400000000000000000
1  2.40e+03  0.2220290567  5.405481e-01 0.97400000000000000000
1  2.51e+03  0.2206719611  5.405481e-01 0.97400000000000000000
1  2.63e+03  0.1675584283  5.405481e-01 0.97400000000000000000
1  2.75e+03  0.2675064758  5.405481e-01 0.97400000000000000000
1  2.88e+03  0.1758644744  5.405481e-01 0.97400000000000000000
1  3.02e+03  0.1967504501  5.405481e-01 0.97400000000000000000
1  3.16e+03  0.24584368  5.405481e-01 0.97400000000000000000
1  3.31e+03  0.2485938254  5.405481e-01 0.97400000000000000000
1  3.47e+03  0.2295346739  5.405481e-01 0.97400000000000000000
1  3.63e+03  0.1744942105  5.405481e-01 0.97400000000000000000
1  3.80e+03  0.09629701365  5.405481e-01 0.97400000000000000000
1  3.98e+03  0.1513879069  5.405481e-01 0.97400000000000000000
1  4.17e+03  0.1496117814  5.405481e-01 0.97400000000000000000
1  4.37e+03  0.1092959719  5.405481e-01 0.97400000000000000000
1  4.57e+03  0.1215511949  5.405481e-01 0.97400000000000000000
1  4.79e+03  0.1616724243  5.405481e-01 0.97400000000000000000
1  5.01e+03  0.0998003555  5.405481e-01 0.97400000000000000000
1  5.25e+03  0.09102700025  5.405481e-01 0.97400000000000000000
1  5.50e+03  0.1116764001  5.405481e-01 0.97400000000000000000
1  5.75e+03  0.1398333254  5.405481e-01 0.97400000000000000000
1  6.03e+03  0.1232842595  5.405481e-01 0.97400000000000000000
1  6.31e+03  0.07432106528  5.405481e-01 0.97400000000000000000
1  6.61e+03  0.1210345252  5.405481e-01 0.97400000000000000000
1  6.92e+03  0.2746462786  5.405481e-01 0.97400000000000000000
1  7.24e+03  0.2497866451  5.405481e-01 0.97400000000000000000
1  7.59e+03  0.1117691917  5.405481e-01 0.97400000000000000000
1  7.94e+03  0.3514016575  5.405481e-01 0.97400000000000000000
1  8.32e+03  0.1168310926  5.405481e-01 0.97400000000000000000
1  8.71e+03  0.372262775  5.405481e-01 0.97400000000000000000
1  9.12e+03  0.1760993065  5.405481e-01 0.97400000000000000000
1  9.55e+03  0.2330218766  5.405481e-01 0.97400000000000000000
1  1.00e+04  0.3864024429  5.405481e-01 0.97400000000000000000
1  1.05e+04  0.2219368398  5.405481e-01 0.97400000000000000000
1  1.10e+04  0.194917369  5.405481e-01 0.97400000000000000000
1  1.15e+04  0.2020121467  5.405481e-01 0.97400000000000000000
1  1.20e+04  0.358324638  5.405481e-01 0.97400000000000000000
1  1.26e+04  0.3776783809  5.405481e-01 0.97400000000000000000
1  1.32e+04  0.408344219  5.405481e-01 0.97400000000000000000
1  1.38e+04  0.396615643  5.405481e-01 0.97400000000000000000
1  1.45e+04  0.407388621  5.405481e-01 0.97400000000000000000
1  1.51e+04  0.4025673284  5.405481e-01 0.97400000000000000000
1  1.58e+04  0.3684974384  5.405481e-01 0.97400000000000000000
1  1.66e+04  0.325269863  5.405481e-01 0.97400000000000000000
1  1.74e+04  0.2550071645  5.405481e-01 0.97400000000000000000
1  1.82e+04  0.2421974844  5.405481e-01 0.97400000000000000000
1  1.91e+04  0.3413592538  5.405481e-01 0.97400000000000000000
1  2.00e+04  0.4690878725  5.405481e-01 0.97400000000000000000
1  2.09e+04  0.2733303143  5.405481e-01 0.97400000000000000000
1  2.19e+04  0.2554530874  5.405481e-01 0.97400000000000000000
1  2.29e+04  0.4956390177  5.405481e-01 0.97400000000000000000
1  2.40e+04  0.2804071776  5.405481e-01 0.97400000000000000000
1  2.51e+04  0.2692369357  5.405481e-01 0.97400000000000000000
1  2.63e+04  0.5182501063  5.405481e-01 0.97400000000000000000
1  2.75e+04  0.2207382167  5.405481e-01 0.97400000000000000000
1  2.88e+04  0.5106199121  5.405481e-01 0.97400000000000000000
1  3.02e+04  0.2554911095  5.405481e-01 0.97400000000000000000
1  3.16e+04  0.4331556691  5.405481e-01 0.97400000000000000000
1  3.31e+04  0.2989544251  5.405481e-01 0.97400000000000000000
1  3.47e+04  0.5171740004  5.405481e-01 0.97400000000000000000
1  3.63e+04  0.1962623935  5.405481e-01 0.97400000000000000000
1  3.80e+04  0.5305730689  5.405481e-01 0.97400000000000000000
1  3.98e+04  0.2262518397  5.405481e-01 0.97400000000000000000
1  4.17e+04  0.4906711285  5.405481e-01 0.97400000000000000000
1  4.37e+04  0.3521024842  5.405481e-01 0.97400000000000000000
1  4.57e+04  0.2477572432  5.405481e-01 0.97400000000000000000
1  4.79e+04  0.5075377565  5.405481e-01 0.97400000000000000000
1  5.01e+04  0.3462151763  5.405481e-01 0.97400000000000000000
1  5.25e+04  0.207671561  5.405481e-01 0.97400000000000000000
1  5.50e+04  0.5167768923  5.405481e-01 0.97400000000000000000
1  5.75e+04  0.3703424541  5.405481e-01 0.97400000000000000000
1  6.03e+04  0.2107185735  5.405481e-01 0.97400000000000000000
1  6.31e+04  0.490826694  5.405481e-01 0.97400000000000000000
1  6.61e+04  0.4339553165  5.405481e-01 0.97400000000000000000
1  6.92e+04  0.1936196393  5.405481e-01 0.97400000000000000000
1  7.24e+04  0.2783249852  5.405481e-01 0.97400000000000000000
1  7.59e+04  0.4374266443  5.405481e-01 0.97400000000000000000
1  7.94e+04  0.3910534281  5.405481e-01 0.97400000000000000000
1  8.32e+04  0.2425050253  5.405481e-01 0.97400000000000000000
1  8.71e+04  0.1830079116  5.405481e-01 0.97400000000000000000
1  9.12e+04  0.2772354112  5.405481e-01 0.97400000000000000000
1  9.55e+04  0.4115075543  5.405481e-01 0.97400000000000000000
1  1.00e+05  0.4151338575  5.405481e-01 0.97400000000000000000
1  1.05e+05  0.2795441765  5.405481e-01 0.97400000000000000000
1  1.10e+05  0.1743519124  5.405481e-01 0.97400000000000000000
1  1.15e+05  0.2266179822  5.405481e-01 0.97400000000000000000
1  1.20e+05  0.3734714574  5.405481e-01 0.97400000000000000000
1  1.26e+05  0.4564935361  5.405481e-01 0.97400000000000000000
1  1.32e+05  0.4010045521  5.405481e-01 0.97400000000000000000
1  1.38e+05  0.2713753877  5.405481e-01 0.97400000000000000000
1  1.45e+05  0.1836598417  5.405481e-01 0.97400000000000000000
1  1.51e+05  0.1978143286  5.405481e-01 0.97400000000000000000
1  1.58e+05  0.285870115  5.405481e-01 0.97400000000000000000
1  1.66e+05  0.3749798314  5.405481e-01 0.97400000000000000000
1  1.74e+05  0.4076132367  5.405481e-01 0.97400000000000000000
1  1.82e+05  0.3722402235  5.405481e-01 0.97400000000000000000
1  1.91e+05  0.2964413553  5.405481e-01 0.97400000000000000000
1  2.00e+05  0.2208888175  5.405481e-01 0.97400000000000000000
1  2.09e+05  0.1757778414  5.405481e-01 0.97400000000000000000
1  2.19e+05  0.1706428581  5.405481e-01 0.97400000000000000000
1  2.29e+05  0.1969794356  5.405481e-01 0.97400000000000000000
1  2.40e+05  0.2373175006  5.405481e-01 0.97400000000000000000
1  2.51e+05  0.2743704564  5.405481e-01 0.97400000000000000000
1  2.63e+05  0.2967069419  5.405481e-01 0.97400000000000000000
1  2.75e+05  0.3003421713  5.405481e-01 0.97400000000000000000
1  2.88e+05  0.2874094127  5.405481e-01 0.97400000000000000000
1  3.02e+05  0.2635513476  5.405481e-01 0.97400000000000000000
1  3.16e+05  0.2353429857  5.405481e-01 0.97400000000000000000
1  3.31e+05  0.2084539247  5.405481e-01 0.97400000000000000000
1  3.47e+05  0.186724355  5.405481e-01 0.97400000000000000000
1  3.63e+05  0.1720019237  5.405481e-01 0.97400000000000000000
1  3.80e+05  0.1644601331  5.405481e-01 0.97400000000000000000
1  3.98e+05  0.1631277414  5.405481e-01 0.97400000000000000000
1  4.17e+05  0.1664315618  5.405481e-01 0.97400000000000000000
1  4.37e+05  0.1726405457  5.405481e-01 0.97400000000000000000
1  4.57e+05  0.180169384  5.405481e-01 0.97400000000000000000
1  4.79e+05  0.1877459333  5.405481e-01 0.97400000000000000000
1  5.01e+05  0.1944702275  5.405481e-01 0.97400000000000000000
1  5.25e+05  0.1997998308  5.405481e-01 0.97400000000000000000
1  5.50e+05  0.2034935064  5.405481e-01 0.97400000000000000000
1  5.75e+05  0.2055379745  5.405481e-01 0.97400000000000000000
1  6.03e+05  0.2060744227  5.405481e-01 0.97400000000000000000
1  6.31e+05  0.2053343225  5.405481e-01 0.97400000000000000000
1  6.61e+05  0.2035380938  5.405481e-01 0.97400000000000000000
1  6.92e+05  0.2010037099  5.405481e-01 0.97400000000000000000
1  7.24e+05  0.1980013725  5.405481e-01 0.97400000000000000000
1  7.59e+05  0.1947358711  5.405481e-01 0.97400000000000000000
1  7.94e+05  0.1914118486  5.405481e-01 0.97400000000000000000
1  8.32e+05  0.1881633999  5.405481e-01 0.97400000000000000000
1  8.71e+05  0.1850680863  5.405481e-01 0.97400000000000000000
1  9.12e+05  0.1822050573  5.405481e-01 0.97400000000000000000
1  9.55e+05  0.1796146315  5.405481e-01 0.97400000000000000000
1  1.00e+06  0.1773156624  5.405481e-01 0.97400000000000000000
1  1.05e+06  0.1753107124  5.405481e-01 0.97400000000000000000
1  1.10e+06  0.173590572  5.405481e-01 0.97400000000000000000
1  1.15e+06  0.1721380328  5.405481e-01 0.97400000000000000000
1  1.20e+06  0.1709309181  5.405481e-01 0.97400000000000000000
1  1.26e+06  0.1699444299  5.405481e-01 0.97400000000000000000
1  1.32e+06  0.1691529019  5.405481e-01 0.97400000000000000000
1  1.38e+06  0.1685310534  5.405481e-01 0.97400000000000000000
1  1.45e+06  0.1680548414  5.405481e-01 0.97400000000000000000
1  1.51e+06  0.1677019974  5.405481e-01 0.97400000000000000000
1  1.58e+06  0.167452325  5.405481e-01 0.97400000000000000000
1  1.66e+06  0.1672878216  5.405481e-01 0.97400000000000000000
1  1.74e+06  0.167192675  5.405481e-01 0.97400000000000000000
1  1.82e+06  0.1671554164  5.405481e-01 0.97400000000000000000
1  1.91e+06  0.1671596164  5.405481e-01 0.97400000000000000000
1  2.00e+06  0.1671977726  5.405481e-01 0.97400000000000000000
1  2.09e+06  0.1672615284  5.405481e-01 0.97400000000000000000
1  2.19e+06  0.1673439448  5.405481e-01 0.97400000000000000000
1  2.29e+06  0.1674393201  5.405481e-01 0.97400000000000000000
1  2.40e+06  0.1675430199  5.405481e-01 0.97400000000000000000
1  2.51e+06  0.1676513229  5.405481e-01 0.97400000000000000000
1  2.63e+06  0.1677612806  5.405481e-01 0.97400000000000000000
1  2.75e+06  0.1678705939  5.405481e-01 0.97400000000000000000
1  2.88e+06  0.1679775047  5.405481e-01 0.97400000000000000000
1  3.02e+06  0.1680807015  5.405481e-01 0.97400000000000000000
1  3.16e+06  0.168179239  5.405481e-01 0.97400000000000000000
1  3.31e+06  0.168272469  5.405481e-01 0.97400000000000000000
1  3.47e+06  0.1683599823  5.405481e-01 0.97400000000000000000
1  3.63e+06  0.1684421249  5.405481e-01 0.97400000000000000000
1  3.80e+06  0.1685176469  5.405481e-01 0.97400000000000000000
1  3.98e+06  0.1685872126  5.405481e-01 0.97400000000000000000
1  4.17e+06  0.1686509547  5.405481e-01 0.97400000000000000000
1  4.37e+06  0.1687090707  5.405481e-01 0.97400000000000000000
1  4.57e+06  0.1687618043  5.405481e-01 0.97400000000000000000
1  4.79e+06  0.1688094308  5.405481e-01 0.97400000000000000000
1  5.01e+06  0.1688522452  5.405481e-01 0.97400000000000000000
1  5.25e+06  0.1688905525  5.405481e-01 0.97400000000000000000
1  5.50e+06  0.1689246609  5.405481e-01 0.97400000000000000000
1  5.75e+06  0.1689548758  5.405481e-01 0.97400000000000000000
1  6.03e+06  0.1689814955  5.405481e-01 0.97400000000000000000
1  6.31e+06  0.1690048085  5.405481e-01 0.97400000000000000000
1  6.61e+06  0.1690250908  5.405481e-01 0.97400000000000000000
1  6.92e+06  0.1690426047  5.405481e-01 0.97400000000000000000
1  7.24e+06  0.1690577414  5.405481e-01 0.97400000000000000000
1  7.59e+06  0.1690704338  5.405481e-01 0.97400000000000000000
1  7.94e+06  0.1690810563  5.405481e-01 0.97400000000000000000
1  8.32e+06  0.1690898107  5.405481e-01 0.97400000000000000000
1  8.71e+06  0.1690968844  5.405481e-01 0.97400000000000000000
1  9.12e+06  0.1691024503  5.405481e-01 0.97400000000000000000
1  9.55e+06  0.1691066676  5.405481e-01 0.97400000000000000000
1  1.00e+07  0.1691096827  5.405481e-01 0.97400000000000000000
