1  1.00e-03  0.5477392269 63119.892 0.95699999999999999997
1  1.05e-03  0.5477392216 63119.892 0.95699999999999999997
1  1.10e-03  0.5477392335 63119.892 0.95699999999999999997
1  1.15e-03  0.547739233 63119.892 0.95699999999999999997
1  1.20e-03  0.5477392272 63119.892 0.95699999999999999997
1  1.26e-03  0.5477392377 63119.892 0.95699999999999999997
1  1.32e-03  0.5477392303 63119.892 0.95699999999999999997
1  1.38e-03  0.547739244 63119.892 0.95699999999999999997
1  1.45e-03  0.5477392352 63119.892 0.95699999999999999997
1  1.51e-03  0.5477392224 63119.892 0.95699999999999999997
1  1.58e-03  0.5477392194 63119.892 0.95699999999999999997
1  1.66e-03  0.5477392237 63119.892 0.95699999999999999997
1  1.74e-03  0.5477392246 63119.892 0.95699999999999999997
1  1.82e-03  0.5477392253 63119.892 0.95699999999999999997
1  1.91e-03  0.5477392198 63119.892 0.95699999999999999997
1  2.00e-03  0.5477392217 63119.892 0.95699999999999999997
1  2.09e-03  0.5477392228 63119.892 0.95699999999999999997
1  2.19e-03  0.5477392313 63119.892 0.95699999999999999997
1  2.29e-03  0.5477392377 63119.892 0.95699999999999999997
1  2.40e-03  0.5477392354 63119.892 0.95699999999999999997
1  2.51e-03  0.5477392277 63119.892 0.95699999999999999997
1  2.63e-03  0.5477392393 63119.892 0.95699999999999999997
1  2.75e-03  0.5477392321 63119.892 0.95699999999999999997
1  2.88e-03  0.5477392226 63119.892 0.95699999999999999997
1  3.02e-03  0.547739245 63119.892 0.95699999999999999997
1  3.16e-03  0.5477392281 63119.892 0.95699999999999999997
1  3.31e-03  0.5477392206 63119.892 0.95699999999999999997
1  3.47e-03  0.5477392308 63119.892 0.95699999999999999997
1  3.63e-03  0.5477392437 63119.892 0.95699999999999999997
1  3.80e-03  0.5477392209 63119.892 0.95699999999999999997
1  3.98e-03  0.5477392365 63119.892 0.95699999999999999997
1  4.17e-03  0.5477392142 63119.892 0.95699999999999999997
1  4.37e-03  0.5477392334 63119.892 0.95699999999999999997
1  4.57e-03  0.5477392367 63119.892 0.95699999999999999997
1  4.79e-03  0.5477392216 63119.892 0.95699999999999999997
1  5.01e-03  0.5477392418 63119.892 0.95699999999999999997
1  5.25e-03  0.5477392423 63119.892 0.95699999999999999997
1  5.50e-03  0.5477392168 63119.892 0.95699999999999999997
1  5.75e-03  0.5477392212 63119.892 0.95699999999999999997
1  6.03e-03  0.5477392243 63119.892 0.95699999999999999997
1  6.31e-03  0.5477392219 63119.892 0.95699999999999999997
1  6.61e-03  0.5477392385 63119.892 0.95699999999999999997
1  6.92e-03  0.5477392223 63119.892 0.95699999999999999997
1  7.24e-03  0.5477392217 63119.892 0.95699999999999999997
1  7.59e-03  0.5477392438 63119.892 0.95699999999999999997
1  7.94e-03  0.5477392338 63119.892 0.95699999999999999997
1  8.32e-03  0.5477392338 63119.892 0.95699999999999999997
1  8.71e-03  0.5477392542 63119.892 0.95699999999999999997
1  9.12e-03  0.5477392231 63119.892 0.95699999999999999997
1  9.55e-03  0.5477392244 63119.892 0.95699999999999999997
1  1.00e-02  0.5477586456 63119.892 0.95699999999999999997
1  1.05e-02  0.5477392436 63119.892 0.95699999999999999997
1  1.10e-02  0.5477392071 63119.892 0.95699999999999999997
1  1.15e-02  0.5477392347 63119.892 0.95699999999999999997
1  1.20e-02  0.5477392363 63119.892 0.95699999999999999997
1  1.26e-02  0.5477392284 63119.892 0.95699999999999999997
1  1.32e-02  0.5477392346 63119.892 0.95699999999999999997
1  1.38e-02  0.5477392441 63119.892 0.95699999999999999997
1  1.45e-02  0.547739238 63119.892 0.95699999999999999997
1  1.51e-02  0.5477392183 63119.892 0.95699999999999999997
1  1.58e-02  0.5477292545 63119.892 0.95699999999999999997
1  1.66e-02  0.5477392562 63119.892 0.95699999999999999997
1  1.74e-02  0.5477392062 63119.892 0.95699999999999999997
1  1.82e-02  0.5477392594 63119.892 0.95699999999999999997
1  1.91e-02  0.5477391842 63119.892 0.95699999999999999997
1  2.00e-02  0.5477392121 63119.892 0.95699999999999999997
1  2.09e-02  0.5477392535 63119.892 0.95699999999999999997
1  2.19e-02  0.5477392443 63119.892 0.95699999999999999997
1  2.29e-02  0.5477392584 63119.892 0.95699999999999999997
1  2.40e-02  0.5477391664 63119.892 0.95699999999999999997
1  2.51e-02  0.5477997028 63119.892 0.95699999999999999997
1  2.63e-02  0.5477388791 63119.892 0.95699999999999999997
1  2.75e-02  0.5477393961 63119.892 0.95699999999999999997
1  2.88e-02  0.5477393111 63119.892 0.95699999999999999997
1  3.02e-02  0.5477390994 63119.892 0.95699999999999999997
1  3.16e-02  0.5477391501 63119.892 0.95699999999999999997
1  3.31e-02  0.5477393036 63119.892 0.95699999999999999997
1  3.47e-02  0.5477392816 63119.892 0.95699999999999999997
1  3.63e-02  0.5477392063 63119.892 0.95699999999999999997
1  3.80e-02  0.5477393887 63119.892 0.95699999999999999997
1  3.98e-02  0.5477391502 63119.892 0.95699999999999999997
1  4.17e-02  0.5477398564 63119.892 0.95699999999999999997
1  4.37e-02  0.5477393874 63119.892 0.95699999999999999997
1  4.57e-02  0.5477398111 63119.892 0.95699999999999999997
1  4.79e-02  0.5477393041 63119.892 0.95699999999999999997
1  5.01e-02  0.5477392838 63119.892 0.95699999999999999997
1  5.25e-02  0.5477392789 63119.892 0.95699999999999999997
1  5.50e-02  0.5477392953 63119.892 0.95699999999999999997
1  5.75e-02  0.5477392153 63119.892 0.95699999999999999997
1  6.03e-02  0.5477393704 63119.892 0.95699999999999999997
1  6.31e-02  0.5477393488 63119.892 0.95699999999999999997
1  6.61e-02  0.5477392245 63119.892 0.95699999999999999997
1  6.92e-02  0.5477393689 63119.892 0.95699999999999999997
1  7.24e-02  0.5477386475 63119.892 0.95699999999999999997
1  7.59e-02  0.5477395255 63119.892 0.95699999999999999997
1  7.94e-02  0.5477390211 63119.892 0.95699999999999999997
1  8.32e-02  0.5477407668 63119.892 0.95699999999999999997
1  8.71e-02  0.5477427413 63119.892 0.95699999999999999997
1  9.12e-02  0.5477395416 63119.892 0.95699999999999999997
1  9.55e-02  0.5477396139 63119.892 0.95699999999999999997
1  1.00e-01  0.5477395686 63119.892 0.95699999999999999997
1  1.05e-01  0.5477394977 63119.892 0.95699999999999999997
1  1.10e-01  0.5477394587 63119.892 0.95699999999999999997
1  1.15e-01  0.547739259 63119.892 0.95699999999999999997
1  1.20e-01  0.547738994 63119.892 0.95699999999999999997
1  1.26e-01  0.5477392634 63119.892 0.95699999999999999997
1  1.32e-01  0.5477394572 63119.892 0.95699999999999999997
1  1.38e-01  0.5477395197 63119.892 0.95699999999999999997
1  1.45e-01  0.5477390362 63119.892 0.95699999999999999997
1  1.51e-01  0.5477400018 63119.892 0.95699999999999999997
1  1.58e-01  0.5477392449 63119.892 0.95699999999999999997
1  1.66e-01  0.5477393691 63119.892 0.95699999999999999997
1  1.74e-01  0.5477390832 63119.892 0.95699999999999999997
1  1.82e-01  0.5477394163 63119.892 0.95699999999999999997
1  1.91e-01  0.547739342 63119.892 0.95699999999999999997
1  2.00e-01  0.5477394758 63119.892 0.95699999999999999997
1  2.09e-01  0.5477386078 63119.892 0.95699999999999999997
1  2.19e-01  0.5477386662 63119.892 0.95699999999999999997
1  2.29e-01  0.547739437 63119.892 0.95699999999999999997
1  2.40e-01  0.5477393424 63119.892 0.95699999999999999997
1  2.51e-01  0.5477386347 63119.892 0.95699999999999999997
1  2.63e-01  0.5477386857 63119.892 0.95699999999999999997
1  2.75e-01  0.5477421208 63119.892 0.95699999999999999997
1  2.88e-01  0.5477386218 63119.892 0.95699999999999999997
1  3.02e-01  0.5477394065 63119.892 0.95699999999999999997
1  3.16e-01  0.5477451319 63119.892 0.95699999999999999997
1  3.31e-01  0.5477383653 63119.892 0.95699999999999999997
1  3.47e-01  0.5477397978 63119.892 0.95699999999999999997
1  3.63e-01  0.5477392219 63119.892 0.95699999999999999997
1  3.80e-01  0.5477364999 63119.892 0.95699999999999999997
1  3.98e-01  0.5477380163 63119.892 0.95699999999999999997
1  4.17e-01  0.5477394355 63119.892 0.95699999999999999997
1  4.37e-01  0.5477382169 63119.892 0.95699999999999999997
1  4.57e-01  0.5477377455 63119.892 0.95699999999999999997
1  4.79e-01  0.5477377824 63119.892 0.95699999999999999997
1  5.01e-01  0.5477374217 63119.892 0.95699999999999999997
1  5.25e-01  0.5477399814 63119.892 0.95699999999999999997
1  5.50e-01  0.5477377395 63119.892 0.95699999999999999997
1  5.75e-01  0.5477393135 63119.892 0.95699999999999999997
1  6.03e-01  0.5477528476 63119.892 0.95699999999999999997
1  6.31e-01  0.5477416077 63119.892 0.95699999999999999997
1  6.61e-01  0.5477468095 63119.892 0.95699999999999999997
1  6.92e-01  0.5477367625 63119.892 0.95699999999999999997
1  7.24e-01  0.5477368461 63119.892 0.95699999999999999997
1  7.59e-01  0.5477349698 63119.892 0.95699999999999999997
1  7.94e-01  0.5477389932 63119.892 0.95699999999999999997
1  8.32e-01  0.5477378229 63119.892 0.95699999999999999997
1  8.71e-01  0.5477361426 63119.892 0.95699999999999999997
1  9.12e-01  0.5477383014 63119.892 0.95699999999999999997
1  9.55e-01  0.5477359693 63119.892 0.95699999999999999997
1  1.00e+00  0.5477384609 63119.892 0.95699999999999999997
1  1.05e+00  0.54773544 63119.892 0.95699999999999999997
1  1.10e+00  0.5477376924 63119.892 0.95699999999999999997
1  1.15e+00  0.5477392099 63119.892 0.95699999999999999997
1  1.20e+00  0.5477380025 63119.892 0.95699999999999999997
1  1.26e+00  0.5477381854 63119.892 0.95699999999999999997
1  1.32e+00  0.547720003 63119.892 0.95699999999999999997
1  1.38e+00  0.5477358641 63119.892 0.95699999999999999997
1  1.45e+00  0.547737058 63119.892 0.95699999999999999997
1  1.51e+00  0.5477337877 63119.892 0.95699999999999999997
1  1.58e+00  0.5477363931 63119.892 0.95699999999999999997
1  1.66e+00  0.5477375679 63119.892 0.95699999999999999997
1  1.74e+00  0.5477390736 63119.892 0.95699999999999999997
1  1.82e+00  0.5477382104 63119.892 0.95699999999999999997
1  1.91e+00  0.5477359299 63119.892 0.95699999999999999997
1  2.00e+00  0.5477381684 63119.892 0.95699999999999999997
1  2.09e+00  0.5477351704 63119.892 0.95699999999999999997
1  2.19e+00  0.5477381713 63119.892 0.95699999999999999997
1  2.29e+00  0.5477380765 63119.892 0.95699999999999999997
1  2.40e+00  0.547737832 63119.892 0.95699999999999999997
1  2.51e+00  0.5477449714 63119.892 0.95699999999999999997
1  2.63e+00  0.5477306639 63119.892 0.95699999999999999997
1  2.75e+00  0.547737744 63119.892 0.95699999999999999997
1  2.88e+00  0.5477374199 63119.892 0.95699999999999999997
1  3.02e+00  0.5476909691 63119.892 0.95699999999999999997
1  3.16e+00  0.5477389685 63119.892 0.95699999999999999997
1  3.31e+00  0.5477338931 63119.892 0.95699999999999999997
1  3.47e+00  0.5477405741 63119.892 0.95699999999999999997
1  3.63e+00  0.5477265198 63119.892 0.95699999999999999997
1  3.80e+00  0.5477257543 63119.892 0.95699999999999999997
1  3.98e+00  0.5477271077 63119.892 0.95699999999999999997
1  4.17e+00  0.5477231044 63119.892 0.95699999999999999997
1  4.37e+00  0.5477115504 63119.892 0.95699999999999999997
1  4.57e+00  0.5477370414 63119.892 0.95699999999999999997
1  4.79e+00  0.5477313669 63119.892 0.95699999999999999997
1  5.01e+00  0.5477373342 63119.892 0.95699999999999999997
1  5.25e+00  0.5477236985 63119.892 0.95699999999999999997
1  5.50e+00  0.5477416665 63119.892 0.95699999999999999997
1  5.75e+00  0.5477401772 63119.892 0.95699999999999999997
1  6.03e+00  0.547728735 63119.892 0.95699999999999999997
1  6.31e+00  0.5477076663 63119.892 0.95699999999999999997
1  6.61e+00  0.5477151749 63119.892 0.95699999999999999997
1  6.92e+00  0.5477394958 63119.892 0.95699999999999999997
1  7.24e+00  0.5477384915 63119.892 0.95699999999999999997
1  7.59e+00  0.5477059349 63119.892 0.95699999999999999997
1  7.94e+00  0.5477037302 63119.892 0.95699999999999999997
1  8.32e+00  0.5477198619 63119.892 0.95699999999999999997
1  8.71e+00  0.5477330776 63119.892 0.95699999999999999997
1  9.12e+00  0.5476948009 63119.892 0.95699999999999999997
1  9.55e+00  0.5476985322 63119.892 0.95699999999999999997
1  1.00e+01  0.5477052075 63119.892 0.95699999999999999997
1  1.05e+01  0.5477282949 63119.892 0.95699999999999999997
1  1.10e+01  0.547706861 63119.892 0.95699999999999999997
1  1.15e+01  0.5477228697 63119.892 0.95699999999999999997
1  1.20e+01  0.5477159841 63119.892 0.95699999999999999997
1  1.26e+01  0.5477139302 63119.892 0.95699999999999999997
1  1.32e+01  0.5477211808 63119.892 0.95699999999999999997
1  1.38e+01  0.5476936861 63119.892 0.95699999999999999997
1  1.45e+01  0.5476948107 63119.892 0.95699999999999999997
1  1.51e+01  0.5477250868 63119.892 0.95699999999999999997
1  1.58e+01  0.5477714707 63119.892 0.95699999999999999997
1  1.66e+01  0.5477636371 63119.892 0.95699999999999999997
1  1.74e+01  0.5476954559 63119.892 0.95699999999999999997
1  1.82e+01  0.5476698363 63119.892 0.95699999999999999997
1  1.91e+01  0.5477177139 63119.892 0.95699999999999999997
1  2.00e+01  0.5477692393 63119.892 0.95699999999999999997
1  2.09e+01  0.5477774907 63119.892 0.95699999999999999997
1  2.19e+01  0.5477890215 63119.892 0.95699999999999999997
1  2.29e+01  0.5478372545 63119.892 0.95699999999999999997
1  2.40e+01  0.5478132632 63119.892 0.95699999999999999997
1  2.51e+01  0.5475564032 63119.892 0.95699999999999999997
1  2.63e+01  0.5480148254 63119.892 0.95699999999999999997
1  2.75e+01  0.547453411 63119.892 0.95699999999999999997
1  2.88e+01  0.5477399184 63119.892 0.95699999999999999997
1  3.02e+01  0.5477342154 63119.892 0.95699999999999999997
1  3.16e+01  0.5478446367 63119.892 0.95699999999999999997
1  3.31e+01  0.547500521 63119.892 0.95699999999999999997
1  3.47e+01  0.5475702848 63119.892 0.95699999999999999997
1  3.63e+01  0.5475248729 63119.892 0.95699999999999999997
1  3.80e+01  0.5475272139 63119.892 0.95699999999999999997
1  3.98e+01  0.5475561109 63119.892 0.95699999999999999997
1  4.17e+01  0.5473137043 63119.892 0.95699999999999999997
1  4.37e+01  0.547307031 63119.892 0.95699999999999999997
1  4.57e+01  0.5474559673 63119.892 0.95699999999999999997
1  4.79e+01  0.5477759169 63119.892 0.95699999999999999997
1  5.01e+01  0.5478349316 63119.892 0.95699999999999999997
1  5.25e+01  0.5475849835 63119.892 0.95699999999999999997
1  5.50e+01  0.5470375762 63119.892 0.95699999999999999997
1  5.75e+01  0.547478102 63119.892 0.95699999999999999997
1  6.03e+01  0.5476452098 63119.892 0.95699999999999999997
1  6.31e+01  0.5474696691 63119.892 0.95699999999999999997
1  6.61e+01  0.5477570846 63119.892 0.95699999999999999997
1  6.92e+01  0.5475323539 63119.892 0.95699999999999999997
1  7.24e+01  0.5476565708 63119.892 0.95699999999999999997
1  7.59e+01  0.5475228253 63119.892 0.95699999999999999997
1  7.94e+01  0.5474645702 63119.892 0.95699999999999999997
1  8.32e+01  0.5473751003 63119.892 0.95699999999999999997
1  8.71e+01  0.5475855622 63119.892 0.95699999999999999997
1  9.12e+01  0.5479280287 63119.892 0.95699999999999999997
1  9.55e+01  0.547608345 63119.892 0.95699999999999999997
1  1.00e+02  0.5475700511 63119.892 0.95699999999999999997
1  1.05e+02  0.5474748442 63119.892 0.95699999999999999997
1  1.10e+02  0.5474525644 63119.892 0.95699999999999999997
1  1.15e+02  0.5474009233 63119.892 0.95699999999999999997
1  1.20e+02  0.5473734729 63119.892 0.95699999999999999997
1  1.26e+02  0.5472221098 63119.892 0.95699999999999999997
1  1.32e+02  0.5476928416 63119.892 0.95699999999999999997
1  1.38e+02  0.547546308 63119.892 0.95699999999999999997
1  1.45e+02  0.5471754234 63119.892 0.95699999999999999997
1  1.51e+02  0.5472301778 63119.892 0.95699999999999999997
1  1.58e+02  0.5477109783 63119.892 0.95699999999999999997
1  1.66e+02  0.5477208405 63119.892 0.95699999999999999997
1  1.74e+02  0.5471490746 63119.892 0.95699999999999999997
1  1.82e+02  0.5473647827 63119.892 0.95699999999999999997
1  1.91e+02  0.5473162241 63119.892 0.95699999999999999997
1  2.00e+02  0.5478252123 63119.892 0.95699999999999999997
1  2.09e+02  0.5469639092 63119.892 0.95699999999999999997
1  2.19e+02  0.5469711582 63119.892 0.95699999999999999997
1  2.29e+02  0.5469593111 63119.892 0.95699999999999999997
1  2.40e+02  0.5474521313 63119.892 0.95699999999999999997
1  2.51e+02  0.5473232039 63119.892 0.95699999999999999997
1  2.63e+02  0.5477436968 63119.892 0.95699999999999999997
1  2.75e+02  0.5475237146 63119.892 0.95699999999999999997
1  2.88e+02  0.5476724851 63119.892 0.95699999999999999997
1  3.02e+02  0.5468798295 63119.892 0.95699999999999999997
1  3.16e+02  0.5477947952 63119.892 0.95699999999999999997
1  3.31e+02  0.5474423703 63119.892 0.95699999999999999997
1  3.47e+02  0.5477776532 63119.892 0.95699999999999999997
1  3.63e+02  0.5468836323 63119.892 0.95699999999999999997
1  3.80e+02  0.5477204349 63119.892 0.95699999999999999997
1  3.98e+02  0.5473542217 63119.892 0.95699999999999999997
1  4.17e+02  0.5479397696 63119.892 0.95699999999999999997
1  4.37e+02  0.5460215134 63119.892 0.95699999999999999997
1  4.57e+02  0.5476119805 63119.892 0.95699999999999999997
1  4.79e+02  0.5475849321 63119.892 0.95699999999999999997
1  5.01e+02  0.5468450474 63119.892 0.95699999999999999997
1  5.25e+02  0.5464751098 63119.892 0.95699999999999999997
1  5.50e+02  0.5456374244 63119.892 0.95699999999999999997
1  5.75e+02  0.5457422321 63119.892 0.95699999999999999997
1  6.03e+02  0.5460865453 63119.892 0.95699999999999999997
1  6.31e+02  0.5473492931 63119.892 0.95699999999999999997
1  6.61e+02  0.5474761685 63119.892 0.95699999999999999997
1  6.92e+02  0.547541102 63119.892 0.95699999999999999997
1  7.24e+02  0.5475690053 63119.892 0.95699999999999999997
1  7.59e+02  0.544831164 63119.892 0.95699999999999999997
1  7.94e+02  0.5452213745 63119.892 0.95699999999999999997
1  8.32e+02  0.5465957755 63119.892 0.95699999999999999997
1  8.71e+02  0.5454387089 63119.892 0.95699999999999999997
1  9.12e+02  0.5456135905 63119.892 0.95699999999999999997
1  9.55e+02  0.5428636447 63119.892 0.95699999999999999997
1  1.00e+03  0.5459702825 63119.892 0.95699999999999999997
1  1.05e+03  0.5483738321 63119.892 0.95699999999999999997
1  1.10e+03  0.5434012452 63119.892 0.95699999999999999997
1  1.15e+03  0.5468546546 63119.892 0.95699999999999999997
1  1.20e+03  0.5394316172 63119.892 0.95699999999999999997
1  1.26e+03  0.5422508756 63119.892 0.95699999999999999997
1  1.32e+03  0.5510521769 63119.892 0.95699999999999999997
1  1.38e+03  0.5507642238 63119.892 0.95699999999999999997
1  1.45e+03  0.547954502 63119.892 0.95699999999999999997
1  1.51e+03  0.5302081049 63119.892 0.95699999999999999997
1  1.58e+03  0.5351119878 63119.892 0.95699999999999999997
1  1.66e+03  0.5353683493 63119.892 0.95699999999999999997
1  1.74e+03  0.526806403 63119.892 0.95699999999999999997
1  1.82e+03  0.5429113655 63119.892 0.95699999999999999997
1  1.91e+03  0.5644561767 63119.892 0.95699999999999999997
1  2.00e+03  0.569813188 63119.892 0.95699999999999999997
1  2.09e+03  0.5459388512 63119.892 0.95699999999999999997
1  2.19e+03  0.5357123865 63119.892 0.95699999999999999997
1  2.29e+03  0.5173840606 63119.892 0.95699999999999999997
1  2.40e+03  0.4982589687 63119.892 0.95699999999999999997
1  2.51e+03  0.5406172045 63119.892 0.95699999999999999997
1  2.63e+03  0.5064771343 63119.892 0.95699999999999999997
1  2.75e+03  0.4922320083 63119.892 0.95699999999999999997
1  2.88e+03  0.4526038398 63119.892 0.95699999999999999997
1  3.02e+03  0.5415532737 63119.892 0.95699999999999999997
1  3.16e+03  0.5649675664 63119.892 0.95699999999999999997
1  3.31e+03  0.5757644776 63119.892 0.95699999999999999997
1  3.47e+03  0.5985262688 63119.892 0.95699999999999999997
1  3.63e+03  0.589778252 63119.892 0.95699999999999999997
1  3.80e+03  0.5100291356 63119.892 0.95699999999999999997
1  3.98e+03  0.5827241492 63119.892 0.95699999999999999997
1  4.17e+03  0.6141470425 63119.892 0.95699999999999999997
1  4.37e+03  0.5848824306 63119.892 0.95699999999999999997
1  4.57e+03  0.5825078687 63119.892 0.95699999999999999997
1  4.79e+03  0.6628182157 63119.892 0.95699999999999999997
1  5.01e+03  0.5908454051 63119.892 0.95699999999999999997
1  5.25e+03  0.5350193759 63119.892 0.95699999999999999997
1  5.50e+03  0.5200787712 63119.892 0.95699999999999999997
1  5.75e+03  0.5036792392 63119.892 0.95699999999999999997
1  6.03e+03  0.475701672 63119.892 0.95699999999999999997
1  6.31e+03  0.4910865506 63119.892 0.95699999999999999997
1  6.61e+03  0.5963151345 63119.892 0.95699999999999999997
1  6.92e+03  0.6489315298 63119.892 0.95699999999999999997
1  7.24e+03  0.398401485 63119.892 0.95699999999999999997
1  7.59e+03  0.5611102494 63119.892 0.95699999999999999997
1  7.94e+03  0.4855990182 63119.892 0.95699999999999999997
1  8.32e+03  0.4906049096 63119.892 0.95699999999999999997
1  8.71e+03  0.4193137047 63119.892 0.95699999999999999997
1  9.12e+03  0.6252930349 63119.892 0.95699999999999999997
1  9.55e+03  0.3113318193 63119.892 0.95699999999999999997
1  1.00e+04  0.3983222786 63119.892 0.95699999999999999997
1  1.05e+04  0.6062755509 63119.892 0.95699999999999999997
1  1.10e+04  0.5280110565 63119.892 0.95699999999999999997
1  1.15e+04  0.3783043958 63119.892 0.95699999999999999997
1  1.20e+04  0.2418090771 63119.892 0.95699999999999999997
1  1.26e+04  0.2380840442 63119.892 0.95699999999999999997
1  1.32e+04  0.2160939215 63119.892 0.95699999999999999997
1  1.38e+04  0.2114871298 63119.892 0.95699999999999999997
1  1.45e+04  0.2172926869 63119.892 0.95699999999999999997
1  1.51e+04  0.1918973761 63119.892 0.95699999999999999997
1  1.58e+04  0.3601798984 63119.892 0.95699999999999999997
1  1.66e+04  0.4713753551 63119.892 0.95699999999999999997
1  1.74e+04  0.5644903652 63119.892 0.95699999999999999997
1  1.82e+04  0.3872561437 63119.892 0.95699999999999999997
1  1.91e+04  0.1535405837 63119.892 0.95699999999999999997
1  2.00e+04  0.3426871889 63119.892 0.95699999999999999997
1  2.09e+04  0.5543573325 63119.892 0.95699999999999999997
1  2.19e+04  0.2873072013 63119.892 0.95699999999999999997
1  2.29e+04  0.2243111875 63119.892 0.95699999999999999997
1  2.40e+04  0.5138689152 63119.892 0.95699999999999999997
1  2.51e+04  0.1524112499 63119.892 0.95699999999999999997
1  2.63e+04  0.4047179794 63119.892 0.95699999999999999997
1  2.75e+04  0.2189066947 63119.892 0.95699999999999999997
1  2.88e+04  0.3586534651 63119.892 0.95699999999999999997
1  3.02e+04  0.3588647579 63119.892 0.95699999999999999997
1  3.16e+04  0.1808913843 63119.892 0.95699999999999999997
1  3.31e+04  0.3952782688 63119.892 0.95699999999999999997
1  3.47e+04  0.3255511816 63119.892 0.95699999999999999997
1  3.63e+04  0.1315016163 63119.892 0.95699999999999999997
1  3.80e+04  0.5070859542 63119.892 0.95699999999999999997
1  3.98e+04  0.04911210543 63119.892 0.95699999999999999997
1  4.17e+04  0.552416507 63119.892 0.95699999999999999997
1  4.37e+04  0.1181879596 63119.892 0.95699999999999999997
1  4.57e+04  0.2689219902 63119.892 0.95699999999999999997
1  4.79e+04  0.530239306 63119.892 0.95699999999999999997
1  5.01e+04  0.163274919 63119.892 0.95699999999999999997
1  5.25e+04  0.1841583486 63119.892 0.95699999999999999997
1  5.50e+04  0.5437077127 63119.892 0.95699999999999999997
1  5.75e+04  0.1743993759 63119.892 0.95699999999999999997
1  6.03e+04  0.1337859511 63119.892 0.95699999999999999997
1  6.31e+04  0.5338848293 63119.892 0.95699999999999999997
1  6.61e+04  0.3242890913 63119.892 0.95699999999999999997
1  6.92e+04  0.09248193038 63119.892 0.95699999999999999997
1  7.24e+04  0.3502778904 63119.892 0.95699999999999999997
1  7.59e+04  0.5474242598 63119.892 0.95699999999999999997
1  7.94e+04  0.4211950125 63119.892 0.95699999999999999997
1  8.32e+04  0.240117914 63119.892 0.95699999999999999997
1  8.71e+04  0.2357054145 63119.892 0.95699999999999999997
1  9.12e+04  0.4018702485 63119.892 0.95699999999999999997
1  9.55e+04  0.5430300061 63119.892 0.95699999999999999997
1  1.00e+05  0.4776503119 63119.892 0.95699999999999999997
1  1.05e+05  0.2705583564 63119.892 0.95699999999999999997
1  1.10e+05  0.1642771447 63119.892 0.95699999999999999997
1  1.15e+05  0.2762408633 63119.892 0.95699999999999999997
1  1.20e+05  0.471756141 63119.892 0.95699999999999999997
1  1.26e+05  0.5424212572 63119.892 0.95699999999999999997
1  1.32e+05  0.4307495928 63119.892 0.95699999999999999997
1  1.38e+05  0.2562552734 63119.892 0.95699999999999999997
1  1.45e+05  0.1727886313 63119.892 0.95699999999999999997
1  1.51e+05  0.2350260325 63119.892 0.95699999999999999997
1  1.58e+05  0.3813827756 63119.892 0.95699999999999999997
1  1.66e+05  0.5073183617 63119.892 0.95699999999999999997
1  1.74e+05  0.5447116298 63119.892 0.95699999999999999997
1  1.82e+05  0.4924008879 63119.892 0.95699999999999999997
1  1.91e+05  0.3972670209 63119.892 0.95699999999999999997
1  2.00e+05  0.3156745022 63119.892 0.95699999999999999997
1  2.09e+05  0.2836228889 63119.892 0.95699999999999999997
1  2.19e+05  0.3071064321 63119.892 0.95699999999999999997
1  2.29e+05  0.3690890217 63119.892 0.95699999999999999997
1  2.40e+05  0.4433218385 63119.892 0.95699999999999999997
1  2.51e+05  0.5065705099 63119.892 0.95699999999999999997
1  2.63e+05  0.5452371285 63119.892 0.95699999999999999997
1  2.75e+05  0.5563264283 63119.892 0.95699999999999999997
1  2.88e+05  0.5447798082 63119.892 0.95699999999999999997
1  3.02e+05  0.5195272134 63119.892 0.95699999999999999997
1  3.16e+05  0.4899569241 63119.892 0.95699999999999999997
1  3.31e+05  0.4636080129 63119.892 0.95699999999999999997
1  3.47e+05  0.4451770293 63119.892 0.95699999999999999997
1  3.63e+05  0.4365344591 63119.892 0.95699999999999999997
1  3.80e+05  0.43732619 63119.892 0.95699999999999999997
1  3.98e+05  0.4457851047 63119.892 0.95699999999999999997
1  4.17e+05  0.4594980277 63119.892 0.95699999999999999997
1  4.37e+05  0.4759967865 63119.892 0.95699999999999999997
1  4.57e+05  0.4931366891 63119.892 0.95699999999999999997
1  4.79e+05  0.5092834235 63119.892 0.95699999999999999997
1  5.01e+05  0.5233556009 63119.892 0.95699999999999999997
1  5.25e+05  0.5347748597 63119.892 0.95699999999999999997
1  5.50e+05  0.5433682838 63119.892 0.95699999999999999997
1  5.75e+05  0.5492560844 63119.892 0.95699999999999999997
1  6.03e+05  0.5527455352 63119.892 0.95699999999999999997
1  6.31e+05  0.55424226 63119.892 0.95699999999999999997
1  6.61e+05  0.554182854 63119.892 0.95699999999999999997
1  6.92e+05  0.5529072344 63119.892 0.95699999999999999997
1  7.24e+05  0.5508877538 63119.892 0.95699999999999999997
1  7.59e+05  0.548440509 63119.892 0.95699999999999999997
1  7.94e+05  0.5458183461 63119.892 0.95699999999999999997
1  8.32e+05  0.5432131722 63119.892 0.95699999999999999997
1  8.71e+05  0.5407622419 63119.892 0.95699999999999999997
1  9.12e+05  0.5385563862 63119.892 0.95699999999999999997
1  9.55e+05  0.5366487782 63119.892 0.95699999999999999997
1  1.00e+06  0.5350633299 63119.892 0.95699999999999999997
1  1.05e+06  0.5338022112 63119.892 0.95699999999999999997
1  1.10e+06  0.5328600759 63119.892 0.95699999999999999997
1  1.15e+06  0.5321972828 63119.892 0.95699999999999999997
1  1.20e+06  0.5317931384 63119.892 0.95699999999999999997
1  1.26e+06  0.5316154714 63119.892 0.95699999999999999997
1  1.32e+06  0.5316315139 63119.892 0.95699999999999999997
1  1.38e+06  0.5318094902 63119.892 0.95699999999999999997
1  1.45e+06  0.5321196586 63119.892 0.95699999999999999997
1  1.51e+06  0.5325349333 63119.892 0.95699999999999999997
1  1.58e+06  0.5330311932 63119.892 0.95699999999999999997
1  1.66e+06  0.5335873656 63119.892 0.95699999999999999997
1  1.74e+06  0.5341853544 63119.892 0.95699999999999999997
1  1.82e+06  0.5348098681 63119.892 0.95699999999999999997
1  1.91e+06  0.5354481865 63119.892 0.95699999999999999997
1  2.00e+06  0.5360898979 63119.892 0.95699999999999999997
1  2.09e+06  0.5367266269 63119.892 0.95699999999999999997
1  2.19e+06  0.5373537272 63119.892 0.95699999999999999997
1  2.29e+06  0.5379620155 63119.892 0.95699999999999999997
1  2.40e+06  0.5385498319 63119.892 0.95699999999999999997
1  2.51e+06  0.5391144422 63119.892 0.95699999999999999997
1  2.63e+06  0.5396540011 63119.892 0.95699999999999999997
1  2.75e+06  0.5401673892 63119.892 0.95699999999999999997
1  2.88e+06  0.5406540734 63119.892 0.95699999999999999997
1  3.02e+06  0.541113987 63119.892 0.95699999999999999997
1  3.16e+06  0.5415474283 63119.892 0.95699999999999999997
1  3.31e+06  0.5419549763 63119.892 0.95699999999999999997
1  3.47e+06  0.5423374196 63119.892 0.95699999999999999997
1  3.63e+06  0.5426956984 63119.892 0.95699999999999999997
1  3.80e+06  0.5430308577 63119.892 0.95699999999999999997
1  3.98e+06  0.5433440086 63119.892 0.95699999999999999997
1  4.17e+06  0.5436362982 63119.892 0.95699999999999999997
1  4.37e+06  0.5439093834 63119.892 0.95699999999999999997
1  4.57e+06  0.5441633756 63119.892 0.95699999999999999997
1  4.79e+06  0.5443999507 63119.892 0.95699999999999999997
1  5.01e+06  0.5446202062 63119.892 0.95699999999999999997
1  5.25e+06  0.5448252 63119.892 0.95699999999999999997
1  5.50e+06  0.5450159446 63119.892 0.95699999999999999997
1  5.75e+06  0.5451934041 63119.892 0.95699999999999999997
1  6.03e+06  0.5453584917 63119.892 0.95699999999999999997
1  6.31e+06  0.5455120694 63119.892 0.95699999999999999997
1  6.61e+06  0.5456549478 63119.892 0.95699999999999999997
1  6.92e+06  0.5457878874 63119.892 0.95699999999999999997
1  7.24e+06  0.5459115997 63119.892 0.95699999999999999997
1  7.59e+06  0.5460267488 63119.892 0.95699999999999999997
1  7.94e+06  0.5461339539 63119.892 0.95699999999999999997
1  8.32e+06  0.5462339293 63119.892 0.95699999999999999997
1  8.71e+06  0.5463269219 63119.892 0.95699999999999999997
1  9.12e+06  0.5464135801 63119.892 0.95699999999999999997
1  9.55e+06  0.5464943648 63119.892 0.95699999999999999997
1  1.00e+07  0.5465697032 63119.892 0.95699999999999999997
