1  1.00e-03  0.3802991794  5.316684e-01 0.95799999999999999999
1  1.05e-03  0.380299185  5.316684e-01 0.95799999999999999999
1  1.10e-03  0.380299181  5.316684e-01 0.95799999999999999999
1  1.15e-03  0.3802991781  5.316684e-01 0.95799999999999999999
1  1.20e-03  0.3802991823  5.316684e-01 0.95799999999999999999
1  1.26e-03  0.3802991831  5.316684e-01 0.95799999999999999999
1  1.32e-03  0.3802991843  5.316684e-01 0.95799999999999999999
1  1.38e-03  0.3802991861  5.316684e-01 0.95799999999999999999
1  1.45e-03  0.3802991795  5.316684e-01 0.95799999999999999999
1  1.51e-03  0.3802991846  5.316684e-01 0.95799999999999999999
1  1.58e-03  0.3802991786  5.316684e-01 0.95799999999999999999
1  1.66e-03  0.3802991827  5.316684e-01 0.95799999999999999999
1  1.74e-03  0.3802991834  5.316684e-01 0.95799999999999999999
1  1.82e-03  0.3802991837  5.316684e-01 0.95799999999999999999
1  1.91e-03  0.3802991823  5.316684e-01 0.95799999999999999999
1  2.00e-03  0.3802991793  5.316684e-01 0.95799999999999999999
1  2.09e-03  0.3802991845  5.316684e-01 0.95799999999999999999
1  2.19e-03  0.3802991848  5.316684e-01 0.95799999999999999999
1  2.29e-03  0.3802991823  5.316684e-01 0.95799999999999999999
1  2.40e-03  0.3802991781  5.316684e-01 0.95799999999999999999
1  2.51e-03  0.3802991829  5.316684e-01 0.95799999999999999999
1  2.63e-03  0.380299184  5.316684e-01 0.95799999999999999999
1  2.75e-03  0.3802991834  5.316684e-01 0.95799999999999999999
1  2.88e-03  0.380299184  5.316684e-01 0.95799999999999999999
1  3.02e-03  0.380299184  5.316684e-01 0.95799999999999999999
1  3.16e-03  0.3802991847  5.316684e-01 0.95799999999999999999
1  3.31e-03  0.3802991842  5.316684e-01 0.95799999999999999999
1  3.47e-03  0.3802991834  5.316684e-01 0.95799999999999999999
1  3.63e-03  0.3802991848  5.316684e-01 0.95799999999999999999
1  3.80e-03  0.3802991833  5.316684e-01 0.95799999999999999999
1  3.98e-03  0.3802991846  5.316684e-01 0.95799999999999999999
1  4.17e-03  0.3802991811  5.316684e-01 0.95799999999999999999
1  4.37e-03  0.3802991816  5.316684e-01 0.95799999999999999999
1  4.57e-03  0.3802991834  5.316684e-01 0.95799999999999999999
1  4.79e-03  0.3802991844  5.316684e-01 0.95799999999999999999
1  5.01e-03  0.3802991829  5.316684e-01 0.95799999999999999999
1  5.25e-03  0.3802991811  5.316684e-01 0.95799999999999999999
1  5.50e-03  0.3802991798  5.316684e-01 0.95799999999999999999
1  5.75e-03  0.380299183  5.316684e-01 0.95799999999999999999
1  6.03e-03  0.3802991815  5.316684e-01 0.95799999999999999999
1  6.31e-03  0.3802991829  5.316684e-01 0.95799999999999999999
1  6.61e-03  0.3802991826  5.316684e-01 0.95799999999999999999
1  6.92e-03  0.3802991835  5.316684e-01 0.95799999999999999999
1  7.24e-03  0.3802991815  5.316684e-01 0.95799999999999999999
1  7.59e-03  0.3802991796  5.316684e-01 0.95799999999999999999
1  7.94e-03  0.3802991822  5.316684e-01 0.95799999999999999999
1  8.32e-03  0.3802991808  5.316684e-01 0.95799999999999999999
1  8.71e-03  0.3802991807  5.316684e-01 0.95799999999999999999
1  9.12e-03  0.380299188  5.316684e-01 0.95799999999999999999
1  9.55e-03  0.3802991803  5.316684e-01 0.95799999999999999999
1  1.00e-02  0.3802991798  5.316684e-01 0.95799999999999999999
1  1.05e-02  0.3802991798  5.316684e-01 0.95799999999999999999
1  1.10e-02  0.380298584  5.316684e-01 0.95799999999999999999
1  1.15e-02  0.3802991838  5.316684e-01 0.95799999999999999999
1  1.20e-02  0.3802991796  5.316684e-01 0.95799999999999999999
1  1.26e-02  0.3802991757  5.316684e-01 0.95799999999999999999
1  1.32e-02  0.3802991805  5.316684e-01 0.95799999999999999999
1  1.38e-02  0.3802991817  5.316684e-01 0.95799999999999999999
1  1.45e-02  0.3802991818  5.316684e-01 0.95799999999999999999
1  1.51e-02  0.3802991821  5.316684e-01 0.95799999999999999999
1  1.58e-02  0.3802991808  5.316684e-01 0.95799999999999999999
1  1.66e-02  0.3802991766  5.316684e-01 0.95799999999999999999
1  1.74e-02  0.3802991446  5.316684e-01 0.95799999999999999999
1  1.82e-02  0.3802991784  5.316684e-01 0.95799999999999999999
1  1.91e-02  0.3802991776  5.316684e-01 0.95799999999999999999
1  2.00e-02  0.3802991707  5.316684e-01 0.95799999999999999999
1  2.09e-02  0.3802991806  5.316684e-01 0.95799999999999999999
1  2.19e-02  0.3802991742  5.316684e-01 0.95799999999999999999
1  2.29e-02  0.380299229  5.316684e-01 0.95799999999999999999
1  2.40e-02  0.3802970421  5.316684e-01 0.95799999999999999999
1  2.51e-02  0.3802991753  5.316684e-01 0.95799999999999999999
1  2.63e-02  0.3802991601  5.316684e-01 0.95799999999999999999
1  2.75e-02  0.3802991609  5.316684e-01 0.95799999999999999999
1  2.88e-02  0.3802991662  5.316684e-01 0.95799999999999999999
1  3.02e-02  0.3802991655  5.316684e-01 0.95799999999999999999
1  3.16e-02  0.3802991692  5.316684e-01 0.95799999999999999999
1  3.31e-02  0.380299181  5.316684e-01 0.95799999999999999999
1  3.47e-02  0.3802991734  5.316684e-01 0.95799999999999999999
1  3.63e-02  0.3802991762  5.316684e-01 0.95799999999999999999
1  3.80e-02  0.3802991766  5.316684e-01 0.95799999999999999999
1  3.98e-02  0.3802991759  5.316684e-01 0.95799999999999999999
1  4.17e-02  0.3802991744  5.316684e-01 0.95799999999999999999
1  4.37e-02  0.3802991463  5.316684e-01 0.95799999999999999999
1  4.57e-02  0.3802991534  5.316684e-01 0.95799999999999999999
1  4.79e-02  0.3802990482  5.316684e-01 0.95799999999999999999
1  5.01e-02  0.380299151  5.316684e-01 0.95799999999999999999
1  5.25e-02  0.3802991578  5.316684e-01 0.95799999999999999999
1  5.50e-02  0.3802991651  5.316684e-01 0.95799999999999999999
1  5.75e-02  0.3802991587  5.316684e-01 0.95799999999999999999
1  6.03e-02  0.3802991474  5.316684e-01 0.95799999999999999999
1  6.31e-02  0.3802991663  5.316684e-01 0.95799999999999999999
1  6.61e-02  0.3802991619  5.316684e-01 0.95799999999999999999
1  6.92e-02  0.3802991488  5.316684e-01 0.95799999999999999999
1  7.24e-02  0.3802991681  5.316684e-01 0.95799999999999999999
1  7.59e-02  0.3802987386  5.316684e-01 0.95799999999999999999
1  7.94e-02  0.3802991629  5.316684e-01 0.95799999999999999999
1  8.32e-02  0.3802991294  5.316684e-01 0.95799999999999999999
1  8.71e-02  0.3802991135  5.316684e-01 0.95799999999999999999
1  9.12e-02  0.3802990879  5.316684e-01 0.95799999999999999999
1  9.55e-02  0.3802990966  5.316684e-01 0.95799999999999999999
1  1.00e-01  0.3802991043  5.316684e-01 0.95799999999999999999
1  1.05e-01  0.3802991074  5.316684e-01 0.95799999999999999999
1  1.10e-01  0.3802991193  5.316684e-01 0.95799999999999999999
1  1.15e-01  0.3802991587  5.316684e-01 0.95799999999999999999
1  1.20e-01  0.3802991394  5.316684e-01 0.95799999999999999999
1  1.26e-01  0.3802991052  5.316684e-01 0.95799999999999999999
1  1.32e-01  0.3802991411  5.316684e-01 0.95799999999999999999
1  1.38e-01  0.3802991106  5.316684e-01 0.95799999999999999999
1  1.45e-01  0.3802991531  5.316684e-01 0.95799999999999999999
1  1.51e-01  0.3802991713  5.316684e-01 0.95799999999999999999
1  1.58e-01  0.3802991574  5.316684e-01 0.95799999999999999999
1  1.66e-01  0.3802963364  5.316684e-01 0.95799999999999999999
1  1.74e-01  0.3802991381  5.316684e-01 0.95799999999999999999
1  1.82e-01  0.3802990569  5.316684e-01 0.95799999999999999999
1  1.91e-01  0.3802991442  5.316684e-01 0.95799999999999999999
1  2.00e-01  0.3802991563  5.316684e-01 0.95799999999999999999
1  2.09e-01  0.3802990793  5.316684e-01 0.95799999999999999999
1  2.19e-01  0.3802990894  5.316684e-01 0.95799999999999999999
1  2.29e-01  0.3802991635  5.316684e-01 0.95799999999999999999
1  2.40e-01  0.3802991523  5.316684e-01 0.95799999999999999999
1  2.51e-01  0.3802990705  5.316684e-01 0.95799999999999999999
1  2.63e-01  0.3802991336  5.316684e-01 0.95799999999999999999
1  2.75e-01  0.3802991652  5.316684e-01 0.95799999999999999999
1  2.88e-01  0.3802990814  5.316684e-01 0.95799999999999999999
1  3.02e-01  0.3802990534  5.316684e-01 0.95799999999999999999
1  3.16e-01  0.3802990257  5.316684e-01 0.95799999999999999999
1  3.31e-01  0.3802991496  5.316684e-01 0.95799999999999999999
1  3.47e-01  0.380299035  5.316684e-01 0.95799999999999999999
1  3.63e-01  0.3802990959  5.316684e-01 0.95799999999999999999
1  3.80e-01  0.3802989697  5.316684e-01 0.95799999999999999999
1  3.98e-01  0.3802990151  5.316684e-01 0.95799999999999999999
1  4.17e-01  0.380299161  5.316684e-01 0.95799999999999999999
1  4.37e-01  0.3802990081  5.316684e-01 0.95799999999999999999
1  4.57e-01  0.3802989879  5.316684e-01 0.95799999999999999999
1  4.79e-01  0.3802991853  5.316684e-01 0.95799999999999999999
1  5.01e-01  0.3802989641  5.316684e-01 0.95799999999999999999
1  5.25e-01  0.3802989969  5.316684e-01 0.95799999999999999999
1  5.50e-01  0.3802989511  5.316684e-01 0.95799999999999999999
1  5.75e-01  0.3802986376  5.316684e-01 0.95799999999999999999
1  6.03e-01  0.3802990178  5.316684e-01 0.95799999999999999999
1  6.31e-01  0.380304704  5.316684e-01 0.95799999999999999999
1  6.61e-01  0.3802989535  5.316684e-01 0.95799999999999999999
1  6.92e-01  0.3802990295  5.316684e-01 0.95799999999999999999
1  7.24e-01  0.3802993714  5.316684e-01 0.95799999999999999999
1  7.59e-01  0.3802987625  5.316684e-01 0.95799999999999999999
1  7.94e-01  0.3802990206  5.316684e-01 0.95799999999999999999
1  8.32e-01  0.3802990861  5.316684e-01 0.95799999999999999999
1  8.71e-01  0.3802989084  5.316684e-01 0.95799999999999999999
1  9.12e-01  0.3802988379  5.316684e-01 0.95799999999999999999
1  9.55e-01  0.3802991404  5.316684e-01 0.95799999999999999999
1  1.00e+00  0.3802991215  5.316684e-01 0.95799999999999999999
1  1.05e+00  0.3802990696  5.316684e-01 0.95799999999999999999
1  1.10e+00  0.3802987672  5.316684e-01 0.95799999999999999999
1  1.15e+00  0.3803026836  5.316684e-01 0.95799999999999999999
1  1.20e+00  0.3802986966  5.316684e-01 0.95799999999999999999
1  1.26e+00  0.3802978026  5.316684e-01 0.95799999999999999999
1  1.32e+00  0.380298983  5.316684e-01 0.95799999999999999999
1  1.38e+00  0.3802989259  5.316684e-01 0.95799999999999999999
1  1.45e+00  0.3802992339  5.316684e-01 0.95799999999999999999
1  1.51e+00  0.3802989499  5.316684e-01 0.95799999999999999999
1  1.58e+00  0.3802988053  5.316684e-01 0.95799999999999999999
1  1.66e+00  0.3802928977  5.316684e-01 0.95799999999999999999
1  1.74e+00  0.3802988766  5.316684e-01 0.95799999999999999999
1  1.82e+00  0.3802992247  5.316684e-01 0.95799999999999999999
1  1.91e+00  0.380299149  5.316684e-01 0.95799999999999999999
1  2.00e+00  0.3802992896  5.316684e-01 0.95799999999999999999
1  2.09e+00  0.380298586  5.316684e-01 0.95799999999999999999
1  2.19e+00  0.3802985141  5.316684e-01 0.95799999999999999999
1  2.29e+00  0.3802985331  5.316684e-01 0.95799999999999999999
1  2.40e+00  0.3802977964  5.316684e-01 0.95799999999999999999
1  2.51e+00  0.380298375  5.316684e-01 0.95799999999999999999
1  2.63e+00  0.3802989792  5.316684e-01 0.95799999999999999999
1  2.75e+00  0.3802979996  5.316684e-01 0.95799999999999999999
1  2.88e+00  0.3802958518  5.316684e-01 0.95799999999999999999
1  3.02e+00  0.3802909563  5.316684e-01 0.95799999999999999999
1  3.16e+00  0.3802991769  5.316684e-01 0.95799999999999999999
1  3.31e+00  0.380282904  5.316684e-01 0.95799999999999999999
1  3.47e+00  0.3802678763  5.316684e-01 0.95799999999999999999
1  3.63e+00  0.3802977223  5.316684e-01 0.95799999999999999999
1  3.80e+00  0.3802990441  5.316684e-01 0.95799999999999999999
1  3.98e+00  0.3802993863  5.316684e-01 0.95799999999999999999
1  4.17e+00  0.3802975557  5.316684e-01 0.95799999999999999999
1  4.37e+00  0.3802990558  5.316684e-01 0.95799999999999999999
1  4.57e+00  0.3802984934  5.316684e-01 0.95799999999999999999
1  4.79e+00  0.3802979977  5.316684e-01 0.95799999999999999999
1  5.01e+00  0.3802986142  5.316684e-01 0.95799999999999999999
1  5.25e+00  0.3803182656  5.316684e-01 0.95799999999999999999
1  5.50e+00  0.3802492064  5.316684e-01 0.95799999999999999999
1  5.75e+00  0.3803123601  5.316684e-01 0.95799999999999999999
1  6.03e+00  0.3802979069  5.316684e-01 0.95799999999999999999
1  6.31e+00  0.3802966549  5.316684e-01 0.95799999999999999999
1  6.61e+00  0.3802971059  5.316684e-01 0.95799999999999999999
1  6.92e+00  0.3802969419  5.316684e-01 0.95799999999999999999
1  7.24e+00  0.3802978573  5.316684e-01 0.95799999999999999999
1  7.59e+00  0.3802966971  5.316684e-01 0.95799999999999999999
1  7.94e+00  0.3802958684  5.316684e-01 0.95799999999999999999
1  8.32e+00  0.3803036559  5.316684e-01 0.95799999999999999999
1  8.71e+00  0.3803191204  5.316684e-01 0.95799999999999999999
1  9.12e+00  0.3802975369  5.316684e-01 0.95799999999999999999
1  9.55e+00  0.3802979037  5.316684e-01 0.95799999999999999999
1  1.00e+01  0.3803128047  5.316684e-01 0.95799999999999999999
1  1.05e+01  0.3803505004  5.316684e-01 0.95799999999999999999
1  1.10e+01  0.3803487555  5.316684e-01 0.95799999999999999999
1  1.15e+01  0.3802953725  5.316684e-01 0.95799999999999999999
1  1.20e+01  0.3802978439  5.316684e-01 0.95799999999999999999
1  1.26e+01  0.3802946011  5.316684e-01 0.95799999999999999999
1  1.32e+01  0.3802899095  5.316684e-01 0.95799999999999999999
1  1.38e+01  0.3802978405  5.316684e-01 0.95799999999999999999
1  1.45e+01  0.3802959423  5.316684e-01 0.95799999999999999999
1  1.51e+01  0.3802991029  5.316684e-01 0.95799999999999999999
1  1.58e+01  0.3802923939  5.316684e-01 0.95799999999999999999
1  1.66e+01  0.3802923606  5.316684e-01 0.95799999999999999999
1  1.74e+01  0.3800687651  5.316684e-01 0.95799999999999999999
1  1.82e+01  0.3801696958  5.316684e-01 0.95799999999999999999
1  1.91e+01  0.3802950849  5.316684e-01 0.95799999999999999999
1  2.00e+01  0.3803161647  5.316684e-01 0.95799999999999999999
1  2.09e+01  0.3803241027  5.316684e-01 0.95799999999999999999
1  2.19e+01  0.3803264194  5.316684e-01 0.95799999999999999999
1  2.29e+01  0.3799766246  5.316684e-01 0.95799999999999999999
1  2.40e+01  0.38010146  5.316684e-01 0.95799999999999999999
1  2.51e+01  0.3804367099  5.316684e-01 0.95799999999999999999
1  2.63e+01  0.3805414893  5.316684e-01 0.95799999999999999999
1  2.75e+01  0.3803488667  5.316684e-01 0.95799999999999999999
1  2.88e+01  0.380118145  5.316684e-01 0.95799999999999999999
1  3.02e+01  0.3804449345  5.316684e-01 0.95799999999999999999
1  3.16e+01  0.3802856607  5.316684e-01 0.95799999999999999999
1  3.31e+01  0.3801516507  5.316684e-01 0.95799999999999999999
1  3.47e+01  0.3802023778  5.316684e-01 0.95799999999999999999
1  3.63e+01  0.3805617768  5.316684e-01 0.95799999999999999999
1  3.80e+01  0.3801111168  5.316684e-01 0.95799999999999999999
1  3.98e+01  0.3801292122  5.316684e-01 0.95799999999999999999
1  4.17e+01  0.3804259139  5.316684e-01 0.95799999999999999999
1  4.37e+01  0.3802744466  5.316684e-01 0.95799999999999999999
1  4.57e+01  0.3801218231  5.316684e-01 0.95799999999999999999
1  4.79e+01  0.3800643826  5.316684e-01 0.95799999999999999999
1  5.01e+01  0.3802824107  5.316684e-01 0.95799999999999999999
1  5.25e+01  0.3802889038  5.316684e-01 0.95799999999999999999
1  5.50e+01  0.3802422721  5.316684e-01 0.95799999999999999999
1  5.75e+01  0.3803148773  5.316684e-01 0.95799999999999999999
1  6.03e+01  0.3800239005  5.316684e-01 0.95799999999999999999
1  6.31e+01  0.3803746681  5.316684e-01 0.95799999999999999999
1  6.61e+01  0.3802775953  5.316684e-01 0.95799999999999999999
1  6.92e+01  0.3802170032  5.316684e-01 0.95799999999999999999
1  7.24e+01  0.3802400315  5.316684e-01 0.95799999999999999999
1  7.59e+01  0.3800240893  5.316684e-01 0.95799999999999999999
1  7.94e+01  0.3802907129  5.316684e-01 0.95799999999999999999
1  8.32e+01  0.3802830302  5.316684e-01 0.95799999999999999999
1  8.71e+01  0.3800727607  5.316684e-01 0.95799999999999999999
1  9.12e+01  0.3802800254  5.316684e-01 0.95799999999999999999
1  9.55e+01  0.3802698598  5.316684e-01 0.95799999999999999999
1  1.00e+02  0.3801162967  5.316684e-01 0.95799999999999999999
1  1.05e+02  0.3802795471  5.316684e-01 0.95799999999999999999
1  1.10e+02  0.3803900318  5.316684e-01 0.95799999999999999999
1  1.15e+02  0.3802728963  5.316684e-01 0.95799999999999999999
1  1.20e+02  0.3802737008  5.316684e-01 0.95799999999999999999
1  1.26e+02  0.3800618338  5.316684e-01 0.95799999999999999999
1  1.32e+02  0.3802648384  5.316684e-01 0.95799999999999999999
1  1.38e+02  0.3802771825  5.316684e-01 0.95799999999999999999
1  1.45e+02  0.3802243409  5.316684e-01 0.95799999999999999999
1  1.51e+02  0.3802644829  5.316684e-01 0.95799999999999999999
1  1.58e+02  0.3799631424  5.316684e-01 0.95799999999999999999
1  1.66e+02  0.3801158527  5.316684e-01 0.95799999999999999999
1  1.74e+02  0.3802296268  5.316684e-01 0.95799999999999999999
1  1.82e+02  0.3803027599  5.316684e-01 0.95799999999999999999
1  1.91e+02  0.3802641949  5.316684e-01 0.95799999999999999999
1  2.00e+02  0.3801873586  5.316684e-01 0.95799999999999999999
1  2.09e+02  0.3802421974  5.316684e-01 0.95799999999999999999
1  2.19e+02  0.3803022682  5.316684e-01 0.95799999999999999999
1  2.29e+02  0.3802722347  5.316684e-01 0.95799999999999999999
1  2.40e+02  0.3802429017  5.316684e-01 0.95799999999999999999
1  2.51e+02  0.3803010444  5.316684e-01 0.95799999999999999999
1  2.63e+02  0.3801583703  5.316684e-01 0.95799999999999999999
1  2.75e+02  0.3802411813  5.316684e-01 0.95799999999999999999
1  2.88e+02  0.3801552958  5.316684e-01 0.95799999999999999999
1  3.02e+02  0.3801841291  5.316684e-01 0.95799999999999999999
1  3.16e+02  0.3802830177  5.316684e-01 0.95799999999999999999
1  3.31e+02  0.3802893492  5.316684e-01 0.95799999999999999999
1  3.47e+02  0.380165644  5.316684e-01 0.95799999999999999999
1  3.63e+02  0.3801722736  5.316684e-01 0.95799999999999999999
1  3.80e+02  0.380275585  5.316684e-01 0.95799999999999999999
1  3.98e+02  0.3801398038  5.316684e-01 0.95799999999999999999
1  4.17e+02  0.3801190818  5.316684e-01 0.95799999999999999999
1  4.37e+02  0.3801958486  5.316684e-01 0.95799999999999999999
1  4.57e+02  0.3802498082  5.316684e-01 0.95799999999999999999
1  4.79e+02  0.3803445642  5.316684e-01 0.95799999999999999999
1  5.01e+02  0.380377892  5.316684e-01 0.95799999999999999999
1  5.25e+02  0.3803093538  5.316684e-01 0.95799999999999999999
1  5.50e+02  0.3802471536  5.316684e-01 0.95799999999999999999
1  5.75e+02  0.3801396881  5.316684e-01 0.95799999999999999999
1  6.03e+02  0.3803295391  5.316684e-01 0.95799999999999999999
1  6.31e+02  0.3803424601  5.316684e-01 0.95799999999999999999
1  6.61e+02  0.3801412048  5.316684e-01 0.95799999999999999999
1  6.92e+02  0.3800920796  5.316684e-01 0.95799999999999999999
1  7.24e+02  0.3801466357  5.316684e-01 0.95799999999999999999
1  7.59e+02  0.3802556052  5.316684e-01 0.95799999999999999999
1  7.94e+02  0.3799129106  5.316684e-01 0.95799999999999999999
1  8.32e+02  0.3800543326  5.316684e-01 0.95799999999999999999
1  8.71e+02  0.3798416209  5.316684e-01 0.95799999999999999999
1  9.12e+02  0.3801219058  5.316684e-01 0.95799999999999999999
1  9.55e+02  0.379774289  5.316684e-01 0.95799999999999999999
1  1.00e+03  0.3802586371  5.316684e-01 0.95799999999999999999
1  1.05e+03  0.3804490238  5.316684e-01 0.95799999999999999999
1  1.10e+03  0.3802852841  5.316684e-01 0.95799999999999999999
1  1.15e+03  0.3790642365  5.316684e-01 0.95799999999999999999
1  1.20e+03  0.3799612234  5.316684e-01 0.95799999999999999999
1  1.26e+03  0.3806498444  5.316684e-01 0.95799999999999999999
1  1.32e+03  0.3807220448  5.316684e-01 0.95799999999999999999
1  1.38e+03  0.3801546  5.316684e-01 0.95799999999999999999
1  1.45e+03  0.3809381511  5.316684e-01 0.95799999999999999999
1  1.51e+03  0.3783088828  5.316684e-01 0.95799999999999999999
1  1.58e+03  0.3770728628  5.316684e-01 0.95799999999999999999
1  1.66e+03  0.3772002417  5.316684e-01 0.95799999999999999999
1  1.74e+03  0.3775041708  5.316684e-01 0.95799999999999999999
1  1.82e+03  0.3808302226  5.316684e-01 0.95799999999999999999
1  1.91e+03  0.3825045621  5.316684e-01 0.95799999999999999999
1  2.00e+03  0.3822121787  5.316684e-01 0.95799999999999999999
1  2.09e+03  0.3795699658  5.316684e-01 0.95799999999999999999
1  2.19e+03  0.3806989344  5.316684e-01 0.95799999999999999999
1  2.29e+03  0.3793347973  5.316684e-01 0.95799999999999999999
1  2.40e+03  0.373959807  5.316684e-01 0.95799999999999999999
1  2.51e+03  0.3702490826  5.316684e-01 0.95799999999999999999
1  2.63e+03  0.3798043504  5.316684e-01 0.95799999999999999999
1  2.75e+03  0.3661581036  5.316684e-01 0.95799999999999999999
1  2.88e+03  0.3795261824  5.316684e-01 0.95799999999999999999
1  3.02e+03  0.3733131239  5.316684e-01 0.95799999999999999999
1  3.16e+03  0.3671253232  5.316684e-01 0.95799999999999999999
1  3.31e+03  0.366194643  5.316684e-01 0.95799999999999999999
1  3.47e+03  0.3712930391  5.316684e-01 0.95799999999999999999
1  3.63e+03  0.377234054  5.316684e-01 0.95799999999999999999
1  3.80e+03  0.3857509955  5.316684e-01 0.95799999999999999999
1  3.98e+03  0.3831509601  5.316684e-01 0.95799999999999999999
1  4.17e+03  0.3816588396  5.316684e-01 0.95799999999999999999
1  4.37e+03  0.3809278533  5.316684e-01 0.95799999999999999999
1  4.57e+03  0.3870813573  5.316684e-01 0.95799999999999999999
1  4.79e+03  0.3835252718  5.316684e-01 0.95799999999999999999
1  5.01e+03  0.3863556253  5.316684e-01 0.95799999999999999999
1  5.25e+03  0.3715637986  5.316684e-01 0.95799999999999999999
1  5.50e+03  0.3848165813  5.316684e-01 0.95799999999999999999
1  5.75e+03  0.3633790725  5.316684e-01 0.95799999999999999999
1  6.03e+03  0.371536224  5.316684e-01 0.95799999999999999999
1  6.31e+03  0.3934289072  5.316684e-01 0.95799999999999999999
1  6.61e+03  0.3703130838  5.316684e-01 0.95799999999999999999
1  6.92e+03  0.3669083091  5.316684e-01 0.95799999999999999999
1  7.24e+03  0.330323415  5.316684e-01 0.95799999999999999999
1  7.59e+03  0.3979071293  5.316684e-01 0.95799999999999999999
1  7.94e+03  0.3366085293  5.316684e-01 0.95799999999999999999
1  8.32e+03  0.3842487932  5.316684e-01 0.95799999999999999999
1  8.71e+03  0.3180969813  5.316684e-01 0.95799999999999999999
1  9.12e+03  0.3747521958  5.316684e-01 0.95799999999999999999
1  9.55e+03  0.354849954  5.316684e-01 0.95799999999999999999
1  1.00e+04  0.363136312  5.316684e-01 0.95799999999999999999
1  1.05e+04  0.3862718932  5.316684e-01 0.95799999999999999999
1  1.10e+04  0.3523154394  5.316684e-01 0.95799999999999999999
1  1.15e+04  0.3856277677  5.316684e-01 0.95799999999999999999
1  1.20e+04  0.3093436252  5.316684e-01 0.95799999999999999999
1  1.26e+04  0.3333090146  5.316684e-01 0.95799999999999999999
1  1.32e+04  0.3471646453  5.316684e-01 0.95799999999999999999
1  1.38e+04  0.3125681724  5.316684e-01 0.95799999999999999999
1  1.45e+04  0.3538559209  5.316684e-01 0.95799999999999999999
1  1.51e+04  0.3089763818  5.316684e-01 0.95799999999999999999
1  1.58e+04  0.3223880678  5.316684e-01 0.95799999999999999999
1  1.66e+04  0.3469358857  5.316684e-01 0.95799999999999999999
1  1.74e+04  0.3587200094  5.316684e-01 0.95799999999999999999
1  1.82e+04  0.3496025925  5.316684e-01 0.95799999999999999999
1  1.91e+04  0.3367784652  5.316684e-01 0.95799999999999999999
1  2.00e+04  0.266477061  5.316684e-01 0.95799999999999999999
1  2.09e+04  0.3349711078  5.316684e-01 0.95799999999999999999
1  2.19e+04  0.3653677913  5.316684e-01 0.95799999999999999999
1  2.29e+04  0.2519412365  5.316684e-01 0.95799999999999999999
1  2.40e+04  0.3175639623  5.316684e-01 0.95799999999999999999
1  2.51e+04  0.3701749761  5.316684e-01 0.95799999999999999999
1  2.63e+04  0.2931355407  5.316684e-01 0.95799999999999999999
1  2.75e+04  0.3795080022  5.316684e-01 0.95799999999999999999
1  2.88e+04  0.29764427  5.316684e-01 0.95799999999999999999
1  3.02e+04  0.3291964168  5.316684e-01 0.95799999999999999999
1  3.16e+04  0.3554501291  5.316684e-01 0.95799999999999999999
1  3.31e+04  0.3684499484  5.316684e-01 0.95799999999999999999
1  3.47e+04  0.2466754208  5.316684e-01 0.95799999999999999999
1  3.63e+04  0.3629592773  5.316684e-01 0.95799999999999999999
1  3.80e+04  0.2929492368  5.316684e-01 0.95799999999999999999
1  3.98e+04  0.3716029814  5.316684e-01 0.95799999999999999999
1  4.17e+04  0.3319337107  5.316684e-01 0.95799999999999999999
1  4.37e+04  0.342017837  5.316684e-01 0.95799999999999999999
1  4.57e+04  0.3766093561  5.316684e-01 0.95799999999999999999
1  4.79e+04  0.2573086111  5.316684e-01 0.95799999999999999999
1  5.01e+04  0.3294217331  5.316684e-01 0.95799999999999999999
1  5.25e+04  0.3405562731  5.316684e-01 0.95799999999999999999
1  5.50e+04  0.2714681892  5.316684e-01 0.95799999999999999999
1  5.75e+04  0.3683280723  5.316684e-01 0.95799999999999999999
1  6.03e+04  0.3501886454  5.316684e-01 0.95799999999999999999
1  6.31e+04  0.3279304558  5.316684e-01 0.95799999999999999999
1  6.61e+04  0.3581682338  5.316684e-01 0.95799999999999999999
1  6.92e+04  0.3716306906  5.316684e-01 0.95799999999999999999
1  7.24e+04  0.3698294929  5.316684e-01 0.95799999999999999999
1  7.59e+04  0.325341643  5.316684e-01 0.95799999999999999999
1  7.94e+04  0.3006042591  5.316684e-01 0.95799999999999999999
1  8.32e+04  0.3504620381  5.316684e-01 0.95799999999999999999
1  8.71e+04  0.3779044994  5.316684e-01 0.95799999999999999999
1  9.12e+04  0.3219147661  5.316684e-01 0.95799999999999999999
1  9.55e+04  0.2729103433  5.316684e-01 0.95799999999999999999
1  1.00e+05  0.3045229251  5.316684e-01 0.95799999999999999999
1  1.05e+05  0.3630765386  5.316684e-01 0.95799999999999999999
1  1.10e+05  0.3700937768  5.316684e-01 0.95799999999999999999
1  1.15e+05  0.3300529074  5.316684e-01 0.95799999999999999999
1  1.20e+05  0.3017431407  5.316684e-01 0.95799999999999999999
1  1.26e+05  0.3162254241  5.316684e-01 0.95799999999999999999
1  1.32e+05  0.3533330217  5.316684e-01 0.95799999999999999999
1  1.38e+05  0.3778780445  5.316684e-01 0.95799999999999999999
1  1.45e+05  0.3760783936  5.316684e-01 0.95799999999999999999
1  1.51e+05  0.3590972137  5.316684e-01 0.95799999999999999999
1  1.58e+05  0.3451127517  5.316684e-01 0.95799999999999999999
1  1.66e+05  0.3436834858  5.316684e-01 0.95799999999999999999
1  1.74e+05  0.35290848  5.316684e-01 0.95799999999999999999
1  1.82e+05  0.3653581343  5.316684e-01 0.95799999999999999999
1  1.91e+05  0.3747166763  5.316684e-01 0.95799999999999999999
1  2.00e+05  0.378696943  5.316684e-01 0.95799999999999999999
1  2.09e+05  0.3783632083  5.316684e-01 0.95799999999999999999
1  2.19e+05  0.3760334358  5.316684e-01 0.95799999999999999999
1  2.29e+05  0.3735940403  5.316684e-01 0.95799999999999999999
1  2.40e+05  0.3718782252  5.316684e-01 0.95799999999999999999
1  2.51e+05  0.3708695529  5.316684e-01 0.95799999999999999999
1  2.63e+05  0.3702078593  5.316684e-01 0.95799999999999999999
1  2.75e+05  0.369602155  5.316684e-01 0.95799999999999999999
1  2.88e+05  0.3690023471  5.316684e-01 0.95799999999999999999
1  3.02e+05  0.3685656417  5.316684e-01 0.95799999999999999999
1  3.16e+05  0.3685257179  5.316684e-01 0.95799999999999999999
1  3.31e+05  0.3690624253  5.316684e-01 0.95799999999999999999
1  3.47e+05  0.3702251636  5.316684e-01 0.95799999999999999999
1  3.63e+05  0.3719198492  5.316684e-01 0.95799999999999999999
1  3.80e+05  0.3739430037  5.316684e-01 0.95799999999999999999
1  3.98e+05  0.3760378651  5.316684e-01 0.95799999999999999999
1  4.17e+05  0.3779506288  5.316684e-01 0.95799999999999999999
1  4.37e+05  0.3794731883  5.316684e-01 0.95799999999999999999
1  4.57e+05  0.3804671912  5.316684e-01 0.95799999999999999999
1  4.79e+05  0.3808704113  5.316684e-01 0.95799999999999999999
1  5.01e+05  0.3806897911  5.316684e-01 0.95799999999999999999
1  5.25e+05  0.379986515  5.316684e-01 0.95799999999999999999
1  5.50e+05  0.3788579518  5.316684e-01 0.95799999999999999999
1  5.75e+05  0.3774200743  5.316684e-01 0.95799999999999999999
1  6.03e+05  0.375792572  5.316684e-01 0.95799999999999999999
1  6.31e+05  0.3740876698  5.316684e-01 0.95799999999999999999
1  6.61e+05  0.3720667024  5.316684e-01 0.95799999999999999999
1  6.92e+05  0.3701629524  5.316684e-01 0.95799999999999999999
1  7.24e+05  0.3684711893  5.316684e-01 0.95799999999999999999
1  7.59e+05  0.3670524064  5.316684e-01 0.95799999999999999999
1  7.94e+05  0.3659378066  5.316684e-01 0.95799999999999999999
1  8.32e+05  0.3651343467  5.316684e-01 0.95799999999999999999
1  8.71e+05  0.364630685  5.316684e-01 0.95799999999999999999
1  9.12e+05  0.3644027872  5.316684e-01 0.95799999999999999999
1  9.55e+05  0.3644410112  5.316684e-01 0.95799999999999999999
1  1.00e+06  0.3646574862  5.316684e-01 0.95799999999999999999
1  1.05e+06  0.3650463514  5.316684e-01 0.95799999999999999999
1  1.10e+06  0.3655721193  5.316684e-01 0.95799999999999999999
1  1.15e+06  0.3662018803  5.316684e-01 0.95799999999999999999
1  1.20e+06  0.3669061524  5.316684e-01 0.95799999999999999999
1  1.26e+06  0.3676592839  5.316684e-01 0.95799999999999999999
1  1.32e+06  0.3684395331  5.316684e-01 0.95799999999999999999
1  1.38e+06  0.3692289265  5.316684e-01 0.95799999999999999999
1  1.45e+06  0.3700129766  5.316684e-01 0.95799999999999999999
1  1.51e+06  0.3707803214  5.316684e-01 0.95799999999999999999
1  1.58e+06  0.3715223307  5.316684e-01 0.95799999999999999999
1  1.66e+06  0.372232709  5.316684e-01 0.95799999999999999999
1  1.74e+06  0.3729071187  5.316684e-01 0.95799999999999999999
1  1.82e+06  0.3735428317  5.316684e-01 0.95799999999999999999
1  1.91e+06  0.3741249881  5.316684e-01 0.95799999999999999999
1  2.00e+06  0.374680659  5.316684e-01 0.95799999999999999999
1  2.09e+06  0.3751962621  5.316684e-01 0.95799999999999999999
1  2.19e+06  0.3756727726  5.316684e-01 0.95799999999999999999
1  2.29e+06  0.3761116104  5.316684e-01 0.95799999999999999999
1  2.40e+06  0.376514507  5.316684e-01 0.95799999999999999999
1  2.51e+06  0.3768833973  5.316684e-01 0.95799999999999999999
1  2.63e+06  0.377220335  5.316684e-01 0.95799999999999999999
1  2.75e+06  0.3775274252  5.316684e-01 0.95799999999999999999
1  2.88e+06  0.3778067739  5.316684e-01 0.95799999999999999999
1  3.02e+06  0.3780604489  5.316684e-01 0.95799999999999999999
1  3.16e+06  0.3782904519  5.316684e-01 0.95799999999999999999
1  3.31e+06  0.3784986989  5.316684e-01 0.95799999999999999999
1  3.47e+06  0.378687007  5.316684e-01 0.95799999999999999999
1  3.63e+06  0.3788570867  5.316684e-01 0.95799999999999999999
1  3.80e+06  0.3790061685  5.316684e-01 0.95799999999999999999
1  3.98e+06  0.3791448641  5.316684e-01 0.95799999999999999999
1  4.17e+06  0.3792697678  5.316684e-01 0.95799999999999999999
1  4.37e+06  0.3793821531  5.316684e-01 0.95799999999999999999
1  4.57e+06  0.3794831915  5.316684e-01 0.95799999999999999999
1  4.79e+06  0.3795739573  5.316684e-01 0.95799999999999999999
1  5.01e+06  0.3796554333  5.316684e-01 0.95799999999999999999
1  5.25e+06  0.3797285164  5.316684e-01 0.95799999999999999999
1  5.50e+06  0.3797940239  5.316684e-01 0.95799999999999999999
1  5.75e+06  0.3798526991  5.316684e-01 0.95799999999999999999
1  6.03e+06  0.3799052167  5.316684e-01 0.95799999999999999999
1  6.31e+06  0.3799521891  5.316684e-01 0.95799999999999999999
1  6.61e+06  0.3799941708  5.316684e-01 0.95799999999999999999
1  6.92e+06  0.3800316635  5.316684e-01 0.95799999999999999999
1  7.24e+06  0.380065121  5.316684e-01 0.95799999999999999999
1  7.59e+06  0.3800939261  5.316684e-01 0.95799999999999999999
1  7.94e+06  0.3801206002  5.316684e-01 0.95799999999999999999
1  8.32e+06  0.3801443434  5.316684e-01 0.95799999999999999999
1  8.71e+06  0.3801654575  5.316684e-01 0.95799999999999999999
1  9.12e+06  0.3801842142  5.316684e-01 0.95799999999999999999
1  9.55e+06  0.3802008583  5.316684e-01 0.95799999999999999999
1  1.00e+07  0.3802156102  5.316684e-01 0.95799999999999999999
