1  1.00e-03  0.3850157488  5.133542e-01 0.92499999999999999996
1  1.05e-03  0.3850157509  5.133542e-01 0.92499999999999999996
1  1.10e-03  0.3850157541  5.133542e-01 0.92499999999999999996
1  1.15e-03  0.3850157484  5.133542e-01 0.92499999999999999996
1  1.20e-03  0.3850157493  5.133542e-01 0.92499999999999999996
1  1.26e-03  0.385015753  5.133542e-01 0.92499999999999999996
1  1.32e-03  0.3850157516  5.133542e-01 0.92499999999999999996
1  1.38e-03  0.3850157479  5.133542e-01 0.92499999999999999996
1  1.45e-03  0.3850157508  5.133542e-01 0.92499999999999999996
1  1.51e-03  0.385015752  5.133542e-01 0.92499999999999999996
1  1.58e-03  0.3850157526  5.133542e-01 0.92499999999999999996
1  1.66e-03  0.3850157508  5.133542e-01 0.92499999999999999996
1  1.74e-03  0.385015752  5.133542e-01 0.92499999999999999996
1  1.82e-03  0.3850157509  5.133542e-01 0.92499999999999999996
1  1.91e-03  0.3850157504  5.133542e-01 0.92499999999999999996
1  2.00e-03  0.3850157462  5.133542e-01 0.92499999999999999996
1  2.09e-03  0.3850157493  5.133542e-01 0.92499999999999999996
1  2.19e-03  0.3850157496  5.133542e-01 0.92499999999999999996
1  2.29e-03  0.3850157482  5.133542e-01 0.92499999999999999996
1  2.40e-03  0.3850157466  5.133542e-01 0.92499999999999999996
1  2.51e-03  0.3850157523  5.133542e-01 0.92499999999999999996
1  2.63e-03  0.3850157527  5.133542e-01 0.92499999999999999996
1  2.75e-03  0.3850157506  5.133542e-01 0.92499999999999999996
1  2.88e-03  0.3850157505  5.133542e-01 0.92499999999999999996
1  3.02e-03  0.3850157512  5.133542e-01 0.92499999999999999996
1  3.16e-03  0.3850157516  5.133542e-01 0.92499999999999999996
1  3.31e-03  0.3850157525  5.133542e-01 0.92499999999999999996
1  3.47e-03  0.38501575  5.133542e-01 0.92499999999999999996
1  3.63e-03  0.3850157519  5.133542e-01 0.92499999999999999996
1  3.80e-03  0.3850157501  5.133542e-01 0.92499999999999999996
1  3.98e-03  0.3850157515  5.133542e-01 0.92499999999999999996
1  4.17e-03  0.3850157523  5.133542e-01 0.92499999999999999996
1  4.37e-03  0.385015751  5.133542e-01 0.92499999999999999996
1  4.57e-03  0.3850157518  5.133542e-01 0.92499999999999999996
1  4.79e-03  0.3850157512  5.133542e-01 0.92499999999999999996
1  5.01e-03  0.3850157469  5.133542e-01 0.92499999999999999996
1  5.25e-03  0.3850157487  5.133542e-01 0.92499999999999999996
1  5.50e-03  0.3850157484  5.133542e-01 0.92499999999999999996
1  5.75e-03  0.3850157514  5.133542e-01 0.92499999999999999996
1  6.03e-03  0.3850157509  5.133542e-01 0.92499999999999999996
1  6.31e-03  0.3850157485  5.133542e-01 0.92499999999999999996
1  6.61e-03  0.3850157512  5.133542e-01 0.92499999999999999996
1  6.92e-03  0.3850157517  5.133542e-01 0.92499999999999999996
1  7.24e-03  0.38501575  5.133542e-01 0.92499999999999999996
1  7.59e-03  0.3850157498  5.133542e-01 0.92499999999999999996
1  7.94e-03  0.3850157462  5.133542e-01 0.92499999999999999996
1  8.32e-03  0.3850157511  5.133542e-01 0.92499999999999999996
1  8.71e-03  0.3850157496  5.133542e-01 0.92499999999999999996
1  9.12e-03  0.3850157494  5.133542e-01 0.92499999999999999996
1  9.55e-03  0.3850157462  5.133542e-01 0.92499999999999999996
1  1.00e-02  0.3850157497  5.133542e-01 0.92499999999999999996
1  1.05e-02  0.3850157432  5.133542e-01 0.92499999999999999996
1  1.10e-02  0.3850157411  5.133542e-01 0.92499999999999999996
1  1.15e-02  0.3850157442  5.133542e-01 0.92499999999999999996
1  1.20e-02  0.3850157461  5.133542e-01 0.92499999999999999996
1  1.26e-02  0.3850157461  5.133542e-01 0.92499999999999999996
1  1.32e-02  0.3850157425  5.133542e-01 0.92499999999999999996
1  1.38e-02  0.3850157436  5.133542e-01 0.92499999999999999996
1  1.45e-02  0.3850157436  5.133542e-01 0.92499999999999999996
1  1.51e-02  0.3850157442  5.133542e-01 0.92499999999999999996
1  1.58e-02  0.3850157404  5.133542e-01 0.92499999999999999996
1  1.66e-02  0.3850157443  5.133542e-01 0.92499999999999999996
1  1.74e-02  0.385015743  5.133542e-01 0.92499999999999999996
1  1.82e-02  0.385015744  5.133542e-01 0.92499999999999999996
1  1.91e-02  0.3850157468  5.133542e-01 0.92499999999999999996
1  2.00e-02  0.3850157386  5.133542e-01 0.92499999999999999996
1  2.09e-02  0.38501574  5.133542e-01 0.92499999999999999996
1  2.19e-02  0.385015747  5.133542e-01 0.92499999999999999996
1  2.29e-02  0.3850157952  5.133542e-01 0.92499999999999999996
1  2.40e-02  0.3850198374  5.133542e-01 0.92499999999999999996
1  2.51e-02  0.3850157204  5.133542e-01 0.92499999999999999996
1  2.63e-02  0.3850157448  5.133542e-01 0.92499999999999999996
1  2.75e-02  0.3850157244  5.133542e-01 0.92499999999999999996
1  2.88e-02  0.3850157195  5.133542e-01 0.92499999999999999996
1  3.02e-02  0.3850157353  5.133542e-01 0.92499999999999999996
1  3.16e-02  0.3850157248  5.133542e-01 0.92499999999999999996
1  3.31e-02  0.3850157341  5.133542e-01 0.92499999999999999996
1  3.47e-02  0.385015726  5.133542e-01 0.92499999999999999996
1  3.63e-02  0.3850157535  5.133542e-01 0.92499999999999999996
1  3.80e-02  0.3850157335  5.133542e-01 0.92499999999999999996
1  3.98e-02  0.3850157354  5.133542e-01 0.92499999999999999996
1  4.17e-02  0.3850157508  5.133542e-01 0.92499999999999999996
1  4.37e-02  0.3850156951  5.133542e-01 0.92499999999999999996
1  4.57e-02  0.3850156985  5.133542e-01 0.92499999999999999996
1  4.79e-02  0.3850156048  5.133542e-01 0.92499999999999999996
1  5.01e-02  0.3850156988  5.133542e-01 0.92499999999999999996
1  5.25e-02  0.3850156187  5.133542e-01 0.92499999999999999996
1  5.50e-02  0.385015708  5.133542e-01 0.92499999999999999996
1  5.75e-02  0.3850156993  5.133542e-01 0.92499999999999999996
1  6.03e-02  0.3850157032  5.133542e-01 0.92499999999999999996
1  6.31e-02  0.3850157145  5.133542e-01 0.92499999999999999996
1  6.61e-02  0.3850157077  5.133542e-01 0.92499999999999999996
1  6.92e-02  0.3850157161  5.133542e-01 0.92499999999999999996
1  7.24e-02  0.3850157072  5.133542e-01 0.92499999999999999996
1  7.59e-02  0.3850158075  5.133542e-01 0.92499999999999999996
1  7.94e-02  0.3850157342  5.133542e-01 0.92499999999999999996
1  8.32e-02  0.385015697  5.133542e-01 0.92499999999999999996
1  8.71e-02  0.3850156768  5.133542e-01 0.92499999999999999996
1  9.12e-02  0.3850156087  5.133542e-01 0.92499999999999999996
1  9.55e-02  0.3850156541  5.133542e-01 0.92499999999999999996
1  1.00e-01  0.3850156744  5.133542e-01 0.92499999999999999996
1  1.05e-01  0.3850156793  5.133542e-01 0.92499999999999999996
1  1.10e-01  0.3850156739  5.133542e-01 0.92499999999999999996
1  1.15e-01  0.3850157181  5.133542e-01 0.92499999999999999996
1  1.20e-01  0.3850156909  5.133542e-01 0.92499999999999999996
1  1.26e-01  0.3850156651  5.133542e-01 0.92499999999999999996
1  1.32e-01  0.3850156915  5.133542e-01 0.92499999999999999996
1  1.38e-01  0.3850156923  5.133542e-01 0.92499999999999999996
1  1.45e-01  0.385015728  5.133542e-01 0.92499999999999999996
1  1.51e-01  0.3850157255  5.133542e-01 0.92499999999999999996
1  1.58e-01  0.3850157036  5.133542e-01 0.92499999999999999996
1  1.66e-01  0.3850149713  5.133542e-01 0.92499999999999999996
1  1.74e-01  0.3850156708  5.133542e-01 0.92499999999999999996
1  1.82e-01  0.3850156302  5.133542e-01 0.92499999999999999996
1  1.91e-01  0.3850157005  5.133542e-01 0.92499999999999999996
1  2.00e-01  0.3850156373  5.133542e-01 0.92499999999999999996
1  2.09e-01  0.3850156862  5.133542e-01 0.92499999999999999996
1  2.19e-01  0.3850157176  5.133542e-01 0.92499999999999999996
1  2.29e-01  0.3850156519  5.133542e-01 0.92499999999999999996
1  2.40e-01  0.3850156424  5.133542e-01 0.92499999999999999996
1  2.51e-01  0.3850157025  5.133542e-01 0.92499999999999999996
1  2.63e-01  0.385015605  5.133542e-01 0.92499999999999999996
1  2.75e-01  0.3850156341  5.133542e-01 0.92499999999999999996
1  2.88e-01  0.3850156671  5.133542e-01 0.92499999999999999996
1  3.02e-01  0.3850164509  5.133542e-01 0.92499999999999999996
1  3.16e-01  0.3850156103  5.133542e-01 0.92499999999999999996
1  3.31e-01  0.3850156184  5.133542e-01 0.92499999999999999996
1  3.47e-01  0.3850157048  5.133542e-01 0.92499999999999999996
1  3.63e-01  0.3850156431  5.133542e-01 0.92499999999999999996
1  3.80e-01  0.3850155707  5.133542e-01 0.92499999999999999996
1  3.98e-01  0.3850155636  5.133542e-01 0.92499999999999999996
1  4.17e-01  0.3850157249  5.133542e-01 0.92499999999999999996
1  4.37e-01  0.3850155422  5.133542e-01 0.92499999999999999996
1  4.57e-01  0.3850155325  5.133542e-01 0.92499999999999999996
1  4.79e-01  0.3850156704  5.133542e-01 0.92499999999999999996
1  5.01e-01  0.3850156029  5.133542e-01 0.92499999999999999996
1  5.25e-01  0.3850156662  5.133542e-01 0.92499999999999999996
1  5.50e-01  0.3850157243  5.133542e-01 0.92499999999999999996
1  5.75e-01  0.3850154403  5.133542e-01 0.92499999999999999996
1  6.03e-01  0.3850153745  5.133542e-01 0.92499999999999999996
1  6.31e-01  0.3850153096  5.133542e-01 0.92499999999999999996
1  6.61e-01  0.3850154193  5.133542e-01 0.92499999999999999996
1  6.92e-01  0.3850153785  5.133542e-01 0.92499999999999999996
1  7.24e-01  0.3850155093  5.133542e-01 0.92499999999999999996
1  7.59e-01  0.3850155873  5.133542e-01 0.92499999999999999996
1  7.94e-01  0.3850154774  5.133542e-01 0.92499999999999999996
1  8.32e-01  0.3850098838  5.133542e-01 0.92499999999999999996
1  8.71e-01  0.3850153038  5.133542e-01 0.92499999999999999996
1  9.12e-01  0.3850154705  5.133542e-01 0.92499999999999999996
1  9.55e-01  0.3850156099  5.133542e-01 0.92499999999999999996
1  1.00e+00  0.3850156002  5.133542e-01 0.92499999999999999996
1  1.05e+00  0.3850154275  5.133542e-01 0.92499999999999999996
1  1.10e+00  0.3850156001  5.133542e-01 0.92499999999999999996
1  1.15e+00  0.3850156172  5.133542e-01 0.92499999999999999996
1  1.20e+00  0.3850156211  5.133542e-01 0.92499999999999999996
1  1.26e+00  0.385015659  5.133542e-01 0.92499999999999999996
1  1.32e+00  0.3850152435  5.133542e-01 0.92499999999999999996
1  1.38e+00  0.3850178544  5.133542e-01 0.92499999999999999996
1  1.45e+00  0.3850148679  5.133542e-01 0.92499999999999999996
1  1.51e+00  0.3850153481  5.133542e-01 0.92499999999999999996
1  1.58e+00  0.385015211  5.133542e-01 0.92499999999999999996
1  1.66e+00  0.3850167676  5.133542e-01 0.92499999999999999996
1  1.74e+00  0.3850153015  5.133542e-01 0.92499999999999999996
1  1.82e+00  0.3850148592  5.133542e-01 0.92499999999999999996
1  1.91e+00  0.3850157076  5.133542e-01 0.92499999999999999996
1  2.00e+00  0.3850157399  5.133542e-01 0.92499999999999999996
1  2.09e+00  0.38501491  5.133542e-01 0.92499999999999999996
1  2.19e+00  0.3850157826  5.133542e-01 0.92499999999999999996
1  2.29e+00  0.3850143362  5.133542e-01 0.92499999999999999996
1  2.40e+00  0.3850151056  5.133542e-01 0.92499999999999999996
1  2.51e+00  0.3850148143  5.133542e-01 0.92499999999999999996
1  2.63e+00  0.3850140642  5.133542e-01 0.92499999999999999996
1  2.75e+00  0.3850149569  5.133542e-01 0.92499999999999999996
1  2.88e+00  0.385024661  5.133542e-01 0.92499999999999999996
1  3.02e+00  0.3850225779  5.133542e-01 0.92499999999999999996
1  3.16e+00  0.3850142593  5.133542e-01 0.92499999999999999996
1  3.31e+00  0.3850035277  5.133542e-01 0.92499999999999999996
1  3.47e+00  0.3850119924  5.133542e-01 0.92499999999999999996
1  3.63e+00  0.3850210144  5.133542e-01 0.92499999999999999996
1  3.80e+00  0.3850144693  5.133542e-01 0.92499999999999999996
1  3.98e+00  0.3850142598  5.133542e-01 0.92499999999999999996
1  4.17e+00  0.385013991  5.133542e-01 0.92499999999999999996
1  4.37e+00  0.385013571  5.133542e-01 0.92499999999999999996
1  4.57e+00  0.3850155126  5.133542e-01 0.92499999999999999996
1  4.79e+00  0.3850148526  5.133542e-01 0.92499999999999999996
1  5.01e+00  0.3850149641  5.133542e-01 0.92499999999999999996
1  5.25e+00  0.3850149489  5.133542e-01 0.92499999999999999996
1  5.50e+00  0.3850957896  5.133542e-01 0.92499999999999999996
1  5.75e+00  0.384991034  5.133542e-01 0.92499999999999999996
1  6.03e+00  0.3850152181  5.133542e-01 0.92499999999999999996
1  6.31e+00  0.3850141624  5.133542e-01 0.92499999999999999996
1  6.61e+00  0.385014021  5.133542e-01 0.92499999999999999996
1  6.92e+00  0.385010744  5.133542e-01 0.92499999999999999996
1  7.24e+00  0.38501133  5.133542e-01 0.92499999999999999996
1  7.59e+00  0.3850130418  5.133542e-01 0.92499999999999999996
1  7.94e+00  0.3850116376  5.133542e-01 0.92499999999999999996
1  8.32e+00  0.3850084614  5.133542e-01 0.92499999999999999996
1  8.71e+00  0.3850182537  5.133542e-01 0.92499999999999999996
1  9.12e+00  0.3850118426  5.133542e-01 0.92499999999999999996
1  9.55e+00  0.385009637  5.133542e-01 0.92499999999999999996
1  1.00e+01  0.3850482541  5.133542e-01 0.92499999999999999996
1  1.05e+01  0.3849598052  5.133542e-01 0.92499999999999999996
1  1.10e+01  0.384953252  5.133542e-01 0.92499999999999999996
1  1.15e+01  0.385031085  5.133542e-01 0.92499999999999999996
1  1.20e+01  0.3850151504  5.133542e-01 0.92499999999999999996
1  1.26e+01  0.3850148065  5.133542e-01 0.92499999999999999996
1  1.32e+01  0.3850171499  5.133542e-01 0.92499999999999999996
1  1.38e+01  0.3850103878  5.133542e-01 0.92499999999999999996
1  1.45e+01  0.3850088211  5.133542e-01 0.92499999999999999996
1  1.51e+01  0.385015541  5.133542e-01 0.92499999999999999996
1  1.58e+01  0.3850139096  5.133542e-01 0.92499999999999999996
1  1.66e+01  0.385013427  5.133542e-01 0.92499999999999999996
1  1.74e+01  0.3850873763  5.133542e-01 0.92499999999999999996
1  1.82e+01  0.385228623  5.133542e-01 0.92499999999999999996
1  1.91e+01  0.3848370928  5.133542e-01 0.92499999999999999996
1  2.00e+01  0.3852241825  5.133542e-01 0.92499999999999999996
1  2.09e+01  0.3852717485  5.133542e-01 0.92499999999999999996
1  2.19e+01  0.3852739032  5.133542e-01 0.92499999999999999996
1  2.29e+01  0.3849799103  5.133542e-01 0.92499999999999999996
1  2.40e+01  0.3850858714  5.133542e-01 0.92499999999999999996
1  2.51e+01  0.3851140818  5.133542e-01 0.92499999999999999996
1  2.63e+01  0.3850643614  5.133542e-01 0.92499999999999999996
1  2.75e+01  0.3849691519  5.133542e-01 0.92499999999999999996
1  2.88e+01  0.3849832153  5.133542e-01 0.92499999999999999996
1  3.02e+01  0.384671314  5.133542e-01 0.92499999999999999996
1  3.16e+01  0.3848756503  5.133542e-01 0.92499999999999999996
1  3.31e+01  0.3849437968  5.133542e-01 0.92499999999999999996
1  3.47e+01  0.3853150089  5.133542e-01 0.92499999999999999996
1  3.63e+01  0.384907561  5.133542e-01 0.92499999999999999996
1  3.80e+01  0.3849744817  5.133542e-01 0.92499999999999999996
1  3.98e+01  0.3849940923  5.133542e-01 0.92499999999999999996
1  4.17e+01  0.3850433878  5.133542e-01 0.92499999999999999996
1  4.37e+01  0.3851697202  5.133542e-01 0.92499999999999999996
1  4.57e+01  0.384798304  5.133542e-01 0.92499999999999999996
1  4.79e+01  0.385226383  5.133542e-01 0.92499999999999999996
1  5.01e+01  0.3850423847  5.133542e-01 0.92499999999999999996
1  5.25e+01  0.3849957356  5.133542e-01 0.92499999999999999996
1  5.50e+01  0.3849767697  5.133542e-01 0.92499999999999999996
1  5.75e+01  0.3850026449  5.133542e-01 0.92499999999999999996
1  6.03e+01  0.3850528225  5.133542e-01 0.92499999999999999996
1  6.31e+01  0.3848596333  5.133542e-01 0.92499999999999999996
1  6.61e+01  0.3849723317  5.133542e-01 0.92499999999999999996
1  6.92e+01  0.3850930653  5.133542e-01 0.92499999999999999996
1  7.24e+01  0.3850009412  5.133542e-01 0.92499999999999999996
1  7.59e+01  0.3852526268  5.133542e-01 0.92499999999999999996
1  7.94e+01  0.3847690295  5.133542e-01 0.92499999999999999996
1  8.32e+01  0.385011282  5.133542e-01 0.92499999999999999996
1  8.71e+01  0.3849766605  5.133542e-01 0.92499999999999999996
1  9.12e+01  0.3849969544  5.133542e-01 0.92499999999999999996
1  9.55e+01  0.3849531605  5.133542e-01 0.92499999999999999996
1  1.00e+02  0.3851987889  5.133542e-01 0.92499999999999999996
1  1.05e+02  0.3850118675  5.133542e-01 0.92499999999999999996
1  1.10e+02  0.3849664826  5.133542e-01 0.92499999999999999996
1  1.15e+02  0.3849796978  5.133542e-01 0.92499999999999999996
1  1.20e+02  0.3849861008  5.133542e-01 0.92499999999999999996
1  1.26e+02  0.3847661771  5.133542e-01 0.92499999999999999996
1  1.32e+02  0.3849813841  5.133542e-01 0.92499999999999999996
1  1.38e+02  0.3849736604  5.133542e-01 0.92499999999999999996
1  1.45e+02  0.3850114554  5.133542e-01 0.92499999999999999996
1  1.51e+02  0.3849803609  5.133542e-01 0.92499999999999999996
1  1.58e+02  0.3848433994  5.133542e-01 0.92499999999999999996
1  1.66e+02  0.3851115406  5.133542e-01 0.92499999999999999996
1  1.74e+02  0.3849615316  5.133542e-01 0.92499999999999999996
1  1.82e+02  0.3849898647  5.133542e-01 0.92499999999999999996
1  1.91e+02  0.3849559775  5.133542e-01 0.92499999999999999996
1  2.00e+02  0.3849430843  5.133542e-01 0.92499999999999999996
1  2.09e+02  0.3850667668  5.133542e-01 0.92499999999999999996
1  2.19e+02  0.3849316158  5.133542e-01 0.92499999999999999996
1  2.29e+02  0.3849611614  5.133542e-01 0.92499999999999999996
1  2.40e+02  0.3849918688  5.133542e-01 0.92499999999999999996
1  2.51e+02  0.3849423349  5.133542e-01 0.92499999999999999996
1  2.63e+02  0.3851034975  5.133542e-01 0.92499999999999999996
1  2.75e+02  0.3849702603  5.133542e-01 0.92499999999999999996
1  2.88e+02  0.3849875907  5.133542e-01 0.92499999999999999996
1  3.02e+02  0.3849270947  5.133542e-01 0.92499999999999999996
1  3.16e+02  0.3849030003  5.133542e-01 0.92499999999999999996
1  3.31e+02  0.3851071475  5.133542e-01 0.92499999999999999996
1  3.47e+02  0.3849275585  5.133542e-01 0.92499999999999999996
1  3.63e+02  0.3848532975  5.133542e-01 0.92499999999999999996
1  3.80e+02  0.3849921057  5.133542e-01 0.92499999999999999996
1  3.98e+02  0.3848452179  5.133542e-01 0.92499999999999999996
1  4.17e+02  0.3848237485  5.133542e-01 0.92499999999999999996
1  4.37e+02  0.3849333631  5.133542e-01 0.92499999999999999996
1  4.57e+02  0.3848693986  5.133542e-01 0.92499999999999999996
1  4.79e+02  0.3850016246  5.133542e-01 0.92499999999999999996
1  5.01e+02  0.3850033228  5.133542e-01 0.92499999999999999996
1  5.25e+02  0.3846628493  5.133542e-01 0.92499999999999999996
1  5.50e+02  0.3849300389  5.133542e-01 0.92499999999999999996
1  5.75e+02  0.3849417057  5.133542e-01 0.92499999999999999996
1  6.03e+02  0.3849189199  5.133542e-01 0.92499999999999999996
1  6.31e+02  0.3847381286  5.133542e-01 0.92499999999999999996
1  6.61e+02  0.3850010804  5.133542e-01 0.92499999999999999996
1  6.92e+02  0.3849418874  5.133542e-01 0.92499999999999999996
1  7.24e+02  0.3851395048  5.133542e-01 0.92499999999999999996
1  7.59e+02  0.3846593952  5.133542e-01 0.92499999999999999996
1  7.94e+02  0.385028614  5.133542e-01 0.92499999999999999996
1  8.32e+02  0.3850987944  5.133542e-01 0.92499999999999999996
1  8.71e+02  0.3852674032  5.133542e-01 0.92499999999999999996
1  9.12e+02  0.3842875935  5.133542e-01 0.92499999999999999996
1  9.55e+02  0.3849578565  5.133542e-01 0.92499999999999999996
1  1.00e+03  0.385223722  5.133542e-01 0.92499999999999999996
1  1.05e+03  0.3848574108  5.133542e-01 0.92499999999999999996
1  1.10e+03  0.3841065385  5.133542e-01 0.92499999999999999996
1  1.15e+03  0.3845360744  5.133542e-01 0.92499999999999999996
1  1.20e+03  0.3850778451  5.133542e-01 0.92499999999999999996
1  1.26e+03  0.3853650606  5.133542e-01 0.92499999999999999996
1  1.32e+03  0.3864166713  5.133542e-01 0.92499999999999999996
1  1.38e+03  0.3853312293  5.133542e-01 0.92499999999999999996
1  1.45e+03  0.3846068077  5.133542e-01 0.92499999999999999996
1  1.51e+03  0.3817134703  5.133542e-01 0.92499999999999999996
1  1.58e+03  0.3837298503  5.133542e-01 0.92499999999999999996
1  1.66e+03  0.3846388146  5.133542e-01 0.92499999999999999996
1  1.74e+03  0.3839064595  5.133542e-01 0.92499999999999999996
1  1.82e+03  0.3830815444  5.133542e-01 0.92499999999999999996
1  1.91e+03  0.3893813557  5.133542e-01 0.92499999999999999996
1  2.00e+03  0.3851327711  5.133542e-01 0.92499999999999999996
1  2.09e+03  0.3876005923  5.133542e-01 0.92499999999999999996
1  2.19e+03  0.3895217447  5.133542e-01 0.92499999999999999996
1  2.29e+03  0.3883202667  5.133542e-01 0.92499999999999999996
1  2.40e+03  0.3839180352  5.133542e-01 0.92499999999999999996
1  2.51e+03  0.3711916453  5.133542e-01 0.92499999999999999996
1  2.63e+03  0.3773927115  5.133542e-01 0.92499999999999999996
1  2.75e+03  0.3732877513  5.133542e-01 0.92499999999999999996
1  2.88e+03  0.3822450748  5.133542e-01 0.92499999999999999996
1  3.02e+03  0.3673109161  5.133542e-01 0.92499999999999999996
1  3.16e+03  0.366245743  5.133542e-01 0.92499999999999999996
1  3.31e+03  0.3685328131  5.133542e-01 0.92499999999999999996
1  3.47e+03  0.3712384151  5.133542e-01 0.92499999999999999996
1  3.63e+03  0.3752171549  5.133542e-01 0.92499999999999999996
1  3.80e+03  0.3884824063  5.133542e-01 0.92499999999999999996
1  3.98e+03  0.3895025675  5.133542e-01 0.92499999999999999996
1  4.17e+03  0.3839254667  5.133542e-01 0.92499999999999999996
1  4.37e+03  0.3857781655  5.133542e-01 0.92499999999999999996
1  4.57e+03  0.3909105715  5.133542e-01 0.92499999999999999996
1  4.79e+03  0.3879108795  5.133542e-01 0.92499999999999999996
1  5.01e+03  0.386662549  5.133542e-01 0.92499999999999999996
1  5.25e+03  0.3693358698  5.133542e-01 0.92499999999999999996
1  5.50e+03  0.3826140598  5.133542e-01 0.92499999999999999996
1  5.75e+03  0.3579758985  5.133542e-01 0.92499999999999999996
1  6.03e+03  0.3656794928  5.133542e-01 0.92499999999999999996
1  6.31e+03  0.3897227192  5.133542e-01 0.92499999999999999996
1  6.61e+03  0.3776144531  5.133542e-01 0.92499999999999999996
1  6.92e+03  0.3747942421  5.133542e-01 0.92499999999999999996
1  7.24e+03  0.3216700372  5.133542e-01 0.92499999999999999996
1  7.59e+03  0.3971219816  5.133542e-01 0.92499999999999999996
1  7.94e+03  0.3382598089  5.133542e-01 0.92499999999999999996
1  8.32e+03  0.3790997789  5.133542e-01 0.92499999999999999996
1  8.71e+03  0.3136930886  5.133542e-01 0.92499999999999999996
1  9.12e+03  0.3824559737  5.133542e-01 0.92499999999999999996
1  9.55e+03  0.3450811325  5.133542e-01 0.92499999999999999996
1  1.00e+04  0.367834043  5.133542e-01 0.92499999999999999996
1  1.05e+04  0.3910188129  5.133542e-01 0.92499999999999999996
1  1.10e+04  0.3515446933  5.133542e-01 0.92499999999999999996
1  1.15e+04  0.3874825082  5.133542e-01 0.92499999999999999996
1  1.20e+04  0.3021709737  5.133542e-01 0.92499999999999999996
1  1.26e+04  0.3219505935  5.133542e-01 0.92499999999999999996
1  1.32e+04  0.3500872113  5.133542e-01 0.92499999999999999996
1  1.38e+04  0.3009418841  5.133542e-01 0.92499999999999999996
1  1.45e+04  0.3576553963  5.133542e-01 0.92499999999999999996
1  1.51e+04  0.2957622295  5.133542e-01 0.92499999999999999996
1  1.58e+04  0.3210800205  5.133542e-01 0.92499999999999999996
1  1.66e+04  0.3521077053  5.133542e-01 0.92499999999999999996
1  1.74e+04  0.3562765409  5.133542e-01 0.92499999999999999996
1  1.82e+04  0.3572345653  5.133542e-01 0.92499999999999999996
1  1.91e+04  0.3314114198  5.133542e-01 0.92499999999999999996
1  2.00e+04  0.2586860655  5.133542e-01 0.92499999999999999996
1  2.09e+04  0.3449025488  5.133542e-01 0.92499999999999999996
1  2.19e+04  0.3706122032  5.133542e-01 0.92499999999999999996
1  2.29e+04  0.2409268685  5.133542e-01 0.92499999999999999996
1  2.40e+04  0.3199214319  5.133542e-01 0.92499999999999999996
1  2.51e+04  0.3742348668  5.133542e-01 0.92499999999999999996
1  2.63e+04  0.2861246643  5.133542e-01 0.92499999999999999996
1  2.75e+04  0.3825675755  5.133542e-01 0.92499999999999999996
1  2.88e+04  0.2991149374  5.133542e-01 0.92499999999999999996
1  3.02e+04  0.3363397046  5.133542e-01 0.92499999999999999996
1  3.16e+04  0.355005401  5.133542e-01 0.92499999999999999996
1  3.31e+04  0.3760743101  5.133542e-01 0.92499999999999999996
1  3.47e+04  0.2351665709  5.133542e-01 0.92499999999999999996
1  3.63e+04  0.3645542271  5.133542e-01 0.92499999999999999996
1  3.80e+04  0.2964412951  5.133542e-01 0.92499999999999999996
1  3.98e+04  0.3764925703  5.133542e-01 0.92499999999999999996
1  4.17e+04  0.342289271  5.133542e-01 0.92499999999999999996
1  4.37e+04  0.3386025119  5.133542e-01 0.92499999999999999996
1  4.57e+04  0.3833541053  5.133542e-01 0.92499999999999999996
1  4.79e+04  0.2472210418  5.133542e-01 0.92499999999999999996
1  5.01e+04  0.3292609884  5.133542e-01 0.92499999999999999996
1  5.25e+04  0.3400123692  5.133542e-01 0.92499999999999999996
1  5.50e+04  0.2711623751  5.133542e-01 0.92499999999999999996
1  5.75e+04  0.3750506995  5.133542e-01 0.92499999999999999996
1  6.03e+04  0.3544743465  5.133542e-01 0.92499999999999999996
1  6.31e+04  0.3371396395  5.133542e-01 0.92499999999999999996
1  6.61e+04  0.3625177696  5.133542e-01 0.92499999999999999996
1  6.92e+04  0.3740226113  5.133542e-01 0.92499999999999999996
1  7.24e+04  0.3778427221  5.133542e-01 0.92499999999999999996
1  7.59e+04  0.3262333861  5.133542e-01 0.92499999999999999996
1  7.94e+04  0.2942176018  5.133542e-01 0.92499999999999999996
1  8.32e+04  0.3505810637  5.133542e-01 0.92499999999999999996
1  8.71e+04  0.3819597679  5.133542e-01 0.92499999999999999996
1  9.12e+04  0.3190153228  5.133542e-01 0.92499999999999999996
1  9.55e+04  0.2659856595  5.133542e-01 0.92499999999999999996
1  1.00e+05  0.3031513535  5.133542e-01 0.92499999999999999996
1  1.05e+05  0.3672879051  5.133542e-01 0.92499999999999999996
1  1.10e+05  0.3729656067  5.133542e-01 0.92499999999999999996
1  1.15e+05  0.3292535925  5.133542e-01 0.92499999999999999996
1  1.20e+05  0.301343087  5.133542e-01 0.92499999999999999996
1  1.26e+05  0.3198521085  5.133542e-01 0.92499999999999999996
1  1.32e+05  0.3599824485  5.133542e-01 0.92499999999999999996
1  1.38e+05  0.3841896603  5.133542e-01 0.92499999999999999996
1  1.45e+05  0.380372175  5.133542e-01 0.92499999999999999996
1  1.51e+05  0.3624888014  5.133542e-01 0.92499999999999999996
1  1.58e+05  0.3496833175  5.133542e-01 0.92499999999999999996
1  1.66e+05  0.3503540343  5.133542e-01 0.92499999999999999996
1  1.74e+05  0.3608876153  5.133542e-01 0.92499999999999999996
1  1.82e+05  0.3730599914  5.133542e-01 0.92499999999999999996
1  1.91e+05  0.3809951732  5.133542e-01 0.92499999999999999996
1  2.00e+05  0.3834641676  5.133542e-01 0.92499999999999999996
1  2.09e+05  0.3824092695  5.133542e-01 0.92499999999999999996
1  2.19e+05  0.3804107407  5.133542e-01 0.92499999999999999996
1  2.29e+05  0.3790334024  5.133542e-01 0.92499999999999999996
1  2.40e+05  0.3785120266  5.133542e-01 0.92499999999999999996
1  2.51e+05  0.3782874681  5.133542e-01 0.92499999999999999996
1  2.63e+05  0.3777140769  5.133542e-01 0.92499999999999999996
1  2.75e+05  0.3765095694  5.133542e-01 0.92499999999999999996
1  2.88e+05  0.3748468368  5.133542e-01 0.92499999999999999996
1  3.02e+05  0.373195669  5.133542e-01 0.92499999999999999996
1  3.16e+05  0.3720803067  5.133542e-01 0.92499999999999999996
1  3.31e+05  0.3718798871  5.133542e-01 0.92499999999999999996
1  3.47e+05  0.3727288673  5.133542e-01 0.92499999999999999996
1  3.63e+05  0.3745161508  5.133542e-01 0.92499999999999999996
1  3.80e+05  0.3769503391  5.133542e-01 0.92499999999999999996
1  3.98e+05  0.3796517019  5.133542e-01 0.92499999999999999996
1  4.17e+05  0.3822394402  5.133542e-01 0.92499999999999999996
1  4.37e+05  0.3843960913  5.133542e-01 0.92499999999999999996
1  4.57e+05  0.3859032154  5.133542e-01 0.92499999999999999996
1  4.79e+05  0.3866509736  5.133542e-01 0.92499999999999999996
1  5.01e+05  0.3866285057  5.133542e-01 0.92499999999999999996
1  5.25e+05  0.3859030338  5.133542e-01 0.92499999999999999996
1  5.50e+05  0.3845946295  5.133542e-01 0.92499999999999999996
1  5.75e+05  0.3828516989  5.133542e-01 0.92499999999999999996
1  6.03e+05  0.3808302403  5.133542e-01 0.92499999999999999996
1  6.31e+05  0.3786782404  5.133542e-01 0.92499999999999999996
1  6.61e+05  0.3761178634  5.133542e-01 0.92499999999999999996
1  6.92e+05  0.3736852155  5.133542e-01 0.92499999999999999996
1  7.24e+05  0.3715035749  5.133542e-01 0.92499999999999999996
1  7.59e+05  0.3696535056  5.133542e-01 0.92499999999999999996
1  7.94e+05  0.3681777574  5.133542e-01 0.92499999999999999996
1  8.32e+05  0.3670881683  5.133542e-01 0.92499999999999999996
1  8.71e+05  0.3663731091  5.133542e-01 0.92499999999999999996
1  9.12e+05  0.3660045281  5.133542e-01 0.92499999999999999996
1  9.55e+05  0.3659440724  5.133542e-01 0.92499999999999999996
1  1.00e+06  0.3661656723  5.133542e-01 0.92499999999999999996
1  1.05e+06  0.3665808973  5.133542e-01 0.92499999999999999996
1  1.10e+06  0.3671726077  5.133542e-01 0.92499999999999999996
1  1.15e+06  0.3678998166  5.133542e-01 0.92499999999999999996
1  1.20e+06  0.3687256398  5.133542e-01 0.92499999999999999996
1  1.26e+06  0.3696178465  5.133542e-01 0.92499999999999999996
1  1.32e+06  0.3705489992  5.133542e-01 0.92499999999999999996
1  1.38e+06  0.3714963086  5.133542e-01 0.92499999999999999996
1  1.45e+06  0.3724413071  5.133542e-01 0.92499999999999999996
1  1.51e+06  0.3733694185  5.133542e-01 0.92499999999999999996
1  1.58e+06  0.3742694801  5.133542e-01 0.92499999999999999996
1  1.66e+06  0.3751332585  5.133542e-01 0.92499999999999999996
1  1.74e+06  0.3759549846  5.133542e-01 0.92499999999999999996
1  1.82e+06  0.3767309245  5.133542e-01 0.92499999999999999996
1  1.91e+06  0.377458994  5.133542e-01 0.92499999999999999996
1  2.00e+06  0.378122838  5.133542e-01 0.92499999999999999996
1  2.09e+06  0.3787546825  5.133542e-01 0.92499999999999999996
1  2.19e+06  0.379339206  5.133542e-01 0.92499999999999999996
1  2.29e+06  0.3798779879  5.133542e-01 0.92499999999999999996
1  2.40e+06  0.3803730192  5.133542e-01 0.92499999999999999996
1  2.51e+06  0.380826566  5.133542e-01 0.92499999999999999996
1  2.63e+06  0.3812410615  5.133542e-01 0.92499999999999999996
1  2.75e+06  0.3816190205  5.133542e-01 0.92499999999999999996
1  2.88e+06  0.3819629731  5.133542e-01 0.92499999999999999996
1  3.02e+06  0.3822754157  5.133542e-01 0.92499999999999999996
1  3.16e+06  0.3825587736  5.133542e-01 0.92499999999999999996
1  3.31e+06  0.3828153753  5.133542e-01 0.92499999999999999996
1  3.47e+06  0.3830474348  5.133542e-01 0.92499999999999999996
1  3.63e+06  0.3832570406  5.133542e-01 0.92499999999999999996
1  3.80e+06  0.3834461497  5.133542e-01 0.92499999999999999996
1  3.98e+06  0.3836117427  5.133542e-01 0.92499999999999999996
1  4.17e+06  0.3837656279  5.133542e-01 0.92499999999999999996
1  4.37e+06  0.3839040594  5.133542e-01 0.92499999999999999996
1  4.57e+06  0.3840284781  5.133542e-01 0.92499999999999999996
1  4.79e+06  0.3841402063  5.133542e-01 0.92499999999999999996
1  5.01e+06  0.3842404552  5.133542e-01 0.92499999999999999996
1  5.25e+06  0.3843303308  5.133542e-01 0.92499999999999999996
1  5.50e+06  0.3844108417  5.133542e-01 0.92499999999999999996
1  5.75e+06  0.3844829055  5.133542e-01 0.92499999999999999996
1  6.03e+06  0.3845473564  5.133542e-01 0.92499999999999999996
1  6.31e+06  0.384604951  5.133542e-01 0.92499999999999999996
1  6.61e+06  0.3846563751  5.133542e-01 0.92499999999999999996
1  6.92e+06  0.3847022497  5.133542e-01 0.92499999999999999996
1  7.24e+06  0.3847431363  5.133542e-01 0.92499999999999999996
1  7.59e+06  0.3847795422  5.133542e-01 0.92499999999999999996
1  7.94e+06  0.3848107955  5.133542e-01 0.92499999999999999996
1  8.32e+06  0.3848396775  5.133542e-01 0.92499999999999999996
1  8.71e+06  0.3848653133  5.133542e-01 0.92499999999999999996
1  9.12e+06  0.3848880396  5.133542e-01 0.92499999999999999996
1  9.55e+06  0.3849081597  5.133542e-01 0.92499999999999999996
1  1.00e+07  0.3849259468  5.133542e-01 0.92499999999999999996
