1  1.00e-03  0.1758734583  1.523587e-01 0.99599999999999999997
1  1.05e-03  0.1758734577  1.523587e-01 0.99599999999999999997
1  1.10e-03  0.1758734594  1.523587e-01 0.99599999999999999997
1  1.15e-03  0.1758734612  1.523587e-01 0.99599999999999999997
1  1.20e-03  0.1758734595  1.523587e-01 0.99599999999999999997
1  1.26e-03  0.1758734607  1.523587e-01 0.99599999999999999997
1  1.32e-03  0.1758734579  1.523587e-01 0.99599999999999999997
1  1.38e-03  0.1758734589  1.523587e-01 0.99599999999999999997
1  1.45e-03  0.1758734612  1.523587e-01 0.99599999999999999997
1  1.51e-03  0.1758734578  1.523587e-01 0.99599999999999999997
1  1.58e-03  0.1758734509  1.523587e-01 0.99599999999999999997
1  1.66e-03  0.1758734615  1.523587e-01 0.99599999999999999997
1  1.74e-03  0.1758734611  1.523587e-01 0.99599999999999999997
1  1.82e-03  0.1758734613  1.523587e-01 0.99599999999999999997
1  1.91e-03  0.1758734578  1.523587e-01 0.99599999999999999997
1  2.00e-03  0.1758734575  1.523587e-01 0.99599999999999999997
1  2.09e-03  0.1758734557  1.523587e-01 0.99599999999999999997
1  2.19e-03  0.1758734597  1.523587e-01 0.99599999999999999997
1  2.29e-03  0.1758734572  1.523587e-01 0.99599999999999999997
1  2.40e-03  0.1758734628  1.523587e-01 0.99599999999999999997
1  2.51e-03  0.1758731931  1.523587e-01 0.99599999999999999997
1  2.63e-03  0.1758734548  1.523587e-01 0.99599999999999999997
1  2.75e-03  0.1758734513  1.523587e-01 0.99599999999999999997
1  2.88e-03  0.1758734618  1.523587e-01 0.99599999999999999997
1  3.02e-03  0.1758734745  1.523587e-01 0.99599999999999999997
1  3.16e-03  0.1758734656  1.523587e-01 0.99599999999999999997
1  3.31e-03  0.175873462  1.523587e-01 0.99599999999999999997
1  3.47e-03  0.1758734617  1.523587e-01 0.99599999999999999997
1  3.63e-03  0.1758734544  1.523587e-01 0.99599999999999999997
1  3.80e-03  0.1758734585  1.523587e-01 0.99599999999999999997
1  3.98e-03  0.1758734659  1.523587e-01 0.99599999999999999997
1  4.17e-03  0.1758734592  1.523587e-01 0.99599999999999999997
1  4.37e-03  0.1758734612  1.523587e-01 0.99599999999999999997
1  4.57e-03  0.1758734657  1.523587e-01 0.99599999999999999997
1  4.79e-03  0.1758734562  1.523587e-01 0.99599999999999999997
1  5.01e-03  0.1758734681  1.523587e-01 0.99599999999999999997
1  5.25e-03  0.1758734633  1.523587e-01 0.99599999999999999997
1  5.50e-03  0.1758734534  1.523587e-01 0.99599999999999999997
1  5.75e-03  0.1758734798  1.523587e-01 0.99599999999999999997
1  6.03e-03  0.175873466  1.523587e-01 0.99599999999999999997
1  6.31e-03  0.1758734666  1.523587e-01 0.99599999999999999997
1  6.61e-03  0.1758734674  1.523587e-01 0.99599999999999999997
1  6.92e-03  0.1758734516  1.523587e-01 0.99599999999999999997
1  7.24e-03  0.1758734513  1.523587e-01 0.99599999999999999997
1  7.59e-03  0.1758734547  1.523587e-01 0.99599999999999999997
1  7.94e-03  0.1758734524  1.523587e-01 0.99599999999999999997
1  8.32e-03  0.1758734455  1.523587e-01 0.99599999999999999997
1  8.71e-03  0.1758734582  1.523587e-01 0.99599999999999999997
1  9.12e-03  0.1758734414  1.523587e-01 0.99599999999999999997
1  9.55e-03  0.175873441  1.523587e-01 0.99599999999999999997
1  1.00e-02  0.1758734619  1.523587e-01 0.99599999999999999997
1  1.05e-02  0.1758734189  1.523587e-01 0.99599999999999999997
1  1.10e-02  0.1758734444  1.523587e-01 0.99599999999999999997
1  1.15e-02  0.1758734711  1.523587e-01 0.99599999999999999997
1  1.20e-02  0.175873479  1.523587e-01 0.99599999999999999997
1  1.26e-02  0.1758734597  1.523587e-01 0.99599999999999999997
1  1.32e-02  0.1758734591  1.523587e-01 0.99599999999999999997
1  1.38e-02  0.1758734839  1.523587e-01 0.99599999999999999997
1  1.45e-02  0.1758734757  1.523587e-01 0.99599999999999999997
1  1.51e-02  0.1758734655  1.523587e-01 0.99599999999999999997
1  1.58e-02  0.1758734839  1.523587e-01 0.99599999999999999997
1  1.66e-02  0.1758734761  1.523587e-01 0.99599999999999999997
1  1.74e-02  0.1758734567  1.523587e-01 0.99599999999999999997
1  1.82e-02  0.175873496  1.523587e-01 0.99599999999999999997
1  1.91e-02  0.1758734558  1.523587e-01 0.99599999999999999997
1  2.00e-02  0.175873417  1.523587e-01 0.99599999999999999997
1  2.09e-02  0.1758734936  1.523587e-01 0.99599999999999999997
1  2.19e-02  0.1758734903  1.523587e-01 0.99599999999999999997
1  2.29e-02  0.175873502  1.523587e-01 0.99599999999999999997
1  2.40e-02  0.1758734542  1.523587e-01 0.99599999999999999997
1  2.51e-02  0.1758731287  1.523587e-01 0.99599999999999999997
1  2.63e-02  0.1758690531  1.523587e-01 0.99599999999999999997
1  2.75e-02  0.175873396  1.523587e-01 0.99599999999999999997
1  2.88e-02  0.1758734593  1.523587e-01 0.99599999999999999997
1  3.02e-02  0.1758735287  1.523587e-01 0.99599999999999999997
1  3.16e-02  0.1758736577  1.523587e-01 0.99599999999999999997
1  3.31e-02  0.1758734805  1.523587e-01 0.99599999999999999997
1  3.47e-02  0.1758734775  1.523587e-01 0.99599999999999999997
1  3.63e-02  0.1758735071  1.523587e-01 0.99599999999999999997
1  3.80e-02  0.1758733827  1.523587e-01 0.99599999999999999997
1  3.98e-02  0.1758736104  1.523587e-01 0.99599999999999999997
1  4.17e-02  0.1758727117  1.523587e-01 0.99599999999999999997
1  4.37e-02  0.1758733721  1.523587e-01 0.99599999999999999997
1  4.57e-02  0.1758732256  1.523587e-01 0.99599999999999999997
1  4.79e-02  0.1758734158  1.523587e-01 0.99599999999999999997
1  5.01e-02  0.1758734237  1.523587e-01 0.99599999999999999997
1  5.25e-02  0.1758734753  1.523587e-01 0.99599999999999999997
1  5.50e-02  0.1758734496  1.523587e-01 0.99599999999999999997
1  5.75e-02  0.1758734484  1.523587e-01 0.99599999999999999997
1  6.03e-02  0.1758733811  1.523587e-01 0.99599999999999999997
1  6.31e-02  0.1758734215  1.523587e-01 0.99599999999999999997
1  6.61e-02  0.175873563  1.523587e-01 0.99599999999999999997
1  6.92e-02  0.1758734262  1.523587e-01 0.99599999999999999997
1  7.24e-02  0.175871495  1.523587e-01 0.99599999999999999997
1  7.59e-02  0.1758734607  1.523587e-01 0.99599999999999999997
1  7.94e-02  0.1758730766  1.523587e-01 0.99599999999999999997
1  8.32e-02  0.1758737444  1.523587e-01 0.99599999999999999997
1  8.71e-02  0.175872931  1.523587e-01 0.99599999999999999997
1  9.12e-02  0.1758732972  1.523587e-01 0.99599999999999999997
1  9.55e-02  0.1758732004  1.523587e-01 0.99599999999999999997
1  1.00e-01  0.1758733239  1.523587e-01 0.99599999999999999997
1  1.05e-01  0.1758735199  1.523587e-01 0.99599999999999999997
1  1.10e-01  0.1758733991  1.523587e-01 0.99599999999999999997
1  1.15e-01  0.1758735811  1.523587e-01 0.99599999999999999997
1  1.20e-01  0.1758733279  1.523587e-01 0.99599999999999999997
1  1.26e-01  0.1758736281  1.523587e-01 0.99599999999999999997
1  1.32e-01  0.1758736188  1.523587e-01 0.99599999999999999997
1  1.38e-01  0.1758735672  1.523587e-01 0.99599999999999999997
1  1.45e-01  0.1758734299  1.523587e-01 0.99599999999999999997
1  1.51e-01  0.1758729542  1.523587e-01 0.99599999999999999997
1  1.58e-01  0.1758734393  1.523587e-01 0.99599999999999999997
1  1.66e-01  0.1758733489  1.523587e-01 0.99599999999999999997
1  1.74e-01  0.1758733878  1.523587e-01 0.99599999999999999997
1  1.82e-01  0.1758732528  1.523587e-01 0.99599999999999999997
1  1.91e-01  0.1758732358  1.523587e-01 0.99599999999999999997
1  2.00e-01  0.175873315  1.523587e-01 0.99599999999999999997
1  2.09e-01  0.175873962  1.523587e-01 0.99599999999999999997
1  2.19e-01  0.1758740112  1.523587e-01 0.99599999999999999997
1  2.29e-01  0.175873612  1.523587e-01 0.99599999999999999997
1  2.40e-01  0.1758738042  1.523587e-01 0.99599999999999999997
1  2.51e-01  0.1758735375  1.523587e-01 0.99599999999999999997
1  2.63e-01  0.1758737492  1.523587e-01 0.99599999999999999997
1  2.75e-01  0.1758739993  1.523587e-01 0.99599999999999999997
1  2.88e-01  0.175873488  1.523587e-01 0.99599999999999999997
1  3.02e-01  0.1758731978  1.523587e-01 0.99599999999999999997
1  3.16e-01  0.1758729829  1.523587e-01 0.99599999999999999997
1  3.31e-01  0.1758742744  1.523587e-01 0.99599999999999999997
1  3.47e-01  0.175873779  1.523587e-01 0.99599999999999999997
1  3.63e-01  0.1758743503  1.523587e-01 0.99599999999999999997
1  3.80e-01  0.1758738767  1.523587e-01 0.99599999999999999997
1  3.98e-01  0.1758740062  1.523587e-01 0.99599999999999999997
1  4.17e-01  0.1758721188  1.523587e-01 0.99599999999999999997
1  4.37e-01  0.1758746214  1.523587e-01 0.99599999999999999997
1  4.57e-01  0.1758744363  1.523587e-01 0.99599999999999999997
1  4.79e-01  0.1758747352  1.523587e-01 0.99599999999999999997
1  5.01e-01  0.1758744665  1.523587e-01 0.99599999999999999997
1  5.25e-01  0.175874807  1.523587e-01 0.99599999999999999997
1  5.50e-01  0.1758744627  1.523587e-01 0.99599999999999999997
1  5.75e-01  0.1758749792  1.523587e-01 0.99599999999999999997
1  6.03e-01  0.1758748752  1.523587e-01 0.99599999999999999997
1  6.31e-01  0.175874539  1.523587e-01 0.99599999999999999997
1  6.61e-01  0.1758739635  1.523587e-01 0.99599999999999999997
1  6.92e-01  0.1758794831  1.523587e-01 0.99599999999999999997
1  7.24e-01  0.1758743846  1.523587e-01 0.99599999999999999997
1  7.59e-01  0.1758709509  1.523587e-01 0.99599999999999999997
1  7.94e-01  0.1758735355  1.523587e-01 0.99599999999999999997
1  8.32e-01  0.1758732525  1.523587e-01 0.99599999999999999997
1  8.71e-01  0.1758761787  1.523587e-01 0.99599999999999999997
1  9.12e-01  0.1758690737  1.523587e-01 0.99599999999999999997
1  9.55e-01  0.1758744014  1.523587e-01 0.99599999999999999997
1  1.00e+00  0.1758765697  1.523587e-01 0.99599999999999999997
1  1.05e+00  0.1758746821  1.523587e-01 0.99599999999999999997
1  1.10e+00  0.1758735466  1.523587e-01 0.99599999999999999997
1  1.15e+00  0.1758751808  1.523587e-01 0.99599999999999999997
1  1.20e+00  0.175838465  1.523587e-01 0.99599999999999999997
1  1.26e+00  0.1758735487  1.523587e-01 0.99599999999999999997
1  1.32e+00  0.1758768915  1.523587e-01 0.99599999999999999997
1  1.38e+00  0.175873813  1.523587e-01 0.99599999999999999997
1  1.45e+00  0.1758750594  1.523587e-01 0.99599999999999999997
1  1.51e+00  0.1758781352  1.523587e-01 0.99599999999999999997
1  1.58e+00  0.1758633332  1.523587e-01 0.99599999999999999997
1  1.66e+00  0.1758761093  1.523587e-01 0.99599999999999999997
1  1.74e+00  0.1758736882  1.523587e-01 0.99599999999999999997
1  1.82e+00  0.1758785444  1.523587e-01 0.99599999999999999997
1  1.91e+00  0.1758774928  1.523587e-01 0.99599999999999999997
1  2.00e+00  0.1758787461  1.523587e-01 0.99599999999999999997
1  2.09e+00  0.1758788232  1.523587e-01 0.99599999999999999997
1  2.19e+00  0.1758785916  1.523587e-01 0.99599999999999999997
1  2.29e+00  0.1758894486  1.523587e-01 0.99599999999999999997
1  2.40e+00  0.1758783652  1.523587e-01 0.99599999999999999997
1  2.51e+00  0.1758749795  1.523587e-01 0.99599999999999999997
1  2.63e+00  0.1758914572  1.523587e-01 0.99599999999999999997
1  2.75e+00  0.1758879471  1.523587e-01 0.99599999999999999997
1  2.88e+00  0.175878127  1.523587e-01 0.99599999999999999997
1  3.02e+00  0.1758741701  1.523587e-01 0.99599999999999999997
1  3.16e+00  0.1758760935  1.523587e-01 0.99599999999999999997
1  3.31e+00  0.1758797968  1.523587e-01 0.99599999999999999997
1  3.47e+00  0.1758764319  1.523587e-01 0.99599999999999999997
1  3.63e+00  0.175878293  1.523587e-01 0.99599999999999999997
1  3.80e+00  0.1758736874  1.523587e-01 0.99599999999999999997
1  3.98e+00  0.1758787632  1.523587e-01 0.99599999999999999997
1  4.17e+00  0.1758864069  1.523587e-01 0.99599999999999999997
1  4.37e+00  0.1758805954  1.523587e-01 0.99599999999999999997
1  4.57e+00  0.1758866427  1.523587e-01 0.99599999999999999997
1  4.79e+00  0.1758885611  1.523587e-01 0.99599999999999999997
1  5.01e+00  0.1758778373  1.523587e-01 0.99599999999999999997
1  5.25e+00  0.1758812391  1.523587e-01 0.99599999999999999997
1  5.50e+00  0.175880421  1.523587e-01 0.99599999999999999997
1  5.75e+00  0.1758723799  1.523587e-01 0.99599999999999999997
1  6.03e+00  0.1758866479  1.523587e-01 0.99599999999999999997
1  6.31e+00  0.1758906577  1.523587e-01 0.99599999999999999997
1  6.61e+00  0.175883647  1.523587e-01 0.99599999999999999997
1  6.92e+00  0.1758803304  1.523587e-01 0.99599999999999999997
1  7.24e+00  0.1758768914  1.523587e-01 0.99599999999999999997
1  7.59e+00  0.1758278655  1.523587e-01 0.99599999999999999997
1  7.94e+00  0.1759003447  1.523587e-01 0.99599999999999999997
1  8.32e+00  0.1758807523  1.523587e-01 0.99599999999999999997
1  8.71e+00  0.1758770657  1.523587e-01 0.99599999999999999997
1  9.12e+00  0.1759264356  1.523587e-01 0.99599999999999999997
1  9.55e+00  0.1758810555  1.523587e-01 0.99599999999999999997
1  1.00e+01  0.1758948172  1.523587e-01 0.99599999999999999997
1  1.05e+01  0.175873014  1.523587e-01 0.99599999999999999997
1  1.10e+01  0.1759072097  1.523587e-01 0.99599999999999999997
1  1.15e+01  0.1759052385  1.523587e-01 0.99599999999999999997
1  1.20e+01  0.1759009149  1.523587e-01 0.99599999999999999997
1  1.26e+01  0.1758762683  1.523587e-01 0.99599999999999999997
1  1.32e+01  0.1759144407  1.523587e-01 0.99599999999999999997
1  1.38e+01  0.1759020786  1.523587e-01 0.99599999999999999997
1  1.45e+01  0.1759072088  1.523587e-01 0.99599999999999999997
1  1.51e+01  0.1758771119  1.523587e-01 0.99599999999999999997
1  1.58e+01  0.1758753644  1.523587e-01 0.99599999999999999997
1  1.66e+01  0.1758947379  1.523587e-01 0.99599999999999999997
1  1.74e+01  0.1758077216  1.523587e-01 0.99599999999999999997
1  1.82e+01  0.1759018192  1.523587e-01 0.99599999999999999997
1  1.91e+01  0.1759104256  1.523587e-01 0.99599999999999999997
1  2.00e+01  0.1759624117  1.523587e-01 0.99599999999999999997
1  2.09e+01  0.1759603385  1.523587e-01 0.99599999999999999997
1  2.19e+01  0.175789123  1.523587e-01 0.99599999999999999997
1  2.29e+01  0.17589614  1.523587e-01 0.99599999999999999997
1  2.40e+01  0.1760622544  1.523587e-01 0.99599999999999999997
1  2.51e+01  0.1762117285  1.523587e-01 0.99599999999999999997
1  2.63e+01  0.1759317015  1.523587e-01 0.99599999999999999997
1  2.75e+01  0.1759900334  1.523587e-01 0.99599999999999999997
1  2.88e+01  0.1760271744  1.523587e-01 0.99599999999999999997
1  3.02e+01  0.1758528433  1.523587e-01 0.99599999999999999997
1  3.16e+01  0.175944826  1.523587e-01 0.99599999999999999997
1  3.31e+01  0.1759246248  1.523587e-01 0.99599999999999999997
1  3.47e+01  0.1760821476  1.523587e-01 0.99599999999999999997
1  3.63e+01  0.1759251805  1.523587e-01 0.99599999999999999997
1  3.80e+01  0.1759727916  1.523587e-01 0.99599999999999999997
1  3.98e+01  0.1759092808  1.523587e-01 0.99599999999999999997
1  4.17e+01  0.1758042565  1.523587e-01 0.99599999999999999997
1  4.37e+01  0.1758837814  1.523587e-01 0.99599999999999999997
1  4.57e+01  0.1760276508  1.523587e-01 0.99599999999999999997
1  4.79e+01  0.1758531879  1.523587e-01 0.99599999999999999997
1  5.01e+01  0.1758759534  1.523587e-01 0.99599999999999999997
1  5.25e+01  0.1759542246  1.523587e-01 0.99599999999999999997
1  5.50e+01  0.1759363752  1.523587e-01 0.99599999999999999997
1  5.75e+01  0.1761182492  1.523587e-01 0.99599999999999999997
1  6.03e+01  0.1760153417  1.523587e-01 0.99599999999999999997
1  6.31e+01  0.1760619969  1.523587e-01 0.99599999999999999997
1  6.61e+01  0.1760735607  1.523587e-01 0.99599999999999999997
1  6.92e+01  0.1759389575  1.523587e-01 0.99599999999999999997
1  7.24e+01  0.1760412282  1.523587e-01 0.99599999999999999997
1  7.59e+01  0.1759541678  1.523587e-01 0.99599999999999999997
1  7.94e+01  0.1761108883  1.523587e-01 0.99599999999999999997
1  8.32e+01  0.175949168  1.523587e-01 0.99599999999999999997
1  8.71e+01  0.1761516083  1.523587e-01 0.99599999999999999997
1  9.12e+01  0.1758791541  1.523587e-01 0.99599999999999999997
1  9.55e+01  0.1761892784  1.523587e-01 0.99599999999999999997
1  1.00e+02  0.17586072  1.523587e-01 0.99599999999999999997
1  1.05e+02  0.1762388269  1.523587e-01 0.99599999999999999997
1  1.10e+02  0.1759248454  1.523587e-01 0.99599999999999999997
1  1.15e+02  0.1759124819  1.523587e-01 0.99599999999999999997
1  1.20e+02  0.1760037227  1.523587e-01 0.99599999999999999997
1  1.26e+02  0.1762752815  1.523587e-01 0.99599999999999999997
1  1.32e+02  0.1758806881  1.523587e-01 0.99599999999999999997
1  1.38e+02  0.1763393445  1.523587e-01 0.99599999999999999997
1  1.45e+02  0.1759025435  1.523587e-01 0.99599999999999999997
1  1.51e+02  0.1763661114  1.523587e-01 0.99599999999999999997
1  1.58e+02  0.1757999963  1.523587e-01 0.99599999999999999997
1  1.66e+02  0.1763349792  1.523587e-01 0.99599999999999999997
1  1.74e+02  0.1762652541  1.523587e-01 0.99599999999999999997
1  1.82e+02  0.1758625016  1.523587e-01 0.99599999999999999997
1  1.91e+02  0.1758974134  1.523587e-01 0.99599999999999999997
1  2.00e+02  0.1758933851  1.523587e-01 0.99599999999999999997
1  2.09e+02  0.1761335296  1.523587e-01 0.99599999999999999997
1  2.19e+02  0.1765251045  1.523587e-01 0.99599999999999999997
1  2.29e+02  0.1761369826  1.523587e-01 0.99599999999999999997
1  2.40e+02  0.175954604  1.523587e-01 0.99599999999999999997
1  2.51e+02  0.1758513774  1.523587e-01 0.99599999999999999997
1  2.63e+02  0.1762777566  1.523587e-01 0.99599999999999999997
1  2.75e+02  0.1764793067  1.523587e-01 0.99599999999999999997
1  2.88e+02  0.1767504396  1.523587e-01 0.99599999999999999997
1  3.02e+02  0.1767783241  1.523587e-01 0.99599999999999999997
1  3.16e+02  0.1765282904  1.523587e-01 0.99599999999999999997
1  3.31e+02  0.1760947073  1.523587e-01 0.99599999999999999997
1  3.47e+02  0.1758857287  1.523587e-01 0.99599999999999999997
1  3.63e+02  0.1760165216  1.523587e-01 0.99599999999999999997
1  3.80e+02  0.1768311261  1.523587e-01 0.99599999999999999997
1  3.98e+02  0.1759231311  1.523587e-01 0.99599999999999999997
1  4.17e+02  0.1760926596  1.523587e-01 0.99599999999999999997
1  4.37e+02  0.1760113491  1.523587e-01 0.99599999999999999997
1  4.57e+02  0.1773751673  1.523587e-01 0.99599999999999999997
1  4.79e+02  0.176140022  1.523587e-01 0.99599999999999999997
1  5.01e+02  0.1762386187  1.523587e-01 0.99599999999999999997
1  5.25e+02  0.1774404645  1.523587e-01 0.99599999999999999997
1  5.50e+02  0.1760347649  1.523587e-01 0.99599999999999999997
1  5.75e+02  0.1770626443  1.523587e-01 0.99599999999999999997
1  6.03e+02  0.176798551  1.523587e-01 0.99599999999999999997
1  6.31e+02  0.1758588344  1.523587e-01 0.99599999999999999997
1  6.61e+02  0.1777379091  1.523587e-01 0.99599999999999999997
1  6.92e+02  0.1779484272  1.523587e-01 0.99599999999999999997
1  7.24e+02  0.1781139001  1.523587e-01 0.99599999999999999997
1  7.59e+02  0.1765549198  1.523587e-01 0.99599999999999999997
1  7.94e+02  0.1785019979  1.523587e-01 0.99599999999999999997
1  8.32e+02  0.1765881348  1.523587e-01 0.99599999999999999997
1  8.71e+02  0.1766009406  1.523587e-01 0.99599999999999999997
1  9.12e+02  0.1801592119  1.523587e-01 0.99599999999999999997
1  9.55e+02  0.1758080999  1.523587e-01 0.99599999999999999997
1  1.00e+03  0.1763827549  1.523587e-01 0.99599999999999999997
1  1.05e+03  0.1774737758  1.523587e-01 0.99599999999999999997
1  1.10e+03  0.1799761341  1.523587e-01 0.99599999999999999997
1  1.15e+03  0.1762198116  1.523587e-01 0.99599999999999999997
1  1.20e+03  0.1805709346  1.523587e-01 0.99599999999999999997
1  1.26e+03  0.1793846215  1.523587e-01 0.99599999999999999997
1  1.32e+03  0.1738663934  1.523587e-01 0.99599999999999999997
1  1.38e+03  0.1704804532  1.523587e-01 0.99599999999999999997
1  1.45e+03  0.1843126474  1.523587e-01 0.99599999999999999997
1  1.51e+03  0.1746848789  1.523587e-01 0.99599999999999999997
1  1.58e+03  0.181892787  1.523587e-01 0.99599999999999999997
1  1.66e+03  0.1875457111  1.523587e-01 0.99599999999999999997
1  1.74e+03  0.1763601584  1.523587e-01 0.99599999999999999997
1  1.82e+03  0.1642737519  1.523587e-01 0.99599999999999999997
1  1.91e+03  0.1785891835  1.523587e-01 0.99599999999999999997
1  2.00e+03  0.1494710283  1.523587e-01 0.99599999999999999997
1  2.09e+03  0.1617969564  1.523587e-01 0.99599999999999999997
1  2.19e+03  0.1870103242  1.523587e-01 0.99599999999999999997
1  2.29e+03  0.2045741115  1.523587e-01 0.99599999999999999997
1  2.40e+03  0.2129797475  1.523587e-01 0.99599999999999999997
1  2.51e+03  0.18294264  1.523587e-01 0.99599999999999999997
1  2.63e+03  0.2001743796  1.523587e-01 0.99599999999999999997
1  2.75e+03  0.2427949921  1.523587e-01 0.99599999999999999997
1  2.88e+03  0.2189030659  1.523587e-01 0.99599999999999999997
1  3.02e+03  0.1706304379  1.523587e-01 0.99599999999999999997
1  3.16e+03  0.2054660279  1.523587e-01 0.99599999999999999997
1  3.31e+03  0.2195532985  1.523587e-01 0.99599999999999999997
1  3.47e+03  0.1978505277  1.523587e-01 0.99599999999999999997
1  3.63e+03  0.1428101643  1.523587e-01 0.99599999999999999997
1  3.80e+03  0.1108592654  1.523587e-01 0.99599999999999999997
1  3.98e+03  0.1861472029  1.523587e-01 0.99599999999999999997
1  4.17e+03  0.1256885001  1.523587e-01 0.99599999999999999997
1  4.37e+03  0.1432407906  1.523587e-01 0.99599999999999999997
1  4.57e+03  0.1016267499  1.523587e-01 0.99599999999999999997
1  4.79e+03  0.1766447895  1.523587e-01 0.99599999999999999997
1  5.01e+03  0.1301940264  1.523587e-01 0.99599999999999999997
1  5.25e+03  0.08861264378  1.523587e-01 0.99599999999999999997
1  5.50e+03  0.09117892493  1.523587e-01 0.99599999999999999997
1  5.75e+03  0.1074768347  1.523587e-01 0.99599999999999999997
1  6.03e+03  0.1014040932  1.523587e-01 0.99599999999999999997
1  6.31e+03  0.07728212212  1.523587e-01 0.99599999999999999997
1  6.61e+03  0.164537062  1.523587e-01 0.99599999999999999997
1  6.92e+03  0.2921765747  1.523587e-01 0.99599999999999999997
1  7.24e+03  0.2031142982  1.523587e-01 0.99599999999999999997
1  7.59e+03  0.1538766677  1.523587e-01 0.99599999999999999997
1  7.94e+03  0.3318693059  1.523587e-01 0.99599999999999999997
1  8.32e+03  0.1408279568  1.523587e-01 0.99599999999999999997
1  8.71e+03  0.3462858846  1.523587e-01 0.99599999999999999997
1  9.12e+03  0.223943778  1.523587e-01 0.99599999999999999997
1  9.55e+03  0.1920887183  1.523587e-01 0.99599999999999999997
1  1.00e+04  0.3770752605  1.523587e-01 0.99599999999999999997
1  1.05e+04  0.2689651954  1.523587e-01 0.99599999999999999997
1  1.10e+04  0.2189133716  1.523587e-01 0.99599999999999999997
1  1.15e+04  0.1820591674  1.523587e-01 0.99599999999999999997
1  1.20e+04  0.3317591817  1.523587e-01 0.99599999999999999997
1  1.26e+04  0.3461767242  1.523587e-01 0.99599999999999999997
1  1.32e+04  0.3840602098  1.523587e-01 0.99599999999999999997
1  1.38e+04  0.3734379024  1.523587e-01 0.99599999999999999997
1  1.45e+04  0.3834555735  1.523587e-01 0.99599999999999999997
1  1.51e+04  0.3713182571  1.523587e-01 0.99599999999999999997
1  1.58e+04  0.3618951197  1.523587e-01 0.99599999999999999997
1  1.66e+04  0.326378093  1.523587e-01 0.99599999999999999997
1  1.74e+04  0.3070068182  1.523587e-01 0.99599999999999999997
1  1.82e+04  0.2747135188  1.523587e-01 0.99599999999999999997
1  1.91e+04  0.3341644536  1.523587e-01 0.99599999999999999997
1  2.00e+04  0.4596448849  1.523587e-01 0.99599999999999999997
1  2.09e+04  0.3131729028  1.523587e-01 0.99599999999999999997
1  2.19e+04  0.2894823201  1.523587e-01 0.99599999999999999997
1  2.29e+04  0.4685784873  1.523587e-01 0.99599999999999999997
1  2.40e+04  0.3322624766  1.523587e-01 0.99599999999999999997
1  2.51e+04  0.2780031899  1.523587e-01 0.99599999999999999997
1  2.63e+04  0.5049495744  1.523587e-01 0.99599999999999999997
1  2.75e+04  0.2614720011  1.523587e-01 0.99599999999999999997
1  2.88e+04  0.4896216325  1.523587e-01 0.99599999999999999997
1  3.02e+04  0.3101955425  1.523587e-01 0.99599999999999999997
1  3.16e+04  0.3936613334  1.523587e-01 0.99599999999999999997
1  3.31e+04  0.3606983179  1.523587e-01 0.99599999999999999997
1  3.47e+04  0.4896075249  1.523587e-01 0.99599999999999999997
1  3.63e+04  0.2316516639  1.523587e-01 0.99599999999999999997
1  3.80e+04  0.5330784332  1.523587e-01 0.99599999999999999997
1  3.98e+04  0.2329098986  1.523587e-01 0.99599999999999999997
1  4.17e+04  0.5233169394  1.523587e-01 0.99599999999999999997
1  4.37e+04  0.3161174397  1.523587e-01 0.99599999999999999997
1  4.57e+04  0.301408221  1.523587e-01 0.99599999999999999997
1  4.79e+04  0.5205134647  1.523587e-01 0.99599999999999999997
1  5.01e+04  0.3116951649  1.523587e-01 0.99599999999999999997
1  5.25e+04  0.2566690866  1.523587e-01 0.99599999999999999997
1  5.50e+04  0.5377128145  1.523587e-01 0.99599999999999999997
1  5.75e+04  0.3291556248  1.523587e-01 0.99599999999999999997
1  6.03e+04  0.2549231911  1.523587e-01 0.99599999999999999997
1  6.31e+04  0.521644349  1.523587e-01 0.99599999999999999997
1  6.61e+04  0.3935221457  1.523587e-01 0.99599999999999999997
1  6.92e+04  0.1986689012  1.523587e-01 0.99599999999999999997
1  7.24e+04  0.3303034969  1.523587e-01 0.99599999999999999997
1  7.59e+04  0.4547337053  1.523587e-01 0.99599999999999999997
1  7.94e+04  0.3680198797  1.523587e-01 0.99599999999999999997
1  8.32e+04  0.2281330836  1.523587e-01 0.99599999999999999997
1  8.71e+04  0.2073143745  1.523587e-01 0.99599999999999999997
1  9.12e+04  0.3221276155  1.523587e-01 0.99599999999999999997
1  9.55e+04  0.4316885982  1.523587e-01 0.99599999999999999997
1  1.00e+05  0.3936591397  1.523587e-01 0.99599999999999999997
1  1.05e+05  0.2519550238  1.523587e-01 0.99599999999999999997
1  1.10e+05  0.1840117991  1.523587e-01 0.99599999999999999997
1  1.15e+05  0.271975439  1.523587e-01 0.99599999999999999997
1  1.20e+05  0.4130612201  1.523587e-01 0.99599999999999999997
1  1.26e+05  0.4574881894  1.523587e-01 0.99599999999999999997
1  1.32e+05  0.3708666736  1.523587e-01 0.99599999999999999997
1  1.38e+05  0.2446380452  1.523587e-01 0.99599999999999999997
1  1.45e+05  0.187659338  1.523587e-01 0.99599999999999999997
1  1.51e+05  0.2322773795  1.523587e-01 0.99599999999999999997
1  1.58e+05  0.3287916502  1.523587e-01 0.99599999999999999997
1  1.66e+05  0.4022172788  1.523587e-01 0.99599999999999999997
1  1.74e+05  0.4086141324  1.523587e-01 0.99599999999999999997
1  1.82e+05  0.3529763276  1.523587e-01 0.99599999999999999997
1  1.91e+05  0.2722210837  1.523587e-01 0.99599999999999999997
1  2.00e+05  0.2064734516  1.523587e-01 0.99599999999999999997
1  2.09e+05  0.1787919988  1.523587e-01 0.99599999999999999997
1  2.19e+05  0.1902258045  1.523587e-01 0.99599999999999999997
1  2.29e+05  0.2263723695  1.523587e-01 0.99599999999999999997
1  2.40e+05  0.267881274  1.523587e-01 0.99599999999999999997
1  2.51e+05  0.2989671291  1.523587e-01 0.99599999999999999997
1  2.63e+05  0.3114759737  1.523587e-01 0.99599999999999999997
1  2.75e+05  0.3048822097  1.523587e-01 0.99599999999999999997
1  2.88e+05  0.2839102398  1.523587e-01 0.99599999999999999997
1  3.02e+05  0.2555255879  1.523587e-01 0.99599999999999999997
1  3.16e+05  0.2264544658  1.523587e-01 0.99599999999999999997
1  3.31e+05  0.2017045728  1.523587e-01 0.99599999999999999997
1  3.47e+05  0.1840576657  1.523587e-01 0.99599999999999999997
1  3.63e+05  0.174253649  1.523587e-01 0.99599999999999999997
1  3.80e+05  0.1715348227  1.523587e-01 0.99599999999999999997
1  3.98e+05  0.1742806308  1.523587e-01 0.99599999999999999997
1  4.17e+05  0.1805634902  1.523587e-01 0.99599999999999999997
1  4.37e+05  0.1885492485  1.523587e-01 0.99599999999999999997
1  4.57e+05  0.1967319757  1.523587e-01 0.99599999999999999997
1  4.79e+05  0.2040298292  1.523587e-01 0.99599999999999999997
1  5.01e+05  0.2097827928  1.523587e-01 0.99599999999999999997
1  5.25e+05  0.2136925337  1.523587e-01 0.99599999999999999997
1  5.50e+05  0.2157367907  1.523587e-01 0.99599999999999999997
1  5.75e+05  0.2160807123  1.523587e-01 0.99599999999999999997
1  6.03e+05  0.2149983585  1.523587e-01 0.99599999999999999997
1  6.31e+05  0.2128104304  1.523587e-01 0.99599999999999999997
1  6.61e+05  0.2097742851  1.523587e-01 0.99599999999999999997
1  6.92e+05  0.2062610946  1.523587e-01 0.99599999999999999997
1  7.24e+05  0.2025217856  1.523587e-01 0.99599999999999999997
1  7.59e+05  0.1987579153  1.523587e-01 0.99599999999999999997
1  7.94e+05  0.1951218007  1.523587e-01 0.99599999999999999997
1  8.32e+05  0.1917207368  1.523587e-01 0.99599999999999999997
1  8.71e+05  0.1886233704  1.523587e-01 0.99599999999999999997
1  9.12e+05  0.1858759169  1.523587e-01 0.99599999999999999997
1  9.55e+05  0.1834722121  1.523587e-01 0.99599999999999999997
1  1.00e+06  0.181416794  1.523587e-01 0.99599999999999999997
1  1.05e+06  0.1796917593  1.523587e-01 0.99599999999999999997
1  1.10e+06  0.1782711342  1.523587e-01 0.99599999999999999997
1  1.15e+06  0.177124406  1.523587e-01 0.99599999999999999997
1  1.20e+06  0.176219189  1.523587e-01 0.99599999999999999997
1  1.26e+06  0.1755231525  1.523587e-01 0.99599999999999999997
1  1.32e+06  0.1750053446  1.523587e-01 0.99599999999999999997
1  1.38e+06  0.1746370367  1.523587e-01 0.99599999999999999997
1  1.45e+06  0.1743922033  1.523587e-01 0.99599999999999999997
1  1.51e+06  0.1742477324  1.523587e-01 0.99599999999999999997
1  1.58e+06  0.1741834441  1.523587e-01 0.99599999999999999997
1  1.66e+06  0.1741819802  1.523587e-01 0.99599999999999999997
1  1.74e+06  0.1742286113  1.523587e-01 0.99599999999999999997
1  1.82e+06  0.1743133198  1.523587e-01 0.99599999999999999997
1  1.91e+06  0.1744210504  1.523587e-01 0.99599999999999999997
1  2.00e+06  0.1745460087  1.523587e-01 0.99599999999999999997
1  2.09e+06  0.1746814714  1.523587e-01 0.99599999999999999997
1  2.19e+06  0.1748220972  1.523587e-01 0.99599999999999999997
1  2.29e+06  0.1749637122  1.523587e-01 0.99599999999999999997
1  2.40e+06  0.1751031184  1.523587e-01 0.99599999999999999997
1  2.51e+06  0.1752379258  1.523587e-01 0.99599999999999999997
1  2.63e+06  0.1753664059  1.523587e-01 0.99599999999999999997
1  2.75e+06  0.175487367  1.523587e-01 0.99599999999999999997
1  2.88e+06  0.1756000476  1.523587e-01 0.99599999999999999997
1  3.02e+06  0.1757040267  1.523587e-01 0.99599999999999999997
1  3.16e+06  0.1757991496  1.523587e-01 0.99599999999999999997
1  3.31e+06  0.1758854659  1.523587e-01 0.99599999999999999997
1  3.47e+06  0.1759631788  1.523587e-01 0.99599999999999999997
1  3.63e+06  0.1760331855  1.523587e-01 0.99599999999999999997
1  3.80e+06  0.1760946668  1.523587e-01 0.99599999999999999997
1  3.98e+06  0.1761487074  1.523587e-01 0.99599999999999999997
1  4.17e+06  0.1761957862  1.523587e-01 0.99599999999999999997
1  4.37e+06  0.1762363971  1.523587e-01 0.99599999999999999997
1  4.57e+06  0.1762710368  1.523587e-01 0.99599999999999999997
1  4.79e+06  0.1763001949  1.523587e-01 0.99599999999999999997
1  5.01e+06  0.1763243472  1.523587e-01 0.99599999999999999997
1  5.25e+06  0.1763439501  1.523587e-01 0.99599999999999999997
1  5.50e+06  0.1763594376  1.523587e-01 0.99599999999999999997
1  5.75e+06  0.1763712189  1.523587e-01 0.99599999999999999997
1  6.03e+06  0.1763796774  1.523587e-01 0.99599999999999999997
1  6.31e+06  0.1763851696  1.523587e-01 0.99599999999999999997
1  6.61e+06  0.176388026  1.523587e-01 0.99599999999999999997
1  6.92e+06  0.1763885513  1.523587e-01 0.99599999999999999997
1  7.24e+06  0.1763871707  1.523587e-01 0.99599999999999999997
1  7.59e+06  0.1763838362  1.523587e-01 0.99599999999999999997
1  7.94e+06  0.1763789405  1.523587e-01 0.99599999999999999997
1  8.32e+06  0.1763726957  1.523587e-01 0.99599999999999999997
1  8.71e+06  0.1763652936  1.523587e-01 0.99599999999999999997
1  9.12e+06  0.1763569078  1.523587e-01 0.99599999999999999997
1  9.55e+06  0.1763476946  1.523587e-01 0.99599999999999999997
1  1.00e+07  0.1763377943  1.523587e-01 0.99599999999999999997
