1  1.00e-03  0.3746028142 -10.550539999999998 1.00100000000000000002
1  1.05e-03  0.3746028123 -10.550539999999998 1.00100000000000000002
1  1.10e-03  0.3746028204 -10.550539999999998 1.00100000000000000002
1  1.15e-03  0.3746028205 -10.550539999999998 1.00100000000000000002
1  1.20e-03  0.374602819 -10.550539999999998 1.00100000000000000002
1  1.26e-03  0.3746028196 -10.550539999999998 1.00100000000000000002
1  1.32e-03  0.3746028131 -10.550539999999998 1.00100000000000000002
1  1.38e-03  0.3746028116 -10.550539999999998 1.00100000000000000002
1  1.45e-03  0.3746028189 -10.550539999999998 1.00100000000000000002
1  1.51e-03  0.3746028154 -10.550539999999998 1.00100000000000000002
1  1.58e-03  0.3746028138 -10.550539999999998 1.00100000000000000002
1  1.66e-03  0.3746028189 -10.550539999999998 1.00100000000000000002
1  1.74e-03  0.3746028184 -10.550539999999998 1.00100000000000000002
1  1.82e-03  0.3746027966 -10.550539999999998 1.00100000000000000002
1  1.91e-03  0.3746028168 -10.550539999999998 1.00100000000000000002
1  2.00e-03  0.374602808 -10.550539999999998 1.00100000000000000002
1  2.09e-03  0.3746028128 -10.550539999999998 1.00100000000000000002
1  2.19e-03  0.3746028131 -10.550539999999998 1.00100000000000000002
1  2.29e-03  0.3746028144 -10.550539999999998 1.00100000000000000002
1  2.40e-03  0.3746028199 -10.550539999999998 1.00100000000000000002
1  2.51e-03  0.3746028144 -10.550539999999998 1.00100000000000000002
1  2.63e-03  0.3746028135 -10.550539999999998 1.00100000000000000002
1  2.75e-03  0.3746028102 -10.550539999999998 1.00100000000000000002
1  2.88e-03  0.374602808 -10.550539999999998 1.00100000000000000002
1  3.02e-03  0.3746028134 -10.550539999999998 1.00100000000000000002
1  3.16e-03  0.3746028134 -10.550539999999998 1.00100000000000000002
1  3.31e-03  0.3746028151 -10.550539999999998 1.00100000000000000002
1  3.47e-03  0.3746028137 -10.550539999999998 1.00100000000000000002
1  3.63e-03  0.3746028113 -10.550539999999998 1.00100000000000000002
1  3.80e-03  0.3746028129 -10.550539999999998 1.00100000000000000002
1  3.98e-03  0.3746028182 -10.550539999999998 1.00100000000000000002
1  4.17e-03  0.3746028093 -10.550539999999998 1.00100000000000000002
1  4.37e-03  0.3746028182 -10.550539999999998 1.00100000000000000002
1  4.57e-03  0.3746028172 -10.550539999999998 1.00100000000000000002
1  4.79e-03  0.3746028045 -10.550539999999998 1.00100000000000000002
1  5.01e-03  0.374602798 -10.550539999999998 1.00100000000000000002
1  5.25e-03  0.374602812 -10.550539999999998 1.00100000000000000002
1  5.50e-03  0.3746028114 -10.550539999999998 1.00100000000000000002
1  5.75e-03  0.3746027993 -10.550539999999998 1.00100000000000000002
1  6.03e-03  0.3746028154 -10.550539999999998 1.00100000000000000002
1  6.31e-03  0.3746028061 -10.550539999999998 1.00100000000000000002
1  6.61e-03  0.3746028135 -10.550539999999998 1.00100000000000000002
1  6.92e-03  0.3746028024 -10.550539999999998 1.00100000000000000002
1  7.24e-03  0.3746027972 -10.550539999999998 1.00100000000000000002
1  7.59e-03  0.3746028137 -10.550539999999998 1.00100000000000000002
1  7.94e-03  0.3746028008 -10.550539999999998 1.00100000000000000002
1  8.32e-03  0.3746028032 -10.550539999999998 1.00100000000000000002
1  8.71e-03  0.3746028109 -10.550539999999998 1.00100000000000000002
1  9.12e-03  0.3746028861 -10.550539999999998 1.00100000000000000002
1  9.55e-03  0.3746027926 -10.550539999999998 1.00100000000000000002
1  1.00e-02  0.3746028057 -10.550539999999998 1.00100000000000000002
1  1.05e-02  0.3746027994 -10.550539999999998 1.00100000000000000002
1  1.10e-02  0.3746027885 -10.550539999999998 1.00100000000000000002
1  1.15e-02  0.3746027945 -10.550539999999998 1.00100000000000000002
1  1.20e-02  0.3746027926 -10.550539999999998 1.00100000000000000002
1  1.26e-02  0.3746027983 -10.550539999999998 1.00100000000000000002
1  1.32e-02  0.3746027916 -10.550539999999998 1.00100000000000000002
1  1.38e-02  0.3746027983 -10.550539999999998 1.00100000000000000002
1  1.45e-02  0.3746027904 -10.550539999999998 1.00100000000000000002
1  1.51e-02  0.3746027882 -10.550539999999998 1.00100000000000000002
1  1.58e-02  0.3746027933 -10.550539999999998 1.00100000000000000002
1  1.66e-02  0.3746028054 -10.550539999999998 1.00100000000000000002
1  1.74e-02  0.3746027793 -10.550539999999998 1.00100000000000000002
1  1.82e-02  0.3746027959 -10.550539999999998 1.00100000000000000002
1  1.91e-02  0.3746027597 -10.550539999999998 1.00100000000000000002
1  2.00e-02  0.3746027806 -10.550539999999998 1.00100000000000000002
1  2.09e-02  0.3746028064 -10.550539999999998 1.00100000000000000002
1  2.19e-02  0.3746028034 -10.550539999999998 1.00100000000000000002
1  2.29e-02  0.3746028431 -10.550539999999998 1.00100000000000000002
1  2.40e-02  0.3746028221 -10.550539999999998 1.00100000000000000002
1  2.51e-02  0.3746026986 -10.550539999999998 1.00100000000000000002
1  2.63e-02  0.3746027285 -10.550539999999998 1.00100000000000000002
1  2.75e-02  0.3746027097 -10.550539999999998 1.00100000000000000002
1  2.88e-02  0.3746026739 -10.550539999999998 1.00100000000000000002
1  3.02e-02  0.374602699 -10.550539999999998 1.00100000000000000002
1  3.16e-02  0.3746027968 -10.550539999999998 1.00100000000000000002
1  3.31e-02  0.3746027823 -10.550539999999998 1.00100000000000000002
1  3.47e-02  0.3746027639 -10.550539999999998 1.00100000000000000002
1  3.63e-02  0.3746027846 -10.550539999999998 1.00100000000000000002
1  3.80e-02  0.3746027831 -10.550539999999998 1.00100000000000000002
1  3.98e-02  0.3746027745 -10.550539999999998 1.00100000000000000002
1  4.17e-02  0.3746027216 -10.550539999999998 1.00100000000000000002
1  4.37e-02  0.3746026401 -10.550539999999998 1.00100000000000000002
1  4.57e-02  0.3746026803 -10.550539999999998 1.00100000000000000002
1  4.79e-02  0.3746027825 -10.550539999999998 1.00100000000000000002
1  5.01e-02  0.3745225799 -10.550539999999998 1.00100000000000000002
1  5.25e-02  0.3746027053 -10.550539999999998 1.00100000000000000002
1  5.50e-02  0.3746027311 -10.550539999999998 1.00100000000000000002
1  5.75e-02  0.3746026441 -10.550539999999998 1.00100000000000000002
1  6.03e-02  0.3746026601 -10.550539999999998 1.00100000000000000002
1  6.31e-02  0.374603078 -10.550539999999998 1.00100000000000000002
1  6.61e-02  0.3746026237 -10.550539999999998 1.00100000000000000002
1  6.92e-02  0.3746025318 -10.550539999999998 1.00100000000000000002
1  7.24e-02  0.3746026874 -10.550539999999998 1.00100000000000000002
1  7.59e-02  0.374602387 -10.550539999999998 1.00100000000000000002
1  7.94e-02  0.3746027619 -10.550539999999998 1.00100000000000000002
1  8.32e-02  0.3746019103 -10.550539999999998 1.00100000000000000002
1  8.71e-02  0.3746025062 -10.550539999999998 1.00100000000000000002
1  9.12e-02  0.3746025615 -10.550539999999998 1.00100000000000000002
1  9.55e-02  0.374602282 -10.550539999999998 1.00100000000000000002
1  1.00e-01  0.3746024014 -10.550539999999998 1.00100000000000000002
1  1.05e-01  0.374596831 -10.550539999999998 1.00100000000000000002
1  1.10e-01  0.3746025323 -10.550539999999998 1.00100000000000000002
1  1.15e-01  0.3746026531 -10.550539999999998 1.00100000000000000002
1  1.20e-01  0.3746023964 -10.550539999999998 1.00100000000000000002
1  1.26e-01  0.374602475 -10.550539999999998 1.00100000000000000002
1  1.32e-01  0.3746027337 -10.550539999999998 1.00100000000000000002
1  1.38e-01  0.3746026016 -10.550539999999998 1.00100000000000000002
1  1.45e-01  0.3746025184 -10.550539999999998 1.00100000000000000002
1  1.51e-01  0.374602514 -10.550539999999998 1.00100000000000000002
1  1.58e-01  0.3746033935 -10.550539999999998 1.00100000000000000002
1  1.66e-01  0.3746018595 -10.550539999999998 1.00100000000000000002
1  1.74e-01  0.3746024182 -10.550539999999998 1.00100000000000000002
1  1.82e-01  0.3746022136 -10.550539999999998 1.00100000000000000002
1  1.91e-01  0.3746023191 -10.550539999999998 1.00100000000000000002
1  2.00e-01  0.3746021909 -10.550539999999998 1.00100000000000000002
1  2.09e-01  0.3746027043 -10.550539999999998 1.00100000000000000002
1  2.19e-01  0.3746027036 -10.550539999999998 1.00100000000000000002
1  2.29e-01  0.3746022499 -10.550539999999998 1.00100000000000000002
1  2.40e-01  0.3746022598 -10.550539999999998 1.00100000000000000002
1  2.51e-01  0.3746025683 -10.550539999999998 1.00100000000000000002
1  2.63e-01  0.3746020751 -10.550539999999998 1.00100000000000000002
1  2.75e-01  0.3746022573 -10.550539999999998 1.00100000000000000002
1  2.88e-01  0.3746019236 -10.550539999999998 1.00100000000000000002
1  3.02e-01  0.3746021052 -10.550539999999998 1.00100000000000000002
1  3.16e-01  0.3746022002 -10.550539999999998 1.00100000000000000002
1  3.31e-01  0.37460262 -10.550539999999998 1.00100000000000000002
1  3.47e-01  0.3746020466 -10.550539999999998 1.00100000000000000002
1  3.63e-01  0.3746017173 -10.550539999999998 1.00100000000000000002
1  3.80e-01  0.3746018631 -10.550539999999998 1.00100000000000000002
1  3.98e-01  0.3746020032 -10.550539999999998 1.00100000000000000002
1  4.17e-01  0.3746024896 -10.550539999999998 1.00100000000000000002
1  4.37e-01  0.3746023411 -10.550539999999998 1.00100000000000000002
1  4.57e-01  0.3746041614 -10.550539999999998 1.00100000000000000002
1  4.79e-01  0.3746021746 -10.550539999999998 1.00100000000000000002
1  5.01e-01  0.3746027021 -10.550539999999998 1.00100000000000000002
1  5.25e-01  0.3746026105 -10.550539999999998 1.00100000000000000002
1  5.50e-01  0.3746028814 -10.550539999999998 1.00100000000000000002
1  5.75e-01  0.3746010563 -10.550539999999998 1.00100000000000000002
1  6.03e-01  0.374602338 -10.550539999999998 1.00100000000000000002
1  6.31e-01  0.3746028179 -10.550539999999998 1.00100000000000000002
1  6.61e-01  0.3746010188 -10.550539999999998 1.00100000000000000002
1  6.92e-01  0.3746020446 -10.550539999999998 1.00100000000000000002
1  7.24e-01  0.374601228 -10.550539999999998 1.00100000000000000002
1  7.59e-01  0.3746018989 -10.550539999999998 1.00100000000000000002
1  7.94e-01  0.3746016197 -10.550539999999998 1.00100000000000000002
1  8.32e-01  0.3746019141 -10.550539999999998 1.00100000000000000002
1  8.71e-01  0.3745930075 -10.550539999999998 1.00100000000000000002
1  9.12e-01  0.3746071278 -10.550539999999998 1.00100000000000000002
1  9.55e-01  0.3745700615 -10.550539999999998 1.00100000000000000002
1  1.00e+00  0.3746010917 -10.550539999999998 1.00100000000000000002
1  1.05e+00  0.3746002585 -10.550539999999998 1.00100000000000000002
1  1.10e+00  0.3746017865 -10.550539999999998 1.00100000000000000002
1  1.15e+00  0.3746019574 -10.550539999999998 1.00100000000000000002
1  1.20e+00  0.3746019904 -10.550539999999998 1.00100000000000000002
1  1.26e+00  0.3746077867 -10.550539999999998 1.00100000000000000002
1  1.32e+00  0.3746006509 -10.550539999999998 1.00100000000000000002
1  1.38e+00  0.3745964159 -10.550539999999998 1.00100000000000000002
1  1.45e+00  0.3745496647 -10.550539999999998 1.00100000000000000002
1  1.51e+00  0.3746002839 -10.550539999999998 1.00100000000000000002
1  1.58e+00  0.3746028835 -10.550539999999998 1.00100000000000000002
1  1.66e+00  0.3746002337 -10.550539999999998 1.00100000000000000002
1  1.74e+00  0.374594704 -10.550539999999998 1.00100000000000000002
1  1.82e+00  0.3746002721 -10.550539999999998 1.00100000000000000002
1  1.91e+00  0.3746016188 -10.550539999999998 1.00100000000000000002
1  2.00e+00  0.3745990215 -10.550539999999998 1.00100000000000000002
1  2.09e+00  0.3746016813 -10.550539999999998 1.00100000000000000002
1  2.19e+00  0.3746012994 -10.550539999999998 1.00100000000000000002
1  2.29e+00  0.3745982738 -10.550539999999998 1.00100000000000000002
1  2.40e+00  0.3746081598 -10.550539999999998 1.00100000000000000002
1  2.51e+00  0.3746016099 -10.550539999999998 1.00100000000000000002
1  2.63e+00  0.3745985386 -10.550539999999998 1.00100000000000000002
1  2.75e+00  0.3745979586 -10.550539999999998 1.00100000000000000002
1  2.88e+00  0.3745946617 -10.550539999999998 1.00100000000000000002
1  3.02e+00  0.3745751565 -10.550539999999998 1.00100000000000000002
1  3.16e+00  0.3746007711 -10.550539999999998 1.00100000000000000002
1  3.31e+00  0.3745739959 -10.550539999999998 1.00100000000000000002
1  3.47e+00  0.3745987416 -10.550539999999998 1.00100000000000000002
1  3.63e+00  0.3746184765 -10.550539999999998 1.00100000000000000002
1  3.80e+00  0.3746033455 -10.550539999999998 1.00100000000000000002
1  3.98e+00  0.3745936232 -10.550539999999998 1.00100000000000000002
1  4.17e+00  0.3745953063 -10.550539999999998 1.00100000000000000002
1  4.37e+00  0.3746016295 -10.550539999999998 1.00100000000000000002
1  4.57e+00  0.3745989207 -10.550539999999998 1.00100000000000000002
1  4.79e+00  0.3745984158 -10.550539999999998 1.00100000000000000002
1  5.01e+00  0.3746013931 -10.550539999999998 1.00100000000000000002
1  5.25e+00  0.3745909929 -10.550539999999998 1.00100000000000000002
1  5.50e+00  0.3745930216 -10.550539999999998 1.00100000000000000002
1  5.75e+00  0.3745586164 -10.550539999999998 1.00100000000000000002
1  6.03e+00  0.3745872231 -10.550539999999998 1.00100000000000000002
1  6.31e+00  0.3746020059 -10.550539999999998 1.00100000000000000002
1  6.61e+00  0.3746018696 -10.550539999999998 1.00100000000000000002
1  6.92e+00  0.3746002819 -10.550539999999998 1.00100000000000000002
1  7.24e+00  0.3746469515 -10.550539999999998 1.00100000000000000002
1  7.59e+00  0.3747160077 -10.550539999999998 1.00100000000000000002
1  7.94e+00  0.3745780779 -10.550539999999998 1.00100000000000000002
1  8.32e+00  0.3745913671 -10.550539999999998 1.00100000000000000002
1  8.71e+00  0.3745563365 -10.550539999999998 1.00100000000000000002
1  9.12e+00  0.3745973614 -10.550539999999998 1.00100000000000000002
1  9.55e+00  0.3745972302 -10.550539999999998 1.00100000000000000002
1  1.00e+01  0.3745937613 -10.550539999999998 1.00100000000000000002
1  1.05e+01  0.3745775637 -10.550539999999998 1.00100000000000000002
1  1.10e+01  0.3746153184 -10.550539999999998 1.00100000000000000002
1  1.15e+01  0.3744862179 -10.550539999999998 1.00100000000000000002
1  1.20e+01  0.3745981903 -10.550539999999998 1.00100000000000000002
1  1.26e+01  0.3745929482 -10.550539999999998 1.00100000000000000002
1  1.32e+01  0.3746180208 -10.550539999999998 1.00100000000000000002
1  1.38e+01  0.3745993848 -10.550539999999998 1.00100000000000000002
1  1.45e+01  0.374599884 -10.550539999999998 1.00100000000000000002
1  1.51e+01  0.3745731872 -10.550539999999998 1.00100000000000000002
1  1.58e+01  0.3745632748 -10.550539999999998 1.00100000000000000002
1  1.66e+01  0.3745596084 -10.550539999999998 1.00100000000000000002
1  1.74e+01  0.3747230244 -10.550539999999998 1.00100000000000000002
1  1.82e+01  0.3744356579 -10.550539999999998 1.00100000000000000002
1  1.91e+01  0.3746041949 -10.550539999999998 1.00100000000000000002
1  2.00e+01  0.3747476298 -10.550539999999998 1.00100000000000000002
1  2.09e+01  0.3745075578 -10.550539999999998 1.00100000000000000002
1  2.19e+01  0.3751930281 -10.550539999999998 1.00100000000000000002
1  2.29e+01  0.3741838522 -10.550539999999998 1.00100000000000000002
1  2.40e+01  0.374765236 -10.550539999999998 1.00100000000000000002
1  2.51e+01  0.3744011049 -10.550539999999998 1.00100000000000000002
1  2.63e+01  0.3741107663 -10.550539999999998 1.00100000000000000002
1  2.75e+01  0.3738528906 -10.550539999999998 1.00100000000000000002
1  2.88e+01  0.3741656497 -10.550539999999998 1.00100000000000000002
1  3.02e+01  0.3748550941 -10.550539999999998 1.00100000000000000002
1  3.16e+01  0.3747090222 -10.550539999999998 1.00100000000000000002
1  3.31e+01  0.3744014099 -10.550539999999998 1.00100000000000000002
1  3.47e+01  0.3756528249 -10.550539999999998 1.00100000000000000002
1  3.63e+01  0.3747240255 -10.550539999999998 1.00100000000000000002
1  3.80e+01  0.3746221122 -10.550539999999998 1.00100000000000000002
1  3.98e+01  0.3746274261 -10.550539999999998 1.00100000000000000002
1  4.17e+01  0.3746607106 -10.550539999999998 1.00100000000000000002
1  4.37e+01  0.3750558749 -10.550539999999998 1.00100000000000000002
1  4.57e+01  0.3749804836 -10.550539999999998 1.00100000000000000002
1  4.79e+01  0.3749485601 -10.550539999999998 1.00100000000000000002
1  5.01e+01  0.3746513262 -10.550539999999998 1.00100000000000000002
1  5.25e+01  0.3745450391 -10.550539999999998 1.00100000000000000002
1  5.50e+01  0.3744131549 -10.550539999999998 1.00100000000000000002
1  5.75e+01  0.3745139851 -10.550539999999998 1.00100000000000000002
1  6.03e+01  0.3740125616 -10.550539999999998 1.00100000000000000002
1  6.31e+01  0.3743062361 -10.550539999999998 1.00100000000000000002
1  6.61e+01  0.3744537734 -10.550539999999998 1.00100000000000000002
1  6.92e+01  0.3742705127 -10.550539999999998 1.00100000000000000002
1  7.24e+01  0.374515477 -10.550539999999998 1.00100000000000000002
1  7.59e+01  0.3749395026 -10.550539999999998 1.00100000000000000002
1  7.94e+01  0.3744438287 -10.550539999999998 1.00100000000000000002
1  8.32e+01  0.3744815098 -10.550539999999998 1.00100000000000000002
1  8.71e+01  0.374432402 -10.550539999999998 1.00100000000000000002
1  9.12e+01  0.374531088 -10.550539999999998 1.00100000000000000002
1  9.55e+01  0.3744527127 -10.550539999999998 1.00100000000000000002
1  1.00e+02  0.3742490529 -10.550539999999998 1.00100000000000000002
1  1.05e+02  0.3744461507 -10.550539999999998 1.00100000000000000002
1  1.10e+02  0.3746615888 -10.550539999999998 1.00100000000000000002
1  1.15e+02  0.3745805079 -10.550539999999998 1.00100000000000000002
1  1.20e+02  0.3745187049 -10.550539999999998 1.00100000000000000002
1  1.26e+02  0.3743920586 -10.550539999999998 1.00100000000000000002
1  1.32e+02  0.3745519127 -10.550539999999998 1.00100000000000000002
1  1.38e+02  0.374620499 -10.550539999999998 1.00100000000000000002
1  1.45e+02  0.3744692658 -10.550539999999998 1.00100000000000000002
1  1.51e+02  0.374441132 -10.550539999999998 1.00100000000000000002
1  1.58e+02  0.3746102844 -10.550539999999998 1.00100000000000000002
1  1.66e+02  0.3745080023 -10.550539999999998 1.00100000000000000002
1  1.74e+02  0.3741204165 -10.550539999999998 1.00100000000000000002
1  1.82e+02  0.3744117836 -10.550539999999998 1.00100000000000000002
1  1.91e+02  0.3744178472 -10.550539999999998 1.00100000000000000002
1  2.00e+02  0.3742171085 -10.550539999999998 1.00100000000000000002
1  2.09e+02  0.3740094164 -10.550539999999998 1.00100000000000000002
1  2.19e+02  0.374744922 -10.550539999999998 1.00100000000000000002
1  2.29e+02  0.3742252774 -10.550539999999998 1.00100000000000000002
1  2.40e+02  0.3742540378 -10.550539999999998 1.00100000000000000002
1  2.51e+02  0.3741341138 -10.550539999999998 1.00100000000000000002
1  2.63e+02  0.3739120594 -10.550539999999998 1.00100000000000000002
1  2.75e+02  0.3746099806 -10.550539999999998 1.00100000000000000002
1  2.88e+02  0.374465398 -10.550539999999998 1.00100000000000000002
1  3.02e+02  0.3743537225 -10.550539999999998 1.00100000000000000002
1  3.16e+02  0.3745385722 -10.550539999999998 1.00100000000000000002
1  3.31e+02  0.3740428878 -10.550539999999998 1.00100000000000000002
1  3.47e+02  0.3741141161 -10.550539999999998 1.00100000000000000002
1  3.63e+02  0.3738559849 -10.550539999999998 1.00100000000000000002
1  3.80e+02  0.3745119362 -10.550539999999998 1.00100000000000000002
1  3.98e+02  0.3737825982 -10.550539999999998 1.00100000000000000002
1  4.17e+02  0.3739780425 -10.550539999999998 1.00100000000000000002
1  4.37e+02  0.3736243394 -10.550539999999998 1.00100000000000000002
1  4.57e+02  0.3744048516 -10.550539999999998 1.00100000000000000002
1  4.79e+02  0.3742329043 -10.550539999999998 1.00100000000000000002
1  5.01e+02  0.3738173236 -10.550539999999998 1.00100000000000000002
1  5.25e+02  0.3746845998 -10.550539999999998 1.00100000000000000002
1  5.50e+02  0.3735718333 -10.550539999999998 1.00100000000000000002
1  5.75e+02  0.3735823187 -10.550539999999998 1.00100000000000000002
1  6.03e+02  0.3735333287 -10.550539999999998 1.00100000000000000002
1  6.31e+02  0.3740213192 -10.550539999999998 1.00100000000000000002
1  6.61e+02  0.3735755386 -10.550539999999998 1.00100000000000000002
1  6.92e+02  0.3743112634 -10.550539999999998 1.00100000000000000002
1  7.24e+02  0.3745440571 -10.550539999999998 1.00100000000000000002
1  7.59e+02  0.3729523382 -10.550539999999998 1.00100000000000000002
1  7.94e+02  0.3744863932 -10.550539999999998 1.00100000000000000002
1  8.32e+02  0.3746915646 -10.550539999999998 1.00100000000000000002
1  8.71e+02  0.3746322854 -10.550539999999998 1.00100000000000000002
1  9.12e+02  0.3734725876 -10.550539999999998 1.00100000000000000002
1  9.55e+02  0.3736372804 -10.550539999999998 1.00100000000000000002
1  1.00e+03  0.3737633503 -10.550539999999998 1.00100000000000000002
1  1.05e+03  0.3744523077 -10.550539999999998 1.00100000000000000002
1  1.10e+03  0.3720779304 -10.550539999999998 1.00100000000000000002
1  1.15e+03  0.3730492 -10.550539999999998 1.00100000000000000002
1  1.20e+03  0.3698284126 -10.550539999999998 1.00100000000000000002
1  1.26e+03  0.3728121523 -10.550539999999998 1.00100000000000000002
1  1.32e+03  0.3743431834 -10.550539999999998 1.00100000000000000002
1  1.38e+03  0.3778730748 -10.550539999999998 1.00100000000000000002
1  1.45e+03  0.3723444333 -10.550539999999998 1.00100000000000000002
1  1.51e+03  0.374724347 -10.550539999999998 1.00100000000000000002
1  1.58e+03  0.363293923 -10.550539999999998 1.00100000000000000002
1  1.66e+03  0.3604770354 -10.550539999999998 1.00100000000000000002
1  1.74e+03  0.366214521 -10.550539999999998 1.00100000000000000002
1  1.82e+03  0.3821796098 -10.550539999999998 1.00100000000000000002
1  1.91e+03  0.3763287368 -10.550539999999998 1.00100000000000000002
1  2.00e+03  0.3908319319 -10.550539999999998 1.00100000000000000002
1  2.09e+03  0.3755768524 -10.550539999999998 1.00100000000000000002
1  2.19e+03  0.3668526901 -10.550539999999998 1.00100000000000000002
1  2.29e+03  0.3596060287 -10.550539999999998 1.00100000000000000002
1  2.40e+03  0.3467475376 -10.550539999999998 1.00100000000000000002
1  2.51e+03  0.3550776095 -10.550539999999998 1.00100000000000000002
1  2.63e+03  0.3733512145 -10.550539999999998 1.00100000000000000002
1  2.75e+03  0.3240608947 -10.550539999999998 1.00100000000000000002
1  2.88e+03  0.3681950592 -10.550539999999998 1.00100000000000000002
1  3.02e+03  0.3650021836 -10.550539999999998 1.00100000000000000002
1  3.16e+03  0.3409584288 -10.550539999999998 1.00100000000000000002
1  3.31e+03  0.3366688422 -10.550539999999998 1.00100000000000000002
1  3.47e+03  0.3382755645 -10.550539999999998 1.00100000000000000002
1  3.63e+03  0.38006117 -10.550539999999998 1.00100000000000000002
1  3.80e+03  0.4238887483 -10.550539999999998 1.00100000000000000002
1  3.98e+03  0.3805792086 -10.550539999999998 1.00100000000000000002
1  4.17e+03  0.3944526201 -10.550539999999998 1.00100000000000000002
1  4.37e+03  0.4165544263 -10.550539999999998 1.00100000000000000002
1  4.57e+03  0.4167741844 -10.550539999999998 1.00100000000000000002
1  4.79e+03  0.3578256131 -10.550539999999998 1.00100000000000000002
1  5.01e+03  0.4347580417 -10.550539999999998 1.00100000000000000002
1  5.25e+03  0.4490474858 -10.550539999999998 1.00100000000000000002
1  5.50e+03  0.4392318448 -10.550539999999998 1.00100000000000000002
1  5.75e+03  0.4261693728 -10.550539999999998 1.00100000000000000002
1  6.03e+03  0.4519973369 -10.550539999999998 1.00100000000000000002
1  6.31e+03  0.422652116 -10.550539999999998 1.00100000000000000002
1  6.61e+03  0.4510402452 -10.550539999999998 1.00100000000000000002
1  6.92e+03  0.3156186546 -10.550539999999998 1.00100000000000000002
1  7.24e+03  0.4053876877 -10.550539999999998 1.00100000000000000002
1  7.59e+03  0.384649815 -10.550539999999998 1.00100000000000000002
1  7.94e+03  0.2884043279 -10.550539999999998 1.00100000000000000002
1  8.32e+03  0.418838152 -10.550539999999998 1.00100000000000000002
1  8.71e+03  0.2976578013 -10.550539999999998 1.00100000000000000002
1  9.12e+03  0.393311841 -10.550539999999998 1.00100000000000000002
1  9.55e+03  0.3521993929 -10.550539999999998 1.00100000000000000002
1  1.00e+04  0.2927086857 -10.550539999999998 1.00100000000000000002
1  1.05e+04  0.2554897511 -10.550539999999998 1.00100000000000000002
1  1.10e+04  0.3972639361 -10.550539999999998 1.00100000000000000002
1  1.15e+04  0.3347932746 -10.550539999999998 1.00100000000000000002
1  1.20e+04  0.4026171653 -10.550539999999998 1.00100000000000000002
1  1.26e+04  0.2917503208 -10.550539999999998 1.00100000000000000002
1  1.32e+04  0.306771345 -10.550539999999998 1.00100000000000000002
1  1.38e+04  0.3078111102 -10.550539999999998 1.00100000000000000002
1  1.45e+04  0.306417063 -10.550539999999998 1.00100000000000000002
1  1.51e+04  0.3164908419 -10.550539999999998 1.00100000000000000002
1  1.58e+04  0.385761543 -10.550539999999998 1.00100000000000000002
1  1.66e+04  0.2773840192 -10.550539999999998 1.00100000000000000002
1  1.74e+04  0.2552814142 -10.550539999999998 1.00100000000000000002
1  1.82e+04  0.4108260576 -10.550539999999998 1.00100000000000000002
1  1.91e+04  0.3123194758 -10.550539999999998 1.00100000000000000002
1  2.00e+04  0.4143398048 -10.550539999999998 1.00100000000000000002
1  2.09e+04  0.3589570396 -10.550539999999998 1.00100000000000000002
1  2.19e+04  0.281625403 -10.550539999999998 1.00100000000000000002
1  2.29e+04  0.4140311673 -10.550539999999998 1.00100000000000000002
1  2.40e+04  0.3824380559 -10.550539999999998 1.00100000000000000002
1  2.51e+04  0.370607008 -10.550539999999998 1.00100000000000000002
1  2.63e+04  0.2463006568 -10.550539999999998 1.00100000000000000002
1  2.75e+04  0.1966135438 -10.550539999999998 1.00100000000000000002
1  2.88e+04  0.3494256331 -10.550539999999998 1.00100000000000000002
1  3.02e+04  0.3842204192 -10.550539999999998 1.00100000000000000002
1  3.16e+04  0.26625024 -10.550539999999998 1.00100000000000000002
1  3.31e+04  0.1167460989 -10.550539999999998 1.00100000000000000002
1  3.47e+04  0.4164327898 -10.550539999999998 1.00100000000000000002
1  3.63e+04  0.3251194629 -10.550539999999998 1.00100000000000000002
1  3.80e+04  0.3044432996 -10.550539999999998 1.00100000000000000002
1  3.98e+04  0.4027744285 -10.550539999999998 1.00100000000000000002
1  4.17e+04  0.1245009613 -10.550539999999998 1.00100000000000000002
1  4.37e+04  0.353022372 -10.550539999999998 1.00100000000000000002
1  4.57e+04  0.148951053 -10.550539999999998 1.00100000000000000002
1  4.79e+04  0.3333269525 -10.550539999999998 1.00100000000000000002
1  5.01e+04  0.3757745299 -10.550539999999998 1.00100000000000000002
1  5.25e+04  0.3716794 -10.550539999999998 1.00100000000000000002
1  5.50e+04  0.3351469706 -10.550539999999998 1.00100000000000000002
1  5.75e+04  0.3411764916 -10.550539999999998 1.00100000000000000002
1  6.03e+04  0.3854589506 -10.550539999999998 1.00100000000000000002
1  6.31e+04  0.1552018424 -10.550539999999998 1.00100000000000000002
1  6.61e+04  0.2612363093 -10.550539999999998 1.00100000000000000002
1  6.92e+04  0.3615523115 -10.550539999999998 1.00100000000000000002
1  7.24e+04  0.160338428 -10.550539999999998 1.00100000000000000002
1  7.59e+04  0.19522546 -10.550539999999998 1.00100000000000000002
1  7.94e+04  0.3940451709 -10.550539999999998 1.00100000000000000002
1  8.32e+04  0.3756044069 -10.550539999999998 1.00100000000000000002
1  8.71e+04  0.2917625567 -10.550539999999998 1.00100000000000000002
1  9.12e+04  0.3421680018 -10.550539999999998 1.00100000000000000002
1  9.55e+04  0.4073585524 -10.550539999999998 1.00100000000000000002
1  1.00e+05  0.3943793028 -10.550539999999998 1.00100000000000000002
1  1.05e+05  0.3829013579 -10.550539999999998 1.00100000000000000002
1  1.10e+05  0.412193514 -10.550539999999998 1.00100000000000000002
1  1.15e+05  0.4147477771 -10.550539999999998 1.00100000000000000002
1  1.20e+05  0.3580054355 -10.550539999999998 1.00100000000000000002
1  1.26e+05  0.3038461748 -10.550539999999998 1.00100000000000000002
1  1.32e+05  0.3151052586 -10.550539999999998 1.00100000000000000002
1  1.38e+05  0.373757367 -10.550539999999998 1.00100000000000000002
1  1.45e+05  0.4099612364 -10.550539999999998 1.00100000000000000002
1  1.51e+05  0.3812681904 -10.550539999999998 1.00100000000000000002
1  1.58e+05  0.3080020207 -10.550539999999998 1.00100000000000000002
1  1.66e+05  0.244892123 -10.550539999999998 1.00100000000000000002
1  1.74e+05  0.2323038094 -10.550539999999998 1.00100000000000000002
1  1.82e+05  0.2711689403 -10.550539999999998 1.00100000000000000002
1  1.91e+05  0.3315070003 -10.550539999999998 1.00100000000000000002
1  2.00e+05  0.3774935742 -10.550539999999998 1.00100000000000000002
1  2.09e+05  0.3881885451 -10.550539999999998 1.00100000000000000002
1  2.19e+05  0.3639566475 -10.550539999999998 1.00100000000000000002
1  2.29e+05  0.3205068298 -10.550539999999998 1.00100000000000000002
1  2.40e+05  0.2779975008 -10.550539999999998 1.00100000000000000002
1  2.51e+05  0.2519016467 -10.550539999999998 1.00100000000000000002
1  2.63e+05  0.2487387575 -10.550539999999998 1.00100000000000000002
1  2.75e+05  0.2664545334 -10.550539999999998 1.00100000000000000002
1  2.88e+05  0.2975232493 -10.550539999999998 1.00100000000000000002
1  3.02e+05  0.3326808399 -10.550539999999998 1.00100000000000000002
1  3.16e+05  0.3638756571 -10.550539999999998 1.00100000000000000002
1  3.31e+05  0.3858772904 -10.550539999999998 1.00100000000000000002
1  3.47e+05  0.3966248338 -10.550539999999998 1.00100000000000000002
1  3.63e+05  0.3967158469 -10.550539999999998 1.00100000000000000002
1  3.80e+05  0.3884933869 -10.550539999999998 1.00100000000000000002
1  3.98e+05  0.3750937177 -10.550539999999998 1.00100000000000000002
1  4.17e+05  0.3596723187 -10.550539999999998 1.00100000000000000002
1  4.37e+05  0.3448939636 -10.550539999999998 1.00100000000000000002
1  4.57e+05  0.3326810374 -10.550539999999998 1.00100000000000000002
1  4.79e+05  0.3241655318 -10.550539999999998 1.00100000000000000002
1  5.01e+05  0.3197748155 -10.550539999999998 1.00100000000000000002
1  5.25e+05  0.319386653 -10.550539999999998 1.00100000000000000002
1  5.50e+05  0.3225040429 -10.550539999999998 1.00100000000000000002
1  5.75e+05  0.3284176641 -10.550539999999998 1.00100000000000000002
1  6.03e+05  0.336338796 -10.550539999999998 1.00100000000000000002
1  6.31e+05  0.3454968205 -10.550539999999998 1.00100000000000000002
1  6.61e+05  0.3560424145 -10.550539999999998 1.00100000000000000002
1  6.92e+05  0.3665516806 -10.550539999999998 1.00100000000000000002
1  7.24e+05  0.3764636323 -10.550539999999998 1.00100000000000000002
1  7.59e+05  0.3853882301 -10.550539999999998 1.00100000000000000002
1  7.94e+05  0.3930880579 -10.550539999999998 1.00100000000000000002
1  8.32e+05  0.3994522858 -10.550539999999998 1.00100000000000000002
1  8.71e+05  0.4044683962 -10.550539999999998 1.00100000000000000002
1  9.12e+05  0.408116686 -10.550539999999998 1.00100000000000000002
1  9.55e+05  0.410684325 -10.550539999999998 1.00100000000000000002
1  1.00e+06  0.4122012558 -10.550539999999998 1.00100000000000000002
1  1.05e+06  0.4128146841 -10.550539999999998 1.00100000000000000002
1  1.10e+06  0.4126736782 -10.550539999999998 1.00100000000000000002
1  1.15e+06  0.4119212814 -10.550539999999998 1.00100000000000000002
1  1.20e+06  0.4106894336 -10.550539999999998 1.00100000000000000002
1  1.26e+06  0.4090960819 -10.550539999999998 1.00100000000000000002
1  1.32e+06  0.4072439251 -10.550539999999998 1.00100000000000000002
1  1.38e+06  0.405220317 -10.550539999999998 1.00100000000000000002
1  1.45e+06  0.4030979483 -10.550539999999998 1.00100000000000000002
1  1.51e+06  0.4009360093 -10.550539999999998 1.00100000000000000002
1  1.58e+06  0.3987816122 -10.550539999999998 1.00100000000000000002
1  1.66e+06  0.3966713148 -10.550539999999998 1.00100000000000000002
1  1.74e+06  0.3946778262 -10.550539999999998 1.00100000000000000002
1  1.82e+06  0.3927292654 -10.550539999999998 1.00100000000000000002
1  1.91e+06  0.3908855123 -10.550539999999998 1.00100000000000000002
1  2.00e+06  0.3891551793 -10.550539999999998 1.00100000000000000002
1  2.09e+06  0.3875427666 -10.550539999999998 1.00100000000000000002
1  2.19e+06  0.3860495444 -10.550539999999998 1.00100000000000000002
1  2.29e+06  0.3846742975 -10.550539999999998 1.00100000000000000002
1  2.40e+06  0.3834139462 -10.550539999999998 1.00100000000000000002
1  2.51e+06  0.3822640575 -10.550539999999998 1.00100000000000000002
1  2.63e+06  0.3812192594 -10.550539999999998 1.00100000000000000002
1  2.75e+06  0.3802735729 -10.550539999999998 1.00100000000000000002
1  2.88e+06  0.3794206748 -10.550539999999998 1.00100000000000000002
1  3.02e+06  0.3786541014 -10.550539999999998 1.00100000000000000002
1  3.16e+06  0.3779674047 -10.550539999999998 1.00100000000000000002
1  3.31e+06  0.3773719578 -10.550539999999998 1.00100000000000000002
1  3.47e+06  0.3768247817 -10.550539999999998 1.00100000000000000002
1  3.63e+06  0.3763393499 -10.550539999999998 1.00100000000000000002
1  3.80e+06  0.3759101483 -10.550539999999998 1.00100000000000000002
1  3.98e+06  0.3755319986 -10.550539999999998 1.00100000000000000002
1  4.17e+06  0.3752000694 -10.550539999999998 1.00100000000000000002
1  4.37e+06  0.3749098774 -10.550539999999998 1.00100000000000000002
1  4.57e+06  0.374657282 -10.550539999999998 1.00100000000000000002
1  4.79e+06  0.3744384748 -10.550539999999998 1.00100000000000000002
1  5.01e+06  0.3742499654 -10.550539999999998 1.00100000000000000002
1  5.25e+06  0.3740885649 -10.550539999999998 1.00100000000000000002
1  5.50e+06  0.3739513681 -10.550539999999998 1.00100000000000000002
1  5.75e+06  0.3738357348 -10.550539999999998 1.00100000000000000002
1  6.03e+06  0.3737392712 -10.550539999999998 1.00100000000000000002
1  6.31e+06  0.3736645427 -10.550539999999998 1.00100000000000000002
1  6.61e+06  0.3735996882 -10.550539999999998 1.00100000000000000002
1  6.92e+06  0.373548159 -10.550539999999998 1.00100000000000000002
1  7.24e+06  0.3735083649 -10.550539999999998 1.00100000000000000002
1  7.59e+06  0.3734788768 -10.550539999999998 1.00100000000000000002
1  7.94e+06  0.3734584129 -10.550539999999998 1.00100000000000000002
1  8.32e+06  0.3734458244 -10.550539999999998 1.00100000000000000002
1  8.71e+06  0.3734400839 -10.550539999999998 1.00100000000000000002
1  9.12e+06  0.3734402735 -10.550539999999998 1.00100000000000000002
1  9.55e+06  0.3734455744 -10.550539999999998 1.00100000000000000002
1  1.00e+07  0.3734552572 -10.550539999999998 1.00100000000000000002
