1  1.00e-03  0.3746028138 -10.00246 0.94899999999999999997
1  1.05e-03  0.3746028123 -10.00246 0.94899999999999999997
1  1.10e-03  0.3746028163 -10.00246 0.94899999999999999997
1  1.15e-03  0.3746028145 -10.00246 0.94899999999999999997
1  1.20e-03  0.3746028159 -10.00246 0.94899999999999999997
1  1.26e-03  0.3746028119 -10.00246 0.94899999999999999997
1  1.32e-03  0.3746028121 -10.00246 0.94899999999999999997
1  1.38e-03  0.3746028143 -10.00246 0.94899999999999999997
1  1.45e-03  0.3746028144 -10.00246 0.94899999999999999997
1  1.51e-03  0.3746028154 -10.00246 0.94899999999999999997
1  1.58e-03  0.3746028182 -10.00246 0.94899999999999999997
1  1.66e-03  0.3746028092 -10.00246 0.94899999999999999997
1  1.74e-03  0.3746028115 -10.00246 0.94899999999999999997
1  1.82e-03  0.3746028148 -10.00246 0.94899999999999999997
1  1.91e-03  0.3746028162 -10.00246 0.94899999999999999997
1  2.00e-03  0.3746028165 -10.00246 0.94899999999999999997
1  2.09e-03  0.3746028116 -10.00246 0.94899999999999999997
1  2.19e-03  0.3746028189 -10.00246 0.94899999999999999997
1  2.29e-03  0.3746028202 -10.00246 0.94899999999999999997
1  2.40e-03  0.3746028113 -10.00246 0.94899999999999999997
1  2.51e-03  0.3746028137 -10.00246 0.94899999999999999997
1  2.63e-03  0.3746028115 -10.00246 0.94899999999999999997
1  2.75e-03  0.3746028161 -10.00246 0.94899999999999999997
1  2.88e-03  0.374602818 -10.00246 0.94899999999999999997
1  3.02e-03  0.3746028099 -10.00246 0.94899999999999999997
1  3.16e-03  0.3746028107 -10.00246 0.94899999999999999997
1  3.31e-03  0.3746028234 -10.00246 0.94899999999999999997
1  3.47e-03  0.3746028112 -10.00246 0.94899999999999999997
1  3.63e-03  0.3746028189 -10.00246 0.94899999999999999997
1  3.80e-03  0.3746028113 -10.00246 0.94899999999999999997
1  3.98e-03  0.3746028026 -10.00246 0.94899999999999999997
1  4.17e-03  0.3746028179 -10.00246 0.94899999999999999997
1  4.37e-03  0.3746028014 -10.00246 0.94899999999999999997
1  4.57e-03  0.3746027975 -10.00246 0.94899999999999999997
1  4.79e-03  0.3746028119 -10.00246 0.94899999999999999997
1  5.01e-03  0.3746027984 -10.00246 0.94899999999999999997
1  5.25e-03  0.3746028047 -10.00246 0.94899999999999999997
1  5.50e-03  0.374602813 -10.00246 0.94899999999999999997
1  5.75e-03  0.3746028143 -10.00246 0.94899999999999999997
1  6.03e-03  0.3746028067 -10.00246 0.94899999999999999997
1  6.31e-03  0.3746028021 -10.00246 0.94899999999999999997
1  6.61e-03  0.3746028087 -10.00246 0.94899999999999999997
1  6.92e-03  0.3746028084 -10.00246 0.94899999999999999997
1  7.24e-03  0.3746028127 -10.00246 0.94899999999999999997
1  7.59e-03  0.3746028012 -10.00246 0.94899999999999999997
1  7.94e-03  0.3746027945 -10.00246 0.94899999999999999997
1  8.32e-03  0.3746028168 -10.00246 0.94899999999999999997
1  8.71e-03  0.3746027822 -10.00246 0.94899999999999999997
1  9.12e-03  0.3746028114 -10.00246 0.94899999999999999997
1  9.55e-03  0.3746028105 -10.00246 0.94899999999999999997
1  1.00e-02  0.3746027914 -10.00246 0.94899999999999999997
1  1.05e-02  0.3746027861 -10.00246 0.94899999999999999997
1  1.10e-02  0.3746028058 -10.00246 0.94899999999999999997
1  1.15e-02  0.3746027687 -10.00246 0.94899999999999999997
1  1.20e-02  0.3746027653 -10.00246 0.94899999999999999997
1  1.26e-02  0.3746028026 -10.00246 0.94899999999999999997
1  1.32e-02  0.3746027646 -10.00246 0.94899999999999999997
1  1.38e-02  0.3746027631 -10.00246 0.94899999999999999997
1  1.45e-02  0.3746027565 -10.00246 0.94899999999999999997
1  1.51e-02  0.3746027417 -10.00246 0.94899999999999999997
1  1.58e-02  0.3746027535 -10.00246 0.94899999999999999997
1  1.66e-02  0.374602769 -10.00246 0.94899999999999999997
1  1.74e-02  0.3746027689 -10.00246 0.94899999999999999997
1  1.82e-02  0.37460276 -10.00246 0.94899999999999999997
1  1.91e-02  0.3746027828 -10.00246 0.94899999999999999997
1  2.00e-02  0.3746028304 -10.00246 0.94899999999999999997
1  2.09e-02  0.3746027254 -10.00246 0.94899999999999999997
1  2.19e-02  0.3746028488 -10.00246 0.94899999999999999997
1  2.29e-02  0.3746027805 -10.00246 0.94899999999999999997
1  2.40e-02  0.3746027808 -10.00246 0.94899999999999999997
1  2.51e-02  0.374602963 -10.00246 0.94899999999999999997
1  2.63e-02  0.3746025529 -10.00246 0.94899999999999999997
1  2.75e-02  0.3746030398 -10.00246 0.94899999999999999997
1  2.88e-02  0.3746027929 -10.00246 0.94899999999999999997
1  3.02e-02  0.3746026759 -10.00246 0.94899999999999999997
1  3.16e-02  0.3746026758 -10.00246 0.94899999999999999997
1  3.31e-02  0.3746026966 -10.00246 0.94899999999999999997
1  3.47e-02  0.3746026813 -10.00246 0.94899999999999999997
1  3.63e-02  0.3746027668 -10.00246 0.94899999999999999997
1  3.80e-02  0.3746027655 -10.00246 0.94899999999999999997
1  3.98e-02  0.3746026322 -10.00246 0.94899999999999999997
1  4.17e-02  0.3746027518 -10.00246 0.94899999999999999997
1  4.37e-02  0.3746026782 -10.00246 0.94899999999999999997
1  4.57e-02  0.3746023234 -10.00246 0.94899999999999999997
1  4.79e-02  0.3746014241 -10.00246 0.94899999999999999997
1  5.01e-02  0.374602661 -10.00246 0.94899999999999999997
1  5.25e-02  0.3746026241 -10.00246 0.94899999999999999997
1  5.50e-02  0.3746026158 -10.00246 0.94899999999999999997
1  5.75e-02  0.3746027684 -10.00246 0.94899999999999999997
1  6.03e-02  0.3746026265 -10.00246 0.94899999999999999997
1  6.31e-02  0.3746027007 -10.00246 0.94899999999999999997
1  6.61e-02  0.3746026043 -10.00246 0.94899999999999999997
1  6.92e-02  0.3746023102 -10.00246 0.94899999999999999997
1  7.24e-02  0.3746026305 -10.00246 0.94899999999999999997
1  7.59e-02  0.3746026553 -10.00246 0.94899999999999999997
1  7.94e-02  0.3746027336 -10.00246 0.94899999999999999997
1  8.32e-02  0.3746024393 -10.00246 0.94899999999999999997
1  8.71e-02  0.3746001431 -10.00246 0.94899999999999999997
1  9.12e-02  0.3746024141 -10.00246 0.94899999999999999997
1  9.55e-02  0.3746024574 -10.00246 0.94899999999999999997
1  1.00e-01  0.3746025421 -10.00246 0.94899999999999999997
1  1.05e-01  0.3746026213 -10.00246 0.94899999999999999997
1  1.10e-01  0.3746017472 -10.00246 0.94899999999999999997
1  1.15e-01  0.3746016915 -10.00246 0.94899999999999999997
1  1.20e-01  0.374602311 -10.00246 0.94899999999999999997
1  1.26e-01  0.374600859 -10.00246 0.94899999999999999997
1  1.32e-01  0.3746024397 -10.00246 0.94899999999999999997
1  1.38e-01  0.37460266 -10.00246 0.94899999999999999997
1  1.45e-01  0.3746022385 -10.00246 0.94899999999999999997
1  1.51e-01  0.3746022436 -10.00246 0.94899999999999999997
1  1.58e-01  0.3746016313 -10.00246 0.94899999999999999997
1  1.66e-01  0.374602213 -10.00246 0.94899999999999999997
1  1.74e-01  0.3746026814 -10.00246 0.94899999999999999997
1  1.82e-01  0.3746026667 -10.00246 0.94899999999999999997
1  1.91e-01  0.3746026213 -10.00246 0.94899999999999999997
1  2.00e-01  0.3746026707 -10.00246 0.94899999999999999997
1  2.09e-01  0.37460204 -10.00246 0.94899999999999999997
1  2.19e-01  0.3746020617 -10.00246 0.94899999999999999997
1  2.29e-01  0.3745955876 -10.00246 0.94899999999999999997
1  2.40e-01  0.3746010728 -10.00246 0.94899999999999999997
1  2.51e-01  0.3746025042 -10.00246 0.94899999999999999997
1  2.63e-01  0.3746017592 -10.00246 0.94899999999999999997
1  2.75e-01  0.3746021196 -10.00246 0.94899999999999999997
1  2.88e-01  0.3746017198 -10.00246 0.94899999999999999997
1  3.02e-01  0.3745998068 -10.00246 0.94899999999999999997
1  3.16e-01  0.3746014425 -10.00246 0.94899999999999999997
1  3.31e-01  0.374602115 -10.00246 0.94899999999999999997
1  3.47e-01  0.374602273 -10.00246 0.94899999999999999997
1  3.63e-01  0.3746014983 -10.00246 0.94899999999999999997
1  3.80e-01  0.3746024408 -10.00246 0.94899999999999999997
1  3.98e-01  0.374601821 -10.00246 0.94899999999999999997
1  4.17e-01  0.3746026386 -10.00246 0.94899999999999999997
1  4.37e-01  0.3746013759 -10.00246 0.94899999999999999997
1  4.57e-01  0.3746025291 -10.00246 0.94899999999999999997
1  4.79e-01  0.3746020153 -10.00246 0.94899999999999999997
1  5.01e-01  0.3746062095 -10.00246 0.94899999999999999997
1  5.25e-01  0.3746013445 -10.00246 0.94899999999999999997
1  5.50e-01  0.3746007092 -10.00246 0.94899999999999999997
1  5.75e-01  0.3746008486 -10.00246 0.94899999999999999997
1  6.03e-01  0.3745929667 -10.00246 0.94899999999999999997
1  6.31e-01  0.3746026106 -10.00246 0.94899999999999999997
1  6.61e-01  0.3746007382 -10.00246 0.94899999999999999997
1  6.92e-01  0.3746003754 -10.00246 0.94899999999999999997
1  7.24e-01  0.3745978083 -10.00246 0.94899999999999999997
1  7.59e-01  0.3745999074 -10.00246 0.94899999999999999997
1  7.94e-01  0.3746002735 -10.00246 0.94899999999999999997
1  8.32e-01  0.3746005319 -10.00246 0.94899999999999999997
1  8.71e-01  0.3746017169 -10.00246 0.94899999999999999997
1  9.12e-01  0.3745996834 -10.00246 0.94899999999999999997
1  9.55e-01  0.3745998148 -10.00246 0.94899999999999999997
1  1.00e+00  0.3746008414 -10.00246 0.94899999999999999997
1  1.05e+00  0.3746018874 -10.00246 0.94899999999999999997
1  1.10e+00  0.3746014068 -10.00246 0.94899999999999999997
1  1.15e+00  0.3746018132 -10.00246 0.94899999999999999997
1  1.20e+00  0.374598795 -10.00246 0.94899999999999999997
1  1.26e+00  0.3746019567 -10.00246 0.94899999999999999997
1  1.32e+00  0.3746009387 -10.00246 0.94899999999999999997
1  1.38e+00  0.3745972917 -10.00246 0.94899999999999999997
1  1.45e+00  0.3746020774 -10.00246 0.94899999999999999997
1  1.51e+00  0.3745935716 -10.00246 0.94899999999999999997
1  1.58e+00  0.374600151 -10.00246 0.94899999999999999997
1  1.66e+00  0.3745927574 -10.00246 0.94899999999999999997
1  1.74e+00  0.3745979747 -10.00246 0.94899999999999999997
1  1.82e+00  0.3745721021 -10.00246 0.94899999999999999997
1  1.91e+00  0.3745986471 -10.00246 0.94899999999999999997
1  2.00e+00  0.374595391 -10.00246 0.94899999999999999997
1  2.09e+00  0.374596212 -10.00246 0.94899999999999999997
1  2.19e+00  0.3745988519 -10.00246 0.94899999999999999997
1  2.29e+00  0.3746010365 -10.00246 0.94899999999999999997
1  2.40e+00  0.3745951336 -10.00246 0.94899999999999999997
1  2.51e+00  0.3746023928 -10.00246 0.94899999999999999997
1  2.63e+00  0.3746025405 -10.00246 0.94899999999999999997
1  2.75e+00  0.3746012983 -10.00246 0.94899999999999999997
1  2.88e+00  0.374593763 -10.00246 0.94899999999999999997
1  3.02e+00  0.3745926844 -10.00246 0.94899999999999999997
1  3.16e+00  0.3745911346 -10.00246 0.94899999999999999997
1  3.31e+00  0.374598816 -10.00246 0.94899999999999999997
1  3.47e+00  0.374590769 -10.00246 0.94899999999999999997
1  3.63e+00  0.3745922434 -10.00246 0.94899999999999999997
1  3.80e+00  0.3745640733 -10.00246 0.94899999999999999997
1  3.98e+00  0.3745646316 -10.00246 0.94899999999999999997
1  4.17e+00  0.3745993376 -10.00246 0.94899999999999999997
1  4.37e+00  0.3745920747 -10.00246 0.94899999999999999997
1  4.57e+00  0.374588063 -10.00246 0.94899999999999999997
1  4.79e+00  0.3745874982 -10.00246 0.94899999999999999997
1  5.01e+00  0.3745912959 -10.00246 0.94899999999999999997
1  5.25e+00  0.3745982881 -10.00246 0.94899999999999999997
1  5.50e+00  0.3745840079 -10.00246 0.94899999999999999997
1  5.75e+00  0.3745986167 -10.00246 0.94899999999999999997
1  6.03e+00  0.3746025049 -10.00246 0.94899999999999999997
1  6.31e+00  0.3745445057 -10.00246 0.94899999999999999997
1  6.61e+00  0.3745742607 -10.00246 0.94899999999999999997
1  6.92e+00  0.3745789146 -10.00246 0.94899999999999999997
1  7.24e+00  0.3746008948 -10.00246 0.94899999999999999997
1  7.59e+00  0.3745988308 -10.00246 0.94899999999999999997
1  7.94e+00  0.3745998922 -10.00246 0.94899999999999999997
1  8.32e+00  0.374588663 -10.00246 0.94899999999999999997
1  8.71e+00  0.374600921 -10.00246 0.94899999999999999997
1  9.12e+00  0.374508705 -10.00246 0.94899999999999999997
1  9.55e+00  0.3746033485 -10.00246 0.94899999999999999997
1  1.00e+01  0.3745690253 -10.00246 0.94899999999999999997
1  1.05e+01  0.3746396195 -10.00246 0.94899999999999999997
1  1.10e+01  0.3745744307 -10.00246 0.94899999999999999997
1  1.15e+01  0.3745958575 -10.00246 0.94899999999999999997
1  1.20e+01  0.3745898829 -10.00246 0.94899999999999999997
1  1.26e+01  0.3745617174 -10.00246 0.94899999999999999997
1  1.32e+01  0.374683001 -10.00246 0.94899999999999999997
1  1.38e+01  0.3745315363 -10.00246 0.94899999999999999997
1  1.45e+01  0.3745559945 -10.00246 0.94899999999999999997
1  1.51e+01  0.3745465613 -10.00246 0.94899999999999999997
1  1.58e+01  0.3745905175 -10.00246 0.94899999999999999997
1  1.66e+01  0.3746049807 -10.00246 0.94899999999999999997
1  1.74e+01  0.374608838 -10.00246 0.94899999999999999997
1  1.82e+01  0.3746036507 -10.00246 0.94899999999999999997
1  1.91e+01  0.3744268965 -10.00246 0.94899999999999999997
1  2.00e+01  0.3754214715 -10.00246 0.94899999999999999997
1  2.09e+01  0.3746114161 -10.00246 0.94899999999999999997
1  2.19e+01  0.3747989417 -10.00246 0.94899999999999999997
1  2.29e+01  0.3744694618 -10.00246 0.94899999999999999997
1  2.40e+01  0.3745784882 -10.00246 0.94899999999999999997
1  2.51e+01  0.3741252073 -10.00246 0.94899999999999999997
1  2.63e+01  0.3747616285 -10.00246 0.94899999999999999997
1  2.75e+01  0.3748292453 -10.00246 0.94899999999999999997
1  2.88e+01  0.3748944857 -10.00246 0.94899999999999999997
1  3.02e+01  0.3742378356 -10.00246 0.94899999999999999997
1  3.16e+01  0.3742982461 -10.00246 0.94899999999999999997
1  3.31e+01  0.3747795684 -10.00246 0.94899999999999999997
1  3.47e+01  0.3749786986 -10.00246 0.94899999999999999997
1  3.63e+01  0.3743815356 -10.00246 0.94899999999999999997
1  3.80e+01  0.3748896807 -10.00246 0.94899999999999999997
1  3.98e+01  0.3742421545 -10.00246 0.94899999999999999997
1  4.17e+01  0.3744605081 -10.00246 0.94899999999999999997
1  4.37e+01  0.374566261 -10.00246 0.94899999999999999997
1  4.57e+01  0.3740773729 -10.00246 0.94899999999999999997
1  4.79e+01  0.3742686689 -10.00246 0.94899999999999999997
1  5.01e+01  0.3745167242 -10.00246 0.94899999999999999997
1  5.25e+01  0.3744275523 -10.00246 0.94899999999999999997
1  5.50e+01  0.3747934134 -10.00246 0.94899999999999999997
1  5.75e+01  0.3741454736 -10.00246 0.94899999999999999997
1  6.03e+01  0.3749591654 -10.00246 0.94899999999999999997
1  6.31e+01  0.3744011004 -10.00246 0.94899999999999999997
1  6.61e+01  0.3743786596 -10.00246 0.94899999999999999997
1  6.92e+01  0.3742790814 -10.00246 0.94899999999999999997
1  7.24e+01  0.3741249625 -10.00246 0.94899999999999999997
1  7.59e+01  0.3742535263 -10.00246 0.94899999999999999997
1  7.94e+01  0.3745725315 -10.00246 0.94899999999999999997
1  8.32e+01  0.3743094305 -10.00246 0.94899999999999999997
1  8.71e+01  0.3745977852 -10.00246 0.94899999999999999997
1  9.12e+01  0.3742872165 -10.00246 0.94899999999999999997
1  9.55e+01  0.3746234525 -10.00246 0.94899999999999999997
1  1.00e+02  0.3744169427 -10.00246 0.94899999999999999997
1  1.05e+02  0.3745206327 -10.00246 0.94899999999999999997
1  1.10e+02  0.3743339359 -10.00246 0.94899999999999999997
1  1.15e+02  0.3743215603 -10.00246 0.94899999999999999997
1  1.20e+02  0.3737189071 -10.00246 0.94899999999999999997
1  1.26e+02  0.3740736186 -10.00246 0.94899999999999999997
1  1.32e+02  0.3747634619 -10.00246 0.94899999999999999997
1  1.38e+02  0.3745368159 -10.00246 0.94899999999999999997
1  1.45e+02  0.3745445481 -10.00246 0.94899999999999999997
1  1.51e+02  0.374299749 -10.00246 0.94899999999999999997
1  1.58e+02  0.3746813667 -10.00246 0.94899999999999999997
1  1.66e+02  0.3742899121 -10.00246 0.94899999999999999997
1  1.74e+02  0.3746287711 -10.00246 0.94899999999999999997
1  1.82e+02  0.3746017982 -10.00246 0.94899999999999999997
1  1.91e+02  0.3741467616 -10.00246 0.94899999999999999997
1  2.00e+02  0.3737413113 -10.00246 0.94899999999999999997
1  2.09e+02  0.3740431773 -10.00246 0.94899999999999999997
1  2.19e+02  0.3745977085 -10.00246 0.94899999999999999997
1  2.29e+02  0.3746443969 -10.00246 0.94899999999999999997
1  2.40e+02  0.3741749105 -10.00246 0.94899999999999999997
1  2.51e+02  0.3737741622 -10.00246 0.94899999999999999997
1  2.63e+02  0.3738923313 -10.00246 0.94899999999999999997
1  2.75e+02  0.3743617977 -10.00246 0.94899999999999999997
1  2.88e+02  0.3738575197 -10.00246 0.94899999999999999997
1  3.02e+02  0.3740973935 -10.00246 0.94899999999999999997
1  3.16e+02  0.37340565 -10.00246 0.94899999999999999997
1  3.31e+02  0.3739904732 -10.00246 0.94899999999999999997
1  3.47e+02  0.3734158371 -10.00246 0.94899999999999999997
1  3.63e+02  0.3745526302 -10.00246 0.94899999999999999997
1  3.80e+02  0.3742926403 -10.00246 0.94899999999999999997
1  3.98e+02  0.3744982719 -10.00246 0.94899999999999999997
1  4.17e+02  0.3737856402 -10.00246 0.94899999999999999997
1  4.37e+02  0.3745806213 -10.00246 0.94899999999999999997
1  4.57e+02  0.3741025482 -10.00246 0.94899999999999999997
1  4.79e+02  0.374425249 -10.00246 0.94899999999999999997
1  5.01e+02  0.3725470071 -10.00246 0.94899999999999999997
1  5.25e+02  0.3731914646 -10.00246 0.94899999999999999997
1  5.50e+02  0.3731070772 -10.00246 0.94899999999999999997
1  5.75e+02  0.3733694705 -10.00246 0.94899999999999999997
1  6.03e+02  0.3731963828 -10.00246 0.94899999999999999997
1  6.31e+02  0.3742033265 -10.00246 0.94899999999999999997
1  6.61e+02  0.3733588734 -10.00246 0.94899999999999999997
1  6.92e+02  0.3727577545 -10.00246 0.94899999999999999997
1  7.24e+02  0.3725808695 -10.00246 0.94899999999999999997
1  7.59e+02  0.3730617991 -10.00246 0.94899999999999999997
1  7.94e+02  0.3720197957 -10.00246 0.94899999999999999997
1  8.32e+02  0.3738142898 -10.00246 0.94899999999999999997
1  8.71e+02  0.371024501 -10.00246 0.94899999999999999997
1  9.12e+02  0.3718884949 -10.00246 0.94899999999999999997
1  9.55e+02  0.3719190808 -10.00246 0.94899999999999999997
1  1.00e+03  0.3741948253 -10.00246 0.94899999999999999997
1  1.05e+03  0.3699336834 -10.00246 0.94899999999999999997
1  1.10e+03  0.3704569895 -10.00246 0.94899999999999999997
1  1.15e+03  0.3706295394 -10.00246 0.94899999999999999997
1  1.20e+03  0.3734670273 -10.00246 0.94899999999999999997
1  1.26e+03  0.3750421183 -10.00246 0.94899999999999999997
1  1.32e+03  0.3699765011 -10.00246 0.94899999999999999997
1  1.38e+03  0.3669364115 -10.00246 0.94899999999999999997
1  1.45e+03  0.3633069853 -10.00246 0.94899999999999999997
1  1.51e+03  0.3700270741 -10.00246 0.94899999999999999997
1  1.58e+03  0.3699502796 -10.00246 0.94899999999999999997
1  1.66e+03  0.3773427347 -10.00246 0.94899999999999999997
1  1.74e+03  0.3785223286 -10.00246 0.94899999999999999997
1  1.82e+03  0.3824271207 -10.00246 0.94899999999999999997
1  1.91e+03  0.3837264398 -10.00246 0.94899999999999999997
1  2.00e+03  0.3674670235 -10.00246 0.94899999999999999997
1  2.09e+03  0.3804799311 -10.00246 0.94899999999999999997
1  2.19e+03  0.3503063186 -10.00246 0.94899999999999999997
1  2.29e+03  0.3627332424 -10.00246 0.94899999999999999997
1  2.40e+03  0.3712070069 -10.00246 0.94899999999999999997
1  2.51e+03  0.3683304063 -10.00246 0.94899999999999999997
1  2.63e+03  0.3510733823 -10.00246 0.94899999999999999997
1  2.75e+03  0.3350400375 -10.00246 0.94899999999999999997
1  2.88e+03  0.3844240868 -10.00246 0.94899999999999999997
1  3.02e+03  0.341123536 -10.00246 0.94899999999999999997
1  3.16e+03  0.3882698009 -10.00246 0.94899999999999999997
1  3.31e+03  0.4051034231 -10.00246 0.94899999999999999997
1  3.47e+03  0.3991208936 -10.00246 0.94899999999999999997
1  3.63e+03  0.4031736373 -10.00246 0.94899999999999999997
1  3.80e+03  0.4202966503 -10.00246 0.94899999999999999997
1  3.98e+03  0.4293782613 -10.00246 0.94899999999999999997
1  4.17e+03  0.3824626731 -10.00246 0.94899999999999999997
1  4.37e+03  0.3921484216 -10.00246 0.94899999999999999997
1  4.57e+03  0.4198961145 -10.00246 0.94899999999999999997
1  4.79e+03  0.3822516968 -10.00246 0.94899999999999999997
1  5.01e+03  0.4022734216 -10.00246 0.94899999999999999997
1  5.25e+03  0.4355135965 -10.00246 0.94899999999999999997
1  5.50e+03  0.4071526842 -10.00246 0.94899999999999999997
1  5.75e+03  0.3580210764 -10.00246 0.94899999999999999997
1  6.03e+03  0.34519697 -10.00246 0.94899999999999999997
1  6.31e+03  0.3385304243 -10.00246 0.94899999999999999997
1  6.61e+03  0.370311281 -10.00246 0.94899999999999999997
1  6.92e+03  0.4324503701 -10.00246 0.94899999999999999997
1  7.24e+03  0.3836015639 -10.00246 0.94899999999999999997
1  7.59e+03  0.2599388363 -10.00246 0.94899999999999999997
1  7.94e+03  0.3669921192 -10.00246 0.94899999999999999997
1  8.32e+03  0.3446731227 -10.00246 0.94899999999999999997
1  8.71e+03  0.292175864 -10.00246 0.94899999999999999997
1  9.12e+03  0.401284694 -10.00246 0.94899999999999999997
1  9.55e+03  0.3101402377 -10.00246 0.94899999999999999997
1  1.00e+04  0.3079303854 -10.00246 0.94899999999999999997
1  1.05e+04  0.3987234657 -10.00246 0.94899999999999999997
1  1.10e+04  0.3147119962 -10.00246 0.94899999999999999997
1  1.15e+04  0.2839379307 -10.00246 0.94899999999999999997
1  1.20e+04  0.2370960573 -10.00246 0.94899999999999999997
1  1.26e+04  0.4142914889 -10.00246 0.94899999999999999997
1  1.32e+04  0.3240537887 -10.00246 0.94899999999999999997
1  1.38e+04  0.3692488091 -10.00246 0.94899999999999999997
1  1.45e+04  0.3534090539 -10.00246 0.94899999999999999997
1  1.51e+04  0.3736180838 -10.00246 0.94899999999999999997
1  1.58e+04  0.2793571211 -10.00246 0.94899999999999999997
1  1.66e+04  0.3465895628 -10.00246 0.94899999999999999997
1  1.74e+04  0.3663828967 -10.00246 0.94899999999999999997
1  1.82e+04  0.1899688613 -10.00246 0.94899999999999999997
1  1.91e+04  0.3315155351 -10.00246 0.94899999999999999997
1  2.00e+04  0.2688386876 -10.00246 0.94899999999999999997
1  2.09e+04  0.2290359983 -10.00246 0.94899999999999999997
1  2.19e+04  0.2907214681 -10.00246 0.94899999999999999997
1  2.29e+04  0.3418144922 -10.00246 0.94899999999999999997
1  2.40e+04  0.2117473606 -10.00246 0.94899999999999999997
1  2.51e+04  0.1373715345 -10.00246 0.94899999999999999997
1  2.63e+04  0.3708976389 -10.00246 0.94899999999999999997
1  2.75e+04  0.341487448 -10.00246 0.94899999999999999997
1  2.88e+04  0.3773884 -10.00246 0.94899999999999999997
1  3.02e+04  0.2197750951 -10.00246 0.94899999999999999997
1  3.16e+04  0.1888713052 -10.00246 0.94899999999999999997
1  3.31e+04  0.4066739246 -10.00246 0.94899999999999999997
1  3.47e+04  0.3929709975 -10.00246 0.94899999999999999997
1  3.63e+04  0.2535389548 -10.00246 0.94899999999999999997
1  3.80e+04  0.3667234975 -10.00246 0.94899999999999999997
1  3.98e+04  0.1354448041 -10.00246 0.94899999999999999997
1  4.17e+04  0.3489761647 -10.00246 0.94899999999999999997
1  4.37e+04  0.1748233834 -10.00246 0.94899999999999999997
1  4.57e+04  0.4185528526 -10.00246 0.94899999999999999997
1  4.79e+04  0.3508328749 -10.00246 0.94899999999999999997
1  5.01e+04  0.3597001185 -10.00246 0.94899999999999999997
1  5.25e+04  0.3548934173 -10.00246 0.94899999999999999997
1  5.50e+04  0.3768897548 -10.00246 0.94899999999999999997
1  5.75e+04  0.1690188849 -10.00246 0.94899999999999999997
1  6.03e+04  0.3529536725 -10.00246 0.94899999999999999997
1  6.31e+04  0.2658688524 -10.00246 0.94899999999999999997
1  6.61e+04  0.1163145009 -10.00246 0.94899999999999999997
1  6.92e+04  0.3505195604 -10.00246 0.94899999999999999997
1  7.24e+04  0.3618936508 -10.00246 0.94899999999999999997
1  7.59e+04  0.2267707283 -10.00246 0.94899999999999999997
1  7.94e+04  0.320186517 -10.00246 0.94899999999999999997
1  8.32e+04  0.4199409638 -10.00246 0.94899999999999999997
1  8.71e+04  0.3875983163 -10.00246 0.94899999999999999997
1  9.12e+04  0.3751654964 -10.00246 0.94899999999999999997
1  9.55e+04  0.3960364979 -10.00246 0.94899999999999999997
1  1.00e+05  0.3760518854 -10.00246 0.94899999999999999997
1  1.05e+05  0.3604796799 -10.00246 0.94899999999999999997
1  1.10e+05  0.3978666267 -10.00246 0.94899999999999999997
1  1.15e+05  0.4243920211 -10.00246 0.94899999999999999997
1  1.20e+05  0.3766883258 -10.00246 0.94899999999999999997
1  1.26e+05  0.299589532 -10.00246 0.94899999999999999997
1  1.32e+05  0.2802518233 -10.00246 0.94899999999999999997
1  1.38e+05  0.3342157358 -10.00246 0.94899999999999999997
1  1.45e+05  0.3964617505 -10.00246 0.94899999999999999997
1  1.51e+05  0.4009445941 -10.00246 0.94899999999999999997
1  1.58e+05  0.3427895564 -10.00246 0.94899999999999999997
1  1.66e+05  0.2702993921 -10.00246 0.94899999999999999997
1  1.74e+05  0.2356594802 -10.00246 0.94899999999999999997
1  1.82e+05  0.2566118585 -10.00246 0.94899999999999999997
1  1.91e+05  0.3130960437 -10.00246 0.94899999999999999997
1  2.00e+05  0.368870909 -10.00246 0.94899999999999999997
1  2.09e+05  0.3958332796 -10.00246 0.94899999999999999997
1  2.19e+05  0.3861625437 -10.00246 0.94899999999999999997
1  2.29e+05  0.3503834844 -10.00246 0.94899999999999999997
1  2.40e+05  0.3075981031 -10.00246 0.94899999999999999997
1  2.51e+05  0.275325527 -10.00246 0.94899999999999999997
1  2.63e+05  0.2634167265 -10.00246 0.94899999999999999997
1  2.75e+05  0.2728777948 -10.00246 0.94899999999999999997
1  2.88e+05  0.2981298345 -10.00246 0.94899999999999999997
1  3.02e+05  0.3305878072 -10.00246 0.94899999999999999997
1  3.16e+05  0.3618917912 -10.00246 0.94899999999999999997
1  3.31e+05  0.3859548228 -10.00246 0.94899999999999999997
1  3.47e+05  0.3997141851 -10.00246 0.94899999999999999997
1  3.63e+05  0.4028954339 -10.00246 0.94899999999999999997
1  3.80e+05  0.3972334039 -10.00246 0.94899999999999999997
1  3.98e+05  0.385542799 -10.00246 0.94899999999999999997
1  4.17e+05  0.3708994554 -10.00246 0.94899999999999999997
1  4.37e+05  0.3560570813 -10.00246 0.94899999999999999997
1  4.57e+05  0.343120872 -10.00246 0.94899999999999999997
1  4.79e+05  0.333438329 -10.00246 0.94899999999999999997
1  5.01e+05  0.3276426731 -10.00246 0.94899999999999999997
1  5.25e+05  0.3257835813 -10.00246 0.94899999999999999997
1  5.50e+05  0.3274921174 -10.00246 0.94899999999999999997
1  5.75e+05  0.3321431164 -10.00246 0.94899999999999999997
1  6.03e+05  0.3389937777 -10.00246 0.94899999999999999997
1  6.31e+05  0.3472893852 -10.00246 0.94899999999999999997
1  6.61e+05  0.3570386701 -10.00246 0.94899999999999999997
1  6.92e+05  0.3669898663 -10.00246 0.94899999999999999997
1  7.24e+05  0.3765437049 -10.00246 0.94899999999999999997
1  7.59e+05  0.3854327254 -10.00246 0.94899999999999999997
1  7.94e+05  0.393030527 -10.00246 0.94899999999999999997
1  8.32e+05  0.3993720757 -10.00246 0.94899999999999999997
1  8.71e+05  0.4044173989 -10.00246 0.94899999999999999997
1  9.12e+05  0.4082036612 -10.00246 0.94899999999999999997
1  9.55e+05  0.4108211077 -10.00246 0.94899999999999999997
1  1.00e+06  0.4123928328 -10.00246 0.94899999999999999997
1  1.05e+06  0.4130695249 -10.00246 0.94899999999999999997
1  1.10e+06  0.4129587175 -10.00246 0.94899999999999999997
1  1.15e+06  0.412229908 -10.00246 0.94899999999999999997
1  1.20e+06  0.411014023 -10.00246 0.94899999999999999997
1  1.26e+06  0.4094289533 -10.00246 0.94899999999999999997
1  1.32e+06  0.407577951 -10.00246 0.94899999999999999997
1  1.38e+06  0.4055492728 -10.00246 0.94899999999999999997
1  1.45e+06  0.4033682533 -10.00246 0.94899999999999999997
1  1.51e+06  0.4011906302 -10.00246 0.94899999999999999997
1  1.58e+06  0.3990185591 -10.00246 0.94899999999999999997
1  1.66e+06  0.396889343 -10.00246 0.94899999999999999997
1  1.74e+06  0.3948311459 -10.00246 0.94899999999999999997
1  1.82e+06  0.3928644199 -10.00246 0.94899999999999999997
1  1.91e+06  0.3910032208 -10.00246 0.94899999999999999997
1  2.00e+06  0.3892133831 -10.00246 0.94899999999999999997
1  2.09e+06  0.387587894 -10.00246 0.94899999999999999997
1  2.19e+06  0.3860828814 -10.00246 0.94899999999999999997
1  2.29e+06  0.3846971231 -10.00246 0.94899999999999999997
1  2.40e+06  0.3834275054 -10.00246 0.94899999999999999997
1  2.51e+06  0.3822695403 -10.00246 0.94899999999999999997
1  2.63e+06  0.3812177864 -10.00246 0.94899999999999999997
1  2.75e+06  0.3802395782 -10.00246 0.94899999999999999997
1  2.88e+06  0.3793837971 -10.00246 0.94899999999999999997
1  3.02e+06  0.3786150962 -10.00246 0.94899999999999999997
1  3.16e+06  0.3779269374 -10.00246 0.94899999999999999997
1  3.31e+06  0.3773129195 -10.00246 0.94899999999999999997
1  3.47e+06  0.3767668637 -10.00246 0.94899999999999999997
1  3.63e+06  0.376266977 -10.00246 0.94899999999999999997
1  3.80e+06  0.3758408501 -10.00246 0.94899999999999999997
1  3.98e+06  0.3754658715 -10.00246 0.94899999999999999997
1  4.17e+06  0.3751371664 -10.00246 0.94899999999999999997
1  4.37e+06  0.3748502148 -10.00246 0.94899999999999999997
1  4.57e+06  0.3746008453 -10.00246 0.94899999999999999997
1  4.79e+06  0.3743852238 -10.00246 0.94899999999999999997
1  5.01e+06  0.3741915694 -10.00246 0.94899999999999999997
1  5.25e+06  0.3740339702 -10.00246 0.94899999999999999997
1  5.50e+06  0.3739004171 -10.00246 0.94899999999999999997
1  5.75e+06  0.3737882648 -10.00246 0.94899999999999999997
1  6.03e+06  0.3736951167 -10.00246 0.94899999999999999997
1  6.31e+06  0.3736188061 -10.00246 0.94899999999999999997
1  6.61e+06  0.3735573778 -10.00246 0.94899999999999999997
1  6.92e+06  0.3735048824 -10.00246 0.94899999999999999997
1  7.24e+06  0.373468505 -10.00246 0.94899999999999999997
1  7.59e+06  0.3734422079 -10.00246 0.94899999999999999997
1  7.94e+06  0.3734247201 -10.00246 0.94899999999999999997
1  8.32e+06  0.3734149037 -10.00246 0.94899999999999999997
1  8.71e+06  0.3734117422 -10.00246 0.94899999999999999997
1  9.12e+06  0.3734143283 -10.00246 0.94899999999999999997
1  9.55e+06  0.373419759 -10.00246 0.94899999999999999997
1  1.00e+07  0.3734317024 -10.00246 0.94899999999999999997
