1  1.00e-03  0.1758963834 69187.844 1.04899999999999999994
1  1.05e-03  0.17589638 69187.844 1.04899999999999999994
1  1.10e-03  0.1758963845 69187.844 1.04899999999999999994
1  1.15e-03  0.1758963817 69187.844 1.04899999999999999994
1  1.20e-03  0.1758963834 69187.844 1.04899999999999999994
1  1.26e-03  0.1758963849 69187.844 1.04899999999999999994
1  1.32e-03  0.1758963867 69187.844 1.04899999999999999994
1  1.38e-03  0.1758963825 69187.844 1.04899999999999999994
1  1.45e-03  0.1758963832 69187.844 1.04899999999999999994
1  1.51e-03  0.1758963847 69187.844 1.04899999999999999994
1  1.58e-03  0.1758963832 69187.844 1.04899999999999999994
1  1.66e-03  0.1758963834 69187.844 1.04899999999999999994
1  1.74e-03  0.175896384 69187.844 1.04899999999999999994
1  1.82e-03  0.1758963842 69187.844 1.04899999999999999994
1  1.91e-03  0.175896381 69187.844 1.04899999999999999994
1  2.00e-03  0.1758963819 69187.844 1.04899999999999999994
1  2.09e-03  0.175896388 69187.844 1.04899999999999999994
1  2.19e-03  0.175896387 69187.844 1.04899999999999999994
1  2.29e-03  0.1758963836 69187.844 1.04899999999999999994
1  2.40e-03  0.1758963863 69187.844 1.04899999999999999994
1  2.51e-03  0.1758963895 69187.844 1.04899999999999999994
1  2.63e-03  0.1758963866 69187.844 1.04899999999999999994
1  2.75e-03  0.1758963859 69187.844 1.04899999999999999994
1  2.88e-03  0.1758963862 69187.844 1.04899999999999999994
1  3.02e-03  0.1758963876 69187.844 1.04899999999999999994
1  3.16e-03  0.1758963917 69187.844 1.04899999999999999994
1  3.31e-03  0.1758963879 69187.844 1.04899999999999999994
1  3.47e-03  0.1758963836 69187.844 1.04899999999999999994
1  3.63e-03  0.1758963865 69187.844 1.04899999999999999994
1  3.80e-03  0.1758963855 69187.844 1.04899999999999999994
1  3.98e-03  0.175896385 69187.844 1.04899999999999999994
1  4.17e-03  0.1758963912 69187.844 1.04899999999999999994
1  4.37e-03  0.1758963902 69187.844 1.04899999999999999994
1  4.57e-03  0.1758963895 69187.844 1.04899999999999999994
1  4.79e-03  0.1758963851 69187.844 1.04899999999999999994
1  5.01e-03  0.175896388 69187.844 1.04899999999999999994
1  5.25e-03  0.1758963927 69187.844 1.04899999999999999994
1  5.50e-03  0.1758963854 69187.844 1.04899999999999999994
1  5.75e-03  0.1758963911 69187.844 1.04899999999999999994
1  6.03e-03  0.1758964011 69187.844 1.04899999999999999994
1  6.31e-03  0.1758963949 69187.844 1.04899999999999999994
1  6.61e-03  0.1758963961 69187.844 1.04899999999999999994
1  6.92e-03  0.1758963885 69187.844 1.04899999999999999994
1  7.24e-03  0.1758963924 69187.844 1.04899999999999999994
1  7.59e-03  0.1758964019 69187.844 1.04899999999999999994
1  7.94e-03  0.1758963897 69187.844 1.04899999999999999994
1  8.32e-03  0.1758963996 69187.844 1.04899999999999999994
1  8.71e-03  0.1758964022 69187.844 1.04899999999999999994
1  9.12e-03  0.1758963995 69187.844 1.04899999999999999994
1  9.55e-03  0.1758963923 69187.844 1.04899999999999999994
1  1.00e-02  0.1758964105 69187.844 1.04899999999999999994
1  1.05e-02  0.1758963889 69187.844 1.04899999999999999994
1  1.10e-02  0.1758964094 69187.844 1.04899999999999999994
1  1.15e-02  0.1758963963 69187.844 1.04899999999999999994
1  1.20e-02  0.1758963989 69187.844 1.04899999999999999994
1  1.26e-02  0.1758964094 69187.844 1.04899999999999999994
1  1.32e-02  0.1758963937 69187.844 1.04899999999999999994
1  1.38e-02  0.1758964072 69187.844 1.04899999999999999994
1  1.45e-02  0.1758964009 69187.844 1.04899999999999999994
1  1.51e-02  0.1758963916 69187.844 1.04899999999999999994
1  1.58e-02  0.1758964019 69187.844 1.04899999999999999994
1  1.66e-02  0.1758964197 69187.844 1.04899999999999999994
1  1.74e-02  0.1758963938 69187.844 1.04899999999999999994
1  1.82e-02  0.1758964161 69187.844 1.04899999999999999994
1  1.91e-02  0.1758964043 69187.844 1.04899999999999999994
1  2.00e-02  0.1758964098 69187.844 1.04899999999999999994
1  2.09e-02  0.175896413 69187.844 1.04899999999999999994
1  2.19e-02  0.1758964236 69187.844 1.04899999999999999994
1  2.29e-02  0.1758879735 69187.844 1.04899999999999999994
1  2.40e-02  0.1758965591 69187.844 1.04899999999999999994
1  2.51e-02  0.175896424 69187.844 1.04899999999999999994
1  2.63e-02  0.1758964245 69187.844 1.04899999999999999994
1  2.75e-02  0.1758964819 69187.844 1.04899999999999999994
1  2.88e-02  0.1758964848 69187.844 1.04899999999999999994
1  3.02e-02  0.1758963875 69187.844 1.04899999999999999994
1  3.16e-02  0.1758964514 69187.844 1.04899999999999999994
1  3.31e-02  0.1758964357 69187.844 1.04899999999999999994
1  3.47e-02  0.1758964766 69187.844 1.04899999999999999994
1  3.63e-02  0.1758966265 69187.844 1.04899999999999999994
1  3.80e-02  0.1758966141 69187.844 1.04899999999999999994
1  3.98e-02  0.1758964416 69187.844 1.04899999999999999994
1  4.17e-02  0.1758964528 69187.844 1.04899999999999999994
1  4.37e-02  0.1758965712 69187.844 1.04899999999999999994
1  4.57e-02  0.1758965484 69187.844 1.04899999999999999994
1  4.79e-02  0.1758970855 69187.844 1.04899999999999999994
1  5.01e-02  0.1758965674 69187.844 1.04899999999999999994
1  5.25e-02  0.1758965216 69187.844 1.04899999999999999994
1  5.50e-02  0.1758964908 69187.844 1.04899999999999999994
1  5.75e-02  0.1758965017 69187.844 1.04899999999999999994
1  6.03e-02  0.1758964645 69187.844 1.04899999999999999994
1  6.31e-02  0.1758964721 69187.844 1.04899999999999999994
1  6.61e-02  0.1758964477 69187.844 1.04899999999999999994
1  6.92e-02  0.1758965346 69187.844 1.04899999999999999994
1  7.24e-02  0.1758964305 69187.844 1.04899999999999999994
1  7.59e-02  0.1758967002 69187.844 1.04899999999999999994
1  7.94e-02  0.1758963833 69187.844 1.04899999999999999994
1  8.32e-02  0.1758970197 69187.844 1.04899999999999999994
1  8.71e-02  0.1758966031 69187.844 1.04899999999999999994
1  9.12e-02  0.1758971636 69187.844 1.04899999999999999994
1  9.55e-02  0.1758966303 69187.844 1.04899999999999999994
1  1.00e-01  0.1758965694 69187.844 1.04899999999999999994
1  1.05e-01  0.1758965199 69187.844 1.04899999999999999994
1  1.10e-01  0.175896485 69187.844 1.04899999999999999994
1  1.15e-01  0.1758966408 69187.844 1.04899999999999999994
1  1.20e-01  0.1758965921 69187.844 1.04899999999999999994
1  1.26e-01  0.1758965257 69187.844 1.04899999999999999994
1  1.32e-01  0.1758966707 69187.844 1.04899999999999999994
1  1.38e-01  0.1758966831 69187.844 1.04899999999999999994
1  1.45e-01  0.1758964865 69187.844 1.04899999999999999994
1  1.51e-01  0.1758964615 69187.844 1.04899999999999999994
1  1.58e-01  0.1758976519 69187.844 1.04899999999999999994
1  1.66e-01  0.1758965972 69187.844 1.04899999999999999994
1  1.74e-01  0.1758974552 69187.844 1.04899999999999999994
1  1.82e-01  0.1758968848 69187.844 1.04899999999999999994
1  1.91e-01  0.1758968102 69187.844 1.04899999999999999994
1  2.00e-01  0.1758968012 69187.844 1.04899999999999999994
1  2.09e-01  0.1758964215 69187.844 1.04899999999999999994
1  2.19e-01  0.1758966899 69187.844 1.04899999999999999994
1  2.29e-01  0.1758964801 69187.844 1.04899999999999999994
1  2.40e-01  0.1758966656 69187.844 1.04899999999999999994
1  2.51e-01  0.1758965443 69187.844 1.04899999999999999994
1  2.63e-01  0.1758968357 69187.844 1.04899999999999999994
1  2.75e-01  0.1758977794 69187.844 1.04899999999999999994
1  2.88e-01  0.1758931438 69187.844 1.04899999999999999994
1  3.02e-01  0.1758968534 69187.844 1.04899999999999999994
1  3.16e-01  0.175896923 69187.844 1.04899999999999999994
1  3.31e-01  0.1758971414 69187.844 1.04899999999999999994
1  3.47e-01  0.1758967117 69187.844 1.04899999999999999994
1  3.63e-01  0.1758969433 69187.844 1.04899999999999999994
1  3.80e-01  0.1758970576 69187.844 1.04899999999999999994
1  3.98e-01  0.1758967721 69187.844 1.04899999999999999994
1  4.17e-01  0.1758971228 69187.844 1.04899999999999999994
1  4.37e-01  0.1758968897 69187.844 1.04899999999999999994
1  4.57e-01  0.1758968089 69187.844 1.04899999999999999994
1  4.79e-01  0.1758968737 69187.844 1.04899999999999999994
1  5.01e-01  0.1758965324 69187.844 1.04899999999999999994
1  5.25e-01  0.1758975163 69187.844 1.04899999999999999994
1  5.50e-01  0.1758966485 69187.844 1.04899999999999999994
1  5.75e-01  0.1758970609 69187.844 1.04899999999999999994
1  6.03e-01  0.1759056021 69187.844 1.04899999999999999994
1  6.31e-01  0.1758975637 69187.844 1.04899999999999999994
1  6.61e-01  0.1759041226 69187.844 1.04899999999999999994
1  6.92e-01  0.1758971125 69187.844 1.04899999999999999994
1  7.24e-01  0.1758967627 69187.844 1.04899999999999999994
1  7.59e-01  0.1758968587 69187.844 1.04899999999999999994
1  7.94e-01  0.1758966668 69187.844 1.04899999999999999994
1  8.32e-01  0.1758967477 69187.844 1.04899999999999999994
1  8.71e-01  0.1758967107 69187.844 1.04899999999999999994
1  9.12e-01  0.1758964827 69187.844 1.04899999999999999994
1  9.55e-01  0.1758975461 69187.844 1.04899999999999999994
1  1.00e+00  0.1758977192 69187.844 1.04899999999999999994
1  1.05e+00  0.1758972459 69187.844 1.04899999999999999994
1  1.10e+00  0.1758981852 69187.844 1.04899999999999999994
1  1.15e+00  0.1758982106 69187.844 1.04899999999999999994
1  1.20e+00  0.17590018 69187.844 1.04899999999999999994
1  1.26e+00  0.1758969283 69187.844 1.04899999999999999994
1  1.32e+00  0.175898785 69187.844 1.04899999999999999994
1  1.38e+00  0.1759202783 69187.844 1.04899999999999999994
1  1.45e+00  0.1758959039 69187.844 1.04899999999999999994
1  1.51e+00  0.1758966396 69187.844 1.04899999999999999994
1  1.58e+00  0.1758973398 69187.844 1.04899999999999999994
1  1.66e+00  0.1758978571 69187.844 1.04899999999999999994
1  1.74e+00  0.1758961805 69187.844 1.04899999999999999994
1  1.82e+00  0.1758983698 69187.844 1.04899999999999999994
1  1.91e+00  0.1758946585 69187.844 1.04899999999999999994
1  2.00e+00  0.175898435 69187.844 1.04899999999999999994
1  2.09e+00  0.1758966584 69187.844 1.04899999999999999994
1  2.19e+00  0.1758986085 69187.844 1.04899999999999999994
1  2.29e+00  0.1759011443 69187.844 1.04899999999999999994
1  2.40e+00  0.1759265502 69187.844 1.04899999999999999994
1  2.51e+00  0.1758936077 69187.844 1.04899999999999999994
1  2.63e+00  0.1759009016 69187.844 1.04899999999999999994
1  2.75e+00  0.1759057543 69187.844 1.04899999999999999994
1  2.88e+00  0.1757561604 69187.844 1.04899999999999999994
1  3.02e+00  0.1759033276 69187.844 1.04899999999999999994
1  3.16e+00  0.1758521015 69187.844 1.04899999999999999994
1  3.31e+00  0.1759003138 69187.844 1.04899999999999999994
1  3.47e+00  0.1759650215 69187.844 1.04899999999999999994
1  3.63e+00  0.1759083114 69187.844 1.04899999999999999994
1  3.80e+00  0.1758982855 69187.844 1.04899999999999999994
1  3.98e+00  0.1759018476 69187.844 1.04899999999999999994
1  4.17e+00  0.1759007329 69187.844 1.04899999999999999994
1  4.37e+00  0.175897941 69187.844 1.04899999999999999994
1  4.57e+00  0.1758961432 69187.844 1.04899999999999999994
1  4.79e+00  0.1759022282 69187.844 1.04899999999999999994
1  5.01e+00  0.1758987858 69187.844 1.04899999999999999994
1  5.25e+00  0.1757022264 69187.844 1.04899999999999999994
1  5.50e+00  0.175973318 69187.844 1.04899999999999999994
1  5.75e+00  0.175899464 69187.844 1.04899999999999999994
1  6.03e+00  0.1757796291 69187.844 1.04899999999999999994
1  6.31e+00  0.1758958201 69187.844 1.04899999999999999994
1  6.61e+00  0.175908628 69187.844 1.04899999999999999994
1  6.92e+00  0.1758959569 69187.844 1.04899999999999999994
1  7.24e+00  0.1759770211 69187.844 1.04899999999999999994
1  7.59e+00  0.1754698578 69187.844 1.04899999999999999994
1  7.94e+00  0.1756739805 69187.844 1.04899999999999999994
1  8.32e+00  0.1760610433 69187.844 1.04899999999999999994
1  8.71e+00  0.1759921741 69187.844 1.04899999999999999994
1  9.12e+00  0.1757571077 69187.844 1.04899999999999999994
1  9.55e+00  0.1758786355 69187.844 1.04899999999999999994
1  1.00e+01  0.1761372159 69187.844 1.04899999999999999994
1  1.05e+01  0.1757326645 69187.844 1.04899999999999999994
1  1.10e+01  0.1759265216 69187.844 1.04899999999999999994
1  1.15e+01  0.1758985956 69187.844 1.04899999999999999994
1  1.20e+01  0.1759103694 69187.844 1.04899999999999999994
1  1.26e+01  0.1758120553 69187.844 1.04899999999999999994
1  1.32e+01  0.1758641994 69187.844 1.04899999999999999994
1  1.38e+01  0.1759072648 69187.844 1.04899999999999999994
1  1.45e+01  0.1758906861 69187.844 1.04899999999999999994
1  1.51e+01  0.1759062739 69187.844 1.04899999999999999994
1  1.58e+01  0.175899843 69187.844 1.04899999999999999994
1  1.66e+01  0.1761638289 69187.844 1.04899999999999999994
1  1.74e+01  0.1751059669 69187.844 1.04899999999999999994
1  1.82e+01  0.1753762612 69187.844 1.04899999999999999994
1  1.91e+01  0.1764583366 69187.844 1.04899999999999999994
1  2.00e+01  0.1753347217 69187.844 1.04899999999999999994
1  2.09e+01  0.1753533253 69187.844 1.04899999999999999994
1  2.19e+01  0.1767649308 69187.844 1.04899999999999999994
1  2.29e+01  0.1755208163 69187.844 1.04899999999999999994
1  2.40e+01  0.1766104987 69187.844 1.04899999999999999994
1  2.51e+01  0.1759048172 69187.844 1.04899999999999999994
1  2.63e+01  0.177504631 69187.844 1.04899999999999999994
1  2.75e+01  0.1762981538 69187.844 1.04899999999999999994
1  2.88e+01  0.1749112069 69187.844 1.04899999999999999994
1  3.02e+01  0.1758212189 69187.844 1.04899999999999999994
1  3.16e+01  0.175868366 69187.844 1.04899999999999999994
1  3.31e+01  0.1760214058 69187.844 1.04899999999999999994
1  3.47e+01  0.1747672664 69187.844 1.04899999999999999994
1  3.63e+01  0.1763999995 69187.844 1.04899999999999999994
1  3.80e+01  0.1754101917 69187.844 1.04899999999999999994
1  3.98e+01  0.1763764305 69187.844 1.04899999999999999994
1  4.17e+01  0.1756721769 69187.844 1.04899999999999999994
1  4.37e+01  0.1760542042 69187.844 1.04899999999999999994
1  4.57e+01  0.1748457796 69187.844 1.04899999999999999994
1  4.79e+01  0.1752851 69187.844 1.04899999999999999994
1  5.01e+01  0.1758301462 69187.844 1.04899999999999999994
1  5.25e+01  0.1759586471 69187.844 1.04899999999999999994
1  5.50e+01  0.1756695201 69187.844 1.04899999999999999994
1  5.75e+01  0.1759379528 69187.844 1.04899999999999999994
1  6.03e+01  0.1762350905 69187.844 1.04899999999999999994
1  6.31e+01  0.1757517934 69187.844 1.04899999999999999994
1  6.61e+01  0.175788312 69187.844 1.04899999999999999994
1  6.92e+01  0.1759082108 69187.844 1.04899999999999999994
1  7.24e+01  0.1760132712 69187.844 1.04899999999999999994
1  7.59e+01  0.1755129694 69187.844 1.04899999999999999994
1  7.94e+01  0.1756306759 69187.844 1.04899999999999999994
1  8.32e+01  0.1759596457 69187.844 1.04899999999999999994
1  8.71e+01  0.1759776041 69187.844 1.04899999999999999994
1  9.12e+01  0.175847256 69187.844 1.04899999999999999994
1  9.55e+01  0.1756389521 69187.844 1.04899999999999999994
1  1.00e+02  0.1767054873 69187.844 1.04899999999999999994
1  1.05e+02  0.1760273318 69187.844 1.04899999999999999994
1  1.10e+02  0.1763433794 69187.844 1.04899999999999999994
1  1.15e+02  0.1760592668 69187.844 1.04899999999999999994
1  1.20e+02  0.1759486545 69187.844 1.04899999999999999994
1  1.26e+02  0.1754108588 69187.844 1.04899999999999999994
1  1.32e+02  0.1760916847 69187.844 1.04899999999999999994
1  1.38e+02  0.1759722141 69187.844 1.04899999999999999994
1  1.45e+02  0.1761701857 69187.844 1.04899999999999999994
1  1.51e+02  0.1759057057 69187.844 1.04899999999999999994
1  1.58e+02  0.1754251916 69187.844 1.04899999999999999994
1  1.66e+02  0.1758437581 69187.844 1.04899999999999999994
1  1.74e+02  0.1760307734 69187.844 1.04899999999999999994
1  1.82e+02  0.1759900701 69187.844 1.04899999999999999994
1  1.91e+02  0.1761294808 69187.844 1.04899999999999999994
1  2.00e+02  0.1758095931 69187.844 1.04899999999999999994
1  2.09e+02  0.1761022066 69187.844 1.04899999999999999994
1  2.19e+02  0.1759623193 69187.844 1.04899999999999999994
1  2.29e+02  0.1761454447 69187.844 1.04899999999999999994
1  2.40e+02  0.1762975963 69187.844 1.04899999999999999994
1  2.51e+02  0.1759582442 69187.844 1.04899999999999999994
1  2.63e+02  0.1762219646 69187.844 1.04899999999999999994
1  2.75e+02  0.1758108726 69187.844 1.04899999999999999994
1  2.88e+02  0.176139965 69187.844 1.04899999999999999994
1  3.02e+02  0.1760057585 69187.844 1.04899999999999999994
1  3.16e+02  0.1760562114 69187.844 1.04899999999999999994
1  3.31e+02  0.1761890893 69187.844 1.04899999999999999994
1  3.47e+02  0.1763643196 69187.844 1.04899999999999999994
1  3.63e+02  0.1759353656 69187.844 1.04899999999999999994
1  3.80e+02  0.1757931777 69187.844 1.04899999999999999994
1  3.98e+02  0.1763450419 69187.844 1.04899999999999999994
1  4.17e+02  0.1760139436 69187.844 1.04899999999999999994
1  4.37e+02  0.1759798464 69187.844 1.04899999999999999994
1  4.57e+02  0.175954704 69187.844 1.04899999999999999994
1  4.79e+02  0.1765472427 69187.844 1.04899999999999999994
1  5.01e+02  0.1757613094 69187.844 1.04899999999999999994
1  5.25e+02  0.1759424647 69187.844 1.04899999999999999994
1  5.50e+02  0.1771706229 69187.844 1.04899999999999999994
1  5.75e+02  0.1764383244 69187.844 1.04899999999999999994
1  6.03e+02  0.1761524993 69187.844 1.04899999999999999994
1  6.31e+02  0.1761971121 69187.844 1.04899999999999999994
1  6.61e+02  0.1769120133 69187.844 1.04899999999999999994
1  6.92e+02  0.1759691176 69187.844 1.04899999999999999994
1  7.24e+02  0.1755890647 69187.844 1.04899999999999999994
1  7.59e+02  0.1767949753 69187.844 1.04899999999999999994
1  7.94e+02  0.1769768321 69187.844 1.04899999999999999994
1  8.32e+02  0.1761642357 69187.844 1.04899999999999999994
1  8.71e+02  0.1761847978 69187.844 1.04899999999999999994
1  9.12e+02  0.1775927246 69187.844 1.04899999999999999994
1  9.55e+02  0.1762436542 69187.844 1.04899999999999999994
1  1.00e+03  0.1760244998 69187.844 1.04899999999999999994
1  1.05e+03  0.175723513 69187.844 1.04899999999999999994
1  1.10e+03  0.1758258841 69187.844 1.04899999999999999994
1  1.15e+03  0.1787930692 69187.844 1.04899999999999999994
1  1.20e+03  0.1764795711 69187.844 1.04899999999999999994
1  1.26e+03  0.176191237 69187.844 1.04899999999999999994
1  1.32e+03  0.1750610651 69187.844 1.04899999999999999994
1  1.38e+03  0.1733161026 69187.844 1.04899999999999999994
1  1.45e+03  0.1777705432 69187.844 1.04899999999999999994
1  1.51e+03  0.178885368 69187.844 1.04899999999999999994
1  1.58e+03  0.1867139121 69187.844 1.04899999999999999994
1  1.66e+03  0.1822680222 69187.844 1.04899999999999999994
1  1.74e+03  0.1805545485 69187.844 1.04899999999999999994
1  1.82e+03  0.1801610674 69187.844 1.04899999999999999994
1  1.91e+03  0.1678046789 69187.844 1.04899999999999999994
1  2.00e+03  0.1741308044 69187.844 1.04899999999999999994
1  2.09e+03  0.163771597 69187.844 1.04899999999999999994
1  2.19e+03  0.1738885516 69187.844 1.04899999999999999994
1  2.29e+03  0.186253866 69187.844 1.04899999999999999994
1  2.40e+03  0.1910738929 69187.844 1.04899999999999999994
1  2.51e+03  0.1799657327 69187.844 1.04899999999999999994
1  2.63e+03  0.1876658629 69187.844 1.04899999999999999994
1  2.75e+03  0.2150371223 69187.844 1.04899999999999999994
1  2.88e+03  0.1799999919 69187.844 1.04899999999999999994
1  3.02e+03  0.1854886215 69187.844 1.04899999999999999994
1  3.16e+03  0.2138413753 69187.844 1.04899999999999999994
1  3.31e+03  0.209483106 69187.844 1.04899999999999999994
1  3.47e+03  0.2101549576 69187.844 1.04899999999999999994
1  3.63e+03  0.1978085364 69187.844 1.04899999999999999994
1  3.80e+03  0.158088236 69187.844 1.04899999999999999994
1  3.98e+03  0.168369812 69187.844 1.04899999999999999994
1  4.17e+03  0.1802700101 69187.844 1.04899999999999999994
1  4.37e+03  0.17634923 69187.844 1.04899999999999999994
1  4.57e+03  0.1747703515 69187.844 1.04899999999999999994
1  4.79e+03  0.1781716532 69187.844 1.04899999999999999994
1  5.01e+03  0.1359904882 69187.844 1.04899999999999999994
1  5.25e+03  0.2229754387 69187.844 1.04899999999999999994
1  5.50e+03  0.1635828943 69187.844 1.04899999999999999994
1  5.75e+03  0.1999558587 69187.844 1.04899999999999999994
1  6.03e+03  0.1726665242 69187.844 1.04899999999999999994
1  6.31e+03  0.2261695127 69187.844 1.04899999999999999994
1  6.61e+03  0.3340097991 69187.844 1.04899999999999999994
1  6.92e+03  0.1596362771 69187.844 1.04899999999999999994
1  7.24e+03  0.1509444494 69187.844 1.04899999999999999994
1  7.59e+03  0.1926168314 69187.844 1.04899999999999999994
1  7.94e+03  0.123568766 69187.844 1.04899999999999999994
1  8.32e+03  0.2160765543 69187.844 1.04899999999999999994
1  8.71e+03  0.1342443645 69187.844 1.04899999999999999994
1  9.12e+03  0.4168878361 69187.844 1.04899999999999999994
1  9.55e+03  0.1566256582 69187.844 1.04899999999999999994
1  1.00e+04  0.2770486045 69187.844 1.04899999999999999994
1  1.05e+04  0.1675939149 69187.844 1.04899999999999999994
1  1.10e+04  0.3093457473 69187.844 1.04899999999999999994
1  1.15e+04  0.161873169 69187.844 1.04899999999999999994
1  1.20e+04  0.1431751049 69187.844 1.04899999999999999994
1  1.26e+04  0.3077572134 69187.844 1.04899999999999999994
1  1.32e+04  0.1651204888 69187.844 1.04899999999999999994
1  1.38e+04  0.396388099 69187.844 1.04899999999999999994
1  1.45e+04  0.1781219068 69187.844 1.04899999999999999994
1  1.51e+04  0.3175969524 69187.844 1.04899999999999999994
1  1.58e+04  0.162722149 69187.844 1.04899999999999999994
1  1.66e+04  0.1634936149 69187.844 1.04899999999999999994
1  1.74e+04  0.2271241093 69187.844 1.04899999999999999994
1  1.82e+04  0.2528052399 69187.844 1.04899999999999999994
1  1.91e+04  0.6339860884 69187.844 1.04899999999999999994
1  2.00e+04  0.1939143227 69187.844 1.04899999999999999994
1  2.09e+04  0.171857916 69187.844 1.04899999999999999994
1  2.19e+04  0.6081859272 69187.844 1.04899999999999999994
1  2.29e+04  0.3201807531 69187.844 1.04899999999999999994
1  2.40e+04  0.170503278 69187.844 1.04899999999999999994
1  2.51e+04  0.4934030423 69187.844 1.04899999999999999994
1  2.63e+04  0.2804284233 69187.844 1.04899999999999999994
1  2.75e+04  0.3300792703 69187.844 1.04899999999999999994
1  2.88e+04  0.2228149756 69187.844 1.04899999999999999994
1  3.02e+04  0.2381291856 69187.844 1.04899999999999999994
1  3.16e+04  0.5016959737 69187.844 1.04899999999999999994
1  3.31e+04  0.2848771941 69187.844 1.04899999999999999994
1  3.47e+04  0.4038875857 69187.844 1.04899999999999999994
1  3.63e+04  0.2499610194 69187.844 1.04899999999999999994
1  3.80e+04  0.2023582285 69187.844 1.04899999999999999994
1  3.98e+04  0.3949711815 69187.844 1.04899999999999999994
1  4.17e+04  0.1774384697 69187.844 1.04899999999999999994
1  4.37e+04  0.6162290617 69187.844 1.04899999999999999994
1  4.57e+04  0.291339662 69187.844 1.04899999999999999994
1  4.79e+04  0.2818067304 69187.844 1.04899999999999999994
1  5.01e+04  0.3987969953 69187.844 1.04899999999999999994
1  5.25e+04  0.2143738168 69187.844 1.04899999999999999994
1  5.50e+04  0.1918441217 69187.844 1.04899999999999999994
1  5.75e+04  0.3481170388 69187.844 1.04899999999999999994
1  6.03e+04  0.311628727 69187.844 1.04899999999999999994
1  6.31e+04  0.1825819776 69187.844 1.04899999999999999994
1  6.61e+04  0.4505240825 69187.844 1.04899999999999999994
1  6.92e+04  0.5127357146 69187.844 1.04899999999999999994
1  7.24e+04  0.2245991545 69187.844 1.04899999999999999994
1  7.59e+04  0.2412578994 69187.844 1.04899999999999999994
1  7.94e+04  0.4563481051 69187.844 1.04899999999999999994
1  8.32e+04  0.4120684192 69187.844 1.04899999999999999994
1  8.71e+04  0.2266692485 69187.844 1.04899999999999999994
1  9.12e+04  0.1790400905 69187.844 1.04899999999999999994
1  9.55e+04  0.2410440971 69187.844 1.04899999999999999994
1  1.00e+05  0.2827869704 69187.844 1.04899999999999999994
1  1.05e+05  0.279330536 69187.844 1.04899999999999999994
1  1.10e+05  0.2499423686 69187.844 1.04899999999999999994
1  1.15e+05  0.2047493759 69187.844 1.04899999999999999994
1  1.20e+05  0.1739740133 69187.844 1.04899999999999999994
1  1.26e+05  0.1974412099 69187.844 1.04899999999999999994
1  1.32e+05  0.2699121124 69187.844 1.04899999999999999994
1  1.38e+05  0.3336665628 69187.844 1.04899999999999999994
1  1.45e+05  0.3349340919 69187.844 1.04899999999999999994
1  1.51e+05  0.2750928378 69187.844 1.04899999999999999994
1  1.58e+05  0.205131454 69187.844 1.04899999999999999994
1  1.66e+05  0.179265688 69187.844 1.04899999999999999994
1  1.74e+05  0.2152266438 69187.844 1.04899999999999999994
1  1.82e+05  0.2890538203 69187.844 1.04899999999999999994
1  1.91e+05  0.3579750913 69187.844 1.04899999999999999994
1  2.00e+05  0.3883509521 69187.844 1.04899999999999999994
1  2.09e+05  0.3708465575 69187.844 1.04899999999999999994
1  2.19e+05  0.3189754672 69187.844 1.04899999999999999994
1  2.29e+05  0.2574741889 69187.844 1.04899999999999999994
1  2.40e+05  0.2094558395 69187.844 1.04899999999999999994
1  2.51e+05  0.1882810992 69187.844 1.04899999999999999994
1  2.63e+05  0.1956568425 69187.844 1.04899999999999999994
1  2.75e+05  0.2243584372 69187.844 1.04899999999999999994
1  2.88e+05  0.2629008013 69187.844 1.04899999999999999994
1  3.02e+05  0.2999116241 69187.844 1.04899999999999999994
1  3.16e+05  0.3269975557 69187.844 1.04899999999999999994
1  3.31e+05  0.3398674526 69187.844 1.04899999999999999994
1  3.47e+05  0.3380822937 69187.844 1.04899999999999999994
1  3.63e+05  0.3240209506 69187.844 1.04899999999999999994
1  3.80e+05  0.3016045017 69187.844 1.04899999999999999994
1  3.98e+05  0.2751518019 69187.844 1.04899999999999999994
1  4.17e+05  0.2485522471 69187.844 1.04899999999999999994
1  4.37e+05  0.2247950955 69187.844 1.04899999999999999994
1  4.57e+05  0.2058054083 69187.844 1.04899999999999999994
1  4.79e+05  0.1924982488 69187.844 1.04899999999999999994
1  5.01e+05  0.1849595531 69187.844 1.04899999999999999994
1  5.25e+05  0.1826780039 69187.844 1.04899999999999999994
1  5.50e+05  0.1847749925 69187.844 1.04899999999999999994
1  5.75e+05  0.1902017153 69187.844 1.04899999999999999994
1  6.03e+05  0.1978899218 69187.844 1.04899999999999999994
1  6.31e+05  0.2077939557 69187.844 1.04899999999999999994
1  6.61e+05  0.2181850013 69187.844 1.04899999999999999994
1  6.92e+05  0.2282298309 69187.844 1.04899999999999999994
1  7.24e+05  0.2373203379 69187.844 1.04899999999999999994
1  7.59e+05  0.2450596768 69187.844 1.04899999999999999994
1  7.94e+05  0.2512328746 69187.844 1.04899999999999999994
1  8.32e+05  0.2557707697 69187.844 1.04899999999999999994
1  8.71e+05  0.258713356 69187.844 1.04899999999999999994
1  9.12e+05  0.2601762605 69187.844 1.04899999999999999994
1  9.55e+05  0.2603222738 69187.844 1.04899999999999999994
1  1.00e+06  0.2593368969 69187.844 1.04899999999999999994
1  1.05e+06  0.2574388837 69187.844 1.04899999999999999994
1  1.10e+06  0.254791257 69187.844 1.04899999999999999994
1  1.15e+06  0.2515703891 69187.844 1.04899999999999999994
1  1.20e+06  0.2479347865 69187.844 1.04899999999999999994
1  1.26e+06  0.2440227155 69187.844 1.04899999999999999994
1  1.32e+06  0.2399516372 69187.844 1.04899999999999999994
1  1.38e+06  0.2358188777 69187.844 1.04899999999999999994
1  1.45e+06  0.2317030824 69187.844 1.04899999999999999994
1  1.51e+06  0.2276661139 69187.844 1.04899999999999999994
1  1.58e+06  0.2237551433 69187.844 1.04899999999999999994
1  1.66e+06  0.2200047636 69187.844 1.04899999999999999994
1  1.74e+06  0.2164390111 69187.844 1.04899999999999999994
1  1.82e+06  0.2130732274 69187.844 1.04899999999999999994
1  1.91e+06  0.2099820326 69187.844 1.04899999999999999994
1  2.00e+06  0.2070318764 69187.844 1.04899999999999999994
1  2.09e+06  0.2042910524 69187.844 1.04899999999999999994
1  2.19e+06  0.2017547816 69187.844 1.04899999999999999994
1  2.29e+06  0.1994158678 69187.844 1.04899999999999999994
1  2.40e+06  0.197265415 69187.844 1.04899999999999999994
1  2.51e+06  0.1952934076 69187.844 1.04899999999999999994
1  2.63e+06  0.1934891701 69187.844 1.04899999999999999994
1  2.75e+06  0.1918417277 69187.844 1.04899999999999999994
1  2.88e+06  0.1903400832 69187.844 1.04899999999999999994
1  3.02e+06  0.1889734246 69187.844 1.04899999999999999994
1  3.16e+06  0.1877312773 69187.844 1.04899999999999999994
1  3.31e+06  0.1866036109 69187.844 1.04899999999999999994
1  3.47e+06  0.1855809106 69187.844 1.04899999999999999994
1  3.63e+06  0.1846542198 69187.844 1.04899999999999999994
1  3.80e+06  0.1838354911 69187.844 1.04899999999999999994
1  3.98e+06  0.1830744776 69187.844 1.04899999999999999994
1  4.17e+06  0.1823862345 69187.844 1.04899999999999999994
1  4.37e+06  0.1817640973 69187.844 1.04899999999999999994
1  4.57e+06  0.1812019388 69187.844 1.04899999999999999994
1  4.79e+06  0.1806941418 69187.844 1.04899999999999999994
1  5.01e+06  0.18023557 69187.844 1.04899999999999999994
1  5.25e+06  0.1798215365 69187.844 1.04899999999999999994
1  5.50e+06  0.1794477729 69187.844 1.04899999999999999994
1  5.75e+06  0.1791103981 69187.844 1.04899999999999999994
1  6.03e+06  0.1788058885 69187.844 1.04899999999999999994
1  6.31e+06  0.1785310487 69187.844 1.04899999999999999994
1  6.61e+06  0.178282984 69187.844 1.04899999999999999994
1  6.92e+06  0.1780590751 69187.844 1.04899999999999999994
1  7.24e+06  0.1778569532 69187.844 1.04899999999999999994
1  7.59e+06  0.177679292 69187.844 1.04899999999999999994
1  7.94e+06  0.1775140789 69187.844 1.04899999999999999994
1  8.32e+06  0.177364877 69187.844 1.04899999999999999994
1  8.71e+06  0.1772301086 69187.844 1.04899999999999999994
1  9.12e+06  0.1771083511 69187.844 1.04899999999999999994
1  9.55e+06  0.1769983218 69187.844 1.04899999999999999994
1  1.00e+07  0.1768988646 69187.844 1.04899999999999999994
