1  1.00e-03  0.3633201954  6.082553e-01 1.09599999999999999994
1  1.05e-03  0.363320194  6.082553e-01 1.09599999999999999994
1  1.10e-03  0.3633201964  6.082553e-01 1.09599999999999999994
1  1.15e-03  0.36332019  6.082553e-01 1.09599999999999999994
1  1.20e-03  0.3633201941  6.082553e-01 1.09599999999999999994
1  1.26e-03  0.363320192  6.082553e-01 1.09599999999999999994
1  1.32e-03  0.3633201901  6.082553e-01 1.09599999999999999994
1  1.38e-03  0.3633201913  6.082553e-01 1.09599999999999999994
1  1.45e-03  0.363320194  6.082553e-01 1.09599999999999999994
1  1.51e-03  0.3633201925  6.082553e-01 1.09599999999999999994
1  1.58e-03  0.3633201905  6.082553e-01 1.09599999999999999994
1  1.66e-03  0.3633201953  6.082553e-01 1.09599999999999999994
1  1.74e-03  0.3633201966  6.082553e-01 1.09599999999999999994
1  1.82e-03  0.3633201944  6.082553e-01 1.09599999999999999994
1  1.91e-03  0.3633201877  6.082553e-01 1.09599999999999999994
1  2.00e-03  0.3633201895  6.082553e-01 1.09599999999999999994
1  2.09e-03  0.363320191  6.082553e-01 1.09599999999999999994
1  2.19e-03  0.3633201942  6.082553e-01 1.09599999999999999994
1  2.29e-03  0.36332019  6.082553e-01 1.09599999999999999994
1  2.40e-03  0.3633201923  6.082553e-01 1.09599999999999999994
1  2.51e-03  0.3633201942  6.082553e-01 1.09599999999999999994
1  2.63e-03  0.3633201943  6.082553e-01 1.09599999999999999994
1  2.75e-03  0.3633201882  6.082553e-01 1.09599999999999999994
1  2.88e-03  0.3633201881  6.082553e-01 1.09599999999999999994
1  3.02e-03  0.3633201896  6.082553e-01 1.09599999999999999994
1  3.16e-03  0.3633201883  6.082553e-01 1.09599999999999999994
1  3.31e-03  0.3633201898  6.082553e-01 1.09599999999999999994
1  3.47e-03  0.3633201889  6.082553e-01 1.09599999999999999994
1  3.63e-03  0.363320186  6.082553e-01 1.09599999999999999994
1  3.80e-03  0.363320189  6.082553e-01 1.09599999999999999994
1  3.98e-03  0.3633201971  6.082553e-01 1.09599999999999999994
1  4.17e-03  0.3633201898  6.082553e-01 1.09599999999999999994
1  4.37e-03  0.3633201959  6.082553e-01 1.09599999999999999994
1  4.57e-03  0.3633201949  6.082553e-01 1.09599999999999999994
1  4.79e-03  0.3633201761  6.082553e-01 1.09599999999999999994
1  5.01e-03  0.3633201879  6.082553e-01 1.09599999999999999994
1  5.25e-03  0.3633201926  6.082553e-01 1.09599999999999999994
1  5.50e-03  0.3633201847  6.082553e-01 1.09599999999999999994
1  5.75e-03  0.3633201782  6.082553e-01 1.09599999999999999994
1  6.03e-03  0.3633201911  6.082553e-01 1.09599999999999999994
1  6.31e-03  0.3633201859  6.082553e-01 1.09599999999999999994
1  6.61e-03  0.3633201934  6.082553e-01 1.09599999999999999994
1  6.92e-03  0.3633201804  6.082553e-01 1.09599999999999999994
1  7.24e-03  0.363320182  6.082553e-01 1.09599999999999999994
1  7.59e-03  0.3633201896  6.082553e-01 1.09599999999999999994
1  7.94e-03  0.3633201807  6.082553e-01 1.09599999999999999994
1  8.32e-03  0.3633201835  6.082553e-01 1.09599999999999999994
1  8.71e-03  0.3633201887  6.082553e-01 1.09599999999999999994
1  9.12e-03  0.3633201731  6.082553e-01 1.09599999999999999994
1  9.55e-03  0.3633201724  6.082553e-01 1.09599999999999999994
1  1.00e-02  0.3633201852  6.082553e-01 1.09599999999999999994
1  1.05e-02  0.3633201723  6.082553e-01 1.09599999999999999994
1  1.10e-02  0.3633201669  6.082553e-01 1.09599999999999999994
1  1.15e-02  0.3633201814  6.082553e-01 1.09599999999999999994
1  1.20e-02  0.3633201738  6.082553e-01 1.09599999999999999994
1  1.26e-02  0.3633201754  6.082553e-01 1.09599999999999999994
1  1.32e-02  0.3633201693  6.082553e-01 1.09599999999999999994
1  1.38e-02  0.3633201833  6.082553e-01 1.09599999999999999994
1  1.45e-02  0.3633201667  6.082553e-01 1.09599999999999999994
1  1.51e-02  0.3633201683  6.082553e-01 1.09599999999999999994
1  1.58e-02  0.3633201741  6.082553e-01 1.09599999999999999994
1  1.66e-02  0.3633201704  6.082553e-01 1.09599999999999999994
1  1.74e-02  0.3633201629  6.082553e-01 1.09599999999999999994
1  1.82e-02  0.3633201826  6.082553e-01 1.09599999999999999994
1  1.91e-02  0.3633106673  6.082553e-01 1.09599999999999999994
1  2.00e-02  0.3633201541  6.082553e-01 1.09599999999999999994
1  2.09e-02  0.363320189  6.082553e-01 1.09599999999999999994
1  2.19e-02  0.3633201704  6.082553e-01 1.09599999999999999994
1  2.29e-02  0.363320069  6.082553e-01 1.09599999999999999994
1  2.40e-02  0.3633202087  6.082553e-01 1.09599999999999999994
1  2.51e-02  0.3633201672  6.082553e-01 1.09599999999999999994
1  2.63e-02  0.3633201647  6.082553e-01 1.09599999999999999994
1  2.75e-02  0.363320096  6.082553e-01 1.09599999999999999994
1  2.88e-02  0.3633200787  6.082553e-01 1.09599999999999999994
1  3.02e-02  0.3633201573  6.082553e-01 1.09599999999999999994
1  3.16e-02  0.3633202033  6.082553e-01 1.09599999999999999994
1  3.31e-02  0.3633202297  6.082553e-01 1.09599999999999999994
1  3.47e-02  0.3633201233  6.082553e-01 1.09599999999999999994
1  3.63e-02  0.3631289646  6.082553e-01 1.09599999999999999994
1  3.80e-02  0.3633202393  6.082553e-01 1.09599999999999999994
1  3.98e-02  0.3633201826  6.082553e-01 1.09599999999999999994
1  4.17e-02  0.3633201009  6.082553e-01 1.09599999999999999994
1  4.37e-02  0.363320088  6.082553e-01 1.09599999999999999994
1  4.57e-02  0.3633200708  6.082553e-01 1.09599999999999999994
1  4.79e-02  0.3633201681  6.082553e-01 1.09599999999999999994
1  5.01e-02  0.363318999  6.082553e-01 1.09599999999999999994
1  5.25e-02  0.3633200315  6.082553e-01 1.09599999999999999994
1  5.50e-02  0.3633200737  6.082553e-01 1.09599999999999999994
1  5.75e-02  0.3633204039  6.082553e-01 1.09599999999999999994
1  6.03e-02  0.3633200534  6.082553e-01 1.09599999999999999994
1  6.31e-02  0.3633200007  6.082553e-01 1.09599999999999999994
1  6.61e-02  0.3633199844  6.082553e-01 1.09599999999999999994
1  6.92e-02  0.3633200403  6.082553e-01 1.09599999999999999994
1  7.24e-02  0.3633199384  6.082553e-01 1.09599999999999999994
1  7.59e-02  0.3633198499  6.082553e-01 1.09599999999999999994
1  7.94e-02  0.3633200193  6.082553e-01 1.09599999999999999994
1  8.32e-02  0.3633201753  6.082553e-01 1.09599999999999999994
1  8.71e-02  0.3633200705  6.082553e-01 1.09599999999999999994
1  9.12e-02  0.3633210096  6.082553e-01 1.09599999999999999994
1  9.55e-02  0.3633199089  6.082553e-01 1.09599999999999999994
1  1.00e-01  0.3633199218  6.082553e-01 1.09599999999999999994
1  1.05e-01  0.363300529  6.082553e-01 1.09599999999999999994
1  1.10e-01  0.3633199486  6.082553e-01 1.09599999999999999994
1  1.15e-01  0.3633199738  6.082553e-01 1.09599999999999999994
1  1.20e-01  0.3633200068  6.082553e-01 1.09599999999999999994
1  1.26e-01  0.3633198171  6.082553e-01 1.09599999999999999994
1  1.32e-01  0.3633200234  6.082553e-01 1.09599999999999999994
1  1.38e-01  0.3633198686  6.082553e-01 1.09599999999999999994
1  1.45e-01  0.3633200327  6.082553e-01 1.09599999999999999994
1  1.51e-01  0.3633199184  6.082553e-01 1.09599999999999999994
1  1.58e-01  0.3633199894  6.082553e-01 1.09599999999999999994
1  1.66e-01  0.3633189878  6.082553e-01 1.09599999999999999994
1  1.74e-01  0.3633198719  6.082553e-01 1.09599999999999999994
1  1.82e-01  0.3633137579  6.082553e-01 1.09599999999999999994
1  1.91e-01  0.3633198036  6.082553e-01 1.09599999999999999994
1  2.00e-01  0.3633199929  6.082553e-01 1.09599999999999999994
1  2.09e-01  0.3633197768  6.082553e-01 1.09599999999999999994
1  2.19e-01  0.3633197649  6.082553e-01 1.09599999999999999994
1  2.29e-01  0.3633200285  6.082553e-01 1.09599999999999999994
1  2.40e-01  0.3633199537  6.082553e-01 1.09599999999999999994
1  2.51e-01  0.3633198794  6.082553e-01 1.09599999999999999994
1  2.63e-01  0.3633198411  6.082553e-01 1.09599999999999999994
1  2.75e-01  0.3633167056  6.082553e-01 1.09599999999999999994
1  2.88e-01  0.3633196326  6.082553e-01 1.09599999999999999994
1  3.02e-01  0.3633197542  6.082553e-01 1.09599999999999999994
1  3.16e-01  0.3633198399  6.082553e-01 1.09599999999999999994
1  3.31e-01  0.3633238071  6.082553e-01 1.09599999999999999994
1  3.47e-01  0.3633196834  6.082553e-01 1.09599999999999999994
1  3.63e-01  0.3633191579  6.082553e-01 1.09599999999999999994
1  3.80e-01  0.3633197798  6.082553e-01 1.09599999999999999994
1  3.98e-01  0.3633200872  6.082553e-01 1.09599999999999999994
1  4.17e-01  0.3633194163  6.082553e-01 1.09599999999999999994
1  4.37e-01  0.3633197601  6.082553e-01 1.09599999999999999994
1  4.57e-01  0.3633173698  6.082553e-01 1.09599999999999999994
1  4.79e-01  0.3633192452  6.082553e-01 1.09599999999999999994
1  5.01e-01  0.3633195203  6.082553e-01 1.09599999999999999994
1  5.25e-01  0.3633196546  6.082553e-01 1.09599999999999999994
1  5.50e-01  0.3633199367  6.082553e-01 1.09599999999999999994
1  5.75e-01  0.3633191035  6.082553e-01 1.09599999999999999994
1  6.03e-01  0.3633199069  6.082553e-01 1.09599999999999999994
1  6.31e-01  0.3633185779  6.082553e-01 1.09599999999999999994
1  6.61e-01  0.3633173059  6.082553e-01 1.09599999999999999994
1  6.92e-01  0.363318954  6.082553e-01 1.09599999999999999994
1  7.24e-01  0.3633249852  6.082553e-01 1.09599999999999999994
1  7.59e-01  0.3633198862  6.082553e-01 1.09599999999999999994
1  7.94e-01  0.3633195621  6.082553e-01 1.09599999999999999994
1  8.32e-01  0.3633197702  6.082553e-01 1.09599999999999999994
1  8.71e-01  0.3633196414  6.082553e-01 1.09599999999999999994
1  9.12e-01  0.3633184103  6.082553e-01 1.09599999999999999994
1  9.55e-01  0.3633199062  6.082553e-01 1.09599999999999999994
1  1.00e+00  0.363320031  6.082553e-01 1.09599999999999999994
1  1.05e+00  0.3633193114  6.082553e-01 1.09599999999999999994
1  1.10e+00  0.3633172429  6.082553e-01 1.09599999999999999994
1  1.15e+00  0.3633206954  6.082553e-01 1.09599999999999999994
1  1.20e+00  0.3633201242  6.082553e-01 1.09599999999999999994
1  1.26e+00  0.3633196023  6.082553e-01 1.09599999999999999994
1  1.32e+00  0.3633182064  6.082553e-01 1.09599999999999999994
1  1.38e+00  0.3633179163  6.082553e-01 1.09599999999999999994
1  1.45e+00  0.3633172863  6.082553e-01 1.09599999999999999994
1  1.51e+00  0.3633172617  6.082553e-01 1.09599999999999999994
1  1.58e+00  0.3633176706  6.082553e-01 1.09599999999999999994
1  1.66e+00  0.3633196467  6.082553e-01 1.09599999999999999994
1  1.74e+00  0.3633172118  6.082553e-01 1.09599999999999999994
1  1.82e+00  0.363317458  6.082553e-01 1.09599999999999999994
1  1.91e+00  0.3633199863  6.082553e-01 1.09599999999999999994
1  2.00e+00  0.3633194432  6.082553e-01 1.09599999999999999994
1  2.09e+00  0.3633166249  6.082553e-01 1.09599999999999999994
1  2.19e+00  0.3633153573  6.082553e-01 1.09599999999999999994
1  2.29e+00  0.3633149408  6.082553e-01 1.09599999999999999994
1  2.40e+00  0.3633168204  6.082553e-01 1.09599999999999999994
1  2.51e+00  0.3632973862  6.082553e-01 1.09599999999999999994
1  2.63e+00  0.3633158391  6.082553e-01 1.09599999999999999994
1  2.75e+00  0.3633139496  6.082553e-01 1.09599999999999999994
1  2.88e+00  0.3633473934  6.082553e-01 1.09599999999999999994
1  3.02e+00  0.3632635021  6.082553e-01 1.09599999999999999994
1  3.16e+00  0.3633189234  6.082553e-01 1.09599999999999999994
1  3.31e+00  0.3633496225  6.082553e-01 1.09599999999999999994
1  3.47e+00  0.3633143362  6.082553e-01 1.09599999999999999994
1  3.63e+00  0.3632787509  6.082553e-01 1.09599999999999999994
1  3.80e+00  0.3633524435  6.082553e-01 1.09599999999999999994
1  3.98e+00  0.363320362  6.082553e-01 1.09599999999999999994
1  4.17e+00  0.3633124495  6.082553e-01 1.09599999999999999994
1  4.37e+00  0.3633015505  6.082553e-01 1.09599999999999999994
1  4.57e+00  0.3633201827  6.082553e-01 1.09599999999999999994
1  4.79e+00  0.3633141333  6.082553e-01 1.09599999999999999994
1  5.01e+00  0.3633176054  6.082553e-01 1.09599999999999999994
1  5.25e+00  0.363316139  6.082553e-01 1.09599999999999999994
1  5.50e+00  0.3633170702  6.082553e-01 1.09599999999999999994
1  5.75e+00  0.3633043922  6.082553e-01 1.09599999999999999994
1  6.03e+00  0.3633139031  6.082553e-01 1.09599999999999999994
1  6.31e+00  0.3632033302  6.082553e-01 1.09599999999999999994
1  6.61e+00  0.363318865  6.082553e-01 1.09599999999999999994
1  6.92e+00  0.3633168876  6.082553e-01 1.09599999999999999994
1  7.24e+00  0.3632831388  6.082553e-01 1.09599999999999999994
1  7.59e+00  0.3631214381  6.082553e-01 1.09599999999999999994
1  7.94e+00  0.3630988503  6.082553e-01 1.09599999999999999994
1  8.32e+00  0.3633157379  6.082553e-01 1.09599999999999999994
1  8.71e+00  0.3630684769  6.082553e-01 1.09599999999999999994
1  9.12e+00  0.3633295498  6.082553e-01 1.09599999999999999994
1  9.55e+00  0.3633022844  6.082553e-01 1.09599999999999999994
1  1.00e+01  0.363299423  6.082553e-01 1.09599999999999999994
1  1.05e+01  0.3633111642  6.082553e-01 1.09599999999999999994
1  1.10e+01  0.3634290103  6.082553e-01 1.09599999999999999994
1  1.15e+01  0.3632933166  6.082553e-01 1.09599999999999999994
1  1.20e+01  0.3633038044  6.082553e-01 1.09599999999999999994
1  1.26e+01  0.3633030934  6.082553e-01 1.09599999999999999994
1  1.32e+01  0.3632959751  6.082553e-01 1.09599999999999999994
1  1.38e+01  0.3632980502  6.082553e-01 1.09599999999999999994
1  1.45e+01  0.3633184192  6.082553e-01 1.09599999999999999994
1  1.51e+01  0.3633214084  6.082553e-01 1.09599999999999999994
1  1.58e+01  0.363295577  6.082553e-01 1.09599999999999999994
1  1.66e+01  0.3632668716  6.082553e-01 1.09599999999999999994
1  1.74e+01  0.3632919629  6.082553e-01 1.09599999999999999994
1  1.82e+01  0.3633174943  6.082553e-01 1.09599999999999999994
1  1.91e+01  0.3633189199  6.082553e-01 1.09599999999999999994
1  2.00e+01  0.3633634963  6.082553e-01 1.09599999999999999994
1  2.09e+01  0.3627895661  6.082553e-01 1.09599999999999999994
1  2.19e+01  0.3632914075  6.082553e-01 1.09599999999999999994
1  2.29e+01  0.3630164122  6.082553e-01 1.09599999999999999994
1  2.40e+01  0.3630588028  6.082553e-01 1.09599999999999999994
1  2.51e+01  0.3623837961  6.082553e-01 1.09599999999999999994
1  2.63e+01  0.3631654215  6.082553e-01 1.09599999999999999994
1  2.75e+01  0.3628765302  6.082553e-01 1.09599999999999999994
1  2.88e+01  0.3628520765  6.082553e-01 1.09599999999999999994
1  3.02e+01  0.3631088552  6.082553e-01 1.09599999999999999994
1  3.16e+01  0.3634240569  6.082553e-01 1.09599999999999999994
1  3.31e+01  0.3632566189  6.082553e-01 1.09599999999999999994
1  3.47e+01  0.3634723744  6.082553e-01 1.09599999999999999994
1  3.63e+01  0.3637872387  6.082553e-01 1.09599999999999999994
1  3.80e+01  0.3631127552  6.082553e-01 1.09599999999999999994
1  3.98e+01  0.3636098064  6.082553e-01 1.09599999999999999994
1  4.17e+01  0.3631052218  6.082553e-01 1.09599999999999999994
1  4.37e+01  0.3631765408  6.082553e-01 1.09599999999999999994
1  4.57e+01  0.3628912828  6.082553e-01 1.09599999999999999994
1  4.79e+01  0.3636611824  6.082553e-01 1.09599999999999999994
1  5.01e+01  0.363321763  6.082553e-01 1.09599999999999999994
1  5.25e+01  0.3631943653  6.082553e-01 1.09599999999999999994
1  5.50e+01  0.3628560064  6.082553e-01 1.09599999999999999994
1  5.75e+01  0.3636405661  6.082553e-01 1.09599999999999999994
1  6.03e+01  0.3631297909  6.082553e-01 1.09599999999999999994
1  6.31e+01  0.3633026861  6.082553e-01 1.09599999999999999994
1  6.61e+01  0.3631459838  6.082553e-01 1.09599999999999999994
1  6.92e+01  0.363108198  6.082553e-01 1.09599999999999999994
1  7.24e+01  0.3628772574  6.082553e-01 1.09599999999999999994
1  7.59e+01  0.3630750741  6.082553e-01 1.09599999999999999994
1  7.94e+01  0.3633725358  6.082553e-01 1.09599999999999999994
1  8.32e+01  0.3632777324  6.082553e-01 1.09599999999999999994
1  8.71e+01  0.3631909523  6.082553e-01 1.09599999999999999994
1  9.12e+01  0.3630385964  6.082553e-01 1.09599999999999999994
1  9.55e+01  0.3630955726  6.082553e-01 1.09599999999999999994
1  1.00e+02  0.3630213081  6.082553e-01 1.09599999999999999994
1  1.05e+02  0.3633604885  6.082553e-01 1.09599999999999999994
1  1.10e+02  0.3634343799  6.082553e-01 1.09599999999999999994
1  1.15e+02  0.3631424198  6.082553e-01 1.09599999999999999994
1  1.20e+02  0.3634976234  6.082553e-01 1.09599999999999999994
1  1.26e+02  0.362584478  6.082553e-01 1.09599999999999999994
1  1.32e+02  0.3631773428  6.082553e-01 1.09599999999999999994
1  1.38e+02  0.363206959  6.082553e-01 1.09599999999999999994
1  1.45e+02  0.3631943551  6.082553e-01 1.09599999999999999994
1  1.51e+02  0.3631256647  6.082553e-01 1.09599999999999999994
1  1.58e+02  0.3626446449  6.082553e-01 1.09599999999999999994
1  1.66e+02  0.3633552717  6.082553e-01 1.09599999999999999994
1  1.74e+02  0.3630139617  6.082553e-01 1.09599999999999999994
1  1.82e+02  0.3632809759  6.082553e-01 1.09599999999999999994
1  1.91e+02  0.3629798879  6.082553e-01 1.09599999999999999994
1  2.00e+02  0.3633216321  6.082553e-01 1.09599999999999999994
1  2.09e+02  0.3628028836  6.082553e-01 1.09599999999999999994
1  2.19e+02  0.3628969824  6.082553e-01 1.09599999999999999994
1  2.29e+02  0.3632446341  6.082553e-01 1.09599999999999999994
1  2.40e+02  0.362778905  6.082553e-01 1.09599999999999999994
1  2.51e+02  0.3629165141  6.082553e-01 1.09599999999999999994
1  2.63e+02  0.3630270201  6.082553e-01 1.09599999999999999994
1  2.75e+02  0.3630967877  6.082553e-01 1.09599999999999999994
1  2.88e+02  0.3629445432  6.082553e-01 1.09599999999999999994
1  3.02e+02  0.3631272313  6.082553e-01 1.09599999999999999994
1  3.16e+02  0.3629714192  6.082553e-01 1.09599999999999999994
1  3.31e+02  0.3629669064  6.082553e-01 1.09599999999999999994
1  3.47e+02  0.3631202323  6.082553e-01 1.09599999999999999994
1  3.63e+02  0.3631523091  6.082553e-01 1.09599999999999999994
1  3.80e+02  0.3626844035  6.082553e-01 1.09599999999999999994
1  3.98e+02  0.3635210169  6.082553e-01 1.09599999999999999994
1  4.17e+02  0.3626413074  6.082553e-01 1.09599999999999999994
1  4.37e+02  0.3626028102  6.082553e-01 1.09599999999999999994
1  4.57e+02  0.3633136952  6.082553e-01 1.09599999999999999994
1  4.79e+02  0.3624665935  6.082553e-01 1.09599999999999999994
1  5.01e+02  0.3623303128  6.082553e-01 1.09599999999999999994
1  5.25e+02  0.3626565027  6.082553e-01 1.09599999999999999994
1  5.50e+02  0.3633365292  6.082553e-01 1.09599999999999999994
1  5.75e+02  0.3625459772  6.082553e-01 1.09599999999999999994
1  6.03e+02  0.3626985605  6.082553e-01 1.09599999999999999994
1  6.31e+02  0.3635117158  6.082553e-01 1.09599999999999999994
1  6.61e+02  0.3616696264  6.082553e-01 1.09599999999999999994
1  6.92e+02  0.3629267887  6.082553e-01 1.09599999999999999994
1  7.24e+02  0.3626215997  6.082553e-01 1.09599999999999999994
1  7.59e+02  0.3623258024  6.082553e-01 1.09599999999999999994
1  7.94e+02  0.3629258936  6.082553e-01 1.09599999999999999994
1  8.32e+02  0.3626090712  6.082553e-01 1.09599999999999999994
1  8.71e+02  0.3618766433  6.082553e-01 1.09599999999999999994
1  9.12e+02  0.3630334515  6.082553e-01 1.09599999999999999994
1  9.55e+02  0.3621625259  6.082553e-01 1.09599999999999999994
1  1.00e+03  0.3631133214  6.082553e-01 1.09599999999999999994
1  1.05e+03  0.3628798686  6.082553e-01 1.09599999999999999994
1  1.10e+03  0.3628352066  6.082553e-01 1.09599999999999999994
1  1.15e+03  0.3628825234  6.082553e-01 1.09599999999999999994
1  1.20e+03  0.3616462067  6.082553e-01 1.09599999999999999994
1  1.26e+03  0.3611614215  6.082553e-01 1.09599999999999999994
1  1.32e+03  0.362466436  6.082553e-01 1.09599999999999999994
1  1.38e+03  0.3638054521  6.082553e-01 1.09599999999999999994
1  1.45e+03  0.360625253  6.082553e-01 1.09599999999999999994
1  1.51e+03  0.3638780818  6.082553e-01 1.09599999999999999994
1  1.58e+03  0.3570009941  6.082553e-01 1.09599999999999999994
1  1.66e+03  0.3553597078  6.082553e-01 1.09599999999999999994
1  1.74e+03  0.356565059  6.082553e-01 1.09599999999999999994
1  1.82e+03  0.3624041248  6.082553e-01 1.09599999999999999994
1  1.91e+03  0.3671919741  6.082553e-01 1.09599999999999999994
1  2.00e+03  0.3657785118  6.082553e-01 1.09599999999999999994
1  2.09e+03  0.3634528399  6.082553e-01 1.09599999999999999994
1  2.19e+03  0.3678595702  6.082553e-01 1.09599999999999999994
1  2.29e+03  0.3693500387  6.082553e-01 1.09599999999999999994
1  2.40e+03  0.3635732818  6.082553e-01 1.09599999999999999994
1  2.51e+03  0.3466192413  6.082553e-01 1.09599999999999999994
1  2.63e+03  0.345470878  6.082553e-01 1.09599999999999999994
1  2.75e+03  0.3603025684  6.082553e-01 1.09599999999999999994
1  2.88e+03  0.342329361  6.082553e-01 1.09599999999999999994
1  3.02e+03  0.3377472153  6.082553e-01 1.09599999999999999994
1  3.16e+03  0.3625031242  6.082553e-01 1.09599999999999999994
1  3.31e+03  0.3773498298  6.082553e-01 1.09599999999999999994
1  3.47e+03  0.3800050694  6.082553e-01 1.09599999999999999994
1  3.63e+03  0.3787721348  6.082553e-01 1.09599999999999999994
1  3.80e+03  0.3567604244  6.082553e-01 1.09599999999999999994
1  3.98e+03  0.3630525797  6.082553e-01 1.09599999999999999994
1  4.17e+03  0.4076878986  6.082553e-01 1.09599999999999999994
1  4.37e+03  0.371292571  6.082553e-01 1.09599999999999999994
1  4.57e+03  0.4060116917  6.082553e-01 1.09599999999999999994
1  4.79e+03  0.3953746306  6.082553e-01 1.09599999999999999994
1  5.01e+03  0.3477036401  6.082553e-01 1.09599999999999999994
1  5.25e+03  0.4043797071  6.082553e-01 1.09599999999999999994
1  5.50e+03  0.3756416695  6.082553e-01 1.09599999999999999994
1  5.75e+03  0.4334119155  6.082553e-01 1.09599999999999999994
1  6.03e+03  0.3768367202  6.082553e-01 1.09599999999999999994
1  6.31e+03  0.3680906451  6.082553e-01 1.09599999999999999994
1  6.61e+03  0.3716422239  6.082553e-01 1.09599999999999999994
1  6.92e+03  0.363257624  6.082553e-01 1.09599999999999999994
1  7.24e+03  0.4356906456  6.082553e-01 1.09599999999999999994
1  7.59e+03  0.2687240516  6.082553e-01 1.09599999999999999994
1  7.94e+03  0.399185865  6.082553e-01 1.09599999999999999994
1  8.32e+03  0.2866314409  6.082553e-01 1.09599999999999999994
1  8.71e+03  0.4114738046  6.082553e-01 1.09599999999999999994
1  9.12e+03  0.2968450502  6.082553e-01 1.09599999999999999994
1  9.55e+03  0.4234524524  6.082553e-01 1.09599999999999999994
1  1.00e+04  0.2959766369  6.082553e-01 1.09599999999999999994
1  1.05e+04  0.261447103  6.082553e-01 1.09599999999999999994
1  1.10e+04  0.3122991172  6.082553e-01 1.09599999999999999994
1  1.15e+04  0.3934117829  6.082553e-01 1.09599999999999999994
1  1.20e+04  0.3890625934  6.082553e-01 1.09599999999999999994
1  1.26e+04  0.3351276149  6.082553e-01 1.09599999999999999994
1  1.32e+04  0.3124688491  6.082553e-01 1.09599999999999999994
1  1.38e+04  0.3541550084  6.082553e-01 1.09599999999999999994
1  1.45e+04  0.291135826  6.082553e-01 1.09599999999999999994
1  1.51e+04  0.3312795192  6.082553e-01 1.09599999999999999994
1  1.58e+04  0.3519950026  6.082553e-01 1.09599999999999999994
1  1.66e+04  0.3010899888  6.082553e-01 1.09599999999999999994
1  1.74e+04  0.2605071562  6.082553e-01 1.09599999999999999994
1  1.82e+04  0.3391696001  6.082553e-01 1.09599999999999999994
1  1.91e+04  0.3369028047  6.082553e-01 1.09599999999999999994
1  2.00e+04  0.3637689313  6.082553e-01 1.09599999999999999994
1  2.09e+04  0.3785174553  6.082553e-01 1.09599999999999999994
1  2.19e+04  0.3266379685  6.082553e-01 1.09599999999999999994
1  2.29e+04  0.383688589  6.082553e-01 1.09599999999999999994
1  2.40e+04  0.3924478508  6.082553e-01 1.09599999999999999994
1  2.51e+04  0.2765427183  6.082553e-01 1.09599999999999999994
1  2.63e+04  0.215683338  6.082553e-01 1.09599999999999999994
1  2.75e+04  0.3181194582  6.082553e-01 1.09599999999999999994
1  2.88e+04  0.2671943583  6.082553e-01 1.09599999999999999994
1  3.02e+04  0.3752281369  6.082553e-01 1.09599999999999999994
1  3.16e+04  0.1802604357  6.082553e-01 1.09599999999999999994
1  3.31e+04  0.2623432516  6.082553e-01 1.09599999999999999994
1  3.47e+04  0.3697877492  6.082553e-01 1.09599999999999999994
1  3.63e+04  0.3592722477  6.082553e-01 1.09599999999999999994
1  3.80e+04  0.2378877556  6.082553e-01 1.09599999999999999994
1  3.98e+04  0.2987757729  6.082553e-01 1.09599999999999999994
1  4.17e+04  0.1710540051  6.082553e-01 1.09599999999999999994
1  4.37e+04  0.2997256317  6.082553e-01 1.09599999999999999994
1  4.57e+04  0.3082328336  6.082553e-01 1.09599999999999999994
1  4.79e+04  0.3268109724  6.082553e-01 1.09599999999999999994
1  5.01e+04  0.3431616545  6.082553e-01 1.09599999999999999994
1  5.25e+04  0.3897408784  6.082553e-01 1.09599999999999999994
1  5.50e+04  0.281323228  6.082553e-01 1.09599999999999999994
1  5.75e+04  0.1844898993  6.082553e-01 1.09599999999999999994
1  6.03e+04  0.3629097711  6.082553e-01 1.09599999999999999994
1  6.31e+04  0.1769907138  6.082553e-01 1.09599999999999999994
1  6.61e+04  0.1716336215  6.082553e-01 1.09599999999999999994
1  6.92e+04  0.3737847239  6.082553e-01 1.09599999999999999994
1  7.24e+04  0.2950570657  6.082553e-01 1.09599999999999999994
1  7.59e+04  0.247657923  6.082553e-01 1.09599999999999999994
1  7.94e+04  0.3661059069  6.082553e-01 1.09599999999999999994
1  8.32e+04  0.391667391  6.082553e-01 1.09599999999999999994
1  8.71e+04  0.359104295  6.082553e-01 1.09599999999999999994
1  9.12e+04  0.3856882486  6.082553e-01 1.09599999999999999994
1  9.55e+04  0.3805108313  6.082553e-01 1.09599999999999999994
1  1.00e+05  0.3075127096  6.082553e-01 1.09599999999999999994
1  1.05e+05  0.2857245768  6.082553e-01 1.09599999999999999994
1  1.10e+05  0.3527073954  6.082553e-01 1.09599999999999999994
1  1.15e+05  0.3936438055  6.082553e-01 1.09599999999999999994
1  1.20e+05  0.3283817544  6.082553e-01 1.09599999999999999994
1  1.26e+05  0.2225171707  6.082553e-01 1.09599999999999999994
1  1.32e+05  0.1881044847  6.082553e-01 1.09599999999999999994
1  1.38e+05  0.2494647911  6.082553e-01 1.09599999999999999994
1  1.45e+05  0.334435188  6.082553e-01 1.09599999999999999994
1  1.51e+05  0.3626982804  6.082553e-01 1.09599999999999999994
1  1.58e+05  0.317205289  6.082553e-01 1.09599999999999999994
1  1.66e+05  0.2422479536  6.082553e-01 1.09599999999999999994
1  1.74e+05  0.1950131673  6.082553e-01 1.09599999999999999994
1  1.82e+05  0.2031513723  6.082553e-01 1.09599999999999999994
1  1.91e+05  0.2553922383  6.082553e-01 1.09599999999999999994
1  2.00e+05  0.3189141294  6.082553e-01 1.09599999999999999994
1  2.09e+05  0.3630330789  6.082553e-01 1.09599999999999999994
1  2.19e+05  0.3737072709  6.082553e-01 1.09599999999999999994
1  2.29e+05  0.3549670967  6.082553e-01 1.09599999999999999994
1  2.40e+05  0.321707809  6.082553e-01 1.09599999999999999994
1  2.51e+05  0.2904722183  6.082553e-01 1.09599999999999999994
1  2.63e+05  0.2728634512  6.082553e-01 1.09599999999999999994
1  2.75e+05  0.2731047114  6.082553e-01 1.09599999999999999994
1  2.88e+05  0.2889766728  6.082553e-01 1.09599999999999999994
1  3.02e+05  0.3144601665  6.082553e-01 1.09599999999999999994
1  3.16e+05  0.3425568669  6.082553e-01 1.09599999999999999994
1  3.31e+05  0.3673721783  6.082553e-01 1.09599999999999999994
1  3.47e+05  0.3851703065  6.082553e-01 1.09599999999999999994
1  3.63e+05  0.3945333545  6.082553e-01 1.09599999999999999994
1  3.80e+05  0.3959413876  6.082553e-01 1.09599999999999999994
1  3.98e+05  0.391100671  6.082553e-01 1.09599999999999999994
1  4.17e+05  0.3822665129  6.082553e-01 1.09599999999999999994
1  4.37e+05  0.3717023204  6.082553e-01 1.09599999999999999994
1  4.57e+05  0.3613265464  6.082553e-01 1.09599999999999999994
1  4.79e+05  0.3525389763  6.082553e-01 1.09599999999999999994
1  5.01e+05  0.3461869087  6.082553e-01 1.09599999999999999994
1  5.25e+05  0.3426228908  6.082553e-01 1.09599999999999999994
1  5.50e+05  0.3418100783  6.082553e-01 1.09599999999999999994
1  5.75e+05  0.3434417482  6.082553e-01 1.09599999999999999994
1  6.03e+05  0.3470531201  6.082553e-01 1.09599999999999999994
1  6.31e+05  0.3521137352  6.082553e-01 1.09599999999999999994
1  6.61e+05  0.3580961684  6.082553e-01 1.09599999999999999994
1  6.92e+05  0.3662213553  6.082553e-01 1.09599999999999999994
1  7.24e+05  0.3734690123  6.082553e-01 1.09599999999999999994
1  7.59e+05  0.3802226375  6.082553e-01 1.09599999999999999994
1  7.94e+05  0.3862269075  6.082553e-01 1.09599999999999999994
1  8.32e+05  0.3913306686  6.082553e-01 1.09599999999999999994
1  8.71e+05  0.3954682407  6.082553e-01 1.09599999999999999994
1  9.12e+05  0.3986397441  6.082553e-01 1.09599999999999999994
1  9.55e+05  0.4008926601  6.082553e-01 1.09599999999999999994
1  1.00e+06  0.4023058218  6.082553e-01 1.09599999999999999994
1  1.05e+06  0.4029763204  6.082553e-01 1.09599999999999999994
1  1.10e+06  0.4030093422  6.082553e-01 1.09599999999999999994
1  1.15e+06  0.4025106834  6.082553e-01 1.09599999999999999994
1  1.20e+06  0.4015815559  6.082553e-01 1.09599999999999999994
1  1.26e+06  0.4003152518  6.082553e-01 1.09599999999999999994
1  1.32e+06  0.3987952556  6.082553e-01 1.09599999999999999994
1  1.38e+06  0.3970944317  6.082553e-01 1.09599999999999999994
1  1.45e+06  0.395274978  6.082553e-01 1.09599999999999999994
1  1.51e+06  0.3934254965  6.082553e-01 1.09599999999999999994
1  1.58e+06  0.3915163566  6.082553e-01 1.09599999999999999994
1  1.66e+06  0.3896165174  6.082553e-01 1.09599999999999999994
1  1.74e+06  0.3877528701  6.082553e-01 1.09599999999999999994
1  1.82e+06  0.3859458926  6.082553e-01 1.09599999999999999994
1  1.91e+06  0.3842106317  6.082553e-01 1.09599999999999999994
1  2.00e+06  0.3825576062  6.082553e-01 1.09599999999999999994
1  2.09e+06  0.3809936182  6.082553e-01 1.09599999999999999994
1  2.19e+06  0.3795224661  6.082553e-01 1.09599999999999999994
1  2.29e+06  0.3781455606  6.082553e-01 1.09599999999999999994
1  2.40e+06  0.3768624501  6.082553e-01 1.09599999999999999994
1  2.51e+06  0.375671261  6.082553e-01 1.09599999999999999994
1  2.63e+06  0.3745690638  6.082553e-01 1.09599999999999999994
1  2.75e+06  0.3735521734  6.082553e-01 1.09599999999999999994
1  2.88e+06  0.372616392  6.082553e-01 1.09599999999999999994
1  3.02e+06  0.3717572037  6.082553e-01 1.09599999999999999994
1  3.16e+06  0.3709864447  6.082553e-01 1.09599999999999999994
1  3.31e+06  0.3702649837  6.082553e-01 1.09599999999999999994
1  3.47e+06  0.3696061226  6.082553e-01 1.09599999999999999994
1  3.63e+06  0.3690052946  6.082553e-01 1.09599999999999999994
1  3.80e+06  0.3684580953  6.082553e-01 1.09599999999999999994
1  3.98e+06  0.3679603171  6.082553e-01 1.09599999999999999994
1  4.17e+06  0.367507972  6.082553e-01 1.09599999999999999994
1  4.37e+06  0.3670973043  6.082553e-01 1.09599999999999999994
1  4.57e+06  0.3667247968  6.082553e-01 1.09599999999999999994
1  4.79e+06  0.3663871708  6.082553e-01 1.09599999999999999994
1  5.01e+06  0.3660813818  6.082553e-01 1.09599999999999999994
1  5.25e+06  0.3658046129  6.082553e-01 1.09599999999999999994
1  5.50e+06  0.3655542651  6.082553e-01 1.09599999999999999994
1  5.75e+06  0.3653279469  6.082553e-01 1.09599999999999999994
1  6.03e+06  0.3651234626  6.082553e-01 1.09599999999999999994
1  6.31e+06  0.3649428355  6.082553e-01 1.09599999999999999994
1  6.61e+06  0.3647757745  6.082553e-01 1.09599999999999999994
1  6.92e+06  0.3646250489  6.082553e-01 1.09599999999999999994
1  7.24e+06  0.3644891226  6.082553e-01 1.09599999999999999994
1  7.59e+06  0.3643665963  6.082553e-01 1.09599999999999999994
1  7.94e+06  0.3642561964  6.082553e-01 1.09599999999999999994
1  8.32e+06  0.3641567653  6.082553e-01 1.09599999999999999994
1  8.71e+06  0.364067251  6.082553e-01 1.09599999999999999994
1  9.12e+06  0.3639866991  6.082553e-01 1.09599999999999999994
1  9.55e+06  0.3639142435  6.082553e-01 1.09599999999999999994
1  1.00e+07  0.3638490993  6.082553e-01 1.09599999999999999994
