1  1.00e-03  0.3690912153  5.793965e-01 1.04399999999999999994
1  1.05e-03  0.3690912219  5.793965e-01 1.04399999999999999994
1  1.10e-03  0.3690912224  5.793965e-01 1.04399999999999999994
1  1.15e-03  0.3690912184  5.793965e-01 1.04399999999999999994
1  1.20e-03  0.3690912209  5.793965e-01 1.04399999999999999994
1  1.26e-03  0.3690912169  5.793965e-01 1.04399999999999999994
1  1.32e-03  0.3690912172  5.793965e-01 1.04399999999999999994
1  1.38e-03  0.3690912141  5.793965e-01 1.04399999999999999994
1  1.45e-03  0.3690912209  5.793965e-01 1.04399999999999999994
1  1.51e-03  0.3690912201  5.793965e-01 1.04399999999999999994
1  1.58e-03  0.3690912128  5.793965e-01 1.04399999999999999994
1  1.66e-03  0.3690912216  5.793965e-01 1.04399999999999999994
1  1.74e-03  0.3690912216  5.793965e-01 1.04399999999999999994
1  1.82e-03  0.3690912194  5.793965e-01 1.04399999999999999994
1  1.91e-03  0.3690912162  5.793965e-01 1.04399999999999999994
1  2.00e-03  0.3690912202  5.793965e-01 1.04399999999999999994
1  2.09e-03  0.3690912183  5.793965e-01 1.04399999999999999994
1  2.19e-03  0.3690912179  5.793965e-01 1.04399999999999999994
1  2.29e-03  0.3690912151  5.793965e-01 1.04399999999999999994
1  2.40e-03  0.3690912162  5.793965e-01 1.04399999999999999994
1  2.51e-03  0.369091216  5.793965e-01 1.04399999999999999994
1  2.63e-03  0.36909122  5.793965e-01 1.04399999999999999994
1  2.75e-03  0.3690912155  5.793965e-01 1.04399999999999999994
1  2.88e-03  0.3690912146  5.793965e-01 1.04399999999999999994
1  3.02e-03  0.3690912199  5.793965e-01 1.04399999999999999994
1  3.16e-03  0.3690912186  5.793965e-01 1.04399999999999999994
1  3.31e-03  0.3690912127  5.793965e-01 1.04399999999999999994
1  3.47e-03  0.3690912198  5.793965e-01 1.04399999999999999994
1  3.63e-03  0.3690912128  5.793965e-01 1.04399999999999999994
1  3.80e-03  0.3690912156  5.793965e-01 1.04399999999999999994
1  3.98e-03  0.3690912254  5.793965e-01 1.04399999999999999994
1  4.17e-03  0.3690912123  5.793965e-01 1.04399999999999999994
1  4.37e-03  0.3690912183  5.793965e-01 1.04399999999999999994
1  4.57e-03  0.3690912202  5.793965e-01 1.04399999999999999994
1  4.79e-03  0.3690912097  5.793965e-01 1.04399999999999999994
1  5.01e-03  0.3690912166  5.793965e-01 1.04399999999999999994
1  5.25e-03  0.3690912123  5.793965e-01 1.04399999999999999994
1  5.50e-03  0.3690912113  5.793965e-01 1.04399999999999999994
1  5.75e-03  0.3690912058  5.793965e-01 1.04399999999999999994
1  6.03e-03  0.3690912097  5.793965e-01 1.04399999999999999994
1  6.31e-03  0.3690912023  5.793965e-01 1.04399999999999999994
1  6.61e-03  0.3690912095  5.793965e-01 1.04399999999999999994
1  6.92e-03  0.3690912088  5.793965e-01 1.04399999999999999994
1  7.24e-03  0.3690912062  5.793965e-01 1.04399999999999999994
1  7.59e-03  0.3690912098  5.793965e-01 1.04399999999999999994
1  7.94e-03  0.3690912137  5.793965e-01 1.04399999999999999994
1  8.32e-03  0.3690912004  5.793965e-01 1.04399999999999999994
1  8.71e-03  0.3690912091  5.793965e-01 1.04399999999999999994
1  9.12e-03  0.369091193  5.793965e-01 1.04399999999999999994
1  9.55e-03  0.3690911995  5.793965e-01 1.04399999999999999994
1  1.00e-02  0.3690912023  5.793965e-01 1.04399999999999999994
1  1.05e-02  0.3690912108  5.793965e-01 1.04399999999999999994
1  1.10e-02  0.3690911947  5.793965e-01 1.04399999999999999994
1  1.15e-02  0.3690912113  5.793965e-01 1.04399999999999999994
1  1.20e-02  0.3690912092  5.793965e-01 1.04399999999999999994
1  1.26e-02  0.3690911888  5.793965e-01 1.04399999999999999994
1  1.32e-02  0.369091206  5.793965e-01 1.04399999999999999994
1  1.38e-02  0.3690912111  5.793965e-01 1.04399999999999999994
1  1.45e-02  0.3690912037  5.793965e-01 1.04399999999999999994
1  1.51e-02  0.3690912049  5.793965e-01 1.04399999999999999994
1  1.58e-02  0.3690912082  5.793965e-01 1.04399999999999999994
1  1.66e-02  0.3690911965  5.793965e-01 1.04399999999999999994
1  1.74e-02  0.3690911999  5.793965e-01 1.04399999999999999994
1  1.82e-02  0.369091197  5.793965e-01 1.04399999999999999994
1  1.91e-02  0.3690903686  5.793965e-01 1.04399999999999999994
1  2.00e-02  0.36909117  5.793965e-01 1.04399999999999999994
1  2.09e-02  0.3690912111  5.793965e-01 1.04399999999999999994
1  2.19e-02  0.3690911785  5.793965e-01 1.04399999999999999994
1  2.29e-02  0.3690909699  5.793965e-01 1.04399999999999999994
1  2.40e-02  0.3690912529  5.793965e-01 1.04399999999999999994
1  2.51e-02  0.3690911743  5.793965e-01 1.04399999999999999994
1  2.63e-02  0.3690911734  5.793965e-01 1.04399999999999999994
1  2.75e-02  0.3690910929  5.793965e-01 1.04399999999999999994
1  2.88e-02  0.3690910869  5.793965e-01 1.04399999999999999994
1  3.02e-02  0.3690912011  5.793965e-01 1.04399999999999999994
1  3.16e-02  0.3690914845  5.793965e-01 1.04399999999999999994
1  3.31e-02  0.3690912487  5.793965e-01 1.04399999999999999994
1  3.47e-02  0.3690911276  5.793965e-01 1.04399999999999999994
1  3.63e-02  0.3690916543  5.793965e-01 1.04399999999999999994
1  3.80e-02  0.369091141  5.793965e-01 1.04399999999999999994
1  3.98e-02  0.3690912013  5.793965e-01 1.04399999999999999994
1  4.17e-02  0.3690911008  5.793965e-01 1.04399999999999999994
1  4.37e-02  0.369091077  5.793965e-01 1.04399999999999999994
1  4.57e-02  0.3690910874  5.793965e-01 1.04399999999999999994
1  4.79e-02  0.3690916166  5.793965e-01 1.04399999999999999994
1  5.01e-02  0.3690900777  5.793965e-01 1.04399999999999999994
1  5.25e-02  0.3690910445  5.793965e-01 1.04399999999999999994
1  5.50e-02  0.3690910798  5.793965e-01 1.04399999999999999994
1  5.75e-02  0.3690906936  5.793965e-01 1.04399999999999999994
1  6.03e-02  0.3690910462  5.793965e-01 1.04399999999999999994
1  6.31e-02  0.3690910409  5.793965e-01 1.04399999999999999994
1  6.61e-02  0.3690910286  5.793965e-01 1.04399999999999999994
1  6.92e-02  0.369091025  5.793965e-01 1.04399999999999999994
1  7.24e-02  0.3690909752  5.793965e-01 1.04399999999999999994
1  7.59e-02  0.3690836385  5.793965e-01 1.04399999999999999994
1  7.94e-02  0.3690910176  5.793965e-01 1.04399999999999999994
1  8.32e-02  0.3690911435  5.793965e-01 1.04399999999999999994
1  8.71e-02  0.3690910457  5.793965e-01 1.04399999999999999994
1  9.12e-02  0.3690911128  5.793965e-01 1.04399999999999999994
1  9.55e-02  0.3690909359  5.793965e-01 1.04399999999999999994
1  1.00e-01  0.3690909769  5.793965e-01 1.04399999999999999994
1  1.05e-01  0.3690901393  5.793965e-01 1.04399999999999999994
1  1.10e-01  0.3690911048  5.793965e-01 1.04399999999999999994
1  1.15e-01  0.3690908538  5.793965e-01 1.04399999999999999994
1  1.20e-01  0.3690910073  5.793965e-01 1.04399999999999999994
1  1.26e-01  0.3690909745  5.793965e-01 1.04399999999999999994
1  1.32e-01  0.369090855  5.793965e-01 1.04399999999999999994
1  1.38e-01  0.369090826  5.793965e-01 1.04399999999999999994
1  1.45e-01  0.3690910966  5.793965e-01 1.04399999999999999994
1  1.51e-01  0.3690910637  5.793965e-01 1.04399999999999999994
1  1.58e-01  0.3690910817  5.793965e-01 1.04399999999999999994
1  1.66e-01  0.3690853692  5.793965e-01 1.04399999999999999994
1  1.74e-01  0.3690909962  5.793965e-01 1.04399999999999999994
1  1.82e-01  0.3690910892  5.793965e-01 1.04399999999999999994
1  1.91e-01  0.3690910122  5.793965e-01 1.04399999999999999994
1  2.00e-01  0.3690910429  5.793965e-01 1.04399999999999999994
1  2.09e-01  0.3690908913  5.793965e-01 1.04399999999999999994
1  2.19e-01  0.3690908399  5.793965e-01 1.04399999999999999994
1  2.29e-01  0.369090619  5.793965e-01 1.04399999999999999994
1  2.40e-01  0.3690906333  5.793965e-01 1.04399999999999999994
1  2.51e-01  0.3690910907  5.793965e-01 1.04399999999999999994
1  2.63e-01  0.3690905624  5.793965e-01 1.04399999999999999994
1  2.75e-01  0.3690866277  5.793965e-01 1.04399999999999999994
1  2.88e-01  0.3690905719  5.793965e-01 1.04399999999999999994
1  3.02e-01  0.3690905199  5.793965e-01 1.04399999999999999994
1  3.16e-01  0.3690906192  5.793965e-01 1.04399999999999999994
1  3.31e-01  0.3690910672  5.793965e-01 1.04399999999999999994
1  3.47e-01  0.3690906268  5.793965e-01 1.04399999999999999994
1  3.63e-01  0.3690842058  5.793965e-01 1.04399999999999999994
1  3.80e-01  0.36909032  5.793965e-01 1.04399999999999999994
1  3.98e-01  0.3690907291  5.793965e-01 1.04399999999999999994
1  4.17e-01  0.3690904533  5.793965e-01 1.04399999999999999994
1  4.37e-01  0.3690911284  5.793965e-01 1.04399999999999999994
1  4.57e-01  0.3690905377  5.793965e-01 1.04399999999999999994
1  4.79e-01  0.3690911372  5.793965e-01 1.04399999999999999994
1  5.01e-01  0.3690903522  5.793965e-01 1.04399999999999999994
1  5.25e-01  0.3690903509  5.793965e-01 1.04399999999999999994
1  5.50e-01  0.3690902071  5.793965e-01 1.04399999999999999994
1  5.75e-01  0.3690905611  5.793965e-01 1.04399999999999999994
1  6.03e-01  0.3690904379  5.793965e-01 1.04399999999999999994
1  6.31e-01  0.3690893557  5.793965e-01 1.04399999999999999994
1  6.61e-01  0.3690916761  5.793965e-01 1.04399999999999999994
1  6.92e-01  0.3690903268  5.793965e-01 1.04399999999999999994
1  7.24e-01  0.3690858386  5.793965e-01 1.04399999999999999994
1  7.59e-01  0.3690887966  5.793965e-01 1.04399999999999999994
1  7.94e-01  0.3690911187  5.793965e-01 1.04399999999999999994
1  8.32e-01  0.3690898134  5.793965e-01 1.04399999999999999994
1  8.71e-01  0.3690898247  5.793965e-01 1.04399999999999999994
1  9.12e-01  0.3690896484  5.793965e-01 1.04399999999999999994
1  9.55e-01  0.3690909453  5.793965e-01 1.04399999999999999994
1  1.00e+00  0.3690904341  5.793965e-01 1.04399999999999999994
1  1.05e+00  0.3690912646  5.793965e-01 1.04399999999999999994
1  1.10e+00  0.3690884676  5.793965e-01 1.04399999999999999994
1  1.15e+00  0.3690817526  5.793965e-01 1.04399999999999999994
1  1.20e+00  0.3690889568  5.793965e-01 1.04399999999999999994
1  1.26e+00  0.3690889354  5.793965e-01 1.04399999999999999994
1  1.32e+00  0.3690939158  5.793965e-01 1.04399999999999999994
1  1.38e+00  0.3690895416  5.793965e-01 1.04399999999999999994
1  1.45e+00  0.3690897284  5.793965e-01 1.04399999999999999994
1  1.51e+00  0.3690872764  5.793965e-01 1.04399999999999999994
1  1.58e+00  0.3690876778  5.793965e-01 1.04399999999999999994
1  1.66e+00  0.3690877092  5.793965e-01 1.04399999999999999994
1  1.74e+00  0.3691002575  5.793965e-01 1.04399999999999999994
1  1.82e+00  0.3690875369  5.793965e-01 1.04399999999999999994
1  1.91e+00  0.3690893348  5.793965e-01 1.04399999999999999994
1  2.00e+00  0.3690874775  5.793965e-01 1.04399999999999999994
1  2.09e+00  0.3690871763  5.793965e-01 1.04399999999999999994
1  2.19e+00  0.3690910942  5.793965e-01 1.04399999999999999994
1  2.29e+00  0.3690863819  5.793965e-01 1.04399999999999999994
1  2.40e+00  0.3690864452  5.793965e-01 1.04399999999999999994
1  2.51e+00  0.3690972439  5.793965e-01 1.04399999999999999994
1  2.63e+00  0.3690917293  5.793965e-01 1.04399999999999999994
1  2.75e+00  0.3690845911  5.793965e-01 1.04399999999999999994
1  2.88e+00  0.3691223613  5.793965e-01 1.04399999999999999994
1  3.02e+00  0.3690773616  5.793965e-01 1.04399999999999999994
1  3.16e+00  0.3691182653  5.793965e-01 1.04399999999999999994
1  3.31e+00  0.369006904  5.793965e-01 1.04399999999999999994
1  3.47e+00  0.3690849528  5.793965e-01 1.04399999999999999994
1  3.63e+00  0.368998051  5.793965e-01 1.04399999999999999994
1  3.80e+00  0.3690633397  5.793965e-01 1.04399999999999999994
1  3.98e+00  0.3690865481  5.793965e-01 1.04399999999999999994
1  4.17e+00  0.3690857813  5.793965e-01 1.04399999999999999994
1  4.37e+00  0.3690863984  5.793965e-01 1.04399999999999999994
1  4.57e+00  0.3690827778  5.793965e-01 1.04399999999999999994
1  4.79e+00  0.36908908  5.793965e-01 1.04399999999999999994
1  5.01e+00  0.3690822299  5.793965e-01 1.04399999999999999994
1  5.25e+00  0.3690800775  5.793965e-01 1.04399999999999999994
1  5.50e+00  0.3690890283  5.793965e-01 1.04399999999999999994
1  5.75e+00  0.3690894773  5.793965e-01 1.04399999999999999994
1  6.03e+00  0.3690657176  5.793965e-01 1.04399999999999999994
1  6.31e+00  0.3691282076  5.793965e-01 1.04399999999999999994
1  6.61e+00  0.3690887956  5.793965e-01 1.04399999999999999994
1  6.92e+00  0.3690900288  5.793965e-01 1.04399999999999999994
1  7.24e+00  0.3692332407  5.793965e-01 1.04399999999999999994
1  7.59e+00  0.3689740091  5.793965e-01 1.04399999999999999994
1  7.94e+00  0.369231205  5.793965e-01 1.04399999999999999994
1  8.32e+00  0.3692678075  5.793965e-01 1.04399999999999999994
1  8.71e+00  0.3691325453  5.793965e-01 1.04399999999999999994
1  9.12e+00  0.3690663504  5.793965e-01 1.04399999999999999994
1  9.55e+00  0.3691053947  5.793965e-01 1.04399999999999999994
1  1.00e+01  0.3690868095  5.793965e-01 1.04399999999999999994
1  1.05e+01  0.3690886119  5.793965e-01 1.04399999999999999994
1  1.10e+01  0.3690277467  5.793965e-01 1.04399999999999999994
1  1.15e+01  0.3692048794  5.793965e-01 1.04399999999999999994
1  1.20e+01  0.3690845366  5.793965e-01 1.04399999999999999994
1  1.26e+01  0.3690582356  5.793965e-01 1.04399999999999999994
1  1.32e+01  0.3690835737  5.793965e-01 1.04399999999999999994
1  1.38e+01  0.3690729212  5.793965e-01 1.04399999999999999994
1  1.45e+01  0.3690653595  5.793965e-01 1.04399999999999999994
1  1.51e+01  0.3690613862  5.793965e-01 1.04399999999999999994
1  1.58e+01  0.3690429143  5.793965e-01 1.04399999999999999994
1  1.66e+01  0.3692101149  5.793965e-01 1.04399999999999999994
1  1.74e+01  0.3691819101  5.793965e-01 1.04399999999999999994
1  1.82e+01  0.3690520876  5.793965e-01 1.04399999999999999994
1  1.91e+01  0.3690900144  5.793965e-01 1.04399999999999999994
1  2.00e+01  0.3691100395  5.793965e-01 1.04399999999999999994
1  2.09e+01  0.3690328327  5.793965e-01 1.04399999999999999994
1  2.19e+01  0.3694732151  5.793965e-01 1.04399999999999999994
1  2.29e+01  0.3690562927  5.793965e-01 1.04399999999999999994
1  2.40e+01  0.3687901247  5.793965e-01 1.04399999999999999994
1  2.51e+01  0.3691696317  5.793965e-01 1.04399999999999999994
1  2.63e+01  0.3688676506  5.793965e-01 1.04399999999999999994
1  2.75e+01  0.3694890936  5.793965e-01 1.04399999999999999994
1  2.88e+01  0.3683997662  5.793965e-01 1.04399999999999999994
1  3.02e+01  0.3692037166  5.793965e-01 1.04399999999999999994
1  3.16e+01  0.3693046655  5.793965e-01 1.04399999999999999994
1  3.31e+01  0.3695856868  5.793965e-01 1.04399999999999999994
1  3.47e+01  0.3687484383  5.793965e-01 1.04399999999999999994
1  3.63e+01  0.3687587178  5.793965e-01 1.04399999999999999994
1  3.80e+01  0.3687251022  5.793965e-01 1.04399999999999999994
1  3.98e+01  0.3687772672  5.793965e-01 1.04399999999999999994
1  4.17e+01  0.3692839717  5.793965e-01 1.04399999999999999994
1  4.37e+01  0.3688569203  5.793965e-01 1.04399999999999999994
1  4.57e+01  0.3686926772  5.793965e-01 1.04399999999999999994
1  4.79e+01  0.3689673299  5.793965e-01 1.04399999999999999994
1  5.01e+01  0.36894992  5.793965e-01 1.04399999999999999994
1  5.25e+01  0.3689491975  5.793965e-01 1.04399999999999999994
1  5.50e+01  0.3695960105  5.793965e-01 1.04399999999999999994
1  5.75e+01  0.3681534429  5.793965e-01 1.04399999999999999994
1  6.03e+01  0.3686574534  5.793965e-01 1.04399999999999999994
1  6.31e+01  0.3690539306  5.793965e-01 1.04399999999999999994
1  6.61e+01  0.3690979382  5.793965e-01 1.04399999999999999994
1  6.92e+01  0.368449684  5.793965e-01 1.04399999999999999994
1  7.24e+01  0.3691545826  5.793965e-01 1.04399999999999999994
1  7.59e+01  0.369596296  5.793965e-01 1.04399999999999999994
1  7.94e+01  0.3689523169  5.793965e-01 1.04399999999999999994
1  8.32e+01  0.3690800827  5.793965e-01 1.04399999999999999994
1  8.71e+01  0.3689376888  5.793965e-01 1.04399999999999999994
1  9.12e+01  0.3690414531  5.793965e-01 1.04399999999999999994
1  9.55e+01  0.3695713909  5.793965e-01 1.04399999999999999994
1  1.00e+02  0.3694323274  5.793965e-01 1.04399999999999999994
1  1.05e+02  0.3689462084  5.793965e-01 1.04399999999999999994
1  1.10e+02  0.3688274813  5.793965e-01 1.04399999999999999994
1  1.15e+02  0.3690251793  5.793965e-01 1.04399999999999999994
1  1.20e+02  0.3690152485  5.793965e-01 1.04399999999999999994
1  1.26e+02  0.3683652861  5.793965e-01 1.04399999999999999994
1  1.32e+02  0.3691495947  5.793965e-01 1.04399999999999999994
1  1.38e+02  0.3687092322  5.793965e-01 1.04399999999999999994
1  1.45e+02  0.3691024938  5.793965e-01 1.04399999999999999994
1  1.51e+02  0.3689523074  5.793965e-01 1.04399999999999999994
1  1.58e+02  0.3686196103  5.793965e-01 1.04399999999999999994
1  1.66e+02  0.3691024311  5.793965e-01 1.04399999999999999994
1  1.74e+02  0.3690903707  5.793965e-01 1.04399999999999999994
1  1.82e+02  0.3687333296  5.793965e-01 1.04399999999999999994
1  1.91e+02  0.3689662704  5.793965e-01 1.04399999999999999994
1  2.00e+02  0.3684380331  5.793965e-01 1.04399999999999999994
1  2.09e+02  0.36874773  5.793965e-01 1.04399999999999999994
1  2.19e+02  0.3687152494  5.793965e-01 1.04399999999999999994
1  2.29e+02  0.3691166692  5.793965e-01 1.04399999999999999994
1  2.40e+02  0.3688872956  5.793965e-01 1.04399999999999999994
1  2.51e+02  0.3688545634  5.793965e-01 1.04399999999999999994
1  2.63e+02  0.3691403769  5.793965e-01 1.04399999999999999994
1  2.75e+02  0.3685671715  5.793965e-01 1.04399999999999999994
1  2.88e+02  0.3691453516  5.793965e-01 1.04399999999999999994
1  3.02e+02  0.369119802  5.793965e-01 1.04399999999999999994
1  3.16e+02  0.3690391709  5.793965e-01 1.04399999999999999994
1  3.31e+02  0.3685792377  5.793965e-01 1.04399999999999999994
1  3.47e+02  0.3686961483  5.793965e-01 1.04399999999999999994
1  3.63e+02  0.3685073365  5.793965e-01 1.04399999999999999994
1  3.80e+02  0.3683337732  5.793965e-01 1.04399999999999999994
1  3.98e+02  0.3689054916  5.793965e-01 1.04399999999999999994
1  4.17e+02  0.3689023907  5.793965e-01 1.04399999999999999994
1  4.37e+02  0.3689882799  5.793965e-01 1.04399999999999999994
1  4.57e+02  0.3678804335  5.793965e-01 1.04399999999999999994
1  4.79e+02  0.3687363305  5.793965e-01 1.04399999999999999994
1  5.01e+02  0.369265025  5.793965e-01 1.04399999999999999994
1  5.25e+02  0.3685033013  5.793965e-01 1.04399999999999999994
1  5.50e+02  0.368565569  5.793965e-01 1.04399999999999999994
1  5.75e+02  0.3677537128  5.793965e-01 1.04399999999999999994
1  6.03e+02  0.3679249979  5.793965e-01 1.04399999999999999994
1  6.31e+02  0.3690359059  5.793965e-01 1.04399999999999999994
1  6.61e+02  0.3679703876  5.793965e-01 1.04399999999999999994
1  6.92e+02  0.3688362308  5.793965e-01 1.04399999999999999994
1  7.24e+02  0.3688099774  5.793965e-01 1.04399999999999999994
1  7.59e+02  0.3670268509  5.793965e-01 1.04399999999999999994
1  7.94e+02  0.3688516477  5.793965e-01 1.04399999999999999994
1  8.32e+02  0.3685267089  5.793965e-01 1.04399999999999999994
1  8.71e+02  0.3685761492  5.793965e-01 1.04399999999999999994
1  9.12e+02  0.3690929581  5.793965e-01 1.04399999999999999994
1  9.55e+02  0.3670890554  5.793965e-01 1.04399999999999999994
1  1.00e+03  0.3682384008  5.793965e-01 1.04399999999999999994
1  1.05e+03  0.3693525265  5.793965e-01 1.04399999999999999994
1  1.10e+03  0.3691525334  5.793965e-01 1.04399999999999999994
1  1.15e+03  0.3649770162  5.793965e-01 1.04399999999999999994
1  1.20e+03  0.3687267133  5.793965e-01 1.04399999999999999994
1  1.26e+03  0.3695604823  5.793965e-01 1.04399999999999999994
1  1.32e+03  0.369549797  5.793965e-01 1.04399999999999999994
1  1.38e+03  0.3684118341  5.793965e-01 1.04399999999999999994
1  1.45e+03  0.3706298841  5.793965e-01 1.04399999999999999994
1  1.51e+03  0.3619490159  5.793965e-01 1.04399999999999999994
1  1.58e+03  0.3670216022  5.793965e-01 1.04399999999999999994
1  1.66e+03  0.3690942046  5.793965e-01 1.04399999999999999994
1  1.74e+03  0.36983249  5.793965e-01 1.04399999999999999994
1  1.82e+03  0.3663274028  5.793965e-01 1.04399999999999999994
1  1.91e+03  0.3734109628  5.793965e-01 1.04399999999999999994
1  2.00e+03  0.3724026755  5.793965e-01 1.04399999999999999994
1  2.09e+03  0.3832006699  5.793965e-01 1.04399999999999999994
1  2.19e+03  0.3779616958  5.793965e-01 1.04399999999999999994
1  2.29e+03  0.3716376048  5.793965e-01 1.04399999999999999994
1  2.40e+03  0.373048883  5.793965e-01 1.04399999999999999994
1  2.51e+03  0.3724812121  5.793965e-01 1.04399999999999999994
1  2.63e+03  0.3365900862  5.793965e-01 1.04399999999999999994
1  2.75e+03  0.361752558  5.793965e-01 1.04399999999999999994
1  2.88e+03  0.331473714  5.793965e-01 1.04399999999999999994
1  3.02e+03  0.3683606067  5.793965e-01 1.04399999999999999994
1  3.16e+03  0.3748629495  5.793965e-01 1.04399999999999999994
1  3.31e+03  0.3735489533  5.793965e-01 1.04399999999999999994
1  3.47e+03  0.3802737797  5.793965e-01 1.04399999999999999994
1  3.63e+03  0.402073018  5.793965e-01 1.04399999999999999994
1  3.80e+03  0.3932401976  5.793965e-01 1.04399999999999999994
1  3.98e+03  0.3539347727  5.793965e-01 1.04399999999999999994
1  4.17e+03  0.4180946373  5.793965e-01 1.04399999999999999994
1  4.37e+03  0.3843891745  5.793965e-01 1.04399999999999999994
1  4.57e+03  0.4271446038  5.793965e-01 1.04399999999999999994
1  4.79e+03  0.3753220225  5.793965e-01 1.04399999999999999994
1  5.01e+03  0.3647455823  5.793965e-01 1.04399999999999999994
1  5.25e+03  0.4441997702  5.793965e-01 1.04399999999999999994
1  5.50e+03  0.4160831737  5.793965e-01 1.04399999999999999994
1  5.75e+03  0.4606293298  5.793965e-01 1.04399999999999999994
1  6.03e+03  0.4199788294  5.793965e-01 1.04399999999999999994
1  6.31e+03  0.4157129029  5.793965e-01 1.04399999999999999994
1  6.61e+03  0.380920662  5.793965e-01 1.04399999999999999994
1  6.92e+03  0.3345071953  5.793965e-01 1.04399999999999999994
1  7.24e+03  0.4459515464  5.793965e-01 1.04399999999999999994
1  7.59e+03  0.3156602462  5.793965e-01 1.04399999999999999994
1  7.94e+03  0.3689614649  5.793965e-01 1.04399999999999999994
1  8.32e+03  0.3416796905  5.793965e-01 1.04399999999999999994
1  8.71e+03  0.3933868042  5.793965e-01 1.04399999999999999994
1  9.12e+03  0.3140851353  5.793965e-01 1.04399999999999999994
1  9.55e+03  0.4133718193  5.793965e-01 1.04399999999999999994
1  1.00e+04  0.2428952616  5.793965e-01 1.04399999999999999994
1  1.05e+04  0.2874773056  5.793965e-01 1.04399999999999999994
1  1.10e+04  0.340691275  5.793965e-01 1.04399999999999999994
1  1.15e+04  0.3786565878  5.793965e-01 1.04399999999999999994
1  1.20e+04  0.3884196892  5.793965e-01 1.04399999999999999994
1  1.26e+04  0.3263828231  5.793965e-01 1.04399999999999999994
1  1.32e+04  0.2681420703  5.793965e-01 1.04399999999999999994
1  1.38e+04  0.3603088081  5.793965e-01 1.04399999999999999994
1  1.45e+04  0.2466373756  5.793965e-01 1.04399999999999999994
1  1.51e+04  0.3415287779  5.793965e-01 1.04399999999999999994
1  1.58e+04  0.3436543714  5.793965e-01 1.04399999999999999994
1  1.66e+04  0.2966449241  5.793965e-01 1.04399999999999999994
1  1.74e+04  0.3015159359  5.793965e-01 1.04399999999999999994
1  1.82e+04  0.3382216327  5.793965e-01 1.04399999999999999994
1  1.91e+04  0.3507704393  5.793965e-01 1.04399999999999999994
1  2.00e+04  0.3668362103  5.793965e-01 1.04399999999999999994
1  2.09e+04  0.3765188615  5.793965e-01 1.04399999999999999994
1  2.19e+04  0.3380379223  5.793965e-01 1.04399999999999999994
1  2.29e+04  0.3917493462  5.793965e-01 1.04399999999999999994
1  2.40e+04  0.4025623824  5.793965e-01 1.04399999999999999994
1  2.51e+04  0.2759275868  5.793965e-01 1.04399999999999999994
1  2.63e+04  0.2373815613  5.793965e-01 1.04399999999999999994
1  2.75e+04  0.3333111829  5.793965e-01 1.04399999999999999994
1  2.88e+04  0.2459801931  5.793965e-01 1.04399999999999999994
1  3.02e+04  0.3774059241  5.793965e-01 1.04399999999999999994
1  3.16e+04  0.1848219899  5.793965e-01 1.04399999999999999994
1  3.31e+04  0.2767180032  5.793965e-01 1.04399999999999999994
1  3.47e+04  0.3814849323  5.793965e-01 1.04399999999999999994
1  3.63e+04  0.3675382407  5.793965e-01 1.04399999999999999994
1  3.80e+04  0.2231226768  5.793965e-01 1.04399999999999999994
1  3.98e+04  0.2977842227  5.793965e-01 1.04399999999999999994
1  4.17e+04  0.168519386  5.793965e-01 1.04399999999999999994
1  4.37e+04  0.3132737929  5.793965e-01 1.04399999999999999994
1  4.57e+04  0.3195146225  5.793965e-01 1.04399999999999999994
1  4.79e+04  0.3462345929  5.793965e-01 1.04399999999999999994
1  5.01e+04  0.3391742921  5.793965e-01 1.04399999999999999994
1  5.25e+04  0.3994856636  5.793965e-01 1.04399999999999999994
1  5.50e+04  0.2763813526  5.793965e-01 1.04399999999999999994
1  5.75e+04  0.1725515223  5.793965e-01 1.04399999999999999994
1  6.03e+04  0.3673027048  5.793965e-01 1.04399999999999999994
1  6.31e+04  0.1723716584  5.793965e-01 1.04399999999999999994
1  6.61e+04  0.1729139103  5.793965e-01 1.04399999999999999994
1  6.92e+04  0.384292248  5.793965e-01 1.04399999999999999994
1  7.24e+04  0.3017804331  5.793965e-01 1.04399999999999999994
1  7.59e+04  0.2585169569  5.793965e-01 1.04399999999999999994
1  7.94e+04  0.3797449689  5.793965e-01 1.04399999999999999994
1  8.32e+04  0.3984171212  5.793965e-01 1.04399999999999999994
1  8.71e+04  0.3655003402  5.793965e-01 1.04399999999999999994
1  9.12e+04  0.3982168671  5.793965e-01 1.04399999999999999994
1  9.55e+04  0.3900375429  5.793965e-01 1.04399999999999999994
1  1.00e+05  0.3068067475  5.793965e-01 1.04399999999999999994
1  1.05e+05  0.2822560673  5.793965e-01 1.04399999999999999994
1  1.10e+05  0.3557486353  5.793965e-01 1.04399999999999999994
1  1.15e+05  0.4009305142  5.793965e-01 1.04399999999999999994
1  1.20e+05  0.3312284027  5.793965e-01 1.04399999999999999994
1  1.26e+05  0.2179157696  5.793965e-01 1.04399999999999999994
1  1.32e+05  0.1813424851  5.793965e-01 1.04399999999999999994
1  1.38e+05  0.2471200598  5.793965e-01 1.04399999999999999994
1  1.45e+05  0.3378726513  5.793965e-01 1.04399999999999999994
1  1.51e+05  0.3681089234  5.793965e-01 1.04399999999999999994
1  1.58e+05  0.320043541  5.793965e-01 1.04399999999999999994
1  1.66e+05  0.2409760189  5.793965e-01 1.04399999999999999994
1  1.74e+05  0.1915312268  5.793965e-01 1.04399999999999999994
1  1.82e+05  0.2007377983  5.793965e-01 1.04399999999999999994
1  1.91e+05  0.2563678557  5.793965e-01 1.04399999999999999994
1  2.00e+05  0.3235570274  5.793965e-01 1.04399999999999999994
1  2.09e+05  0.3699260481  5.793965e-01 1.04399999999999999994
1  2.19e+05  0.3808329836  5.793965e-01 1.04399999999999999994
1  2.29e+05  0.3607508667  5.793965e-01 1.04399999999999999994
1  2.40e+05  0.3255511697  5.793965e-01 1.04399999999999999994
1  2.51e+05  0.2927315429  5.793965e-01 1.04399999999999999994
1  2.63e+05  0.2744790223  5.793965e-01 1.04399999999999999994
1  2.75e+05  0.275140659  5.793965e-01 1.04399999999999999994
1  2.88e+05  0.2922609278  5.793965e-01 1.04399999999999999994
1  3.02e+05  0.3194039305  5.793965e-01 1.04399999999999999994
1  3.16e+05  0.3491439433  5.793965e-01 1.04399999999999999994
1  3.31e+05  0.3752613762  5.793965e-01 1.04399999999999999994
1  3.47e+05  0.3938448084  5.793965e-01 1.04399999999999999994
1  3.63e+05  0.4034446149  5.793965e-01 1.04399999999999999994
1  3.80e+05  0.4046170544  5.793965e-01 1.04399999999999999994
1  3.98e+05  0.3992062787  5.793965e-01 1.04399999999999999994
1  4.17e+05  0.3896247451  5.793965e-01 1.04399999999999999994
1  4.37e+05  0.3782808507  5.793965e-01 1.04399999999999999994
1  4.57e+05  0.3672072757  5.793965e-01 1.04399999999999999994
1  4.79e+05  0.35787995  5.793965e-01 1.04399999999999999994
1  5.01e+05  0.3511851534  5.793965e-01 1.04399999999999999994
1  5.25e+05  0.3474831455  5.793965e-01 1.04399999999999999994
1  5.50e+05  0.3467216304  5.793965e-01 1.04399999999999999994
1  5.75e+05  0.3485635969  5.793965e-01 1.04399999999999999994
1  6.03e+05  0.3525064754  5.793965e-01 1.04399999999999999994
1  6.31e+05  0.3579802869  5.793965e-01 1.04399999999999999994
1  6.61e+05  0.364692319  5.793965e-01 1.04399999999999999994
1  6.92e+05  0.3731475994  5.793965e-01 1.04399999999999999994
1  7.24e+05  0.3809098894  5.793965e-01 1.04399999999999999994
1  7.59e+05  0.3881268562  5.793965e-01 1.04399999999999999994
1  7.94e+05  0.3945282717  5.793965e-01 1.04399999999999999994
1  8.32e+05  0.3999553772  5.793965e-01 1.04399999999999999994
1  8.71e+05  0.4043406822  5.793965e-01 1.04399999999999999994
1  9.12e+05  0.4076867993  5.793965e-01 1.04399999999999999994
1  9.55e+05  0.4100466606  5.793965e-01 1.04399999999999999994
1  1.00e+06  0.4115063771  5.793965e-01 1.04399999999999999994
1  1.05e+06  0.4121712445  5.793965e-01 1.04399999999999999994
1  1.10e+06  0.4121549021  5.793965e-01 1.04399999999999999994
1  1.15e+06  0.4115713639  5.793965e-01 1.04399999999999999994
1  1.20e+06  0.4105295035  5.793965e-01 1.04399999999999999994
1  1.26e+06  0.4091295269  5.793965e-01 1.04399999999999999994
1  1.32e+06  0.4074609905  5.793965e-01 1.04399999999999999994
1  1.38e+06  0.4056019655  5.793965e-01 1.04399999999999999994
1  1.45e+06  0.4036190166  5.793965e-01 1.04399999999999999994
1  1.51e+06  0.4015677264  5.793965e-01 1.04399999999999999994
1  1.58e+06  0.3994935581  5.793965e-01 1.04399999999999999994
1  1.66e+06  0.3974738237  5.793965e-01 1.04399999999999999994
1  1.74e+06  0.3954546244  5.793965e-01 1.04399999999999999994
1  1.82e+06  0.393498437  5.793965e-01 1.04399999999999999994
1  1.91e+06  0.3916211856  5.793965e-01 1.04399999999999999994
1  2.00e+06  0.38983395  5.793965e-01 1.04399999999999999994
1  2.09e+06  0.3881438376  5.793965e-01 1.04399999999999999994
1  2.19e+06  0.3865547491  5.793965e-01 1.04399999999999999994
1  2.29e+06  0.3850680392  5.793965e-01 1.04399999999999999994
1  2.40e+06  0.3836830799  5.793965e-01 1.04399999999999999994
1  2.51e+06  0.3823977319  5.793965e-01 1.04399999999999999994
1  2.63e+06  0.381208737  5.793965e-01 1.04399999999999999994
1  2.75e+06  0.3801120385  5.793965e-01 1.04399999999999999994
1  2.88e+06  0.379103041  5.793965e-01 1.04399999999999999994
1  3.02e+06  0.3781768185  5.793965e-01 1.04399999999999999994
1  3.16e+06  0.3773282778  5.793965e-01 1.04399999999999999994
1  3.31e+06  0.3765686485  5.793965e-01 1.04399999999999999994
1  3.47e+06  0.3758587439  5.793965e-01 1.04399999999999999994
1  3.63e+06  0.375211462  5.793965e-01 1.04399999999999999994
1  3.80e+06  0.3746220339  5.793965e-01 1.04399999999999999994
1  3.98e+06  0.3740859071  5.793965e-01 1.04399999999999999994
1  4.17e+06  0.3735987693  5.793965e-01 1.04399999999999999994
1  4.37e+06  0.3731565618  5.793965e-01 1.04399999999999999994
1  4.57e+06  0.3727554849  5.793965e-01 1.04399999999999999994
1  4.79e+06  0.3723919981  5.793965e-01 1.04399999999999999994
1  5.01e+06  0.3720628151  5.793965e-01 1.04399999999999999994
1  5.25e+06  0.3717648961  5.793965e-01 1.04399999999999999994
1  5.50e+06  0.3714954372  5.793965e-01 1.04399999999999999994
1  5.75e+06  0.3712518591  5.793965e-01 1.04399999999999999994
1  6.03e+06  0.3710317941  5.793965e-01 1.04399999999999999994
1  6.31e+06  0.3708330731  5.793965e-01 1.04399999999999999994
1  6.61e+06  0.3706576617  5.793965e-01 1.04399999999999999994
1  6.92e+06  0.3704954767  5.793965e-01 1.04399999999999999994
1  7.24e+06  0.370349223  5.793965e-01 1.04399999999999999994
1  7.59e+06  0.3702173928  5.793965e-01 1.04399999999999999994
1  7.94e+06  0.3700986144  5.793965e-01 1.04399999999999999994
1  8.32e+06  0.3699916406  5.793965e-01 1.04399999999999999994
1  8.71e+06  0.369895339  5.793965e-01 1.04399999999999999994
1  9.12e+06  0.3698086814  5.793965e-01 1.04399999999999999994
1  9.55e+06  0.3697307355  5.793965e-01 1.04399999999999999994
1  1.00e+07  0.3696606561  5.793965e-01 1.04399999999999999994
