1  1.00e-03  0.3490328049 -10.1184 0.95999999999999999998
1  1.05e-03  0.3490328043 -10.1184 0.95999999999999999998
1  1.10e-03  0.3490328028 -10.1184 0.95999999999999999998
1  1.15e-03  0.3490328034 -10.1184 0.95999999999999999998
1  1.20e-03  0.3490328017 -10.1184 0.95999999999999999998
1  1.26e-03  0.3490327987 -10.1184 0.95999999999999999998
1  1.32e-03  0.3490327963 -10.1184 0.95999999999999999998
1  1.38e-03  0.3490328034 -10.1184 0.95999999999999999998
1  1.45e-03  0.3490328049 -10.1184 0.95999999999999999998
1  1.51e-03  0.3490328011 -10.1184 0.95999999999999999998
1  1.58e-03  0.3490328032 -10.1184 0.95999999999999999998
1  1.66e-03  0.3490327983 -10.1184 0.95999999999999999998
1  1.74e-03  0.3490328002 -10.1184 0.95999999999999999998
1  1.82e-03  0.349032801 -10.1184 0.95999999999999999998
1  1.91e-03  0.3490328031 -10.1184 0.95999999999999999998
1  2.00e-03  0.3490328008 -10.1184 0.95999999999999999998
1  2.09e-03  0.3490327987 -10.1184 0.95999999999999999998
1  2.19e-03  0.3490328034 -10.1184 0.95999999999999999998
1  2.29e-03  0.3490328025 -10.1184 0.95999999999999999998
1  2.40e-03  0.349032805 -10.1184 0.95999999999999999998
1  2.51e-03  0.3490328033 -10.1184 0.95999999999999999998
1  2.63e-03  0.3490327918 -10.1184 0.95999999999999999998
1  2.75e-03  0.3490328028 -10.1184 0.95999999999999999998
1  2.88e-03  0.3490328043 -10.1184 0.95999999999999999998
1  3.02e-03  0.3490327981 -10.1184 0.95999999999999999998
1  3.16e-03  0.3490328006 -10.1184 0.95999999999999999998
1  3.31e-03  0.3490328037 -10.1184 0.95999999999999999998
1  3.47e-03  0.3490328019 -10.1184 0.95999999999999999998
1  3.63e-03  0.3490328017 -10.1184 0.95999999999999999998
1  3.80e-03  0.3490327979 -10.1184 0.95999999999999999998
1  3.98e-03  0.3490328004 -10.1184 0.95999999999999999998
1  4.17e-03  0.3490328051 -10.1184 0.95999999999999999998
1  4.37e-03  0.3490327999 -10.1184 0.95999999999999999998
1  4.57e-03  0.3490327992 -10.1184 0.95999999999999999998
1  4.79e-03  0.3490328012 -10.1184 0.95999999999999999998
1  5.01e-03  0.3490328012 -10.1184 0.95999999999999999998
1  5.25e-03  0.3490328015 -10.1184 0.95999999999999999998
1  5.50e-03  0.3490327986 -10.1184 0.95999999999999999998
1  5.75e-03  0.3490328024 -10.1184 0.95999999999999999998
1  6.03e-03  0.3490328044 -10.1184 0.95999999999999999998
1  6.31e-03  0.3490327979 -10.1184 0.95999999999999999998
1  6.61e-03  0.3490328023 -10.1184 0.95999999999999999998
1  6.92e-03  0.3490327982 -10.1184 0.95999999999999999998
1  7.24e-03  0.3490327987 -10.1184 0.95999999999999999998
1  7.59e-03  0.3490328036 -10.1184 0.95999999999999999998
1  7.94e-03  0.3490327971 -10.1184 0.95999999999999999998
1  8.32e-03  0.3490328033 -10.1184 0.95999999999999999998
1  8.71e-03  0.3490328022 -10.1184 0.95999999999999999998
1  9.12e-03  0.3490328011 -10.1184 0.95999999999999999998
1  9.55e-03  0.3490327984 -10.1184 0.95999999999999999998
1  1.00e-02  0.3490328032 -10.1184 0.95999999999999999998
1  1.05e-02  0.3490327935 -10.1184 0.95999999999999999998
1  1.10e-02  0.3490327963 -10.1184 0.95999999999999999998
1  1.15e-02  0.3490327932 -10.1184 0.95999999999999999998
1  1.20e-02  0.3490327936 -10.1184 0.95999999999999999998
1  1.26e-02  0.3490328014 -10.1184 0.95999999999999999998
1  1.32e-02  0.3490327823 -10.1184 0.95999999999999999998
1  1.38e-02  0.3490328 -10.1184 0.95999999999999999998
1  1.45e-02  0.3490327912 -10.1184 0.95999999999999999998
1  1.51e-02  0.349032789 -10.1184 0.95999999999999999998
1  1.58e-02  0.3490327925 -10.1184 0.95999999999999999998
1  1.66e-02  0.3490328004 -10.1184 0.95999999999999999998
1  1.74e-02  0.3490327893 -10.1184 0.95999999999999999998
1  1.82e-02  0.349032797 -10.1184 0.95999999999999999998
1  1.91e-02  0.3490327927 -10.1184 0.95999999999999999998
1  2.00e-02  0.3490328019 -10.1184 0.95999999999999999998
1  2.09e-02  0.3490327927 -10.1184 0.95999999999999999998
1  2.19e-02  0.3490328088 -10.1184 0.95999999999999999998
1  2.29e-02  0.3490328001 -10.1184 0.95999999999999999998
1  2.40e-02  0.349032788 -10.1184 0.95999999999999999998
1  2.51e-02  0.349032811 -10.1184 0.95999999999999999998
1  2.63e-02  0.3490273095 -10.1184 0.95999999999999999998
1  2.75e-02  0.3490328128 -10.1184 0.95999999999999999998
1  2.88e-02  0.3490327987 -10.1184 0.95999999999999999998
1  3.02e-02  0.3490327579 -10.1184 0.95999999999999999998
1  3.16e-02  0.3490326716 -10.1184 0.95999999999999999998
1  3.31e-02  0.3490327779 -10.1184 0.95999999999999999998
1  3.47e-02  0.3490327654 -10.1184 0.95999999999999999998
1  3.63e-02  0.3490327818 -10.1184 0.95999999999999999998
1  3.80e-02  0.3490327857 -10.1184 0.95999999999999999998
1  3.98e-02  0.349032771 -10.1184 0.95999999999999999998
1  4.17e-02  0.3490327815 -10.1184 0.95999999999999999998
1  4.37e-02  0.3490327794 -10.1184 0.95999999999999999998
1  4.57e-02  0.3490327598 -10.1184 0.95999999999999999998
1  4.79e-02  0.3490327583 -10.1184 0.95999999999999999998
1  5.01e-02  0.3490327597 -10.1184 0.95999999999999999998
1  5.25e-02  0.3490326786 -10.1184 0.95999999999999999998
1  5.50e-02  0.3490327561 -10.1184 0.95999999999999999998
1  5.75e-02  0.3490327885 -10.1184 0.95999999999999999998
1  6.03e-02  0.3490327481 -10.1184 0.95999999999999999998
1  6.31e-02  0.349032766 -10.1184 0.95999999999999999998
1  6.61e-02  0.3490326355 -10.1184 0.95999999999999999998
1  6.92e-02  0.3490327186 -10.1184 0.95999999999999999998
1  7.24e-02  0.3490326882 -10.1184 0.95999999999999999998
1  7.59e-02  0.3490327253 -10.1184 0.95999999999999999998
1  7.94e-02  0.3490327748 -10.1184 0.95999999999999999998
1  8.32e-02  0.3490327165 -10.1184 0.95999999999999999998
1  8.71e-02  0.3490327054 -10.1184 0.95999999999999999998
1  9.12e-02  0.3490327083 -10.1184 0.95999999999999999998
1  9.55e-02  0.3490327134 -10.1184 0.95999999999999999998
1  1.00e-01  0.3490327309 -10.1184 0.95999999999999999998
1  1.05e-01  0.3490327601 -10.1184 0.95999999999999999998
1  1.10e-01  0.3490327067 -10.1184 0.95999999999999999998
1  1.15e-01  0.3490327698 -10.1184 0.95999999999999999998
1  1.20e-01  0.3490326996 -10.1184 0.95999999999999999998
1  1.26e-01  0.3490327727 -10.1184 0.95999999999999999998
1  1.32e-01  0.3490327454 -10.1184 0.95999999999999999998
1  1.38e-01  0.3490327716 -10.1184 0.95999999999999999998
1  1.45e-01  0.3490326649 -10.1184 0.95999999999999999998
1  1.51e-01  0.3490326383 -10.1184 0.95999999999999999998
1  1.58e-01  0.3490326634 -10.1184 0.95999999999999999998
1  1.66e-01  0.3490326854 -10.1184 0.95999999999999999998
1  1.74e-01  0.3490327384 -10.1184 0.95999999999999999998
1  1.82e-01  0.349032722 -10.1184 0.95999999999999999998
1  1.91e-01  0.349032323 -10.1184 0.95999999999999999998
1  2.00e-01  0.3490327324 -10.1184 0.95999999999999999998
1  2.09e-01  0.3490325896 -10.1184 0.95999999999999999998
1  2.19e-01  0.349032602 -10.1184 0.95999999999999999998
1  2.29e-01  0.3490327417 -10.1184 0.95999999999999999998
1  2.40e-01  0.3490347828 -10.1184 0.95999999999999999998
1  2.51e-01  0.3490326013 -10.1184 0.95999999999999999998
1  2.63e-01  0.3490326972 -10.1184 0.95999999999999999998
1  2.75e-01  0.3490326502 -10.1184 0.95999999999999999998
1  2.88e-01  0.3490327477 -10.1184 0.95999999999999999998
1  3.02e-01  0.3490327076 -10.1184 0.95999999999999999998
1  3.16e-01  0.3490327901 -10.1184 0.95999999999999999998
1  3.31e-01  0.3490325881 -10.1184 0.95999999999999999998
1  3.47e-01  0.3490325696 -10.1184 0.95999999999999999998
1  3.63e-01  0.3490326943 -10.1184 0.95999999999999999998
1  3.80e-01  0.3490325219 -10.1184 0.95999999999999999998
1  3.98e-01  0.3490324342 -10.1184 0.95999999999999999998
1  4.17e-01  0.3490325941 -10.1184 0.95999999999999999998
1  4.37e-01  0.3490318402 -10.1184 0.95999999999999999998
1  4.57e-01  0.3490332142 -10.1184 0.95999999999999999998
1  4.79e-01  0.349031756 -10.1184 0.95999999999999999998
1  5.01e-01  0.3490321858 -10.1184 0.95999999999999999998
1  5.25e-01  0.3490324795 -10.1184 0.95999999999999999998
1  5.50e-01  0.3490323605 -10.1184 0.95999999999999999998
1  5.75e-01  0.3490335663 -10.1184 0.95999999999999999998
1  6.03e-01  0.3490324448 -10.1184 0.95999999999999999998
1  6.31e-01  0.349032581 -10.1184 0.95999999999999999998
1  6.61e-01  0.3490324825 -10.1184 0.95999999999999999998
1  6.92e-01  0.3490326467 -10.1184 0.95999999999999999998
1  7.24e-01  0.3490323323 -10.1184 0.95999999999999999998
1  7.59e-01  0.3490327431 -10.1184 0.95999999999999999998
1  7.94e-01  0.349031841 -10.1184 0.95999999999999999998
1  8.32e-01  0.3490320607 -10.1184 0.95999999999999999998
1  8.71e-01  0.3490327225 -10.1184 0.95999999999999999998
1  9.12e-01  0.3490321159 -10.1184 0.95999999999999999998
1  9.55e-01  0.3490324247 -10.1184 0.95999999999999999998
1  1.00e+00  0.3490321318 -10.1184 0.95999999999999999998
1  1.05e+00  0.349031851 -10.1184 0.95999999999999999998
1  1.10e+00  0.3490277404 -10.1184 0.95999999999999999998
1  1.15e+00  0.349032286 -10.1184 0.95999999999999999998
1  1.20e+00  0.3490322791 -10.1184 0.95999999999999999998
1  1.26e+00  0.349032604 -10.1184 0.95999999999999999998
1  1.32e+00  0.3490363541 -10.1184 0.95999999999999999998
1  1.38e+00  0.3490313648 -10.1184 0.95999999999999999998
1  1.45e+00  0.3490324055 -10.1184 0.95999999999999999998
1  1.51e+00  0.3490318006 -10.1184 0.95999999999999999998
1  1.58e+00  0.3490326285 -10.1184 0.95999999999999999998
1  1.66e+00  0.3490314877 -10.1184 0.95999999999999999998
1  1.74e+00  0.3490318138 -10.1184 0.95999999999999999998
1  1.82e+00  0.3490312373 -10.1184 0.95999999999999999998
1  1.91e+00  0.3490324814 -10.1184 0.95999999999999999998
1  2.00e+00  0.3490327712 -10.1184 0.95999999999999999998
1  2.09e+00  0.3490309786 -10.1184 0.95999999999999999998
1  2.19e+00  0.3490353547 -10.1184 0.95999999999999999998
1  2.29e+00  0.3490327023 -10.1184 0.95999999999999999998
1  2.40e+00  0.3490328537 -10.1184 0.95999999999999999998
1  2.51e+00  0.3490311628 -10.1184 0.95999999999999999998
1  2.63e+00  0.3490323767 -10.1184 0.95999999999999999998
1  2.75e+00  0.3490321315 -10.1184 0.95999999999999999998
1  2.88e+00  0.3490313986 -10.1184 0.95999999999999999998
1  3.02e+00  0.3490317129 -10.1184 0.95999999999999999998
1  3.16e+00  0.34903132 -10.1184 0.95999999999999999998
1  3.31e+00  0.3490313876 -10.1184 0.95999999999999999998
1  3.47e+00  0.3490308153 -10.1184 0.95999999999999999998
1  3.63e+00  0.3490319186 -10.1184 0.95999999999999999998
1  3.80e+00  0.3490348121 -10.1184 0.95999999999999999998
1  3.98e+00  0.3490469913 -10.1184 0.95999999999999999998
1  4.17e+00  0.3490512632 -10.1184 0.95999999999999999998
1  4.37e+00  0.3490300375 -10.1184 0.95999999999999999998
1  4.57e+00  0.3490332273 -10.1184 0.95999999999999999998
1  4.79e+00  0.3490323768 -10.1184 0.95999999999999999998
1  5.01e+00  0.349032478 -10.1184 0.95999999999999999998
1  5.25e+00  0.3490204009 -10.1184 0.95999999999999999998
1  5.50e+00  0.3490305266 -10.1184 0.95999999999999999998
1  5.75e+00  0.3490286251 -10.1184 0.95999999999999999998
1  6.03e+00  0.3490300341 -10.1184 0.95999999999999999998
1  6.31e+00  0.3490032747 -10.1184 0.95999999999999999998
1  6.61e+00  0.3490258592 -10.1184 0.95999999999999999998
1  6.92e+00  0.3490919186 -10.1184 0.95999999999999999998
1  7.24e+00  0.3490311764 -10.1184 0.95999999999999999998
1  7.59e+00  0.3490308694 -10.1184 0.95999999999999999998
1  7.94e+00  0.3490305638 -10.1184 0.95999999999999999998
1  8.32e+00  0.3490325517 -10.1184 0.95999999999999999998
1  8.71e+00  0.3490058797 -10.1184 0.95999999999999999998
1  9.12e+00  0.3490290594 -10.1184 0.95999999999999999998
1  9.55e+00  0.3490230731 -10.1184 0.95999999999999999998
1  1.00e+01  0.3489964769 -10.1184 0.95999999999999999998
1  1.05e+01  0.3490310714 -10.1184 0.95999999999999999998
1  1.10e+01  0.3490315597 -10.1184 0.95999999999999999998
1  1.15e+01  0.349022075 -10.1184 0.95999999999999999998
1  1.20e+01  0.3490266301 -10.1184 0.95999999999999999998
1  1.26e+01  0.349027074 -10.1184 0.95999999999999999998
1  1.32e+01  0.3490517574 -10.1184 0.95999999999999999998
1  1.38e+01  0.3489765608 -10.1184 0.95999999999999999998
1  1.45e+01  0.3490417196 -10.1184 0.95999999999999999998
1  1.51e+01  0.348998345 -10.1184 0.95999999999999999998
1  1.58e+01  0.3490257022 -10.1184 0.95999999999999999998
1  1.66e+01  0.3490214457 -10.1184 0.95999999999999999998
1  1.74e+01  0.3490252211 -10.1184 0.95999999999999999998
1  1.82e+01  0.3490280852 -10.1184 0.95999999999999999998
1  1.91e+01  0.3490294079 -10.1184 0.95999999999999999998
1  2.00e+01  0.3490583274 -10.1184 0.95999999999999999998
1  2.09e+01  0.3489918759 -10.1184 0.95999999999999999998
1  2.19e+01  0.3486702146 -10.1184 0.95999999999999999998
1  2.29e+01  0.3489633515 -10.1184 0.95999999999999999998
1  2.40e+01  0.3491727165 -10.1184 0.95999999999999999998
1  2.51e+01  0.3491063015 -10.1184 0.95999999999999999998
1  2.63e+01  0.3490714734 -10.1184 0.95999999999999999998
1  2.75e+01  0.3487954772 -10.1184 0.95999999999999999998
1  2.88e+01  0.3489569843 -10.1184 0.95999999999999999998
1  3.02e+01  0.3490325447 -10.1184 0.95999999999999999998
1  3.16e+01  0.3489079269 -10.1184 0.95999999999999999998
1  3.31e+01  0.3489840943 -10.1184 0.95999999999999999998
1  3.47e+01  0.3492915042 -10.1184 0.95999999999999999998
1  3.63e+01  0.3492690838 -10.1184 0.95999999999999999998
1  3.80e+01  0.3491123767 -10.1184 0.95999999999999999998
1  3.98e+01  0.349137583 -10.1184 0.95999999999999999998
1  4.17e+01  0.3490848006 -10.1184 0.95999999999999999998
1  4.37e+01  0.3489102846 -10.1184 0.95999999999999999998
1  4.57e+01  0.3492613158 -10.1184 0.95999999999999999998
1  4.79e+01  0.3492517783 -10.1184 0.95999999999999999998
1  5.01e+01  0.3490312669 -10.1184 0.95999999999999999998
1  5.25e+01  0.3490019323 -10.1184 0.95999999999999999998
1  5.50e+01  0.3490557013 -10.1184 0.95999999999999999998
1  5.75e+01  0.3489482802 -10.1184 0.95999999999999999998
1  6.03e+01  0.3492859786 -10.1184 0.95999999999999999998
1  6.31e+01  0.3490195009 -10.1184 0.95999999999999999998
1  6.61e+01  0.3490504893 -10.1184 0.95999999999999999998
1  6.92e+01  0.3490211617 -10.1184 0.95999999999999999998
1  7.24e+01  0.3489991167 -10.1184 0.95999999999999999998
1  7.59e+01  0.3488063517 -10.1184 0.95999999999999999998
1  7.94e+01  0.349055127 -10.1184 0.95999999999999999998
1  8.32e+01  0.3489960498 -10.1184 0.95999999999999999998
1  8.71e+01  0.3489973844 -10.1184 0.95999999999999999998
1  9.12e+01  0.3489404 -10.1184 0.95999999999999999998
1  9.55e+01  0.348850781 -10.1184 0.95999999999999999998
1  1.00e+02  0.3489896705 -10.1184 0.95999999999999999998
1  1.05e+02  0.3489872462 -10.1184 0.95999999999999999998
1  1.10e+02  0.3489810898 -10.1184 0.95999999999999999998
1  1.15e+02  0.3491039719 -10.1184 0.95999999999999999998
1  1.20e+02  0.3489109609 -10.1184 0.95999999999999999998
1  1.26e+02  0.3488827081 -10.1184 0.95999999999999999998
1  1.32e+02  0.3491036287 -10.1184 0.95999999999999999998
1  1.38e+02  0.3489429445 -10.1184 0.95999999999999999998
1  1.45e+02  0.3490306259 -10.1184 0.95999999999999999998
1  1.51e+02  0.3489437419 -10.1184 0.95999999999999999998
1  1.58e+02  0.3489561286 -10.1184 0.95999999999999999998
1  1.66e+02  0.3488367781 -10.1184 0.95999999999999999998
1  1.74e+02  0.3490995445 -10.1184 0.95999999999999999998
1  1.82e+02  0.3489799909 -10.1184 0.95999999999999999998
1  1.91e+02  0.3489461212 -10.1184 0.95999999999999999998
1  2.00e+02  0.3488696301 -10.1184 0.95999999999999999998
1  2.09e+02  0.3491280901 -10.1184 0.95999999999999999998
1  2.19e+02  0.3490513956 -10.1184 0.95999999999999999998
1  2.29e+02  0.3490233269 -10.1184 0.95999999999999999998
1  2.40e+02  0.3488394618 -10.1184 0.95999999999999999998
1  2.51e+02  0.3489445619 -10.1184 0.95999999999999999998
1  2.63e+02  0.3490447697 -10.1184 0.95999999999999999998
1  2.75e+02  0.3489769766 -10.1184 0.95999999999999999998
1  2.88e+02  0.3490375032 -10.1184 0.95999999999999999998
1  3.02e+02  0.3488019561 -10.1184 0.95999999999999999998
1  3.16e+02  0.3488735185 -10.1184 0.95999999999999999998
1  3.31e+02  0.349018729 -10.1184 0.95999999999999999998
1  3.47e+02  0.3489693444 -10.1184 0.95999999999999999998
1  3.63e+02  0.3488084111 -10.1184 0.95999999999999999998
1  3.80e+02  0.3487589265 -10.1184 0.95999999999999999998
1  3.98e+02  0.3486769723 -10.1184 0.95999999999999999998
1  4.17e+02  0.3491124198 -10.1184 0.95999999999999999998
1  4.37e+02  0.3489374166 -10.1184 0.95999999999999999998
1  4.57e+02  0.3492059391 -10.1184 0.95999999999999999998
1  4.79e+02  0.3489005296 -10.1184 0.95999999999999999998
1  5.01e+02  0.3489533826 -10.1184 0.95999999999999999998
1  5.25e+02  0.3486284612 -10.1184 0.95999999999999999998
1  5.50e+02  0.3488678089 -10.1184 0.95999999999999999998
1  5.75e+02  0.3487324327 -10.1184 0.95999999999999999998
1  6.03e+02  0.3488913423 -10.1184 0.95999999999999999998
1  6.31e+02  0.3490788834 -10.1184 0.95999999999999999998
1  6.61e+02  0.3489139765 -10.1184 0.95999999999999999998
1  6.92e+02  0.3484900573 -10.1184 0.95999999999999999998
1  7.24e+02  0.3486294097 -10.1184 0.95999999999999999998
1  7.59e+02  0.3485935723 -10.1184 0.95999999999999999998
1  7.94e+02  0.3487215221 -10.1184 0.95999999999999999998
1  8.32e+02  0.3488981528 -10.1184 0.95999999999999999998
1  8.71e+02  0.3488956209 -10.1184 0.95999999999999999998
1  9.12e+02  0.3490318785 -10.1184 0.95999999999999999998
1  9.55e+02  0.348953512 -10.1184 0.95999999999999999998
1  1.00e+03  0.3484742966 -10.1184 0.95999999999999999998
1  1.05e+03  0.348811232 -10.1184 0.95999999999999999998
1  1.10e+03  0.3486671915 -10.1184 0.95999999999999999998
1  1.15e+03  0.3482171115 -10.1184 0.95999999999999999998
1  1.20e+03  0.3488278831 -10.1184 0.95999999999999999998
1  1.26e+03  0.34903472 -10.1184 0.95999999999999999998
1  1.32e+03  0.3483792333 -10.1184 0.95999999999999999998
1  1.38e+03  0.3474459503 -10.1184 0.95999999999999999998
1  1.45e+03  0.347493061 -10.1184 0.95999999999999999998
1  1.51e+03  0.3491343131 -10.1184 0.95999999999999999998
1  1.58e+03  0.3465602433 -10.1184 0.95999999999999999998
1  1.66e+03  0.3480030858 -10.1184 0.95999999999999999998
1  1.74e+03  0.349568058 -10.1184 0.95999999999999999998
1  1.82e+03  0.3493072047 -10.1184 0.95999999999999999998
1  1.91e+03  0.3491362308 -10.1184 0.95999999999999999998
1  2.00e+03  0.3521023919 -10.1184 0.95999999999999999998
1  2.09e+03  0.3461795892 -10.1184 0.95999999999999999998
1  2.19e+03  0.3497847034 -10.1184 0.95999999999999999998
1  2.29e+03  0.3499550615 -10.1184 0.95999999999999999998
1  2.40e+03  0.3483527687 -10.1184 0.95999999999999999998
1  2.51e+03  0.3490105123 -10.1184 0.95999999999999999998
1  2.63e+03  0.3472535721 -10.1184 0.95999999999999999998
1  2.75e+03  0.3385293749 -10.1184 0.95999999999999999998
1  2.88e+03  0.3506700725 -10.1184 0.95999999999999999998
1  3.02e+03  0.3414901304 -10.1184 0.95999999999999999998
1  3.16e+03  0.3516091786 -10.1184 0.95999999999999999998
1  3.31e+03  0.3559206824 -10.1184 0.95999999999999999998
1  3.47e+03  0.3564477112 -10.1184 0.95999999999999999998
1  3.63e+03  0.3581947631 -10.1184 0.95999999999999999998
1  3.80e+03  0.3627032317 -10.1184 0.95999999999999999998
1  3.98e+03  0.359771891 -10.1184 0.95999999999999999998
1  4.17e+03  0.3523116748 -10.1184 0.95999999999999999998
1  4.37e+03  0.3626392588 -10.1184 0.95999999999999999998
1  4.57e+03  0.3588953863 -10.1184 0.95999999999999999998
1  4.79e+03  0.3656461826 -10.1184 0.95999999999999999998
1  5.01e+03  0.3385720009 -10.1184 0.95999999999999999998
1  5.25e+03  0.3605678532 -10.1184 0.95999999999999999998
1  5.50e+03  0.3501038806 -10.1184 0.95999999999999999998
1  5.75e+03  0.3702499665 -10.1184 0.95999999999999999998
1  6.03e+03  0.3658559168 -10.1184 0.95999999999999999998
1  6.31e+03  0.3551289394 -10.1184 0.95999999999999999998
1  6.61e+03  0.3657700301 -10.1184 0.95999999999999999998
1  6.92e+03  0.3584158788 -10.1184 0.95999999999999999998
1  7.24e+03  0.3288558314 -10.1184 0.95999999999999999998
1  7.59e+03  0.3645870704 -10.1184 0.95999999999999999998
1  7.94e+03  0.3504682032 -10.1184 0.95999999999999999998
1  8.32e+03  0.337127458 -10.1184 0.95999999999999999998
1  8.71e+03  0.372197657 -10.1184 0.95999999999999999998
1  9.12e+03  0.3507420299 -10.1184 0.95999999999999999998
1  9.55e+03  0.317147514 -10.1184 0.95999999999999999998
1  1.00e+04  0.3641957466 -10.1184 0.95999999999999999998
1  1.05e+04  0.335836686 -10.1184 0.95999999999999999998
1  1.10e+04  0.3438063485 -10.1184 0.95999999999999999998
1  1.15e+04  0.3287442206 -10.1184 0.95999999999999999998
1  1.20e+04  0.3559200838 -10.1184 0.95999999999999999998
1  1.26e+04  0.352660631 -10.1184 0.95999999999999999998
1  1.32e+04  0.3450975681 -10.1184 0.95999999999999999998
1  1.38e+04  0.3390024835 -10.1184 0.95999999999999999998
1  1.45e+04  0.3418182525 -10.1184 0.95999999999999999998
1  1.51e+04  0.3377405185 -10.1184 0.95999999999999999998
1  1.58e+04  0.3491630889 -10.1184 0.95999999999999999998
1  1.66e+04  0.358551796 -10.1184 0.95999999999999999998
1  1.74e+04  0.340322638 -10.1184 0.95999999999999999998
1  1.82e+04  0.3190196978 -10.1184 0.95999999999999999998
1  1.91e+04  0.2719282431 -10.1184 0.95999999999999999998
1  2.00e+04  0.3544392456 -10.1184 0.95999999999999999998
1  2.09e+04  0.3500965348 -10.1184 0.95999999999999999998
1  2.19e+04  0.3103821983 -10.1184 0.95999999999999999998
1  2.29e+04  0.3228066249 -10.1184 0.95999999999999999998
1  2.40e+04  0.3529508744 -10.1184 0.95999999999999999998
1  2.51e+04  0.3021529246 -10.1184 0.95999999999999999998
1  2.63e+04  0.2756060654 -10.1184 0.95999999999999999998
1  2.75e+04  0.351264303 -10.1184 0.95999999999999999998
1  2.88e+04  0.3314703112 -10.1184 0.95999999999999999998
1  3.02e+04  0.352756599 -10.1184 0.95999999999999999998
1  3.16e+04  0.2631128949 -10.1184 0.95999999999999999998
1  3.31e+04  0.3439062754 -10.1184 0.95999999999999999998
1  3.47e+04  0.2994437378 -10.1184 0.95999999999999999998
1  3.63e+04  0.353024485 -10.1184 0.95999999999999999998
1  3.80e+04  0.3219422389 -10.1184 0.95999999999999999998
1  3.98e+04  0.3435475593 -10.1184 0.95999999999999999998
1  4.17e+04  0.2914673466 -10.1184 0.95999999999999999998
1  4.37e+04  0.3088377606 -10.1184 0.95999999999999999998
1  4.57e+04  0.3305315577 -10.1184 0.95999999999999999998
1  4.79e+04  0.2829638193 -10.1184 0.95999999999999999998
1  5.01e+04  0.3528103431 -10.1184 0.95999999999999999998
1  5.25e+04  0.3395497048 -10.1184 0.95999999999999999998
1  5.50e+04  0.3224912741 -10.1184 0.95999999999999999998
1  5.75e+04  0.3416461651 -10.1184 0.95999999999999999998
1  6.03e+04  0.3514050095 -10.1184 0.95999999999999999998
1  6.31e+04  0.2947556733 -10.1184 0.95999999999999999998
1  6.61e+04  0.3135434074 -10.1184 0.95999999999999999998
1  6.92e+04  0.3553505742 -10.1184 0.95999999999999999998
1  7.24e+04  0.3010994927 -10.1184 0.95999999999999999998
1  7.59e+04  0.2772283496 -10.1184 0.95999999999999999998
1  7.94e+04  0.3342604153 -10.1184 0.95999999999999999998
1  8.32e+04  0.3549921082 -10.1184 0.95999999999999999998
1  8.71e+04  0.3181961873 -10.1184 0.95999999999999999998
1  9.12e+04  0.3035739875 -10.1184 0.95999999999999999998
1  9.55e+04  0.3306065576 -10.1184 0.95999999999999999998
1  1.00e+05  0.3552525565 -10.1184 0.95999999999999999998
1  1.05e+05  0.354071072 -10.1184 0.95999999999999999998
1  1.10e+05  0.3405037386 -10.1184 0.95999999999999999998
1  1.15e+05  0.332160477 -10.1184 0.95999999999999999998
1  1.20e+05  0.3342968059 -10.1184 0.95999999999999999998
1  1.26e+05  0.3437281807 -10.1184 0.95999999999999999998
1  1.32e+05  0.3539045902 -10.1184 0.95999999999999999998
1  1.38e+05  0.3578538811 -10.1184 0.95999999999999999998
1  1.45e+05  0.3523788075 -10.1184 0.95999999999999999998
1  1.51e+05  0.3409094603 -10.1184 0.95999999999999999998
1  1.58e+05  0.3312084594 -10.1184 0.95999999999999999998
1  1.66e+05  0.3295833861 -10.1184 0.95999999999999999998
1  1.74e+05  0.3366799412 -10.1184 0.95999999999999999998
1  1.82e+05  0.3477926412 -10.1184 0.95999999999999999998
1  1.91e+05  0.3565192229 -10.1184 0.95999999999999999998
1  2.00e+05  0.358603005 -10.1184 0.95999999999999999998
1  2.09e+05  0.3536684786 -10.1184 0.95999999999999999998
1  2.19e+05  0.3445498998 -10.1184 0.95999999999999999998
1  2.29e+05  0.335314209 -10.1184 0.95999999999999999998
1  2.40e+05  0.3293264082 -10.1184 0.95999999999999999998
1  2.51e+05  0.3281747978 -10.1184 0.95999999999999999998
1  2.63e+05  0.3315845266 -10.1184 0.95999999999999999998
1  2.75e+05  0.3379984799 -10.1184 0.95999999999999999998
1  2.88e+05  0.3453817138 -10.1184 0.95999999999999999998
1  3.02e+05  0.3519067765 -10.1184 0.95999999999999999998
1  3.16e+05  0.3563567753 -10.1184 0.95999999999999999998
1  3.31e+05  0.3582376745 -10.1184 0.95999999999999999998
1  3.47e+05  0.3576794173 -10.1184 0.95999999999999999998
1  3.63e+05  0.3552301643 -10.1184 0.95999999999999999998
1  3.80e+05  0.3516320527 -10.1184 0.95999999999999999998
1  3.98e+05  0.3476345439 -10.1184 0.95999999999999999998
1  4.17e+05  0.3438694894 -10.1184 0.95999999999999999998
1  4.37e+05  0.3407886936 -10.1184 0.95999999999999999998
1  4.57e+05  0.3386516909 -10.1184 0.95999999999999999998
1  4.79e+05  0.3375468656 -10.1184 0.95999999999999999998
1  5.01e+05  0.3374299262 -10.1184 0.95999999999999999998
1  5.25e+05  0.338167325 -10.1184 0.95999999999999999998
1  5.50e+05  0.3395764855 -10.1184 0.95999999999999999998
1  5.75e+05  0.3414585135 -10.1184 0.95999999999999999998
1  6.03e+05  0.3436219306 -10.1184 0.95999999999999999998
1  6.31e+05  0.3458978171 -10.1184 0.95999999999999999998
1  6.61e+05  0.3481846266 -10.1184 0.95999999999999999998
1  6.92e+05  0.3504166049 -10.1184 0.95999999999999999998
1  7.24e+05  0.3524416312 -10.1184 0.95999999999999999998
1  7.59e+05  0.3541651358 -10.1184 0.95999999999999999998
1  7.94e+05  0.355575667 -10.1184 0.95999999999999999998
1  8.32e+05  0.3566659398 -10.1184 0.95999999999999999998
1  8.71e+05  0.3574479498 -10.1184 0.95999999999999999998
1  9.12e+05  0.3579506645 -10.1184 0.95999999999999999998
1  9.55e+05  0.3581950619 -10.1184 0.95999999999999999998
1  1.00e+06  0.358226343 -10.1184 0.95999999999999999998
1  1.05e+06  0.3580819595 -10.1184 0.95999999999999999998
1  1.10e+06  0.357797823 -10.1184 0.95999999999999999998
1  1.15e+06  0.3574069306 -10.1184 0.95999999999999999998
1  1.20e+06  0.3569385904 -10.1184 0.95999999999999999998
1  1.26e+06  0.3564180931 -10.1184 0.95999999999999999998
1  1.32e+06  0.3558667014 -10.1184 0.95999999999999999998
1  1.38e+06  0.3552856205 -10.1184 0.95999999999999999998
1  1.45e+06  0.3547211465 -10.1184 0.95999999999999999998
1  1.51e+06  0.3541682245 -10.1184 0.95999999999999999998
1  1.58e+06  0.353634952 -10.1184 0.95999999999999999998
1  1.66e+06  0.3531271598 -10.1184 0.95999999999999999998
1  1.74e+06  0.3526487996 -10.1184 0.95999999999999999998
1  1.82e+06  0.3522022949 -10.1184 0.95999999999999999998
1  1.91e+06  0.3517888504 -10.1184 0.95999999999999999998
1  2.00e+06  0.3514087187 -10.1184 0.95999999999999999998
1  2.09e+06  0.3510614267 -10.1184 0.95999999999999999998
1  2.19e+06  0.3507349542 -10.1184 0.95999999999999999998
1  2.29e+06  0.3504506846 -10.1184 0.95999999999999999998
1  2.40e+06  0.3501951739 -10.1184 0.95999999999999999998
1  2.51e+06  0.3499666036 -10.1184 0.95999999999999999998
1  2.63e+06  0.3497630749 -10.1184 0.95999999999999999998
1  2.75e+06  0.3495826684 -10.1184 0.95999999999999999998
1  2.88e+06  0.3494234876 -10.1184 0.95999999999999999998
1  3.02e+06  0.3492836924 -10.1184 0.95999999999999999998
1  3.16e+06  0.3491615215 -10.1184 0.95999999999999999998
1  3.31e+06  0.3490553073 -10.1184 0.95999999999999999998
1  3.47e+06  0.348958634 -10.1184 0.95999999999999999998
1  3.63e+06  0.3488801688 -10.1184 0.95999999999999999998
1  3.80e+06  0.3488132611 -10.1184 0.95999999999999999998
1  3.98e+06  0.3487566739 -10.1184 0.95999999999999999998
1  4.17e+06  0.3487092748 -10.1184 0.95999999999999999998
1  4.37e+06  0.3486700314 -10.1184 0.95999999999999999998
1  4.57e+06  0.3486380063 -10.1184 0.95999999999999999998
1  4.79e+06  0.3486123506 -10.1184 0.95999999999999999998
1  5.01e+06  0.3485922982 -10.1184 0.95999999999999999998
1  5.25e+06  0.3485771596 -10.1184 0.95999999999999999998
1  5.50e+06  0.3485644131 -10.1184 0.95999999999999999998
1  5.75e+06  0.3485574829 -10.1184 0.95999999999999999998
1  6.03e+06  0.3485537807 -10.1184 0.95999999999999999998
1  6.31e+06  0.3485528655 -10.1184 0.95999999999999999998
1  6.61e+06  0.3485543444 -10.1184 0.95999999999999999998
1  6.92e+06  0.3485578684 -10.1184 0.95999999999999999998
1  7.24e+06  0.3485631282 -10.1184 0.95999999999999999998
1  7.59e+06  0.3485698498 -10.1184 0.95999999999999999998
1  7.94e+06  0.3485777914 -10.1184 0.95999999999999999998
1  8.32e+06  0.3485867397 -10.1184 0.95999999999999999998
1  8.71e+06  0.3485965071 -10.1184 0.95999999999999999998
1  9.12e+06  0.3486062773 -10.1184 0.95999999999999999998
1  9.55e+06  0.3486172708 -10.1184 0.95999999999999999998
1  1.00e+07  0.3486286434 -10.1184 0.95999999999999999998
