1  1.00e-03  0.1758963838 -9.72842 0.92299999999999999997
1  1.05e-03  0.1758963802 -9.72842 0.92299999999999999997
1  1.10e-03  0.1758963877 -9.72842 0.92299999999999999997
1  1.15e-03  0.1758963838 -9.72842 0.92299999999999999997
1  1.20e-03  0.1758963864 -9.72842 0.92299999999999999997
1  1.26e-03  0.1758963876 -9.72842 0.92299999999999999997
1  1.32e-03  0.1758963846 -9.72842 0.92299999999999999997
1  1.38e-03  0.1758963825 -9.72842 0.92299999999999999997
1  1.45e-03  0.1758963869 -9.72842 0.92299999999999999997
1  1.51e-03  0.1758963846 -9.72842 0.92299999999999999997
1  1.58e-03  0.1758963804 -9.72842 0.92299999999999999997
1  1.66e-03  0.1758963879 -9.72842 0.92299999999999999997
1  1.74e-03  0.1758963883 -9.72842 0.92299999999999999997
1  1.82e-03  0.1758963879 -9.72842 0.92299999999999999997
1  1.91e-03  0.1758963832 -9.72842 0.92299999999999999997
1  2.00e-03  0.175896383 -9.72842 0.92299999999999999997
1  2.09e-03  0.175896385 -9.72842 0.92299999999999999997
1  2.19e-03  0.1758963867 -9.72842 0.92299999999999999997
1  2.29e-03  0.1758963834 -9.72842 0.92299999999999999997
1  2.40e-03  0.1758963907 -9.72842 0.92299999999999999997
1  2.51e-03  0.1758963867 -9.72842 0.92299999999999999997
1  2.63e-03  0.1758963921 -9.72842 0.92299999999999999997
1  2.75e-03  0.1758963852 -9.72842 0.92299999999999999997
1  2.88e-03  0.1758963859 -9.72842 0.92299999999999999997
1  3.02e-03  0.1758963918 -9.72842 0.92299999999999999997
1  3.16e-03  0.175900115 -9.72842 0.92299999999999999997
1  3.31e-03  0.1758963857 -9.72842 0.92299999999999999997
1  3.47e-03  0.1758963869 -9.72842 0.92299999999999999997
1  3.63e-03  0.1758963841 -9.72842 0.92299999999999999997
1  3.80e-03  0.1758963842 -9.72842 0.92299999999999999997
1  3.98e-03  0.1758963963 -9.72842 0.92299999999999999997
1  4.17e-03  0.1758963866 -9.72842 0.92299999999999999997
1  4.37e-03  0.1758963974 -9.72842 0.92299999999999999997
1  4.57e-03  0.1758963995 -9.72842 0.92299999999999999997
1  4.79e-03  0.1758963889 -9.72842 0.92299999999999999997
1  5.01e-03  0.175896401 -9.72842 0.92299999999999999997
1  5.25e-03  0.1758963995 -9.72842 0.92299999999999999997
1  5.50e-03  0.1758963818 -9.72842 0.92299999999999999997
1  5.75e-03  0.1758963848 -9.72842 0.92299999999999999997
1  6.03e-03  0.1758963984 -9.72842 0.92299999999999999997
1  6.31e-03  0.1758963995 -9.72842 0.92299999999999999997
1  6.61e-03  0.1758963977 -9.72842 0.92299999999999999997
1  6.92e-03  0.1758963877 -9.72842 0.92299999999999999997
1  7.24e-03  0.1758963859 -9.72842 0.92299999999999999997
1  7.59e-03  0.1758963999 -9.72842 0.92299999999999999997
1  7.94e-03  0.1758963982 -9.72842 0.92299999999999999997
1  8.32e-03  0.1758963938 -9.72842 0.92299999999999999997
1  8.71e-03  0.1758964184 -9.72842 0.92299999999999999997
1  9.12e-03  0.1758963902 -9.72842 0.92299999999999999997
1  9.55e-03  0.1758963941 -9.72842 0.92299999999999999997
1  1.00e-02  0.1758964178 -9.72842 0.92299999999999999997
1  1.05e-02  0.1758964053 -9.72842 0.92299999999999999997
1  1.10e-02  0.1758965355 -9.72842 0.92299999999999999997
1  1.15e-02  0.1758964192 -9.72842 0.92299999999999999997
1  1.20e-02  0.1758964517 -9.72842 0.92299999999999999997
1  1.26e-02  0.1758964099 -9.72842 0.92299999999999999997
1  1.32e-02  0.17589642 -9.72842 0.92299999999999999997
1  1.38e-02  0.1758964376 -9.72842 0.92299999999999999997
1  1.45e-02  0.1758965652 -9.72842 0.92299999999999999997
1  1.51e-02  0.1758964242 -9.72842 0.92299999999999999997
1  1.58e-02  0.1758964429 -9.72842 0.92299999999999999997
1  1.66e-02  0.1758964668 -9.72842 0.92299999999999999997
1  1.74e-02  0.1758964226 -9.72842 0.92299999999999999997
1  1.82e-02  0.1758964471 -9.72842 0.92299999999999999997
1  1.91e-02  0.1758964151 -9.72842 0.92299999999999999997
1  2.00e-02  0.1758963954 -9.72842 0.92299999999999999997
1  2.09e-02  0.1758964591 -9.72842 0.92299999999999999997
1  2.19e-02  0.17589641 -9.72842 0.92299999999999999997
1  2.29e-02  0.1758964326 -9.72842 0.92299999999999999997
1  2.40e-02  0.1758964172 -9.72842 0.92299999999999999997
1  2.51e-02  0.1758964114 -9.72842 0.92299999999999999997
1  2.63e-02  0.1758964159 -9.72842 0.92299999999999999997
1  2.75e-02  0.1758964241 -9.72842 0.92299999999999999997
1  2.88e-02  0.1758964776 -9.72842 0.92299999999999999997
1  3.02e-02  0.1758964204 -9.72842 0.92299999999999999997
1  3.16e-02  0.175896438 -9.72842 0.92299999999999999997
1  3.31e-02  0.1758964148 -9.72842 0.92299999999999999997
1  3.47e-02  0.1758960849 -9.72842 0.92299999999999999997
1  3.63e-02  0.1758867337 -9.72842 0.92299999999999999997
1  3.80e-02  0.1759032695 -9.72842 0.92299999999999999997
1  3.98e-02  0.1758964598 -9.72842 0.92299999999999999997
1  4.17e-02  0.1758977001 -9.72842 0.92299999999999999997
1  4.37e-02  0.1758966189 -9.72842 0.92299999999999999997
1  4.57e-02  0.1758965799 -9.72842 0.92299999999999999997
1  4.79e-02  0.1758966793 -9.72842 0.92299999999999999997
1  5.01e-02  0.1758966198 -9.72842 0.92299999999999999997
1  5.25e-02  0.1758964847 -9.72842 0.92299999999999999997
1  5.50e-02  0.1758964698 -9.72842 0.92299999999999999997
1  5.75e-02  0.1758964814 -9.72842 0.92299999999999999997
1  6.03e-02  0.1758965487 -9.72842 0.92299999999999999997
1  6.31e-02  0.1758964801 -9.72842 0.92299999999999999997
1  6.61e-02  0.1758964596 -9.72842 0.92299999999999999997
1  6.92e-02  0.1758966552 -9.72842 0.92299999999999999997
1  7.24e-02  0.1758964323 -9.72842 0.92299999999999999997
1  7.59e-02  0.1758967843 -9.72842 0.92299999999999999997
1  7.94e-02  0.1758971011 -9.72842 0.92299999999999999997
1  8.32e-02  0.1758969614 -9.72842 0.92299999999999999997
1  8.71e-02  0.175896724 -9.72842 0.92299999999999999997
1  9.12e-02  0.1758970784 -9.72842 0.92299999999999999997
1  9.55e-02  0.1758966942 -9.72842 0.92299999999999999997
1  1.00e-01  0.1758957869 -9.72842 0.92299999999999999997
1  1.05e-01  0.175896521 -9.72842 0.92299999999999999997
1  1.10e-01  0.1758964751 -9.72842 0.92299999999999999997
1  1.15e-01  0.1758968 -9.72842 0.92299999999999999997
1  1.20e-01  0.1758967464 -9.72842 0.92299999999999999997
1  1.26e-01  0.1758966193 -9.72842 0.92299999999999999997
1  1.32e-01  0.1758968465 -9.72842 0.92299999999999999997
1  1.38e-01  0.1758967308 -9.72842 0.92299999999999999997
1  1.45e-01  0.1758966463 -9.72842 0.92299999999999999997
1  1.51e-01  0.1758965385 -9.72842 0.92299999999999999997
1  1.58e-01  0.1758971637 -9.72842 0.92299999999999999997
1  1.66e-01  0.1758966242 -9.72842 0.92299999999999999997
1  1.74e-01  0.1758972619 -9.72842 0.92299999999999999997
1  1.82e-01  0.1758968816 -9.72842 0.92299999999999999997
1  1.91e-01  0.1758968843 -9.72842 0.92299999999999999997
1  2.00e-01  0.1758970976 -9.72842 0.92299999999999999997
1  2.09e-01  0.17589648 -9.72842 0.92299999999999999997
1  2.19e-01  0.1758964695 -9.72842 0.92299999999999999997
1  2.29e-01  0.175896879 -9.72842 0.92299999999999999997
1  2.40e-01  0.1758965934 -9.72842 0.92299999999999999997
1  2.51e-01  0.1758973128 -9.72842 0.92299999999999999997
1  2.63e-01  0.1758964722 -9.72842 0.92299999999999999997
1  2.75e-01  0.1758921584 -9.72842 0.92299999999999999997
1  2.88e-01  0.1759214207 -9.72842 0.92299999999999999997
1  3.02e-01  0.175896611 -9.72842 0.92299999999999999997
1  3.16e-01  0.1758965437 -9.72842 0.92299999999999999997
1  3.31e-01  0.17589691 -9.72842 0.92299999999999999997
1  3.47e-01  0.1758975032 -9.72842 0.92299999999999999997
1  3.63e-01  0.1758966324 -9.72842 0.92299999999999999997
1  3.80e-01  0.1758968177 -9.72842 0.92299999999999999997
1  3.98e-01  0.1758964822 -9.72842 0.92299999999999999997
1  4.17e-01  0.1758973699 -9.72842 0.92299999999999999997
1  4.37e-01  0.1758978803 -9.72842 0.92299999999999999997
1  4.57e-01  0.1758969185 -9.72842 0.92299999999999999997
1  4.79e-01  0.1758974803 -9.72842 0.92299999999999999997
1  5.01e-01  0.1758853474 -9.72842 0.92299999999999999997
1  5.25e-01  0.1759072389 -9.72842 0.92299999999999999997
1  5.50e-01  0.1758984295 -9.72842 0.92299999999999999997
1  5.75e-01  0.1758986621 -9.72842 0.92299999999999999997
1  6.03e-01  0.1758977403 -9.72842 0.92299999999999999997
1  6.31e-01  0.175897376 -9.72842 0.92299999999999999997
1  6.61e-01  0.1758998925 -9.72842 0.92299999999999999997
1  6.92e-01  0.175884571 -9.72842 0.92299999999999999997
1  7.24e-01  0.1758887852 -9.72842 0.92299999999999999997
1  7.59e-01  0.1758967816 -9.72842 0.92299999999999999997
1  7.94e-01  0.1758967632 -9.72842 0.92299999999999999997
1  8.32e-01  0.1758829649 -9.72842 0.92299999999999999997
1  8.71e-01  0.1758980273 -9.72842 0.92299999999999999997
1  9.12e-01  0.1758975862 -9.72842 0.92299999999999999997
1  9.55e-01  0.1759090222 -9.72842 0.92299999999999999997
1  1.00e+00  0.1758984155 -9.72842 0.92299999999999999997
1  1.05e+00  0.1759026549 -9.72842 0.92299999999999999997
1  1.10e+00  0.1758966567 -9.72842 0.92299999999999999997
1  1.15e+00  0.1758983344 -9.72842 0.92299999999999999997
1  1.20e+00  0.1758987596 -9.72842 0.92299999999999999997
1  1.26e+00  0.1759011607 -9.72842 0.92299999999999999997
1  1.32e+00  0.1759019429 -9.72842 0.92299999999999999997
1  1.38e+00  0.1758759052 -9.72842 0.92299999999999999997
1  1.45e+00  0.1758959381 -9.72842 0.92299999999999999997
1  1.51e+00  0.1758806749 -9.72842 0.92299999999999999997
1  1.58e+00  0.1758738944 -9.72842 0.92299999999999999997
1  1.66e+00  0.1758987483 -9.72842 0.92299999999999999997
1  1.74e+00  0.1759012239 -9.72842 0.92299999999999999997
1  1.82e+00  0.1759022992 -9.72842 0.92299999999999999997
1  1.91e+00  0.1759015168 -9.72842 0.92299999999999999997
1  2.00e+00  0.17590012 -9.72842 0.92299999999999999997
1  2.09e+00  0.1759000105 -9.72842 0.92299999999999999997
1  2.19e+00  0.1759036464 -9.72842 0.92299999999999999997
1  2.29e+00  0.1758989603 -9.72842 0.92299999999999999997
1  2.40e+00  0.1758883099 -9.72842 0.92299999999999999997
1  2.51e+00  0.1759048963 -9.72842 0.92299999999999999997
1  2.63e+00  0.1758969314 -9.72842 0.92299999999999999997
1  2.75e+00  0.175848674 -9.72842 0.92299999999999999997
1  2.88e+00  0.1758936972 -9.72842 0.92299999999999999997
1  3.02e+00  0.1759369255 -9.72842 0.92299999999999999997
1  3.16e+00  0.1758893158 -9.72842 0.92299999999999999997
1  3.31e+00  0.175905945 -9.72842 0.92299999999999999997
1  3.47e+00  0.1759589068 -9.72842 0.92299999999999999997
1  3.63e+00  0.1759015093 -9.72842 0.92299999999999999997
1  3.80e+00  0.1759049129 -9.72842 0.92299999999999999997
1  3.98e+00  0.1759075229 -9.72842 0.92299999999999999997
1  4.17e+00  0.1759104093 -9.72842 0.92299999999999999997
1  4.37e+00  0.175905706 -9.72842 0.92299999999999999997
1  4.57e+00  0.1759101203 -9.72842 0.92299999999999999997
1  4.79e+00  0.175898909 -9.72842 0.92299999999999999997
1  5.01e+00  0.1759115718 -9.72842 0.92299999999999999997
1  5.25e+00  0.1759134245 -9.72842 0.92299999999999999997
1  5.50e+00  0.1759063435 -9.72842 0.92299999999999999997
1  5.75e+00  0.1759023835 -9.72842 0.92299999999999999997
1  6.03e+00  0.1759078022 -9.72842 0.92299999999999999997
1  6.31e+00  0.175898613 -9.72842 0.92299999999999999997
1  6.61e+00  0.1758959545 -9.72842 0.92299999999999999997
1  6.92e+00  0.1759045724 -9.72842 0.92299999999999999997
1  7.24e+00  0.1758937326 -9.72842 0.92299999999999999997
1  7.59e+00  0.1759792288 -9.72842 0.92299999999999999997
1  7.94e+00  0.1756142609 -9.72842 0.92299999999999999997
1  8.32e+00  0.1757823682 -9.72842 0.92299999999999999997
1  8.71e+00  0.1758047291 -9.72842 0.92299999999999999997
1  9.12e+00  0.1761361058 -9.72842 0.92299999999999999997
1  9.55e+00  0.1760128184 -9.72842 0.92299999999999999997
1  1.00e+01  0.1759743522 -9.72842 0.92299999999999999997
1  1.05e+01  0.1760251799 -9.72842 0.92299999999999999997
1  1.10e+01  0.1757872494 -9.72842 0.92299999999999999997
1  1.15e+01  0.1758893097 -9.72842 0.92299999999999999997
1  1.20e+01  0.1759331484 -9.72842 0.92299999999999999997
1  1.26e+01  0.1759027183 -9.72842 0.92299999999999999997
1  1.32e+01  0.1758717876 -9.72842 0.92299999999999999997
1  1.38e+01  0.1759412415 -9.72842 0.92299999999999999997
1  1.45e+01  0.1759388836 -9.72842 0.92299999999999999997
1  1.51e+01  0.1759020301 -9.72842 0.92299999999999999997
1  1.58e+01  0.1759040189 -9.72842 0.92299999999999999997
1  1.66e+01  0.1759128627 -9.72842 0.92299999999999999997
1  1.74e+01  0.1757976036 -9.72842 0.92299999999999999997
1  1.82e+01  0.1774008529 -9.72842 0.92299999999999999997
1  1.91e+01  0.1749530892 -9.72842 0.92299999999999999997
1  2.00e+01  0.1753728973 -9.72842 0.92299999999999999997
1  2.09e+01  0.1753692666 -9.72842 0.92299999999999999997
1  2.19e+01  0.1769888727 -9.72842 0.92299999999999999997
1  2.29e+01  0.1753650148 -9.72842 0.92299999999999999997
1  2.40e+01  0.1753708208 -9.72842 0.92299999999999999997
1  2.51e+01  0.1762657745 -9.72842 0.92299999999999999997
1  2.63e+01  0.1742148782 -9.72842 0.92299999999999999997
1  2.75e+01  0.1756427117 -9.72842 0.92299999999999999997
1  2.88e+01  0.1759275987 -9.72842 0.92299999999999999997
1  3.02e+01  0.1763047929 -9.72842 0.92299999999999999997
1  3.16e+01  0.1764525641 -9.72842 0.92299999999999999997
1  3.31e+01  0.175847448 -9.72842 0.92299999999999999997
1  3.47e+01  0.1771284476 -9.72842 0.92299999999999999997
1  3.63e+01  0.1763609877 -9.72842 0.92299999999999999997
1  3.80e+01  0.1763901972 -9.72842 0.92299999999999999997
1  3.98e+01  0.1765568398 -9.72842 0.92299999999999999997
1  4.17e+01  0.1756561474 -9.72842 0.92299999999999999997
1  4.37e+01  0.1763002777 -9.72842 0.92299999999999999997
1  4.57e+01  0.176583093 -9.72842 0.92299999999999999997
1  4.79e+01  0.1752854754 -9.72842 0.92299999999999999997
1  5.01e+01  0.1760558163 -9.72842 0.92299999999999999997
1  5.25e+01  0.1760720608 -9.72842 0.92299999999999999997
1  5.50e+01  0.176023556 -9.72842 0.92299999999999999997
1  5.75e+01  0.1749547282 -9.72842 0.92299999999999999997
1  6.03e+01  0.1766220511 -9.72842 0.92299999999999999997
1  6.31e+01  0.1768516561 -9.72842 0.92299999999999999997
1  6.61e+01  0.1761162876 -9.72842 0.92299999999999999997
1  6.92e+01  0.1759819973 -9.72842 0.92299999999999999997
1  7.24e+01  0.1760489045 -9.72842 0.92299999999999999997
1  7.59e+01  0.1764412872 -9.72842 0.92299999999999999997
1  7.94e+01  0.1753076212 -9.72842 0.92299999999999999997
1  8.32e+01  0.1758849564 -9.72842 0.92299999999999999997
1  8.71e+01  0.1760550727 -9.72842 0.92299999999999999997
1  9.12e+01  0.1758770773 -9.72842 0.92299999999999999997
1  9.55e+01  0.1763623602 -9.72842 0.92299999999999999997
1  1.00e+02  0.1757890769 -9.72842 0.92299999999999999997
1  1.05e+02  0.1760686743 -9.72842 0.92299999999999999997
1  1.10e+02  0.1762287237 -9.72842 0.92299999999999999997
1  1.15e+02  0.1758820135 -9.72842 0.92299999999999999997
1  1.20e+02  0.1758485188 -9.72842 0.92299999999999999997
1  1.26e+02  0.1758860343 -9.72842 0.92299999999999999997
1  1.32e+02  0.1759479587 -9.72842 0.92299999999999999997
1  1.38e+02  0.1763277522 -9.72842 0.92299999999999999997
1  1.45e+02  0.1763844063 -9.72842 0.92299999999999999997
1  1.51e+02  0.1758429624 -9.72842 0.92299999999999999997
1  1.58e+02  0.1756618162 -9.72842 0.92299999999999999997
1  1.66e+02  0.1765041148 -9.72842 0.92299999999999999997
1  1.74e+02  0.1758524913 -9.72842 0.92299999999999999997
1  1.82e+02  0.1759446986 -9.72842 0.92299999999999999997
1  1.91e+02  0.1759283079 -9.72842 0.92299999999999999997
1  2.00e+02  0.1758757716 -9.72842 0.92299999999999999997
1  2.09e+02  0.1767547528 -9.72842 0.92299999999999999997
1  2.19e+02  0.1762080729 -9.72842 0.92299999999999999997
1  2.29e+02  0.1766360887 -9.72842 0.92299999999999999997
1  2.40e+02  0.176232882 -9.72842 0.92299999999999999997
1  2.51e+02  0.1762292034 -9.72842 0.92299999999999999997
1  2.63e+02  0.1768402797 -9.72842 0.92299999999999999997
1  2.75e+02  0.1762559641 -9.72842 0.92299999999999999997
1  2.88e+02  0.1759485297 -9.72842 0.92299999999999999997
1  3.02e+02  0.1759669614 -9.72842 0.92299999999999999997
1  3.16e+02  0.1770228271 -9.72842 0.92299999999999999997
1  3.31e+02  0.1755573611 -9.72842 0.92299999999999999997
1  3.47e+02  0.175880269 -9.72842 0.92299999999999999997
1  3.63e+02  0.176209845 -9.72842 0.92299999999999999997
1  3.80e+02  0.1769082312 -9.72842 0.92299999999999999997
1  3.98e+02  0.1771549467 -9.72842 0.92299999999999999997
1  4.17e+02  0.1772182675 -9.72842 0.92299999999999999997
1  4.37e+02  0.1762688315 -9.72842 0.92299999999999999997
1  4.57e+02  0.1771878302 -9.72842 0.92299999999999999997
1  4.79e+02  0.1777812739 -9.72842 0.92299999999999999997
1  5.01e+02  0.1774501725 -9.72842 0.92299999999999999997
1  5.25e+02  0.1763766744 -9.72842 0.92299999999999999997
1  5.50e+02  0.1760462133 -9.72842 0.92299999999999999997
1  5.75e+02  0.1759090947 -9.72842 0.92299999999999999997
1  6.03e+02  0.1778471707 -9.72842 0.92299999999999999997
1  6.31e+02  0.1757679197 -9.72842 0.92299999999999999997
1  6.61e+02  0.1764320221 -9.72842 0.92299999999999999997
1  6.92e+02  0.1758840054 -9.72842 0.92299999999999999997
1  7.24e+02  0.1781539511 -9.72842 0.92299999999999999997
1  7.59e+02  0.1764123228 -9.72842 0.92299999999999999997
1  7.94e+02  0.1765546245 -9.72842 0.92299999999999999997
1  8.32e+02  0.1777785309 -9.72842 0.92299999999999999997
1  8.71e+02  0.1767626632 -9.72842 0.92299999999999999997
1  9.12e+02  0.1780631343 -9.72842 0.92299999999999999997
1  9.55e+02  0.178793769 -9.72842 0.92299999999999999997
1  1.00e+03  0.1795195557 -9.72842 0.92299999999999999997
1  1.05e+03  0.1759543682 -9.72842 0.92299999999999999997
1  1.10e+03  0.1785405546 -9.72842 0.92299999999999999997
1  1.15e+03  0.1778425984 -9.72842 0.92299999999999999997
1  1.20e+03  0.1784251857 -9.72842 0.92299999999999999997
1  1.26e+03  0.1775715324 -9.72842 0.92299999999999999997
1  1.32e+03  0.1785184943 -9.72842 0.92299999999999999997
1  1.38e+03  0.1760181181 -9.72842 0.92299999999999999997
1  1.45e+03  0.1770382231 -9.72842 0.92299999999999999997
1  1.51e+03  0.1755553692 -9.72842 0.92299999999999999997
1  1.58e+03  0.1792987248 -9.72842 0.92299999999999999997
1  1.66e+03  0.1745785967 -9.72842 0.92299999999999999997
1  1.74e+03  0.1735034966 -9.72842 0.92299999999999999997
1  1.82e+03  0.175222923 -9.72842 0.92299999999999999997
1  1.91e+03  0.1765674747 -9.72842 0.92299999999999999997
1  2.00e+03  0.1724258075 -9.72842 0.92299999999999999997
1  2.09e+03  0.1841900806 -9.72842 0.92299999999999999997
1  2.19e+03  0.1894428266 -9.72842 0.92299999999999999997
1  2.29e+03  0.1992919405 -9.72842 0.92299999999999999997
1  2.40e+03  0.1807133993 -9.72842 0.92299999999999999997
1  2.51e+03  0.1763892002 -9.72842 0.92299999999999999997
1  2.63e+03  0.176645606 -9.72842 0.92299999999999999997
1  2.75e+03  0.1905478912 -9.72842 0.92299999999999999997
1  2.88e+03  0.1942542222 -9.72842 0.92299999999999999997
1  3.02e+03  0.1653040064 -9.72842 0.92299999999999999997
1  3.16e+03  0.1767504883 -9.72842 0.92299999999999999997
1  3.31e+03  0.1773670651 -9.72842 0.92299999999999999997
1  3.47e+03  0.1553869116 -9.72842 0.92299999999999999997
1  3.63e+03  0.1485186787 -9.72842 0.92299999999999999997
1  3.80e+03  0.1482407653 -9.72842 0.92299999999999999997
1  3.98e+03  0.1480041339 -9.72842 0.92299999999999999997
1  4.17e+03  0.1521530916 -9.72842 0.92299999999999999997
1  4.37e+03  0.1705932856 -9.72842 0.92299999999999999997
1  4.57e+03  0.1526587683 -9.72842 0.92299999999999999997
1  4.79e+03  0.2219972829 -9.72842 0.92299999999999999997
1  5.01e+03  0.1439863903 -9.72842 0.92299999999999999997
1  5.25e+03  0.2001120739 -9.72842 0.92299999999999999997
1  5.50e+03  0.2197629881 -9.72842 0.92299999999999999997
1  5.75e+03  0.1985394154 -9.72842 0.92299999999999999997
1  6.03e+03  0.142429282 -9.72842 0.92299999999999999997
1  6.31e+03  0.1305077575 -9.72842 0.92299999999999999997
1  6.61e+03  0.156384218 -9.72842 0.92299999999999999997
1  6.92e+03  0.2275240984 -9.72842 0.92299999999999999997
1  7.24e+03  0.3202414483 -9.72842 0.92299999999999999997
1  7.59e+03  0.3314012441 -9.72842 0.92299999999999999997
1  7.94e+03  0.1850102858 -9.72842 0.92299999999999999997
1  8.32e+03  0.3069619867 -9.72842 0.92299999999999999997
1  8.71e+03  0.3251659682 -9.72842 0.92299999999999999997
1  9.12e+03  0.1415784937 -9.72842 0.92299999999999999997
1  9.55e+03  0.2443957034 -9.72842 0.92299999999999999997
1  1.00e+04  0.346107899 -9.72842 0.92299999999999999997
1  1.05e+04  0.1709667657 -9.72842 0.92299999999999999997
1  1.10e+04  0.219475675 -9.72842 0.92299999999999999997
1  1.15e+04  0.4332497354 -9.72842 0.92299999999999999997
1  1.20e+04  0.1872804162 -9.72842 0.92299999999999999997
1  1.26e+04  0.2055942644 -9.72842 0.92299999999999999997
1  1.32e+04  0.2488489805 -9.72842 0.92299999999999999997
1  1.38e+04  0.2942391908 -9.72842 0.92299999999999999997
1  1.45e+04  0.2613405559 -9.72842 0.92299999999999999997
1  1.51e+04  0.3848370592 -9.72842 0.92299999999999999997
1  1.58e+04  0.2212442027 -9.72842 0.92299999999999999997
1  1.66e+04  0.2951417436 -9.72842 0.92299999999999999997
1  1.74e+04  0.2460957456 -9.72842 0.92299999999999999997
1  1.82e+04  0.3170257995 -9.72842 0.92299999999999999997
1  1.91e+04  0.3150638496 -9.72842 0.92299999999999999997
1  2.00e+04  0.351143597 -9.72842 0.92299999999999999997
1  2.09e+04  0.1776193375 -9.72842 0.92299999999999999997
1  2.19e+04  0.2520804665 -9.72842 0.92299999999999999997
1  2.29e+04  0.2395475334 -9.72842 0.92299999999999999997
1  2.40e+04  0.2915932033 -9.72842 0.92299999999999999997
1  2.51e+04  0.2166359603 -9.72842 0.92299999999999999997
1  2.63e+04  0.4021641852 -9.72842 0.92299999999999999997
1  2.75e+04  0.6191371451 -9.72842 0.92299999999999999997
1  2.88e+04  0.2124667116 -9.72842 0.92299999999999999997
1  3.02e+04  0.3032370912 -9.72842 0.92299999999999999997
1  3.16e+04  0.2182627431 -9.72842 0.92299999999999999997
1  3.31e+04  0.5508735898 -9.72842 0.92299999999999999997
1  3.47e+04  0.3256732008 -9.72842 0.92299999999999999997
1  3.63e+04  0.4627678804 -9.72842 0.92299999999999999997
1  3.80e+04  0.3111781499 -9.72842 0.92299999999999999997
1  3.98e+04  0.3226724963 -9.72842 0.92299999999999999997
1  4.17e+04  0.2711017781 -9.72842 0.92299999999999999997
1  4.37e+04  0.2735194771 -9.72842 0.92299999999999999997
1  4.57e+04  0.4806630695 -9.72842 0.92299999999999999997
1  4.79e+04  0.2811622372 -9.72842 0.92299999999999999997
1  5.01e+04  0.6522970241 -9.72842 0.92299999999999999997
1  5.25e+04  0.2310714058 -9.72842 0.92299999999999999997
1  5.50e+04  0.5599038957 -9.72842 0.92299999999999999997
1  5.75e+04  0.4002272586 -9.72842 0.92299999999999999997
1  6.03e+04  0.1880300798 -9.72842 0.92299999999999999997
1  6.31e+04  0.3604348872 -9.72842 0.92299999999999999997
1  6.61e+04  0.2792245494 -9.72842 0.92299999999999999997
1  6.92e+04  0.2726438542 -9.72842 0.92299999999999999997
1  7.24e+04  0.2178065631 -9.72842 0.92299999999999999997
1  7.59e+04  0.2153068389 -9.72842 0.92299999999999999997
1  7.94e+04  0.4275488106 -9.72842 0.92299999999999999997
1  8.32e+04  0.4088787486 -9.72842 0.92299999999999999997
1  8.71e+04  0.2062347976 -9.72842 0.92299999999999999997
1  9.12e+04  0.3127293704 -9.72842 0.92299999999999999997
1  9.55e+04  0.5727935704 -9.72842 0.92299999999999999997
1  1.00e+05  0.5268595256 -9.72842 0.92299999999999999997
1  1.05e+05  0.2882386896 -9.72842 0.92299999999999999997
1  1.10e+05  0.2677252543 -9.72842 0.92299999999999999997
1  1.15e+05  0.4819915966 -9.72842 0.92299999999999999997
1  1.20e+05  0.6095330031 -9.72842 0.92299999999999999997
1  1.26e+05  0.4924555574 -9.72842 0.92299999999999999997
1  1.32e+05  0.2916442113 -9.72842 0.92299999999999999997
1  1.38e+05  0.2251047318 -9.72842 0.92299999999999999997
1  1.45e+05  0.325879946 -9.72842 0.92299999999999999997
1  1.51e+05  0.4619744034 -9.72842 0.92299999999999999997
1  1.58e+05  0.5017919971 -9.72842 0.92299999999999999997
1  1.66e+05  0.4227968673 -9.72842 0.92299999999999999997
1  1.74e+05  0.2958562883 -9.72842 0.92299999999999999997
1  1.82e+05  0.2064108267 -9.72842 0.92299999999999999997
1  1.91e+05  0.194033289 -9.72842 0.92299999999999999997
1  2.00e+05  0.2430837005 -9.72842 0.92299999999999999997
1  2.09e+05  0.3093566327 -9.72842 0.92299999999999999997
1  2.19e+05  0.3525184586 -9.72842 0.92299999999999999997
1  2.29e+05  0.3544632088 -9.72842 0.92299999999999999997
1  2.40e+05  0.3202037861 -9.72842 0.92299999999999999997
1  2.51e+05  0.2681549536 -9.72842 0.92299999999999999997
1  2.63e+05  0.2185056828 -9.72842 0.92299999999999999997
1  2.75e+05  0.1852636412 -9.72842 0.92299999999999999997
1  2.88e+05  0.1735089549 -9.72842 0.92299999999999999997
1  3.02e+05  0.1806843107 -9.72842 0.92299999999999999997
1  3.16e+05  0.1998125368 -9.72842 0.92299999999999999997
1  3.31e+05  0.2228248544 -9.72842 0.92299999999999999997
1  3.47e+05  0.2429633469 -9.72842 0.92299999999999999997
1  3.63e+05  0.2559650163 -9.72842 0.92299999999999999997
1  3.80e+05  0.2602126796 -9.72842 0.92299999999999999997
1  3.98e+05  0.2562338609 -9.72842 0.92299999999999999997
1  4.17e+05  0.2459264754 -9.72842 0.92299999999999999997
1  4.37e+05  0.2317897424 -9.72842 0.92299999999999999997
1  4.57e+05  0.2163164469 -9.72842 0.92299999999999999997
1  4.79e+05  0.2016006605 -9.72842 0.92299999999999999997
1  5.01e+05  0.1891481792 -9.72842 0.92299999999999999997
1  5.25e+05  0.1798435177 -9.72842 0.92299999999999999997
1  5.50e+05  0.1740184025 -9.72842 0.92299999999999999997
1  5.75e+05  0.1715723617 -9.72842 0.92299999999999999997
1  6.03e+05  0.172108083 -9.72842 0.92299999999999999997
1  6.31e+05  0.1750573554 -9.72842 0.92299999999999999997
1  6.61e+05  0.1801232436 -9.72842 0.92299999999999999997
1  6.92e+05  0.1867082301 -9.72842 0.92299999999999999997
1  7.24e+05  0.1937335255 -9.72842 0.92299999999999999997
1  7.59e+05  0.2008481936 -9.72842 0.92299999999999999997
1  7.94e+05  0.2073416662 -9.72842 0.92299999999999999997
1  8.32e+05  0.2130527166 -9.72842 0.92299999999999999997
1  8.71e+05  0.2178691768 -9.72842 0.92299999999999999997
1  9.12e+05  0.2215658592 -9.72842 0.92299999999999999997
1  9.55e+05  0.2242303138 -9.72842 0.92299999999999999997
1  1.00e+06  0.2259096273 -9.72842 0.92299999999999999997
1  1.05e+06  0.226688102 -9.72842 0.92299999999999999997
1  1.10e+06  0.2266890198 -9.72842 0.92299999999999999997
1  1.15e+06  0.2260297358 -9.72842 0.92299999999999999997
1  1.20e+06  0.2247635057 -9.72842 0.92299999999999999997
1  1.26e+06  0.2231229132 -9.72842 0.92299999999999999997
1  1.32e+06  0.2211558739 -9.72842 0.92299999999999999997
1  1.38e+06  0.2189532289 -9.72842 0.92299999999999999997
1  1.45e+06  0.2165127461 -9.72842 0.92299999999999999997
1  1.51e+06  0.2140631986 -9.72842 0.92299999999999999997
1  1.58e+06  0.2115799683 -9.72842 0.92299999999999999997
1  1.66e+06  0.2091076285 -9.72842 0.92299999999999999997
1  1.74e+06  0.2066063313 -9.72842 0.92299999999999999997
1  1.82e+06  0.2042564854 -9.72842 0.92299999999999999997
1  1.91e+06  0.2020002153 -9.72842 0.92299999999999999997
1  2.00e+06  0.1997869762 -9.72842 0.92299999999999999997
1  2.09e+06  0.1977589881 -9.72842 0.92299999999999999997
1  2.19e+06  0.1958530691 -9.72842 0.92299999999999999997
1  2.29e+06  0.1940712211 -9.72842 0.92299999999999999997
1  2.40e+06  0.1923636689 -9.72842 0.92299999999999999997
1  2.51e+06  0.190830243 -9.72842 0.92299999999999999997
1  2.63e+06  0.1894140892 -9.72842 0.92299999999999999997
1  2.75e+06  0.1881103674 -9.72842 0.92299999999999999997
1  2.88e+06  0.1868776899 -9.72842 0.92299999999999999997
1  3.02e+06  0.1857846901 -9.72842 0.92299999999999999997
1  3.16e+06  0.1847862182 -9.72842 0.92299999999999999997
1  3.31e+06  0.1838759995 -9.72842 0.92299999999999999997
1  3.47e+06  0.1830224959 -9.72842 0.92299999999999999997
1  3.63e+06  0.1822724443 -9.72842 0.92299999999999999997
1  3.80e+06  0.1815923256 -9.72842 0.92299999999999999997
1  3.98e+06  0.1809765486 -9.72842 0.92299999999999999997
1  4.17e+06  0.1804022565 -9.72842 0.92299999999999999997
1  4.37e+06  0.1799011376 -9.72842 0.92299999999999999997
1  4.57e+06  0.1794492712 -9.72842 0.92299999999999999997
1  4.79e+06  0.1790423141 -9.72842 0.92299999999999999997
1  5.01e+06  0.1786641982 -9.72842 0.92299999999999999997
1  5.25e+06  0.1783363675 -9.72842 0.92299999999999999997
1  5.50e+06  0.1780421603 -9.72842 0.92299999999999999997
1  5.75e+06  0.1777694057 -9.72842 0.92299999999999999997
1  6.03e+06  0.177534089 -9.72842 0.92299999999999999997
1  6.31e+06  0.1773236438 -9.72842 0.92299999999999999997
1  6.61e+06  0.1771356638 -9.72842 0.92299999999999999997
1  6.92e+06  0.1769618371 -9.72842 0.92299999999999999997
1  7.24e+06  0.1768129704 -9.72842 0.92299999999999999997
1  7.59e+06  0.1766805115 -9.72842 0.92299999999999999997
1  7.94e+06  0.1765628173 -9.72842 0.92299999999999999997
1  8.32e+06  0.1764542632 -9.72842 0.92299999999999999997
1  8.71e+06  0.1763621541 -9.72842 0.92299999999999999997
1  9.12e+06  0.1762807128 -9.72842 0.92299999999999999997
1  9.55e+06  0.1762088379 -9.72842 0.92299999999999999997
1  1.00e+07  0.1761427473 -9.72842 0.92299999999999999997
