1  1.00e-03  0.3490328013 -11.34104 1.07599999999999999996
1  1.05e-03  0.3490327991 -11.34104 1.07599999999999999996
1  1.10e-03  0.3490327995 -11.34104 1.07599999999999999996
1  1.15e-03  0.3490327975 -11.34104 1.07599999999999999996
1  1.20e-03  0.3490327992 -11.34104 1.07599999999999999996
1  1.26e-03  0.3490328035 -11.34104 1.07599999999999999996
1  1.32e-03  0.3490328023 -11.34104 1.07599999999999999996
1  1.38e-03  0.3490328035 -11.34104 1.07599999999999999996
1  1.45e-03  0.3490328006 -11.34104 1.07599999999999999996
1  1.51e-03  0.3490328033 -11.34104 1.07599999999999999996
1  1.58e-03  0.3490328001 -11.34104 1.07599999999999999996
1  1.66e-03  0.3490328045 -11.34104 1.07599999999999999996
1  1.74e-03  0.349032805 -11.34104 1.07599999999999999996
1  1.82e-03  0.3490328045 -11.34104 1.07599999999999999996
1  1.91e-03  0.3490328044 -11.34104 1.07599999999999999996
1  2.00e-03  0.3490328007 -11.34104 1.07599999999999999996
1  2.09e-03  0.3490328042 -11.34104 1.07599999999999999996
1  2.19e-03  0.3490328003 -11.34104 1.07599999999999999996
1  2.29e-03  0.3490328018 -11.34104 1.07599999999999999996
1  2.40e-03  0.3490328007 -11.34104 1.07599999999999999996
1  2.51e-03  0.3490328048 -11.34104 1.07599999999999999996
1  2.63e-03  0.3490328031 -11.34104 1.07599999999999999996
1  2.75e-03  0.3490328007 -11.34104 1.07599999999999999996
1  2.88e-03  0.3490328017 -11.34104 1.07599999999999999996
1  3.02e-03  0.3490325671 -11.34104 1.07599999999999999996
1  3.16e-03  0.3490328026 -11.34104 1.07599999999999999996
1  3.31e-03  0.3490328035 -11.34104 1.07599999999999999996
1  3.47e-03  0.3490328042 -11.34104 1.07599999999999999996
1  3.63e-03  0.3490328774 -11.34104 1.07599999999999999996
1  3.80e-03  0.3490328045 -11.34104 1.07599999999999999996
1  3.98e-03  0.3490327983 -11.34104 1.07599999999999999996
1  4.17e-03  0.3490328033 -11.34104 1.07599999999999999996
1  4.37e-03  0.3490327875 -11.34104 1.07599999999999999996
1  4.57e-03  0.3490328008 -11.34104 1.07599999999999999996
1  4.79e-03  0.3490328042 -11.34104 1.07599999999999999996
1  5.01e-03  0.3490328007 -11.34104 1.07599999999999999996
1  5.25e-03  0.3490328029 -11.34104 1.07599999999999999996
1  5.50e-03  0.349032796 -11.34104 1.07599999999999999996
1  5.75e-03  0.3490328035 -11.34104 1.07599999999999999996
1  6.03e-03  0.3490328023 -11.34104 1.07599999999999999996
1  6.31e-03  0.3490328034 -11.34104 1.07599999999999999996
1  6.61e-03  0.3490328036 -11.34104 1.07599999999999999996
1  6.92e-03  0.3490328016 -11.34104 1.07599999999999999996
1  7.24e-03  0.3490328019 -11.34104 1.07599999999999999996
1  7.59e-03  0.3490327998 -11.34104 1.07599999999999999996
1  7.94e-03  0.3490328036 -11.34104 1.07599999999999999996
1  8.32e-03  0.3490328027 -11.34104 1.07599999999999999996
1  8.71e-03  0.3490328009 -11.34104 1.07599999999999999996
1  9.12e-03  0.3490328016 -11.34104 1.07599999999999999996
1  9.55e-03  0.3490328031 -11.34104 1.07599999999999999996
1  1.00e-02  0.3490327993 -11.34104 1.07599999999999999996
1  1.05e-02  0.3490327981 -11.34104 1.07599999999999999996
1  1.10e-02  0.3490328031 -11.34104 1.07599999999999999996
1  1.15e-02  0.3490328 -11.34104 1.07599999999999999996
1  1.20e-02  0.3490327997 -11.34104 1.07599999999999999996
1  1.26e-02  0.3490327995 -11.34104 1.07599999999999999996
1  1.32e-02  0.3490327998 -11.34104 1.07599999999999999996
1  1.38e-02  0.3490328 -11.34104 1.07599999999999999996
1  1.45e-02  0.3490327988 -11.34104 1.07599999999999999996
1  1.51e-02  0.3490328012 -11.34104 1.07599999999999999996
1  1.58e-02  0.3490327982 -11.34104 1.07599999999999999996
1  1.66e-02  0.3490327957 -11.34104 1.07599999999999999996
1  1.74e-02  0.3490328038 -11.34104 1.07599999999999999996
1  1.82e-02  0.3490327978 -11.34104 1.07599999999999999996
1  1.91e-02  0.3490327886 -11.34104 1.07599999999999999996
1  2.00e-02  0.349032796 -11.34104 1.07599999999999999996
1  2.09e-02  0.3490327968 -11.34104 1.07599999999999999996
1  2.19e-02  0.3490327966 -11.34104 1.07599999999999999996
1  2.29e-02  0.349032803 -11.34104 1.07599999999999999996
1  2.40e-02  0.3490328089 -11.34104 1.07599999999999999996
1  2.51e-02  0.3490327653 -11.34104 1.07599999999999999996
1  2.63e-02  0.3490327808 -11.34104 1.07599999999999999996
1  2.75e-02  0.3490327646 -11.34104 1.07599999999999999996
1  2.88e-02  0.3490327445 -11.34104 1.07599999999999999996
1  3.02e-02  0.3490327831 -11.34104 1.07599999999999999996
1  3.16e-02  0.3490327889 -11.34104 1.07599999999999999996
1  3.31e-02  0.3490326361 -11.34104 1.07599999999999999996
1  3.47e-02  0.3490327772 -11.34104 1.07599999999999999996
1  3.63e-02  0.3490328027 -11.34104 1.07599999999999999996
1  3.80e-02  0.3490327932 -11.34104 1.07599999999999999996
1  3.98e-02  0.3490327912 -11.34104 1.07599999999999999996
1  4.17e-02  0.349032785 -11.34104 1.07599999999999999996
1  4.37e-02  0.3490327666 -11.34104 1.07599999999999999996
1  4.57e-02  0.3490327699 -11.34104 1.07599999999999999996
1  4.79e-02  0.3490327903 -11.34104 1.07599999999999999996
1  5.01e-02  0.3490327886 -11.34104 1.07599999999999999996
1  5.25e-02  0.3490328013 -11.34104 1.07599999999999999996
1  5.50e-02  0.3490327785 -11.34104 1.07599999999999999996
1  5.75e-02  0.3490327358 -11.34104 1.07599999999999999996
1  6.03e-02  0.3490327733 -11.34104 1.07599999999999999996
1  6.31e-02  0.3490327784 -11.34104 1.07599999999999999996
1  6.61e-02  0.3490327673 -11.34104 1.07599999999999999996
1  6.92e-02  0.3490327618 -11.34104 1.07599999999999999996
1  7.24e-02  0.3490327559 -11.34104 1.07599999999999999996
1  7.59e-02  0.3490291923 -11.34104 1.07599999999999999996
1  7.94e-02  0.349032774 -11.34104 1.07599999999999999996
1  8.32e-02  0.3490327893 -11.34104 1.07599999999999999996
1  8.71e-02  0.3490327492 -11.34104 1.07599999999999999996
1  9.12e-02  0.3490327667 -11.34104 1.07599999999999999996
1  9.55e-02  0.349032568 -11.34104 1.07599999999999999996
1  1.00e-01  0.3490329171 -11.34104 1.07599999999999999996
1  1.05e-01  0.3490327763 -11.34104 1.07599999999999999996
1  1.10e-01  0.3490327412 -11.34104 1.07599999999999999996
1  1.15e-01  0.3490327607 -11.34104 1.07599999999999999996
1  1.20e-01  0.3490327372 -11.34104 1.07599999999999999996
1  1.26e-01  0.3490319562 -11.34104 1.07599999999999999996
1  1.32e-01  0.3490327575 -11.34104 1.07599999999999999996
1  1.38e-01  0.349032781 -11.34104 1.07599999999999999996
1  1.45e-01  0.3490327829 -11.34104 1.07599999999999999996
1  1.51e-01  0.3490327646 -11.34104 1.07599999999999999996
1  1.58e-01  0.349032763 -11.34104 1.07599999999999999996
1  1.66e-01  0.3490327186 -11.34104 1.07599999999999999996
1  1.74e-01  0.3490327766 -11.34104 1.07599999999999999996
1  1.82e-01  0.34903276 -11.34104 1.07599999999999999996
1  1.91e-01  0.3490327469 -11.34104 1.07599999999999999996
1  2.00e-01  0.3490327715 -11.34104 1.07599999999999999996
1  2.09e-01  0.3490326219 -11.34104 1.07599999999999999996
1  2.19e-01  0.349032789 -11.34104 1.07599999999999999996
1  2.29e-01  0.3490327258 -11.34104 1.07599999999999999996
1  2.40e-01  0.3490327176 -11.34104 1.07599999999999999996
1  2.51e-01  0.3490327734 -11.34104 1.07599999999999999996
1  2.63e-01  0.3490327229 -11.34104 1.07599999999999999996
1  2.75e-01  0.3490326437 -11.34104 1.07599999999999999996
1  2.88e-01  0.3490317439 -11.34104 1.07599999999999999996
1  3.02e-01  0.349032775 -11.34104 1.07599999999999999996
1  3.16e-01  0.3490326861 -11.34104 1.07599999999999999996
1  3.31e-01  0.3490327434 -11.34104 1.07599999999999999996
1  3.47e-01  0.3490327651 -11.34104 1.07599999999999999996
1  3.63e-01  0.3490324286 -11.34104 1.07599999999999999996
1  3.80e-01  0.3490325008 -11.34104 1.07599999999999999996
1  3.98e-01  0.3490327351 -11.34104 1.07599999999999999996
1  4.17e-01  0.3490327566 -11.34104 1.07599999999999999996
1  4.37e-01  0.3490326933 -11.34104 1.07599999999999999996
1  4.57e-01  0.3490326628 -11.34104 1.07599999999999999996
1  4.79e-01  0.3490345671 -11.34104 1.07599999999999999996
1  5.01e-01  0.3490327276 -11.34104 1.07599999999999999996
1  5.25e-01  0.3490327425 -11.34104 1.07599999999999999996
1  5.50e-01  0.3490313335 -11.34104 1.07599999999999999996
1  5.75e-01  0.3490323653 -11.34104 1.07599999999999999996
1  6.03e-01  0.3490326604 -11.34104 1.07599999999999999996
1  6.31e-01  0.3490327301 -11.34104 1.07599999999999999996
1  6.61e-01  0.3490326436 -11.34104 1.07599999999999999996
1  6.92e-01  0.3490326548 -11.34104 1.07599999999999999996
1  7.24e-01  0.3490327573 -11.34104 1.07599999999999999996
1  7.59e-01  0.3490327481 -11.34104 1.07599999999999999996
1  7.94e-01  0.3490326112 -11.34104 1.07599999999999999996
1  8.32e-01  0.3490329151 -11.34104 1.07599999999999999996
1  8.71e-01  0.3490327315 -11.34104 1.07599999999999999996
1  9.12e-01  0.3490328183 -11.34104 1.07599999999999999996
1  9.55e-01  0.3490325315 -11.34104 1.07599999999999999996
1  1.00e+00  0.3490328476 -11.34104 1.07599999999999999996
1  1.05e+00  0.349032563 -11.34104 1.07599999999999999996
1  1.10e+00  0.349032743 -11.34104 1.07599999999999999996
1  1.15e+00  0.3490326725 -11.34104 1.07599999999999999996
1  1.20e+00  0.3490328277 -11.34104 1.07599999999999999996
1  1.26e+00  0.3490325762 -11.34104 1.07599999999999999996
1  1.32e+00  0.3490326 -11.34104 1.07599999999999999996
1  1.38e+00  0.3490327595 -11.34104 1.07599999999999999996
1  1.45e+00  0.3490323704 -11.34104 1.07599999999999999996
1  1.51e+00  0.3490328022 -11.34104 1.07599999999999999996
1  1.58e+00  0.3490330612 -11.34104 1.07599999999999999996
1  1.66e+00  0.3490326083 -11.34104 1.07599999999999999996
1  1.74e+00  0.349040754 -11.34104 1.07599999999999999996
1  1.82e+00  0.3490325691 -11.34104 1.07599999999999999996
1  1.91e+00  0.3490359872 -11.34104 1.07599999999999999996
1  2.00e+00  0.3490328275 -11.34104 1.07599999999999999996
1  2.09e+00  0.349032542 -11.34104 1.07599999999999999996
1  2.19e+00  0.3490330124 -11.34104 1.07599999999999999996
1  2.29e+00  0.3490323178 -11.34104 1.07599999999999999996
1  2.40e+00  0.3490462416 -11.34104 1.07599999999999999996
1  2.51e+00  0.3490324285 -11.34104 1.07599999999999999996
1  2.63e+00  0.3490324942 -11.34104 1.07599999999999999996
1  2.75e+00  0.3490324142 -11.34104 1.07599999999999999996
1  2.88e+00  0.3490202134 -11.34104 1.07599999999999999996
1  3.02e+00  0.3490319464 -11.34104 1.07599999999999999996
1  3.16e+00  0.3490391856 -11.34104 1.07599999999999999996
1  3.31e+00  0.3490331006 -11.34104 1.07599999999999999996
1  3.47e+00  0.3490466276 -11.34104 1.07599999999999999996
1  3.63e+00  0.3490309049 -11.34104 1.07599999999999999996
1  3.80e+00  0.3490409624 -11.34104 1.07599999999999999996
1  3.98e+00  0.3490319939 -11.34104 1.07599999999999999996
1  4.17e+00  0.3490325558 -11.34104 1.07599999999999999996
1  4.37e+00  0.3490329603 -11.34104 1.07599999999999999996
1  4.57e+00  0.3490320954 -11.34104 1.07599999999999999996
1  4.79e+00  0.3490325964 -11.34104 1.07599999999999999996
1  5.01e+00  0.3490312789 -11.34104 1.07599999999999999996
1  5.25e+00  0.3490319383 -11.34104 1.07599999999999999996
1  5.50e+00  0.3490309341 -11.34104 1.07599999999999999996
1  5.75e+00  0.3491041831 -11.34104 1.07599999999999999996
1  6.03e+00  0.349030977 -11.34104 1.07599999999999999996
1  6.31e+00  0.349018271 -11.34104 1.07599999999999999996
1  6.61e+00  0.3490309453 -11.34104 1.07599999999999999996
1  6.92e+00  0.349031961 -11.34104 1.07599999999999999996
1  7.24e+00  0.3490251151 -11.34104 1.07599999999999999996
1  7.59e+00  0.3490376027 -11.34104 1.07599999999999999996
1  7.94e+00  0.3491021778 -11.34104 1.07599999999999999996
1  8.32e+00  0.3490305243 -11.34104 1.07599999999999999996
1  8.71e+00  0.3490284585 -11.34104 1.07599999999999999996
1  9.12e+00  0.349028037 -11.34104 1.07599999999999999996
1  9.55e+00  0.3490298675 -11.34104 1.07599999999999999996
1  1.00e+01  0.3490289183 -11.34104 1.07599999999999999996
1  1.05e+01  0.3489759303 -11.34104 1.07599999999999999996
1  1.10e+01  0.3490312937 -11.34104 1.07599999999999999996
1  1.15e+01  0.3490364505 -11.34104 1.07599999999999999996
1  1.20e+01  0.3490318273 -11.34104 1.07599999999999999996
1  1.26e+01  0.349028393 -11.34104 1.07599999999999999996
1  1.32e+01  0.3490130546 -11.34104 1.07599999999999999996
1  1.38e+01  0.3490283045 -11.34104 1.07599999999999999996
1  1.45e+01  0.3490277498 -11.34104 1.07599999999999999996
1  1.51e+01  0.3490309537 -11.34104 1.07599999999999999996
1  1.58e+01  0.3490303995 -11.34104 1.07599999999999999996
1  1.66e+01  0.3489864025 -11.34104 1.07599999999999999996
1  1.74e+01  0.3492260708 -11.34104 1.07599999999999999996
1  1.82e+01  0.3490287813 -11.34104 1.07599999999999999996
1  1.91e+01  0.3490320581 -11.34104 1.07599999999999999996
1  2.00e+01  0.3489115444 -11.34104 1.07599999999999999996
1  2.09e+01  0.3494669705 -11.34104 1.07599999999999999996
1  2.19e+01  0.3484901529 -11.34104 1.07599999999999999996
1  2.29e+01  0.3489768136 -11.34104 1.07599999999999999996
1  2.40e+01  0.3491056247 -11.34104 1.07599999999999999996
1  2.51e+01  0.3491572652 -11.34104 1.07599999999999999996
1  2.63e+01  0.3494052482 -11.34104 1.07599999999999999996
1  2.75e+01  0.3487329604 -11.34104 1.07599999999999999996
1  2.88e+01  0.3489596224 -11.34104 1.07599999999999999996
1  3.02e+01  0.3489036991 -11.34104 1.07599999999999999996
1  3.16e+01  0.3491538158 -11.34104 1.07599999999999999996
1  3.31e+01  0.3489057319 -11.34104 1.07599999999999999996
1  3.47e+01  0.3489195899 -11.34104 1.07599999999999999996
1  3.63e+01  0.3491216874 -11.34104 1.07599999999999999996
1  3.80e+01  0.3489014136 -11.34104 1.07599999999999999996
1  3.98e+01  0.3489239572 -11.34104 1.07599999999999999996
1  4.17e+01  0.3490213524 -11.34104 1.07599999999999999996
1  4.37e+01  0.3484906456 -11.34104 1.07599999999999999996
1  4.57e+01  0.3489694429 -11.34104 1.07599999999999999996
1  4.79e+01  0.3488282262 -11.34104 1.07599999999999999996
1  5.01e+01  0.348996768 -11.34104 1.07599999999999999996
1  5.25e+01  0.3490065533 -11.34104 1.07599999999999999996
1  5.50e+01  0.3489128031 -11.34104 1.07599999999999999996
1  5.75e+01  0.3493549602 -11.34104 1.07599999999999999996
1  6.03e+01  0.3492570769 -11.34104 1.07599999999999999996
1  6.31e+01  0.3490014312 -11.34104 1.07599999999999999996
1  6.61e+01  0.3489738726 -11.34104 1.07599999999999999996
1  6.92e+01  0.3490246986 -11.34104 1.07599999999999999996
1  7.24e+01  0.3490291612 -11.34104 1.07599999999999999996
1  7.59e+01  0.3487386504 -11.34104 1.07599999999999999996
1  7.94e+01  0.3488170591 -11.34104 1.07599999999999999996
1  8.32e+01  0.3490221028 -11.34104 1.07599999999999999996
1  8.71e+01  0.3490217142 -11.34104 1.07599999999999999996
1  9.12e+01  0.3490030674 -11.34104 1.07599999999999999996
1  9.55e+01  0.349013959 -11.34104 1.07599999999999999996
1  1.00e+02  0.3489478495 -11.34104 1.07599999999999999996
1  1.05e+02  0.3490520027 -11.34104 1.07599999999999999996
1  1.10e+02  0.3490015475 -11.34104 1.07599999999999999996
1  1.15e+02  0.3490065707 -11.34104 1.07599999999999999996
1  1.20e+02  0.3490174912 -11.34104 1.07599999999999999996
1  1.26e+02  0.3487426232 -11.34104 1.07599999999999999996
1  1.32e+02  0.3489791003 -11.34104 1.07599999999999999996
1  1.38e+02  0.3490356133 -11.34104 1.07599999999999999996
1  1.45e+02  0.3490606953 -11.34104 1.07599999999999999996
1  1.51e+02  0.3489880611 -11.34104 1.07599999999999999996
1  1.58e+02  0.3490588062 -11.34104 1.07599999999999999996
1  1.66e+02  0.3489257043 -11.34104 1.07599999999999999996
1  1.74e+02  0.349087549 -11.34104 1.07599999999999999996
1  1.82e+02  0.3489835502 -11.34104 1.07599999999999999996
1  1.91e+02  0.3490348522 -11.34104 1.07599999999999999996
1  2.00e+02  0.3490748801 -11.34104 1.07599999999999999996
1  2.09e+02  0.3492558554 -11.34104 1.07599999999999999996
1  2.19e+02  0.3489424566 -11.34104 1.07599999999999999996
1  2.29e+02  0.3490354125 -11.34104 1.07599999999999999996
1  2.40e+02  0.348972145 -11.34104 1.07599999999999999996
1  2.51e+02  0.34908285 -11.34104 1.07599999999999999996
1  2.63e+02  0.3489385429 -11.34104 1.07599999999999999996
1  2.75e+02  0.3490061396 -11.34104 1.07599999999999999996
1  2.88e+02  0.3490525843 -11.34104 1.07599999999999999996
1  3.02e+02  0.3489685517 -11.34104 1.07599999999999999996
1  3.16e+02  0.3489552061 -11.34104 1.07599999999999999996
1  3.31e+02  0.3490084822 -11.34104 1.07599999999999999996
1  3.47e+02  0.3489878073 -11.34104 1.07599999999999999996
1  3.63e+02  0.3489927846 -11.34104 1.07599999999999999996
1  3.80e+02  0.3489596363 -11.34104 1.07599999999999999996
1  3.98e+02  0.3490054377 -11.34104 1.07599999999999999996
1  4.17e+02  0.3489682751 -11.34104 1.07599999999999999996
1  4.37e+02  0.3489983932 -11.34104 1.07599999999999999996
1  4.57e+02  0.3489924722 -11.34104 1.07599999999999999996
1  4.79e+02  0.3489589843 -11.34104 1.07599999999999999996
1  5.01e+02  0.3489616601 -11.34104 1.07599999999999999996
1  5.25e+02  0.3491622391 -11.34104 1.07599999999999999996
1  5.50e+02  0.3489872408 -11.34104 1.07599999999999999996
1  5.75e+02  0.3487897587 -11.34104 1.07599999999999999996
1  6.03e+02  0.3490158776 -11.34104 1.07599999999999999996
1  6.31e+02  0.3490142984 -11.34104 1.07599999999999999996
1  6.61e+02  0.3487507009 -11.34104 1.07599999999999999996
1  6.92e+02  0.348985565 -11.34104 1.07599999999999999996
1  7.24e+02  0.3487027861 -11.34104 1.07599999999999999996
1  7.59e+02  0.348775324 -11.34104 1.07599999999999999996
1  7.94e+02  0.3488375712 -11.34104 1.07599999999999999996
1  8.32e+02  0.3489312755 -11.34104 1.07599999999999999996
1  8.71e+02  0.3487321455 -11.34104 1.07599999999999999996
1  9.12e+02  0.3489886533 -11.34104 1.07599999999999999996
1  9.55e+02  0.3489023485 -11.34104 1.07599999999999999996
1  1.00e+03  0.3489467469 -11.34104 1.07599999999999999996
1  1.05e+03  0.3484484892 -11.34104 1.07599999999999999996
1  1.10e+03  0.3489609446 -11.34104 1.07599999999999999996
1  1.15e+03  0.3489340007 -11.34104 1.07599999999999999996
1  1.20e+03  0.3481945515 -11.34104 1.07599999999999999996
1  1.26e+03  0.3485751102 -11.34104 1.07599999999999999996
1  1.32e+03  0.3480306241 -11.34104 1.07599999999999999996
1  1.38e+03  0.3499924763 -11.34104 1.07599999999999999996
1  1.45e+03  0.3498822707 -11.34104 1.07599999999999999996
1  1.51e+03  0.3500326782 -11.34104 1.07599999999999999996
1  1.58e+03  0.3504189313 -11.34104 1.07599999999999999996
1  1.66e+03  0.3494930283 -11.34104 1.07599999999999999996
1  1.74e+03  0.3447309202 -11.34104 1.07599999999999999996
1  1.82e+03  0.3487345741 -11.34104 1.07599999999999999996
1  1.91e+03  0.3482964754 -11.34104 1.07599999999999999996
1  2.00e+03  0.3472650575 -11.34104 1.07599999999999999996
1  2.09e+03  0.3489680545 -11.34104 1.07599999999999999996
1  2.19e+03  0.352484451 -11.34104 1.07599999999999999996
1  2.29e+03  0.3575168379 -11.34104 1.07599999999999999996
1  2.40e+03  0.3491726519 -11.34104 1.07599999999999999996
1  2.51e+03  0.3537847501 -11.34104 1.07599999999999999996
1  2.63e+03  0.342945413 -11.34104 1.07599999999999999996
1  2.75e+03  0.3492449932 -11.34104 1.07599999999999999996
1  2.88e+03  0.3511977325 -11.34104 1.07599999999999999996
1  3.02e+03  0.3485741575 -11.34104 1.07599999999999999996
1  3.16e+03  0.3486051763 -11.34104 1.07599999999999999996
1  3.31e+03  0.3507545152 -11.34104 1.07599999999999999996
1  3.47e+03  0.3424561859 -11.34104 1.07599999999999999996
1  3.63e+03  0.3356243353 -11.34104 1.07599999999999999996
1  3.80e+03  0.3576226244 -11.34104 1.07599999999999999996
1  3.98e+03  0.3449213593 -11.34104 1.07599999999999999996
1  4.17e+03  0.3608134536 -11.34104 1.07599999999999999996
1  4.37e+03  0.343325256 -11.34104 1.07599999999999999996
1  4.57e+03  0.3325266475 -11.34104 1.07599999999999999996
1  4.79e+03  0.351435522 -11.34104 1.07599999999999999996
1  5.01e+03  0.3704895055 -11.34104 1.07599999999999999996
1  5.25e+03  0.3616369954 -11.34104 1.07599999999999999996
1  5.50e+03  0.3459333556 -11.34104 1.07599999999999999996
1  5.75e+03  0.3789225039 -11.34104 1.07599999999999999996
1  6.03e+03  0.3270612587 -11.34104 1.07599999999999999996
1  6.31e+03  0.3607815515 -11.34104 1.07599999999999999996
1  6.61e+03  0.3822389505 -11.34104 1.07599999999999999996
1  6.92e+03  0.3170782133 -11.34104 1.07599999999999999996
1  7.24e+03  0.3501113075 -11.34104 1.07599999999999999996
1  7.59e+03  0.3758509411 -11.34104 1.07599999999999999996
1  7.94e+03  0.3470332679 -11.34104 1.07599999999999999996
1  8.32e+03  0.3785950815 -11.34104 1.07599999999999999996
1  8.71e+03  0.3682807854 -11.34104 1.07599999999999999996
1  9.12e+03  0.337806073 -11.34104 1.07599999999999999996
1  9.55e+03  0.341940896 -11.34104 1.07599999999999999996
1  1.00e+04  0.305116855 -11.34104 1.07599999999999999996
1  1.05e+04  0.3669923232 -11.34104 1.07599999999999999996
1  1.10e+04  0.3672107935 -11.34104 1.07599999999999999996
1  1.15e+04  0.3257972691 -11.34104 1.07599999999999999996
1  1.20e+04  0.3633111751 -11.34104 1.07599999999999999996
1  1.26e+04  0.3410363979 -11.34104 1.07599999999999999996
1  1.32e+04  0.3336234405 -11.34104 1.07599999999999999996
1  1.38e+04  0.3688936484 -11.34104 1.07599999999999999996
1  1.45e+04  0.3232987833 -11.34104 1.07599999999999999996
1  1.51e+04  0.3311948645 -11.34104 1.07599999999999999996
1  1.58e+04  0.3474946619 -11.34104 1.07599999999999999996
1  1.66e+04  0.30107532 -11.34104 1.07599999999999999996
1  1.74e+04  0.3360284518 -11.34104 1.07599999999999999996
1  1.82e+04  0.3250740587 -11.34104 1.07599999999999999996
1  1.91e+04  0.2812747724 -11.34104 1.07599999999999999996
1  2.00e+04  0.3550709867 -11.34104 1.07599999999999999996
1  2.09e+04  0.3383016276 -11.34104 1.07599999999999999996
1  2.19e+04  0.2877044201 -11.34104 1.07599999999999999996
1  2.29e+04  0.3476618448 -11.34104 1.07599999999999999996
1  2.40e+04  0.3013879477 -11.34104 1.07599999999999999996
1  2.51e+04  0.2760385342 -11.34104 1.07599999999999999996
1  2.63e+04  0.3336629749 -11.34104 1.07599999999999999996
1  2.75e+04  0.3465795441 -11.34104 1.07599999999999999996
1  2.88e+04  0.3287937676 -11.34104 1.07599999999999999996
1  3.02e+04  0.2626539467 -11.34104 1.07599999999999999996
1  3.16e+04  0.3451966252 -11.34104 1.07599999999999999996
1  3.31e+04  0.3545814613 -11.34104 1.07599999999999999996
1  3.47e+04  0.2856403216 -11.34104 1.07599999999999999996
1  3.63e+04  0.3308176604 -11.34104 1.07599999999999999996
1  3.80e+04  0.2694928286 -11.34104 1.07599999999999999996
1  3.98e+04  0.3559835268 -11.34104 1.07599999999999999996
1  4.17e+04  0.3342289541 -11.34104 1.07599999999999999996
1  4.37e+04  0.3087845945 -11.34104 1.07599999999999999996
1  4.57e+04  0.345652437 -11.34104 1.07599999999999999996
1  4.79e+04  0.2958907443 -11.34104 1.07599999999999999996
1  5.01e+04  0.2821733004 -11.34104 1.07599999999999999996
1  5.25e+04  0.3538910029 -11.34104 1.07599999999999999996
1  5.50e+04  0.2958034763 -11.34104 1.07599999999999999996
1  5.75e+04  0.3181302955 -11.34104 1.07599999999999999996
1  6.03e+04  0.3458282729 -11.34104 1.07599999999999999996
1  6.31e+04  0.3531195632 -11.34104 1.07599999999999999996
1  6.61e+04  0.3430601864 -11.34104 1.07599999999999999996
1  6.92e+04  0.2992938072 -11.34104 1.07599999999999999996
1  7.24e+04  0.3172354889 -11.34104 1.07599999999999999996
1  7.59e+04  0.3522005529 -11.34104 1.07599999999999999996
1  7.94e+04  0.3112518106 -11.34104 1.07599999999999999996
1  8.32e+04  0.2714009418 -11.34104 1.07599999999999999996
1  8.71e+04  0.3063193499 -11.34104 1.07599999999999999996
1  9.12e+04  0.3525356364 -11.34104 1.07599999999999999996
1  9.55e+04  0.3473269268 -11.34104 1.07599999999999999996
1  1.00e+05  0.3195909279 -11.34104 1.07599999999999999996
1  1.05e+05  0.3155756396 -11.34104 1.07599999999999999996
1  1.10e+05  0.3336872778 -11.34104 1.07599999999999999996
1  1.15e+05  0.3489533036 -11.34104 1.07599999999999999996
1  1.20e+05  0.3529230115 -11.34104 1.07599999999999999996
1  1.26e+05  0.3533012473 -11.34104 1.07599999999999999996
1  1.32e+05  0.3546430244 -11.34104 1.07599999999999999996
1  1.38e+05  0.3530030619 -11.34104 1.07599999999999999996
1  1.45e+05  0.3449199165 -11.34104 1.07599999999999999996
1  1.51e+05  0.3340803231 -11.34104 1.07599999999999999996
1  1.58e+05  0.328192484 -11.34104 1.07599999999999999996
1  1.66e+05  0.3317027184 -11.34104 1.07599999999999999996
1  1.74e+05  0.3422421308 -11.34104 1.07599999999999999996
1  1.82e+05  0.3529179563 -11.34104 1.07599999999999999996
1  1.91e+05  0.3572746298 -11.34104 1.07599999999999999996
1  2.00e+05  0.3529067346 -11.34104 1.07599999999999999996
1  2.09e+05  0.341956528 -11.34104 1.07599999999999999996
1  2.19e+05  0.32918654 -11.34104 1.07599999999999999996
1  2.29e+05  0.3193688052 -11.34104 1.07599999999999999996
1  2.40e+05  0.3154148461 -11.34104 1.07599999999999999996
1  2.51e+05  0.3177832371 -11.34104 1.07599999999999999996
1  2.63e+05  0.3249488175 -11.34104 1.07599999999999999996
1  2.75e+05  0.3343844388 -11.34104 1.07599999999999999996
1  2.88e+05  0.3435386268 -11.34104 1.07599999999999999996
1  3.02e+05  0.350503882 -11.34104 1.07599999999999999996
1  3.16e+05  0.3542947146 -11.34104 1.07599999999999999996
1  3.31e+05  0.3548052602 -11.34104 1.07599999999999999996
1  3.47e+05  0.3525778534 -11.34104 1.07599999999999999996
1  3.63e+05  0.3485095245 -11.34104 1.07599999999999999996
1  3.80e+05  0.3435860375 -11.34104 1.07599999999999999996
1  3.98e+05  0.3386892845 -11.34104 1.07599999999999999996
1  4.17e+05  0.3344884937 -11.34104 1.07599999999999999996
1  4.37e+05  0.3314038049 -11.34104 1.07599999999999999996
1  4.57e+05  0.3296211906 -11.34104 1.07599999999999999996
1  4.79e+05  0.329136792 -11.34104 1.07599999999999999996
1  5.01e+05  0.3298125819 -11.34104 1.07599999999999999996
1  5.25e+05  0.3314308018 -11.34104 1.07599999999999999996
1  5.50e+05  0.3337399647 -11.34104 1.07599999999999999996
1  5.75e+05  0.3364894285 -11.34104 1.07599999999999999996
1  6.03e+05  0.3394524108 -11.34104 1.07599999999999999996
1  6.31e+05  0.3424389469 -11.34104 1.07599999999999999996
1  6.61e+05  0.3453919654 -11.34104 1.07599999999999999996
1  6.92e+05  0.3481461362 -11.34104 1.07599999999999999996
1  7.24e+05  0.3505787554 -11.34104 1.07599999999999999996
1  7.59e+05  0.3526369057 -11.34104 1.07599999999999999996
1  7.94e+05  0.3542810063 -11.34104 1.07599999999999999996
1  8.32e+05  0.3555654492 -11.34104 1.07599999999999999996
1  8.71e+05  0.3564896469 -11.34104 1.07599999999999999996
1  9.12e+05  0.3570838423 -11.34104 1.07599999999999999996
1  9.55e+05  0.3574074684 -11.34104 1.07599999999999999996
1  1.00e+06  0.3574939841 -11.34104 1.07599999999999999996
1  1.05e+06  0.3573922335 -11.34104 1.07599999999999999996
1  1.10e+06  0.3571353301 -11.34104 1.07599999999999999996
1  1.15e+06  0.3567620701 -11.34104 1.07599999999999999996
1  1.20e+06  0.356316317 -11.34104 1.07599999999999999996
1  1.26e+06  0.3558036507 -11.34104 1.07599999999999999996
1  1.32e+06  0.3552705009 -11.34104 1.07599999999999999996
1  1.38e+06  0.3547091413 -11.34104 1.07599999999999999996
1  1.45e+06  0.3541472159 -11.34104 1.07599999999999999996
1  1.51e+06  0.3536101735 -11.34104 1.07599999999999999996
1  1.58e+06  0.3530786408 -11.34104 1.07599999999999999996
1  1.66e+06  0.3525728633 -11.34104 1.07599999999999999996
1  1.74e+06  0.3521097668 -11.34104 1.07599999999999999996
1  1.82e+06  0.3516660244 -11.34104 1.07599999999999999996
1  1.91e+06  0.3512561684 -11.34104 1.07599999999999999996
1  2.00e+06  0.3508913151 -11.34104 1.07599999999999999996
1  2.09e+06  0.3505487476 -11.34104 1.07599999999999999996
1  2.19e+06  0.3502389095 -11.34104 1.07599999999999999996
1  2.29e+06  0.3499691741 -11.34104 1.07599999999999999996
1  2.40e+06  0.3497195971 -11.34104 1.07599999999999999996
1  2.51e+06  0.3494977645 -11.34104 1.07599999999999999996
1  2.63e+06  0.3493086817 -11.34104 1.07599999999999999996
1  2.75e+06  0.3491358609 -11.34104 1.07599999999999999996
1  2.88e+06  0.3489848861 -11.34104 1.07599999999999999996
1  3.02e+06  0.3488592547 -11.34104 1.07599999999999999996
1  3.16e+06  0.3487458432 -11.34104 1.07599999999999999996
1  3.31e+06  0.3486488125 -11.34104 1.07599999999999999996
1  3.47e+06  0.3485706767 -11.34104 1.07599999999999999996
1  3.63e+06  0.3485012483 -11.34104 1.07599999999999999996
1  3.80e+06  0.348443658 -11.34104 1.07599999999999999996
1  3.98e+06  0.3483997577 -11.34104 1.07599999999999999996
1  4.17e+06  0.3483617721 -11.34104 1.07599999999999999996
1  4.37e+06  0.3483320738 -11.34104 1.07599999999999999996
1  4.57e+06  0.3483120532 -11.34104 1.07599999999999999996
1  4.79e+06  0.3482958455 -11.34104 1.07599999999999999996
1  5.01e+06  0.3482872235 -11.34104 1.07599999999999999996
1  5.25e+06  0.3482813482 -11.34104 1.07599999999999999996
1  5.50e+06  0.3482797303 -11.34104 1.07599999999999999996
1  5.75e+06  0.3482832574 -11.34104 1.07599999999999999996
1  6.03e+06  0.3482883253 -11.34104 1.07599999999999999996
1  6.31e+06  0.3482960904 -11.34104 1.07599999999999999996
1  6.61e+06  0.3483072383 -11.34104 1.07599999999999999996
1  6.92e+06  0.3483190978 -11.34104 1.07599999999999999996
1  7.24e+06  0.3483325561 -11.34104 1.07599999999999999996
1  7.59e+06  0.3483481452 -11.34104 1.07599999999999999996
1  7.94e+06  0.3483638935 -11.34104 1.07599999999999999996
1  8.32e+06  0.3483804825 -11.34104 1.07599999999999999996
1  8.71e+06  0.3483983271 -11.34104 1.07599999999999999996
1  9.12e+06  0.3484159763 -11.34104 1.07599999999999999996
1  9.55e+06  0.348433955 -11.34104 1.07599999999999999996
1  1.00e+07  0.3484525873 -11.34104 1.07599999999999999996
