1  1.00e-03  0.4495007956 69517.624 1.05399999999999999993
1  1.05e-03  0.4495007856 69517.624 1.05399999999999999993
1  1.10e-03  0.4495007933 69517.624 1.05399999999999999993
1  1.15e-03  0.4495007866 69517.624 1.05399999999999999993
1  1.20e-03  0.4495007933 69517.624 1.05399999999999999993
1  1.26e-03  0.4495007941 69517.624 1.05399999999999999993
1  1.32e-03  0.4495007928 69517.624 1.05399999999999999993
1  1.38e-03  0.4495007932 69517.624 1.05399999999999999993
1  1.45e-03  0.4495007862 69517.624 1.05399999999999999993
1  1.51e-03  0.4495007909 69517.624 1.05399999999999999993
1  1.58e-03  0.449500789 69517.624 1.05399999999999999993
1  1.66e-03  0.4495007878 69517.624 1.05399999999999999993
1  1.74e-03  0.4495007942 69517.624 1.05399999999999999993
1  1.82e-03  0.4495007918 69517.624 1.05399999999999999993
1  1.91e-03  0.449500788 69517.624 1.05399999999999999993
1  2.00e-03  0.4495007921 69517.624 1.05399999999999999993
1  2.09e-03  0.4495007922 69517.624 1.05399999999999999993
1  2.19e-03  0.4495007941 69517.624 1.05399999999999999993
1  2.29e-03  0.4495007867 69517.624 1.05399999999999999993
1  2.40e-03  0.4495007904 69517.624 1.05399999999999999993
1  2.51e-03  0.4495007922 69517.624 1.05399999999999999993
1  2.63e-03  0.4495007923 69517.624 1.05399999999999999993
1  2.75e-03  0.4495007913 69517.624 1.05399999999999999993
1  2.88e-03  0.4495007901 69517.624 1.05399999999999999993
1  3.02e-03  0.4495007888 69517.624 1.05399999999999999993
1  3.16e-03  0.4495007786 69517.624 1.05399999999999999993
1  3.31e-03  0.4495007944 69517.624 1.05399999999999999993
1  3.47e-03  0.4495007883 69517.624 1.05399999999999999993
1  3.63e-03  0.4495007914 69517.624 1.05399999999999999993
1  3.80e-03  0.4495007903 69517.624 1.05399999999999999993
1  3.98e-03  0.4495007883 69517.624 1.05399999999999999993
1  4.17e-03  0.4495007943 69517.624 1.05399999999999999993
1  4.37e-03  0.4495007923 69517.624 1.05399999999999999993
1  4.57e-03  0.4495007882 69517.624 1.05399999999999999993
1  4.79e-03  0.4495007848 69517.624 1.05399999999999999993
1  5.01e-03  0.4495007833 69517.624 1.05399999999999999993
1  5.25e-03  0.4495007894 69517.624 1.05399999999999999993
1  5.50e-03  0.4495007935 69517.624 1.05399999999999999993
1  5.75e-03  0.4495007866 69517.624 1.05399999999999999993
1  6.03e-03  0.4495007894 69517.624 1.05399999999999999993
1  6.31e-03  0.4495007796 69517.624 1.05399999999999999993
1  6.61e-03  0.4495007908 69517.624 1.05399999999999999993
1  6.92e-03  0.4495007884 69517.624 1.05399999999999999993
1  7.24e-03  0.4495007897 69517.624 1.05399999999999999993
1  7.59e-03  0.4495007891 69517.624 1.05399999999999999993
1  7.94e-03  0.4495007786 69517.624 1.05399999999999999993
1  8.32e-03  0.4495007903 69517.624 1.05399999999999999993
1  8.71e-03  0.4495007874 69517.624 1.05399999999999999993
1  9.12e-03  0.4495007821 69517.624 1.05399999999999999993
1  9.55e-03  0.4495007769 69517.624 1.05399999999999999993
1  1.00e-02  0.449500777 69517.624 1.05399999999999999993
1  1.05e-02  0.4495007736 69517.624 1.05399999999999999993
1  1.10e-02  0.4495007689 69517.624 1.05399999999999999993
1  1.15e-02  0.4495007787 69517.624 1.05399999999999999993
1  1.20e-02  0.4495007745 69517.624 1.05399999999999999993
1  1.26e-02  0.4495007838 69517.624 1.05399999999999999993
1  1.32e-02  0.4495007694 69517.624 1.05399999999999999993
1  1.38e-02  0.4495007743 69517.624 1.05399999999999999993
1  1.45e-02  0.4495007704 69517.624 1.05399999999999999993
1  1.51e-02  0.4495007689 69517.624 1.05399999999999999993
1  1.58e-02  0.4495007715 69517.624 1.05399999999999999993
1  1.66e-02  0.4495007836 69517.624 1.05399999999999999993
1  1.74e-02  0.4495007635 69517.624 1.05399999999999999993
1  1.82e-02  0.4495007881 69517.624 1.05399999999999999993
1  1.91e-02  0.4495007591 69517.624 1.05399999999999999993
1  2.00e-02  0.4495007759 69517.624 1.05399999999999999993
1  2.09e-02  0.4495007803 69517.624 1.05399999999999999993
1  2.19e-02  0.4495007872 69517.624 1.05399999999999999993
1  2.29e-02  0.4495007887 69517.624 1.05399999999999999993
1  2.40e-02  0.4495007097 69517.624 1.05399999999999999993
1  2.51e-02  0.4495007867 69517.624 1.05399999999999999993
1  2.63e-02  0.449500789 69517.624 1.05399999999999999993
1  2.75e-02  0.4495007889 69517.624 1.05399999999999999993
1  2.88e-02  0.449500749 69517.624 1.05399999999999999993
1  3.02e-02  0.4495007616 69517.624 1.05399999999999999993
1  3.16e-02  0.4495008031 69517.624 1.05399999999999999993
1  3.31e-02  0.4495008169 69517.624 1.05399999999999999993
1  3.47e-02  0.4495007593 69517.624 1.05399999999999999993
1  3.63e-02  0.4495010231 69517.624 1.05399999999999999993
1  3.80e-02  0.4494946209 69517.624 1.05399999999999999993
1  3.98e-02  0.4495007795 69517.624 1.05399999999999999993
1  4.17e-02  0.4495006483 69517.624 1.05399999999999999993
1  4.37e-02  0.4495007089 69517.624 1.05399999999999999993
1  4.57e-02  0.4495007094 69517.624 1.05399999999999999993
1  4.79e-02  0.4495006326 69517.624 1.05399999999999999993
1  5.01e-02  0.4495006843 69517.624 1.05399999999999999993
1  5.25e-02  0.4495007125 69517.624 1.05399999999999999993
1  5.50e-02  0.4495007187 69517.624 1.05399999999999999993
1  5.75e-02  0.4495006668 69517.624 1.05399999999999999993
1  6.03e-02  0.4495006565 69517.624 1.05399999999999999993
1  6.31e-02  0.4495006458 69517.624 1.05399999999999999993
1  6.61e-02  0.4495004634 69517.624 1.05399999999999999993
1  6.92e-02  0.4495007205 69517.624 1.05399999999999999993
1  7.24e-02  0.449500656 69517.624 1.05399999999999999993
1  7.59e-02  0.4495005613 69517.624 1.05399999999999999993
1  7.94e-02  0.4495004587 69517.624 1.05399999999999999993
1  8.32e-02  0.4495004554 69517.624 1.05399999999999999993
1  8.71e-02  0.4495006969 69517.624 1.05399999999999999993
1  9.12e-02  0.4495003227 69517.624 1.05399999999999999993
1  9.55e-02  0.4495006802 69517.624 1.05399999999999999993
1  1.00e-01  0.4495006181 69517.624 1.05399999999999999993
1  1.05e-01  0.4495005762 69517.624 1.05399999999999999993
1  1.10e-01  0.4495006096 69517.624 1.05399999999999999993
1  1.15e-01  0.4495006714 69517.624 1.05399999999999999993
1  1.20e-01  0.4495006672 69517.624 1.05399999999999999993
1  1.26e-01  0.4495005521 69517.624 1.05399999999999999993
1  1.32e-01  0.4495007164 69517.624 1.05399999999999999993
1  1.38e-01  0.4495005345 69517.624 1.05399999999999999993
1  1.45e-01  0.4495005994 69517.624 1.05399999999999999993
1  1.51e-01  0.449500564 69517.624 1.05399999999999999993
1  1.58e-01  0.4494998323 69517.624 1.05399999999999999993
1  1.66e-01  0.449500388 69517.624 1.05399999999999999993
1  1.74e-01  0.4495004825 69517.624 1.05399999999999999993
1  1.82e-01  0.4495006347 69517.624 1.05399999999999999993
1  1.91e-01  0.449500697 69517.624 1.05399999999999999993
1  2.00e-01  0.4495006832 69517.624 1.05399999999999999993
1  2.09e-01  0.4495005289 69517.624 1.05399999999999999993
1  2.19e-01  0.4495005597 69517.624 1.05399999999999999993
1  2.29e-01  0.4495004169 69517.624 1.05399999999999999993
1  2.40e-01  0.449500508 69517.624 1.05399999999999999993
1  2.51e-01  0.4495005206 69517.624 1.05399999999999999993
1  2.63e-01  0.4495006332 69517.624 1.05399999999999999993
1  2.75e-01  0.449500288 69517.624 1.05399999999999999993
1  2.88e-01  0.4494991188 69517.624 1.05399999999999999993
1  3.02e-01  0.4495007221 69517.624 1.05399999999999999993
1  3.16e-01  0.4495006319 69517.624 1.05399999999999999993
1  3.31e-01  0.4495002324 69517.624 1.05399999999999999993
1  3.47e-01  0.4495003426 69517.624 1.05399999999999999993
1  3.63e-01  0.4495005247 69517.624 1.05399999999999999993
1  3.80e-01  0.4495007036 69517.624 1.05399999999999999993
1  3.98e-01  0.4495005973 69517.624 1.05399999999999999993
1  4.17e-01  0.4495007232 69517.624 1.05399999999999999993
1  4.37e-01  0.4495004394 69517.624 1.05399999999999999993
1  4.57e-01  0.4495005388 69517.624 1.05399999999999999993
1  4.79e-01  0.4495006341 69517.624 1.05399999999999999993
1  5.01e-01  0.4494943462 69517.624 1.05399999999999999993
1  5.25e-01  0.4495007616 69517.624 1.05399999999999999993
1  5.50e-01  0.4495004971 69517.624 1.05399999999999999993
1  5.75e-01  0.4495003387 69517.624 1.05399999999999999993
1  6.03e-01  0.4494998227 69517.624 1.05399999999999999993
1  6.31e-01  0.4495005654 69517.624 1.05399999999999999993
1  6.61e-01  0.4494995067 69517.624 1.05399999999999999993
1  6.92e-01  0.4494955107 69517.624 1.05399999999999999993
1  7.24e-01  0.4494900105 69517.624 1.05399999999999999993
1  7.59e-01  0.449500438 69517.624 1.05399999999999999993
1  7.94e-01  0.4495002806 69517.624 1.05399999999999999993
1  8.32e-01  0.4495094572 69517.624 1.05399999999999999993
1  8.71e-01  0.4494999177 69517.624 1.05399999999999999993
1  9.12e-01  0.4495006015 69517.624 1.05399999999999999993
1  9.55e-01  0.449500525 69517.624 1.05399999999999999993
1  1.00e+00  0.4494998054 69517.624 1.05399999999999999993
1  1.05e+00  0.4495010786 69517.624 1.05399999999999999993
1  1.10e+00  0.4495062538 69517.624 1.05399999999999999993
1  1.15e+00  0.4494997006 69517.624 1.05399999999999999993
1  1.20e+00  0.4494870401 69517.624 1.05399999999999999993
1  1.26e+00  0.4494952458 69517.624 1.05399999999999999993
1  1.32e+00  0.4494979313 69517.624 1.05399999999999999993
1  1.38e+00  0.449499611 69517.624 1.05399999999999999993
1  1.45e+00  0.449499203 69517.624 1.05399999999999999993
1  1.51e+00  0.4495220613 69517.624 1.05399999999999999993
1  1.58e+00  0.4495153782 69517.624 1.05399999999999999993
1  1.66e+00  0.4494984829 69517.624 1.05399999999999999993
1  1.74e+00  0.449500542 69517.624 1.05399999999999999993
1  1.82e+00  0.4494984396 69517.624 1.05399999999999999993
1  1.91e+00  0.449498358 69517.624 1.05399999999999999993
1  2.00e+00  0.4495014582 69517.624 1.05399999999999999993
1  2.09e+00  0.4495069522 69517.624 1.05399999999999999993
1  2.19e+00  0.4495001399 69517.624 1.05399999999999999993
1  2.29e+00  0.4495001183 69517.624 1.05399999999999999993
1  2.40e+00  0.4494791724 69517.624 1.05399999999999999993
1  2.51e+00  0.4494982049 69517.624 1.05399999999999999993
1  2.63e+00  0.4494980356 69517.624 1.05399999999999999993
1  2.75e+00  0.4495114387 69517.624 1.05399999999999999993
1  2.88e+00  0.449510333 69517.624 1.05399999999999999993
1  3.02e+00  0.4495001699 69517.624 1.05399999999999999993
1  3.16e+00  0.4495249684 69517.624 1.05399999999999999993
1  3.31e+00  0.4494799859 69517.624 1.05399999999999999993
1  3.47e+00  0.4494687763 69517.624 1.05399999999999999993
1  3.63e+00  0.4494865053 69517.624 1.05399999999999999993
1  3.80e+00  0.4494968175 69517.624 1.05399999999999999993
1  3.98e+00  0.449498449 69517.624 1.05399999999999999993
1  4.17e+00  0.4495017473 69517.624 1.05399999999999999993
1  4.37e+00  0.4494963071 69517.624 1.05399999999999999993
1  4.57e+00  0.4494957681 69517.624 1.05399999999999999993
1  4.79e+00  0.4494942817 69517.624 1.05399999999999999993
1  5.01e+00  0.4494991765 69517.624 1.05399999999999999993
1  5.25e+00  0.4494935569 69517.624 1.05399999999999999993
1  5.50e+00  0.4495105214 69517.624 1.05399999999999999993
1  5.75e+00  0.4495006362 69517.624 1.05399999999999999993
1  6.03e+00  0.4494978989 69517.624 1.05399999999999999993
1  6.31e+00  0.4494803589 69517.624 1.05399999999999999993
1  6.61e+00  0.4494930923 69517.624 1.05399999999999999993
1  6.92e+00  0.449496498 69517.624 1.05399999999999999993
1  7.24e+00  0.4496789257 69517.624 1.05399999999999999993
1  7.59e+00  0.4494698154 69517.624 1.05399999999999999993
1  7.94e+00  0.449542525 69517.624 1.05399999999999999993
1  8.32e+00  0.4495591669 69517.624 1.05399999999999999993
1  8.71e+00  0.4494779385 69517.624 1.05399999999999999993
1  9.12e+00  0.4494925119 69517.624 1.05399999999999999993
1  9.55e+00  0.449358074 69517.624 1.05399999999999999993
1  1.00e+01  0.4493735742 69517.624 1.05399999999999999993
1  1.05e+01  0.4495985905 69517.624 1.05399999999999999993
1  1.10e+01  0.4495039581 69517.624 1.05399999999999999993
1  1.15e+01  0.4494906231 69517.624 1.05399999999999999993
1  1.20e+01  0.449480738 69517.624 1.05399999999999999993
1  1.26e+01  0.4495020789 69517.624 1.05399999999999999993
1  1.32e+01  0.4494986922 69517.624 1.05399999999999999993
1  1.38e+01  0.4494842643 69517.624 1.05399999999999999993
1  1.45e+01  0.4494850705 69517.624 1.05399999999999999993
1  1.51e+01  0.4494866087 69517.624 1.05399999999999999993
1  1.58e+01  0.4494865193 69517.624 1.05399999999999999993
1  1.66e+01  0.4494105972 69517.624 1.05399999999999999993
1  1.74e+01  0.4485604285 69517.624 1.05399999999999999993
1  1.82e+01  0.4498873344 69517.624 1.05399999999999999993
1  1.91e+01  0.4494769805 69517.624 1.05399999999999999993
1  2.00e+01  0.4490606051 69517.624 1.05399999999999999993
1  2.09e+01  0.4482241045 69517.624 1.05399999999999999993
1  2.19e+01  0.4493991934 69517.624 1.05399999999999999993
1  2.29e+01  0.4497905353 69517.624 1.05399999999999999993
1  2.40e+01  0.4491298359 69517.624 1.05399999999999999993
1  2.51e+01  0.4496705759 69517.624 1.05399999999999999993
1  2.63e+01  0.4493072896 69517.624 1.05399999999999999993
1  2.75e+01  0.4505928748 69517.624 1.05399999999999999993
1  2.88e+01  0.4493948495 69517.624 1.05399999999999999993
1  3.02e+01  0.4492132414 69517.624 1.05399999999999999993
1  3.16e+01  0.4491554333 69517.624 1.05399999999999999993
1  3.31e+01  0.449234428 69517.624 1.05399999999999999993
1  3.47e+01  0.4490034493 69517.624 1.05399999999999999993
1  3.63e+01  0.4490950257 69517.624 1.05399999999999999993
1  3.80e+01  0.4498689781 69517.624 1.05399999999999999993
1  3.98e+01  0.4494710476 69517.624 1.05399999999999999993
1  4.17e+01  0.4492409282 69517.624 1.05399999999999999993
1  4.37e+01  0.4495276543 69517.624 1.05399999999999999993
1  4.57e+01  0.448984856 69517.624 1.05399999999999999993
1  4.79e+01  0.4498031014 69517.624 1.05399999999999999993
1  5.01e+01  0.4494427522 69517.624 1.05399999999999999993
1  5.25e+01  0.4494454601 69517.624 1.05399999999999999993
1  5.50e+01  0.4493628623 69517.624 1.05399999999999999993
1  5.75e+01  0.4492091181 69517.624 1.05399999999999999993
1  6.03e+01  0.4499134582 69517.624 1.05399999999999999993
1  6.31e+01  0.4490958238 69517.624 1.05399999999999999993
1  6.61e+01  0.4494601934 69517.624 1.05399999999999999993
1  6.92e+01  0.4494171211 69517.624 1.05399999999999999993
1  7.24e+01  0.4497157732 69517.624 1.05399999999999999993
1  7.59e+01  0.449218281 69517.624 1.05399999999999999993
1  7.94e+01  0.4494707179 69517.624 1.05399999999999999993
1  8.32e+01  0.4494245365 69517.624 1.05399999999999999993
1  8.71e+01  0.4494763445 69517.624 1.05399999999999999993
1  9.12e+01  0.4494359515 69517.624 1.05399999999999999993
1  9.55e+01  0.4494918859 69517.624 1.05399999999999999993
1  1.00e+02  0.4492571015 69517.624 1.05399999999999999993
1  1.05e+02  0.4494734779 69517.624 1.05399999999999999993
1  1.10e+02  0.4494984198 69517.624 1.05399999999999999993
1  1.15e+02  0.4493571493 69517.624 1.05399999999999999993
1  1.20e+02  0.4493067894 69517.624 1.05399999999999999993
1  1.26e+02  0.4497760404 69517.624 1.05399999999999999993
1  1.32e+02  0.4492873239 69517.624 1.05399999999999999993
1  1.38e+02  0.4494072024 69517.624 1.05399999999999999993
1  1.45e+02  0.4494927326 69517.624 1.05399999999999999993
1  1.51e+02  0.4493415335 69517.624 1.05399999999999999993
1  1.58e+02  0.4490280692 69517.624 1.05399999999999999993
1  1.66e+02  0.4494692645 69517.624 1.05399999999999999993
1  1.74e+02  0.4493715594 69517.624 1.05399999999999999993
1  1.82e+02  0.449294025 69517.624 1.05399999999999999993
1  1.91e+02  0.4491451311 69517.624 1.05399999999999999993
1  2.00e+02  0.4494913795 69517.624 1.05399999999999999993
1  2.09e+02  0.4491059303 69517.624 1.05399999999999999993
1  2.19e+02  0.4493564726 69517.624 1.05399999999999999993
1  2.29e+02  0.4493038169 69517.624 1.05399999999999999993
1  2.40e+02  0.4492586349 69517.624 1.05399999999999999993
1  2.51e+02  0.4496465275 69517.624 1.05399999999999999993
1  2.63e+02  0.4492972361 69517.624 1.05399999999999999993
1  2.75e+02  0.4493393853 69517.624 1.05399999999999999993
1  2.88e+02  0.4494344917 69517.624 1.05399999999999999993
1  3.02e+02  0.4492152221 69517.624 1.05399999999999999993
1  3.16e+02  0.4491705837 69517.624 1.05399999999999999993
1  3.31e+02  0.4489117317 69517.624 1.05399999999999999993
1  3.47e+02  0.4494337093 69517.624 1.05399999999999999993
1  3.63e+02  0.4491685668 69517.624 1.05399999999999999993
1  3.80e+02  0.4491797127 69517.624 1.05399999999999999993
1  3.98e+02  0.4495269733 69517.624 1.05399999999999999993
1  4.17e+02  0.4490033311 69517.624 1.05399999999999999993
1  4.37e+02  0.4489646867 69517.624 1.05399999999999999993
1  4.57e+02  0.4489347536 69517.624 1.05399999999999999993
1  4.79e+02  0.4493425267 69517.624 1.05399999999999999993
1  5.01e+02  0.4492416137 69517.624 1.05399999999999999993
1  5.25e+02  0.4491429944 69517.624 1.05399999999999999993
1  5.50e+02  0.4495941379 69517.624 1.05399999999999999993
1  5.75e+02  0.4487984493 69517.624 1.05399999999999999993
1  6.03e+02  0.4485055626 69517.624 1.05399999999999999993
1  6.31e+02  0.4483732305 69517.624 1.05399999999999999993
1  6.61e+02  0.4490158255 69517.624 1.05399999999999999993
1  6.92e+02  0.4486454012 69517.624 1.05399999999999999993
1  7.24e+02  0.4484834603 69517.624 1.05399999999999999993
1  7.59e+02  0.4486198458 69517.624 1.05399999999999999993
1  7.94e+02  0.4491442586 69517.624 1.05399999999999999993
1  8.32e+02  0.4487108903 69517.624 1.05399999999999999993
1  8.71e+02  0.4487652843 69517.624 1.05399999999999999993
1  9.12e+02  0.4477761936 69517.624 1.05399999999999999993
1  9.55e+02  0.4496437827 69517.624 1.05399999999999999993
1  1.00e+03  0.4491105469 69517.624 1.05399999999999999993
1  1.05e+03  0.4494716759 69517.624 1.05399999999999999993
1  1.10e+03  0.4488037844 69517.624 1.05399999999999999993
1  1.15e+03  0.4461879885 69517.624 1.05399999999999999993
1  1.20e+03  0.4496991655 69517.624 1.05399999999999999993
1  1.26e+03  0.4496245597 69517.624 1.05399999999999999993
1  1.32e+03  0.450856716 69517.624 1.05399999999999999993
1  1.38e+03  0.450828991 69517.624 1.05399999999999999993
1  1.45e+03  0.4458105604 69517.624 1.05399999999999999993
1  1.51e+03  0.4497351371 69517.624 1.05399999999999999993
1  1.58e+03  0.4419538403 69517.624 1.05399999999999999993
1  1.66e+03  0.4410907006 69517.624 1.05399999999999999993
1  1.74e+03  0.4434594148 69517.624 1.05399999999999999993
1  1.82e+03  0.4481501619 69517.624 1.05399999999999999993
1  1.91e+03  0.4574670228 69517.624 1.05399999999999999993
1  2.00e+03  0.4493461167 69517.624 1.05399999999999999993
1  2.09e+03  0.4572560259 69517.624 1.05399999999999999993
1  2.19e+03  0.4559638921 69517.624 1.05399999999999999993
1  2.29e+03  0.4482258464 69517.624 1.05399999999999999993
1  2.40e+03  0.4461091261 69517.624 1.05399999999999999993
1  2.51e+03  0.4521964184 69517.624 1.05399999999999999993
1  2.63e+03  0.4314385822 69517.624 1.05399999999999999993
1  2.75e+03  0.4261253219 69517.624 1.05399999999999999993
1  2.88e+03  0.433844759 69517.624 1.05399999999999999993
1  3.02e+03  0.4484331744 69517.624 1.05399999999999999993
1  3.16e+03  0.4303741225 69517.624 1.05399999999999999993
1  3.31e+03  0.4228721551 69517.624 1.05399999999999999993
1  3.47e+03  0.418925231 69517.624 1.05399999999999999993
1  3.63e+03  0.4457938459 69517.624 1.05399999999999999993
1  3.80e+03  0.4594105123 69517.624 1.05399999999999999993
1  3.98e+03  0.4629197783 69517.624 1.05399999999999999993
1  4.17e+03  0.4348874376 69517.624 1.05399999999999999993
1  4.37e+03  0.4676212355 69517.624 1.05399999999999999993
1  4.57e+03  0.4334872668 69517.624 1.05399999999999999993
1  4.79e+03  0.4678978942 69517.624 1.05399999999999999993
1  5.01e+03  0.4540683379 69517.624 1.05399999999999999993
1  5.25e+03  0.4464967302 69517.624 1.05399999999999999993
1  5.50e+03  0.4192232818 69517.624 1.05399999999999999993
1  5.75e+03  0.4489119891 69517.624 1.05399999999999999993
1  6.03e+03  0.4323730149 69517.624 1.05399999999999999993
1  6.31e+03  0.3811949927 69517.624 1.05399999999999999993
1  6.61e+03  0.3916514704 69517.624 1.05399999999999999993
1  6.92e+03  0.4173039485 69517.624 1.05399999999999999993
1  7.24e+03  0.5006839176 69517.624 1.05399999999999999993
1  7.59e+03  0.3709916582 69517.624 1.05399999999999999993
1  7.94e+03  0.4757692602 69517.624 1.05399999999999999993
1  8.32e+03  0.404220927 69517.624 1.05399999999999999993
1  8.71e+03  0.4188389253 69517.624 1.05399999999999999993
1  9.12e+03  0.368574346 69517.624 1.05399999999999999993
1  9.55e+03  0.4000866705 69517.624 1.05399999999999999993
1  1.00e+04  0.463120716 69517.624 1.05399999999999999993
1  1.05e+04  0.3377003044 69517.624 1.05399999999999999993
1  1.10e+04  0.4455188649 69517.624 1.05399999999999999993
1  1.15e+04  0.3653765257 69517.624 1.05399999999999999993
1  1.20e+04  0.4109434483 69517.624 1.05399999999999999993
1  1.26e+04  0.3622595792 69517.624 1.05399999999999999993
1  1.32e+04  0.4203694744 69517.624 1.05399999999999999993
1  1.38e+04  0.2951334329 69517.624 1.05399999999999999993
1  1.45e+04  0.4156960337 69517.624 1.05399999999999999993
1  1.51e+04  0.3260788232 69517.624 1.05399999999999999993
1  1.58e+04  0.3368887291 69517.624 1.05399999999999999993
1  1.66e+04  0.3635953053 69517.624 1.05399999999999999993
1  1.74e+04  0.4339199079 69517.624 1.05399999999999999993
1  1.82e+04  0.3023788341 69517.624 1.05399999999999999993
1  1.91e+04  0.3104818429 69517.624 1.05399999999999999993
1  2.00e+04  0.2054712786 69517.624 1.05399999999999999993
1  2.09e+04  0.2391922646 69517.624 1.05399999999999999993
1  2.19e+04  0.3654892079 69517.624 1.05399999999999999993
1  2.29e+04  0.1530808749 69517.624 1.05399999999999999993
1  2.40e+04  0.2168717367 69517.624 1.05399999999999999993
1  2.51e+04  0.3809115681 69517.624 1.05399999999999999993
1  2.63e+04  0.3140118608 69517.624 1.05399999999999999993
1  2.75e+04  0.4411390637 69517.624 1.05399999999999999993
1  2.88e+04  0.2240509427 69517.624 1.05399999999999999993
1  3.02e+04  0.2184579833 69517.624 1.05399999999999999993
1  3.16e+04  0.4276792216 69517.624 1.05399999999999999993
1  3.31e+04  0.4276320369 69517.624 1.05399999999999999993
1  3.47e+04  0.1423182583 69517.624 1.05399999999999999993
1  3.63e+04  0.3645028804 69517.624 1.05399999999999999993
1  3.80e+04  0.1967018748 69517.624 1.05399999999999999993
1  3.98e+04  0.3548881402 69517.624 1.05399999999999999993
1  4.17e+04  0.326897951 69517.624 1.05399999999999999993
1  4.37e+04  0.3877186457 69517.624 1.05399999999999999993
1  4.57e+04  0.4398032796 69517.624 1.05399999999999999993
1  4.79e+04  0.1715999861 69517.624 1.05399999999999999993
1  5.01e+04  0.3421565271 69517.624 1.05399999999999999993
1  5.25e+04  0.2741929408 69517.624 1.05399999999999999993
1  5.50e+04  0.1271315001 69517.624 1.05399999999999999993
1  5.75e+04  0.4128474654 69517.624 1.05399999999999999993
1  6.03e+04  0.2568290968 69517.624 1.05399999999999999993
1  6.31e+04  0.3019753313 69517.624 1.05399999999999999993
1  6.61e+04  0.4486206161 69517.624 1.05399999999999999993
1  6.92e+04  0.3987341694 69517.624 1.05399999999999999993
1  7.24e+04  0.4098976123 69517.624 1.05399999999999999993
1  7.59e+04  0.3625614379 69517.624 1.05399999999999999993
1  7.94e+04  0.3006850481 69517.624 1.05399999999999999993
1  8.32e+04  0.4020729257 69517.624 1.05399999999999999993
1  8.71e+04  0.4367018614 69517.624 1.05399999999999999993
1  9.12e+04  0.2626621943 69517.624 1.05399999999999999993
1  9.55e+04  0.1547332207 69517.624 1.05399999999999999993
1  1.00e+05  0.2754490166 69517.624 1.05399999999999999993
1  1.05e+05  0.4106569255 69517.624 1.05399999999999999993
1  1.10e+05  0.3584838072 69517.624 1.05399999999999999993
1  1.15e+05  0.21197247 69517.624 1.05399999999999999993
1  1.20e+05  0.1705714497 69517.624 1.05399999999999999993
1  1.26e+05  0.272557767 69517.624 1.05399999999999999993
1  1.32e+05  0.394624868 69517.624 1.05399999999999999993
1  1.38e+05  0.4243775332 69517.624 1.05399999999999999993
1  1.45e+05  0.3642510896 69517.624 1.05399999999999999993
1  1.51e+05  0.2934818539 69517.624 1.05399999999999999993
1  1.58e+05  0.2778393368 69517.624 1.05399999999999999993
1  1.66e+05  0.3232875772 69517.624 1.05399999999999999993
1  1.74e+05  0.3916144979 69517.624 1.05399999999999999993
1  1.82e+05  0.4408879139 69517.624 1.05399999999999999993
1  1.91e+05  0.4527626607 69517.624 1.05399999999999999993
1  2.00e+05  0.4348341487 69517.624 1.05399999999999999993
1  2.09e+05  0.4073234068 69517.624 1.05399999999999999993
1  2.19e+05  0.3883014376 69517.624 1.05399999999999999993
1  2.29e+05  0.3858562085 69517.624 1.05399999999999999993
1  2.40e+05  0.3980677401 69517.624 1.05399999999999999993
1  2.51e+05  0.4174208055 69517.624 1.05399999999999999993
1  2.63e+05  0.4358041207 69517.624 1.05399999999999999993
1  2.75e+05  0.447780954 69517.624 1.05399999999999999993
1  2.88e+05  0.4516003893 69517.624 1.05399999999999999993
1  3.02e+05  0.4485401103 69517.624 1.05399999999999999993
1  3.16e+05  0.4415112788 69517.624 1.05399999999999999993
1  3.31e+05  0.4336866998 69517.624 1.05399999999999999993
1  3.47e+05  0.4275612922 69517.624 1.05399999999999999993
1  3.63e+05  0.4245372114 69517.624 1.05399999999999999993
1  3.80e+05  0.4249326134 69517.624 1.05399999999999999993
1  3.98e+05  0.4282417157 69517.624 1.05399999999999999993
1  4.17e+05  0.43348438 69517.624 1.05399999999999999993
1  4.37e+05  0.439531828 69517.624 1.05399999999999999993
1  4.57e+05  0.4453493371 69517.624 1.05399999999999999993
1  4.79e+05  0.4501399761 69517.624 1.05399999999999999993
1  5.01e+05  0.4534004389 69517.624 1.05399999999999999993
1  5.25e+05  0.4549124144 69517.624 1.05399999999999999993
1  5.50e+05  0.4546950031 69517.624 1.05399999999999999993
1  5.75e+05  0.4529399513 69517.624 1.05399999999999999993
1  6.03e+05  0.4499454243 69517.624 1.05399999999999999993
1  6.31e+05  0.4457082523 69517.624 1.05399999999999999993
1  6.61e+05  0.4401133384 69517.624 1.05399999999999999993
1  6.92e+05  0.4347001633 69517.624 1.05399999999999999993
1  7.24e+05  0.4294929401 69517.624 1.05399999999999999993
1  7.59e+05  0.424769764 69517.624 1.05399999999999999993
1  7.94e+05  0.4207127748 69517.624 1.05399999999999999993
1  8.32e+05  0.4174210051 69517.624 1.05399999999999999993
1  8.71e+05  0.4149264853 69517.624 1.05399999999999999993
1  9.12e+05  0.4132107713 69517.624 1.05399999999999999993
1  9.55e+05  0.4122201576 69517.624 1.05399999999999999993
1  1.00e+06  0.4118786702 69517.624 1.05399999999999999993
1  1.05e+06  0.4120985163 69517.624 1.05399999999999999993
1  1.10e+06  0.4127880389 69517.624 1.05399999999999999993
1  1.15e+06  0.4138574346 69517.624 1.05399999999999999993
1  1.20e+06  0.415191827 69517.624 1.05399999999999999993
1  1.26e+06  0.4167693101 69517.624 1.05399999999999999993
1  1.32e+06  0.4185015733 69517.624 1.05399999999999999993
1  1.38e+06  0.4203310211 69517.624 1.05399999999999999993
1  1.45e+06  0.4222093984 69517.624 1.05399999999999999993
1  1.51e+06  0.4240971971 69517.624 1.05399999999999999993
1  1.58e+06  0.425962841 69517.624 1.05399999999999999993
1  1.66e+06  0.4277817637 69517.624 1.05399999999999999993
1  1.74e+06  0.4295354613 69517.624 1.05399999999999999993
1  1.82e+06  0.4312105731 69517.624 1.05399999999999999993
1  1.91e+06  0.4327980262 69517.624 1.05399999999999999993
1  2.00e+06  0.434292261 69517.624 1.05399999999999999993
1  2.09e+06  0.4356905478 69517.624 1.05399999999999999993
1  2.19e+06  0.4369923935 69517.624 1.05399999999999999993
1  2.29e+06  0.4381990367 69517.624 1.05399999999999999993
1  2.40e+06  0.4393130228 69517.624 1.05399999999999999993
1  2.51e+06  0.4403074364 69517.624 1.05399999999999999993
1  2.63e+06  0.4412495414 69517.624 1.05399999999999999993
1  2.75e+06  0.4421111577 69517.624 1.05399999999999999993
1  2.88e+06  0.4428971269 69517.624 1.05399999999999999993
1  3.02e+06  0.4436123994 69517.624 1.05399999999999999993
1  3.16e+06  0.4442619219 69517.624 1.05399999999999999993
1  3.31e+06  0.4448505523 69517.624 1.05399999999999999993
1  3.47e+06  0.4453829969 69517.624 1.05399999999999999993
1  3.63e+06  0.445863766 69517.624 1.05399999999999999993
1  3.80e+06  0.446297144 69517.624 1.05399999999999999993
1  3.98e+06  0.4466871714 69517.624 1.05399999999999999993
1  4.17e+06  0.4470376345 69517.624 1.05399999999999999993
1  4.37e+06  0.4473520638 69517.624 1.05399999999999999993
1  4.57e+06  0.4476337362 69517.624 1.05399999999999999993
1  4.79e+06  0.4478856814 69517.624 1.05399999999999999993
1  5.01e+06  0.4481026572 69517.624 1.05399999999999999993
1  5.25e+06  0.448304035 69517.624 1.05399999999999999993
1  5.50e+06  0.4484833294 69517.624 1.05399999999999999993
1  5.75e+06  0.4486426954 69517.624 1.05399999999999999993
1  6.03e+06  0.4487840993 69517.624 1.05399999999999999993
1  6.31e+06  0.4489093327 69517.624 1.05399999999999999993
1  6.61e+06  0.4490200244 69517.624 1.05399999999999999993
1  6.92e+06  0.4491176539 69517.624 1.05399999999999999993
1  7.24e+06  0.4492035627 69517.624 1.05399999999999999993
1  7.59e+06  0.4492789658 69517.624 1.05399999999999999993
1  7.94e+06  0.4493449625 69517.624 1.05399999999999999993
1  8.32e+06  0.4494025462 69517.624 1.05399999999999999993
1  8.71e+06  0.449452614 69517.624 1.05399999999999999993
1  9.12e+06  0.4494959748 69517.624 1.05399999999999999993
1  9.55e+06  0.4495333578 69517.624 1.05399999999999999993
1  1.00e+07  0.4495635793 69517.624 1.05399999999999999993
