1  1.00e-03  0.3652167012  5.982657e-01 1.07800000000000000000
1  1.05e-03  0.3652166932  5.982657e-01 1.07800000000000000000
1  1.10e-03  0.3652167008  5.982657e-01 1.07800000000000000000
1  1.15e-03  0.3652166963  5.982657e-01 1.07800000000000000000
1  1.20e-03  0.3652166974  5.982657e-01 1.07800000000000000000
1  1.26e-03  0.3652166975  5.982657e-01 1.07800000000000000000
1  1.32e-03  0.3652166988  5.982657e-01 1.07800000000000000000
1  1.38e-03  0.3652166976  5.982657e-01 1.07800000000000000000
1  1.45e-03  0.3652166987  5.982657e-01 1.07800000000000000000
1  1.51e-03  0.3652166996  5.982657e-01 1.07800000000000000000
1  1.58e-03  0.3652167003  5.982657e-01 1.07800000000000000000
1  1.66e-03  0.3652166984  5.982657e-01 1.07800000000000000000
1  1.74e-03  0.3652166981  5.982657e-01 1.07800000000000000000
1  1.82e-03  0.3652166988  5.982657e-01 1.07800000000000000000
1  1.91e-03  0.3652166978  5.982657e-01 1.07800000000000000000
1  2.00e-03  0.3652166961  5.982657e-01 1.07800000000000000000
1  2.09e-03  0.3652167007  5.982657e-01 1.07800000000000000000
1  2.19e-03  0.3652167008  5.982657e-01 1.07800000000000000000
1  2.29e-03  0.3652166938  5.982657e-01 1.07800000000000000000
1  2.40e-03  0.3652166964  5.982657e-01 1.07800000000000000000
1  2.51e-03  0.3652166987  5.982657e-01 1.07800000000000000000
1  2.63e-03  0.3652166979  5.982657e-01 1.07800000000000000000
1  2.75e-03  0.3652166978  5.982657e-01 1.07800000000000000000
1  2.88e-03  0.3652166965  5.982657e-01 1.07800000000000000000
1  3.02e-03  0.3652166985  5.982657e-01 1.07800000000000000000
1  3.16e-03  0.3652166994  5.982657e-01 1.07800000000000000000
1  3.31e-03  0.3652166999  5.982657e-01 1.07800000000000000000
1  3.47e-03  0.3652166982  5.982657e-01 1.07800000000000000000
1  3.63e-03  0.3652166999  5.982657e-01 1.07800000000000000000
1  3.80e-03  0.3652167001  5.982657e-01 1.07800000000000000000
1  3.98e-03  0.3652167001  5.982657e-01 1.07800000000000000000
1  4.17e-03  0.365216711  5.982657e-01 1.07800000000000000000
1  4.37e-03  0.3652166977  5.982657e-01 1.07800000000000000000
1  4.57e-03  0.3652166998  5.982657e-01 1.07800000000000000000
1  4.79e-03  0.3652166966  5.982657e-01 1.07800000000000000000
1  5.01e-03  0.365216697  5.982657e-01 1.07800000000000000000
1  5.25e-03  0.3652166989  5.982657e-01 1.07800000000000000000
1  5.50e-03  0.3652166986  5.982657e-01 1.07800000000000000000
1  5.75e-03  0.3652167003  5.982657e-01 1.07800000000000000000
1  6.03e-03  0.3652166993  5.982657e-01 1.07800000000000000000
1  6.31e-03  0.3652167001  5.982657e-01 1.07800000000000000000
1  6.61e-03  0.3652166985  5.982657e-01 1.07800000000000000000
1  6.92e-03  0.3652167  5.982657e-01 1.07800000000000000000
1  7.24e-03  0.3652166984  5.982657e-01 1.07800000000000000000
1  7.59e-03  0.3652166982  5.982657e-01 1.07800000000000000000
1  7.94e-03  0.3652166988  5.982657e-01 1.07800000000000000000
1  8.32e-03  0.3652166994  5.982657e-01 1.07800000000000000000
1  8.71e-03  0.3652166996  5.982657e-01 1.07800000000000000000
1  9.12e-03  0.3652166971  5.982657e-01 1.07800000000000000000
1  9.55e-03  0.3652166977  5.982657e-01 1.07800000000000000000
1  1.00e-02  0.365216699  5.982657e-01 1.07800000000000000000
1  1.05e-02  0.3652166977  5.982657e-01 1.07800000000000000000
1  1.10e-02  0.365216699  5.982657e-01 1.07800000000000000000
1  1.15e-02  0.3652166976  5.982657e-01 1.07800000000000000000
1  1.20e-02  0.3652166988  5.982657e-01 1.07800000000000000000
1  1.26e-02  0.3652166985  5.982657e-01 1.07800000000000000000
1  1.32e-02  0.3652166997  5.982657e-01 1.07800000000000000000
1  1.38e-02  0.3652166975  5.982657e-01 1.07800000000000000000
1  1.45e-02  0.3652166979  5.982657e-01 1.07800000000000000000
1  1.51e-02  0.3652166986  5.982657e-01 1.07800000000000000000
1  1.58e-02  0.3652166998  5.982657e-01 1.07800000000000000000
1  1.66e-02  0.3652166994  5.982657e-01 1.07800000000000000000
1  1.74e-02  0.3652166986  5.982657e-01 1.07800000000000000000
1  1.82e-02  0.3652166694  5.982657e-01 1.07800000000000000000
1  1.91e-02  0.3652166994  5.982657e-01 1.07800000000000000000
1  2.00e-02  0.3652166995  5.982657e-01 1.07800000000000000000
1  2.09e-02  0.3652166994  5.982657e-01 1.07800000000000000000
1  2.19e-02  0.3652166981  5.982657e-01 1.07800000000000000000
1  2.29e-02  0.3652167048  5.982657e-01 1.07800000000000000000
1  2.40e-02  0.3652166377  5.982657e-01 1.07800000000000000000
1  2.51e-02  0.3652166963  5.982657e-01 1.07800000000000000000
1  2.63e-02  0.3652166983  5.982657e-01 1.07800000000000000000
1  2.75e-02  0.3652166978  5.982657e-01 1.07800000000000000000
1  2.88e-02  0.3652166952  5.982657e-01 1.07800000000000000000
1  3.02e-02  0.3652166987  5.982657e-01 1.07800000000000000000
1  3.16e-02  0.3652166945  5.982657e-01 1.07800000000000000000
1  3.31e-02  0.3652166961  5.982657e-01 1.07800000000000000000
1  3.47e-02  0.3652166981  5.982657e-01 1.07800000000000000000
1  3.63e-02  0.3652166967  5.982657e-01 1.07800000000000000000
1  3.80e-02  0.3652166982  5.982657e-01 1.07800000000000000000
1  3.98e-02  0.3652166987  5.982657e-01 1.07800000000000000000
1  4.17e-02  0.3652166967  5.982657e-01 1.07800000000000000000
1  4.37e-02  0.3652166917  5.982657e-01 1.07800000000000000000
1  4.57e-02  0.3652166977  5.982657e-01 1.07800000000000000000
1  4.79e-02  0.3652166639  5.982657e-01 1.07800000000000000000
1  5.01e-02  0.3652166952  5.982657e-01 1.07800000000000000000
1  5.25e-02  0.3652167002  5.982657e-01 1.07800000000000000000
1  5.50e-02  0.36521668  5.982657e-01 1.07800000000000000000
1  5.75e-02  0.3652166923  5.982657e-01 1.07800000000000000000
1  6.03e-02  0.3652166945  5.982657e-01 1.07800000000000000000
1  6.31e-02  0.3652166907  5.982657e-01 1.07800000000000000000
1  6.61e-02  0.3652166947  5.982657e-01 1.07800000000000000000
1  6.92e-02  0.3652166972  5.982657e-01 1.07800000000000000000
1  7.24e-02  0.3652166963  5.982657e-01 1.07800000000000000000
1  7.59e-02  0.3652168031  5.982657e-01 1.07800000000000000000
1  7.94e-02  0.3652166787  5.982657e-01 1.07800000000000000000
1  8.32e-02  0.3652166744  5.982657e-01 1.07800000000000000000
1  8.71e-02  0.3652166929  5.982657e-01 1.07800000000000000000
1  9.12e-02  0.3652166934  5.982657e-01 1.07800000000000000000
1  9.55e-02  0.3652166909  5.982657e-01 1.07800000000000000000
1  1.00e-01  0.3652166876  5.982657e-01 1.07800000000000000000
1  1.05e-01  0.3652166843  5.982657e-01 1.07800000000000000000
1  1.10e-01  0.3652166884  5.982657e-01 1.07800000000000000000
1  1.15e-01  0.365216696  5.982657e-01 1.07800000000000000000
1  1.20e-01  0.3652166952  5.982657e-01 1.07800000000000000000
1  1.26e-01  0.3652166921  5.982657e-01 1.07800000000000000000
1  1.32e-01  0.3652166972  5.982657e-01 1.07800000000000000000
1  1.38e-01  0.3652166922  5.982657e-01 1.07800000000000000000
1  1.45e-01  0.3652166553  5.982657e-01 1.07800000000000000000
1  1.51e-01  0.3652166799  5.982657e-01 1.07800000000000000000
1  1.58e-01  0.3652166951  5.982657e-01 1.07800000000000000000
1  1.66e-01  0.3652166792  5.982657e-01 1.07800000000000000000
1  1.74e-01  0.3652166824  5.982657e-01 1.07800000000000000000
1  1.82e-01  0.3652166801  5.982657e-01 1.07800000000000000000
1  1.91e-01  0.3652166817  5.982657e-01 1.07800000000000000000
1  2.00e-01  0.3652166877  5.982657e-01 1.07800000000000000000
1  2.09e-01  0.3652174048  5.982657e-01 1.07800000000000000000
1  2.19e-01  0.3652166874  5.982657e-01 1.07800000000000000000
1  2.29e-01  0.3652166932  5.982657e-01 1.07800000000000000000
1  2.40e-01  0.3652166798  5.982657e-01 1.07800000000000000000
1  2.51e-01  0.365216694  5.982657e-01 1.07800000000000000000
1  2.63e-01  0.3652166876  5.982657e-01 1.07800000000000000000
1  2.75e-01  0.3652166808  5.982657e-01 1.07800000000000000000
1  2.88e-01  0.3652166805  5.982657e-01 1.07800000000000000000
1  3.02e-01  0.3652146001  5.982657e-01 1.07800000000000000000
1  3.16e-01  0.3652166367  5.982657e-01 1.07800000000000000000
1  3.31e-01  0.3652166959  5.982657e-01 1.07800000000000000000
1  3.47e-01  0.3652166986  5.982657e-01 1.07800000000000000000
1  3.63e-01  0.3652166701  5.982657e-01 1.07800000000000000000
1  3.80e-01  0.3652166829  5.982657e-01 1.07800000000000000000
1  3.98e-01  0.3652166914  5.982657e-01 1.07800000000000000000
1  4.17e-01  0.3652166894  5.982657e-01 1.07800000000000000000
1  4.37e-01  0.365216699  5.982657e-01 1.07800000000000000000
1  4.57e-01  0.365216682  5.982657e-01 1.07800000000000000000
1  4.79e-01  0.3652166055  5.982657e-01 1.07800000000000000000
1  5.01e-01  0.365216696  5.982657e-01 1.07800000000000000000
1  5.25e-01  0.3652166641  5.982657e-01 1.07800000000000000000
1  5.50e-01  0.3652167142  5.982657e-01 1.07800000000000000000
1  5.75e-01  0.365216701  5.982657e-01 1.07800000000000000000
1  6.03e-01  0.3652166566  5.982657e-01 1.07800000000000000000
1  6.31e-01  0.365216565  5.982657e-01 1.07800000000000000000
1  6.61e-01  0.3652167104  5.982657e-01 1.07800000000000000000
1  6.92e-01  0.365216677  5.982657e-01 1.07800000000000000000
1  7.24e-01  0.3652166157  5.982657e-01 1.07800000000000000000
1  7.59e-01  0.365216561  5.982657e-01 1.07800000000000000000
1  7.94e-01  0.3652167666  5.982657e-01 1.07800000000000000000
1  8.32e-01  0.3652165718  5.982657e-01 1.07800000000000000000
1  8.71e-01  0.3652166386  5.982657e-01 1.07800000000000000000
1  9.12e-01  0.3652165926  5.982657e-01 1.07800000000000000000
1  9.55e-01  0.3652166419  5.982657e-01 1.07800000000000000000
1  1.00e+00  0.3652176224  5.982657e-01 1.07800000000000000000
1  1.05e+00  0.3652166485  5.982657e-01 1.07800000000000000000
1  1.10e+00  0.3652166434  5.982657e-01 1.07800000000000000000
1  1.15e+00  0.3652166567  5.982657e-01 1.07800000000000000000
1  1.20e+00  0.3652166647  5.982657e-01 1.07800000000000000000
1  1.26e+00  0.365213229  5.982657e-01 1.07800000000000000000
1  1.32e+00  0.3652165759  5.982657e-01 1.07800000000000000000
1  1.38e+00  0.3652165911  5.982657e-01 1.07800000000000000000
1  1.45e+00  0.3652164889  5.982657e-01 1.07800000000000000000
1  1.51e+00  0.3652173536  5.982657e-01 1.07800000000000000000
1  1.58e+00  0.3652168183  5.982657e-01 1.07800000000000000000
1  1.66e+00  0.3652166993  5.982657e-01 1.07800000000000000000
1  1.74e+00  0.365216517  5.982657e-01 1.07800000000000000000
1  1.82e+00  0.3652113496  5.982657e-01 1.07800000000000000000
1  1.91e+00  0.3652167405  5.982657e-01 1.07800000000000000000
1  2.00e+00  0.3652165896  5.982657e-01 1.07800000000000000000
1  2.09e+00  0.3652167685  5.982657e-01 1.07800000000000000000
1  2.19e+00  0.365216616  5.982657e-01 1.07800000000000000000
1  2.29e+00  0.3652168407  5.982657e-01 1.07800000000000000000
1  2.40e+00  0.3652155915  5.982657e-01 1.07800000000000000000
1  2.51e+00  0.3652163709  5.982657e-01 1.07800000000000000000
1  2.63e+00  0.3652166868  5.982657e-01 1.07800000000000000000
1  2.75e+00  0.3652172885  5.982657e-01 1.07800000000000000000
1  2.88e+00  0.3651975079  5.982657e-01 1.07800000000000000000
1  3.02e+00  0.3652167496  5.982657e-01 1.07800000000000000000
1  3.16e+00  0.3652168882  5.982657e-01 1.07800000000000000000
1  3.31e+00  0.3652117554  5.982657e-01 1.07800000000000000000
1  3.47e+00  0.3651693269  5.982657e-01 1.07800000000000000000
1  3.63e+00  0.3651935229  5.982657e-01 1.07800000000000000000
1  3.80e+00  0.3652167715  5.982657e-01 1.07800000000000000000
1  3.98e+00  0.3652171544  5.982657e-01 1.07800000000000000000
1  4.17e+00  0.3652165287  5.982657e-01 1.07800000000000000000
1  4.37e+00  0.3652169208  5.982657e-01 1.07800000000000000000
1  4.57e+00  0.3652160414  5.982657e-01 1.07800000000000000000
1  4.79e+00  0.3652163886  5.982657e-01 1.07800000000000000000
1  5.01e+00  0.3652169163  5.982657e-01 1.07800000000000000000
1  5.25e+00  0.3652126765  5.982657e-01 1.07800000000000000000
1  5.50e+00  0.3651139261  5.982657e-01 1.07800000000000000000
1  5.75e+00  0.3652348933  5.982657e-01 1.07800000000000000000
1  6.03e+00  0.3652014042  5.982657e-01 1.07800000000000000000
1  6.31e+00  0.3652151285  5.982657e-01 1.07800000000000000000
1  6.61e+00  0.3652160477  5.982657e-01 1.07800000000000000000
1  6.92e+00  0.3652165992  5.982657e-01 1.07800000000000000000
1  7.24e+00  0.3652170636  5.982657e-01 1.07800000000000000000
1  7.59e+00  0.3651684006  5.982657e-01 1.07800000000000000000
1  7.94e+00  0.3652430663  5.982657e-01 1.07800000000000000000
1  8.32e+00  0.3651650807  5.982657e-01 1.07800000000000000000
1  8.71e+00  0.3652237599  5.982657e-01 1.07800000000000000000
1  9.12e+00  0.3650970031  5.982657e-01 1.07800000000000000000
1  9.55e+00  0.3652547518  5.982657e-01 1.07800000000000000000
1  1.00e+01  0.3653092654  5.982657e-01 1.07800000000000000000
1  1.05e+01  0.3653051989  5.982657e-01 1.07800000000000000000
1  1.10e+01  0.3651471537  5.982657e-01 1.07800000000000000000
1  1.15e+01  0.3652126476  5.982657e-01 1.07800000000000000000
1  1.20e+01  0.3652674556  5.982657e-01 1.07800000000000000000
1  1.26e+01  0.3652197678  5.982657e-01 1.07800000000000000000
1  1.32e+01  0.3652166312  5.982657e-01 1.07800000000000000000
1  1.38e+01  0.3652151679  5.982657e-01 1.07800000000000000000
1  1.45e+01  0.3652185475  5.982657e-01 1.07800000000000000000
1  1.51e+01  0.3652148486  5.982657e-01 1.07800000000000000000
1  1.58e+01  0.3652131461  5.982657e-01 1.07800000000000000000
1  1.66e+01  0.3652501486  5.982657e-01 1.07800000000000000000
1  1.74e+01  0.3655745705  5.982657e-01 1.07800000000000000000
1  1.82e+01  0.3652176645  5.982657e-01 1.07800000000000000000
1  1.91e+01  0.3652133985  5.982657e-01 1.07800000000000000000
1  2.00e+01  0.3652850952  5.982657e-01 1.07800000000000000000
1  2.09e+01  0.3644756884  5.982657e-01 1.07800000000000000000
1  2.19e+01  0.3651287694  5.982657e-01 1.07800000000000000000
1  2.29e+01  0.3651942169  5.982657e-01 1.07800000000000000000
1  2.40e+01  0.3653370216  5.982657e-01 1.07800000000000000000
1  2.51e+01  0.3650398432  5.982657e-01 1.07800000000000000000
1  2.63e+01  0.3650089188  5.982657e-01 1.07800000000000000000
1  2.75e+01  0.3647731471  5.982657e-01 1.07800000000000000000
1  2.88e+01  0.3656486776  5.982657e-01 1.07800000000000000000
1  3.02e+01  0.3651999074  5.982657e-01 1.07800000000000000000
1  3.16e+01  0.364922783  5.982657e-01 1.07800000000000000000
1  3.31e+01  0.365163238  5.982657e-01 1.07800000000000000000
1  3.47e+01  0.3648999118  5.982657e-01 1.07800000000000000000
1  3.63e+01  0.3655736746  5.982657e-01 1.07800000000000000000
1  3.80e+01  0.3651171661  5.982657e-01 1.07800000000000000000
1  3.98e+01  0.3653679038  5.982657e-01 1.07800000000000000000
1  4.17e+01  0.3650304844  5.982657e-01 1.07800000000000000000
1  4.37e+01  0.3648313567  5.982657e-01 1.07800000000000000000
1  4.57e+01  0.3647766844  5.982657e-01 1.07800000000000000000
1  4.79e+01  0.3655830611  5.982657e-01 1.07800000000000000000
1  5.01e+01  0.3652611138  5.982657e-01 1.07800000000000000000
1  5.25e+01  0.3652145797  5.982657e-01 1.07800000000000000000
1  5.50e+01  0.3652388589  5.982657e-01 1.07800000000000000000
1  5.75e+01  0.3652738591  5.982657e-01 1.07800000000000000000
1  6.03e+01  0.3655405617  5.982657e-01 1.07800000000000000000
1  6.31e+01  0.3652509603  5.982657e-01 1.07800000000000000000
1  6.61e+01  0.36520459  5.982657e-01 1.07800000000000000000
1  6.92e+01  0.3651740722  5.982657e-01 1.07800000000000000000
1  7.24e+01  0.3651943107  5.982657e-01 1.07800000000000000000
1  7.59e+01  0.3648472691  5.982657e-01 1.07800000000000000000
1  7.94e+01  0.3649621595  5.982657e-01 1.07800000000000000000
1  8.32e+01  0.3651976308  5.982657e-01 1.07800000000000000000
1  8.71e+01  0.3651263302  5.982657e-01 1.07800000000000000000
1  9.12e+01  0.3652351709  5.982657e-01 1.07800000000000000000
1  9.55e+01  0.3646594894  5.982657e-01 1.07800000000000000000
1  1.00e+02  0.3654344063  5.982657e-01 1.07800000000000000000
1  1.05e+02  0.3651276938  5.982657e-01 1.07800000000000000000
1  1.10e+02  0.3652607216  5.982657e-01 1.07800000000000000000
1  1.15e+02  0.3651856252  5.982657e-01 1.07800000000000000000
1  1.20e+02  0.3651667312  5.982657e-01 1.07800000000000000000
1  1.26e+02  0.3651102975  5.982657e-01 1.07800000000000000000
1  1.32e+02  0.3652499504  5.982657e-01 1.07800000000000000000
1  1.38e+02  0.3652197565  5.982657e-01 1.07800000000000000000
1  1.45e+02  0.3652185894  5.982657e-01 1.07800000000000000000
1  1.51e+02  0.3652213002  5.982657e-01 1.07800000000000000000
1  1.58e+02  0.3648493528  5.982657e-01 1.07800000000000000000
1  1.66e+02  0.3650820178  5.982657e-01 1.07800000000000000000
1  1.74e+02  0.3651654423  5.982657e-01 1.07800000000000000000
1  1.82e+02  0.3652222618  5.982657e-01 1.07800000000000000000
1  1.91e+02  0.3651864902  5.982657e-01 1.07800000000000000000
1  2.00e+02  0.3651260917  5.982657e-01 1.07800000000000000000
1  2.09e+02  0.3651519849  5.982657e-01 1.07800000000000000000
1  2.19e+02  0.3652322869  5.982657e-01 1.07800000000000000000
1  2.29e+02  0.3652177626  5.982657e-01 1.07800000000000000000
1  2.40e+02  0.3651837059  5.982657e-01 1.07800000000000000000
1  2.51e+02  0.3651534421  5.982657e-01 1.07800000000000000000
1  2.63e+02  0.3653815687  5.982657e-01 1.07800000000000000000
1  2.75e+02  0.3651792869  5.982657e-01 1.07800000000000000000
1  2.88e+02  0.3651836373  5.982657e-01 1.07800000000000000000
1  3.02e+02  0.3651709713  5.982657e-01 1.07800000000000000000
1  3.16e+02  0.3651816749  5.982657e-01 1.07800000000000000000
1  3.31e+02  0.364961909  5.982657e-01 1.07800000000000000000
1  3.47e+02  0.3651890644  5.982657e-01 1.07800000000000000000
1  3.63e+02  0.3651726113  5.982657e-01 1.07800000000000000000
1  3.80e+02  0.365211329  5.982657e-01 1.07800000000000000000
1  3.98e+02  0.3652109675  5.982657e-01 1.07800000000000000000
1  4.17e+02  0.365192621  5.982657e-01 1.07800000000000000000
1  4.37e+02  0.3652173153  5.982657e-01 1.07800000000000000000
1  4.57e+02  0.3652042203  5.982657e-01 1.07800000000000000000
1  4.79e+02  0.3652271249  5.982657e-01 1.07800000000000000000
1  5.01e+02  0.3653656429  5.982657e-01 1.07800000000000000000
1  5.25e+02  0.3652336284  5.982657e-01 1.07800000000000000000
1  5.50e+02  0.3649856093  5.982657e-01 1.07800000000000000000
1  5.75e+02  0.3654014256  5.982657e-01 1.07800000000000000000
1  6.03e+02  0.365225529  5.982657e-01 1.07800000000000000000
1  6.31e+02  0.3653279917  5.982657e-01 1.07800000000000000000
1  6.61e+02  0.3651896574  5.982657e-01 1.07800000000000000000
1  6.92e+02  0.3652444397  5.982657e-01 1.07800000000000000000
1  7.24e+02  0.365221014  5.982657e-01 1.07800000000000000000
1  7.59e+02  0.3652065615  5.982657e-01 1.07800000000000000000
1  7.94e+02  0.3649913919  5.982657e-01 1.07800000000000000000
1  8.32e+02  0.3653090409  5.982657e-01 1.07800000000000000000
1  8.71e+02  0.3653829074  5.982657e-01 1.07800000000000000000
1  9.12e+02  0.3649901204  5.982657e-01 1.07800000000000000000
1  9.55e+02  0.3651046815  5.982657e-01 1.07800000000000000000
1  1.00e+03  0.3650370045  5.982657e-01 1.07800000000000000000
1  1.05e+03  0.3650634349  5.982657e-01 1.07800000000000000000
1  1.10e+03  0.3651588305  5.982657e-01 1.07800000000000000000
1  1.15e+03  0.3651497017  5.982657e-01 1.07800000000000000000
1  1.20e+03  0.3650007339  5.982657e-01 1.07800000000000000000
1  1.26e+03  0.365178073  5.982657e-01 1.07800000000000000000
1  1.32e+03  0.3651040102  5.982657e-01 1.07800000000000000000
1  1.38e+03  0.3652249163  5.982657e-01 1.07800000000000000000
1  1.45e+03  0.3651708641  5.982657e-01 1.07800000000000000000
1  1.51e+03  0.3653510258  5.982657e-01 1.07800000000000000000
1  1.58e+03  0.3651021856  5.982657e-01 1.07800000000000000000
1  1.66e+03  0.365047637  5.982657e-01 1.07800000000000000000
1  1.74e+03  0.365053349  5.982657e-01 1.07800000000000000000
1  1.82e+03  0.3654536582  5.982657e-01 1.07800000000000000000
1  1.91e+03  0.3655357566  5.982657e-01 1.07800000000000000000
1  2.00e+03  0.3652390255  5.982657e-01 1.07800000000000000000
1  2.09e+03  0.3656626417  5.982657e-01 1.07800000000000000000
1  2.19e+03  0.3657479057  5.982657e-01 1.07800000000000000000
1  2.29e+03  0.3647944027  5.982657e-01 1.07800000000000000000
1  2.40e+03  0.3643613434  5.982657e-01 1.07800000000000000000
1  2.51e+03  0.3641238258  5.982657e-01 1.07800000000000000000
1  2.63e+03  0.3644336043  5.982657e-01 1.07800000000000000000
1  2.75e+03  0.3640466919  5.982657e-01 1.07800000000000000000
1  2.88e+03  0.3623993652  5.982657e-01 1.07800000000000000000
1  3.02e+03  0.3638117959  5.982657e-01 1.07800000000000000000
1  3.16e+03  0.3656938454  5.982657e-01 1.07800000000000000000
1  3.31e+03  0.3642559121  5.982657e-01 1.07800000000000000000
1  3.47e+03  0.3656187627  5.982657e-01 1.07800000000000000000
1  3.63e+03  0.3649331079  5.982657e-01 1.07800000000000000000
1  3.80e+03  0.3677645603  5.982657e-01 1.07800000000000000000
1  3.98e+03  0.3650405644  5.982657e-01 1.07800000000000000000
1  4.17e+03  0.3687569004  5.982657e-01 1.07800000000000000000
1  4.37e+03  0.3568227018  5.982657e-01 1.07800000000000000000
1  4.57e+03  0.3734068497  5.982657e-01 1.07800000000000000000
1  4.79e+03  0.3649313495  5.982657e-01 1.07800000000000000000
1  5.01e+03  0.3762025285  5.982657e-01 1.07800000000000000000
1  5.25e+03  0.346751148  5.982657e-01 1.07800000000000000000
1  5.50e+03  0.3867656059  5.982657e-01 1.07800000000000000000
1  5.75e+03  0.3435803916  5.982657e-01 1.07800000000000000000
1  6.03e+03  0.3826273782  5.982657e-01 1.07800000000000000000
1  6.31e+03  0.3635076698  5.982657e-01 1.07800000000000000000
1  6.61e+03  0.3533313765  5.982657e-01 1.07800000000000000000
1  6.92e+03  0.3518848179  5.982657e-01 1.07800000000000000000
1  7.24e+03  0.3549702437  5.982657e-01 1.07800000000000000000
1  7.59e+03  0.3832631736  5.982657e-01 1.07800000000000000000
1  7.94e+03  0.3510524443  5.982657e-01 1.07800000000000000000
1  8.32e+03  0.3872165785  5.982657e-01 1.07800000000000000000
1  8.71e+03  0.3281199005  5.982657e-01 1.07800000000000000000
1  9.12e+03  0.3636656384  5.982657e-01 1.07800000000000000000
1  9.55e+03  0.3254161758  5.982657e-01 1.07800000000000000000
1  1.00e+04  0.3905414138  5.982657e-01 1.07800000000000000000
1  1.05e+04  0.3625005629  5.982657e-01 1.07800000000000000000
1  1.10e+04  0.354196612  5.982657e-01 1.07800000000000000000
1  1.15e+04  0.3432446544  5.982657e-01 1.07800000000000000000
1  1.20e+04  0.3631077943  5.982657e-01 1.07800000000000000000
1  1.26e+04  0.3163843149  5.982657e-01 1.07800000000000000000
1  1.32e+04  0.3729122071  5.982657e-01 1.07800000000000000000
1  1.38e+04  0.3050449662  5.982657e-01 1.07800000000000000000
1  1.45e+04  0.3708955973  5.982657e-01 1.07800000000000000000
1  1.51e+04  0.2962820326  5.982657e-01 1.07800000000000000000
1  1.58e+04  0.3634222435  5.982657e-01 1.07800000000000000000
1  1.66e+04  0.3097883454  5.982657e-01 1.07800000000000000000
1  1.74e+04  0.3773141179  5.982657e-01 1.07800000000000000000
1  1.82e+04  0.3703705255  5.982657e-01 1.07800000000000000000
1  1.91e+04  0.3177996708  5.982657e-01 1.07800000000000000000
1  2.00e+04  0.3283055343  5.982657e-01 1.07800000000000000000
1  2.09e+04  0.3404953123  5.982657e-01 1.07800000000000000000
1  2.19e+04  0.3569949964  5.982657e-01 1.07800000000000000000
1  2.29e+04  0.2935502466  5.982657e-01 1.07800000000000000000
1  2.40e+04  0.3568547065  5.982657e-01 1.07800000000000000000
1  2.51e+04  0.3643587837  5.982657e-01 1.07800000000000000000
1  2.63e+04  0.296207582  5.982657e-01 1.07800000000000000000
1  2.75e+04  0.3540094382  5.982657e-01 1.07800000000000000000
1  2.88e+04  0.3080175682  5.982657e-01 1.07800000000000000000
1  3.02e+04  0.3624997952  5.982657e-01 1.07800000000000000000
1  3.16e+04  0.2987710183  5.982657e-01 1.07800000000000000000
1  3.31e+04  0.3649074266  5.982657e-01 1.07800000000000000000
1  3.47e+04  0.2874861836  5.982657e-01 1.07800000000000000000
1  3.63e+04  0.3568186764  5.982657e-01 1.07800000000000000000
1  3.80e+04  0.3072633854  5.982657e-01 1.07800000000000000000
1  3.98e+04  0.3546641595  5.982657e-01 1.07800000000000000000
1  4.17e+04  0.3228151854  5.982657e-01 1.07800000000000000000
1  4.37e+04  0.3046876216  5.982657e-01 1.07800000000000000000
1  4.57e+04  0.3639439786  5.982657e-01 1.07800000000000000000
1  4.79e+04  0.322730852  5.982657e-01 1.07800000000000000000
1  5.01e+04  0.2960420201  5.982657e-01 1.07800000000000000000
1  5.25e+04  0.3654310616  5.982657e-01 1.07800000000000000000
1  5.50e+04  0.3175443698  5.982657e-01 1.07800000000000000000
1  5.75e+04  0.3051580242  5.982657e-01 1.07800000000000000000
1  6.03e+04  0.3654508119  5.982657e-01 1.07800000000000000000
1  6.31e+04  0.3265330978  5.982657e-01 1.07800000000000000000
1  6.61e+04  0.299010313  5.982657e-01 1.07800000000000000000
1  6.92e+04  0.3455931495  5.982657e-01 1.07800000000000000000
1  7.24e+04  0.3652871761  5.982657e-01 1.07800000000000000000
1  7.59e+04  0.3358705413  5.982657e-01 1.07800000000000000000
1  7.94e+04  0.3121097051  5.982657e-01 1.07800000000000000000
1  8.32e+04  0.3251990376  5.982657e-01 1.07800000000000000000
1  8.71e+04  0.3570390248  5.982657e-01 1.07800000000000000000
1  9.12e+04  0.3648646045  5.982657e-01 1.07800000000000000000
1  9.55e+04  0.3363815496  5.982657e-01 1.07800000000000000000
1  1.00e+05  0.3089618042  5.982657e-01 1.07800000000000000000
1  1.05e+05  0.3179459035  5.982657e-01 1.07800000000000000000
1  1.10e+05  0.3502267103  5.982657e-01 1.07800000000000000000
1  1.15e+05  0.366074801  5.982657e-01 1.07800000000000000000
1  1.20e+05  0.3493440963  5.982657e-01 1.07800000000000000000
1  1.26e+05  0.3206637473  5.982657e-01 1.07800000000000000000
1  1.32e+05  0.309083705  5.982657e-01 1.07800000000000000000
1  1.38e+05  0.3230434743  5.982657e-01 1.07800000000000000000
1  1.45e+05  0.3480266639  5.982657e-01 1.07800000000000000000
1  1.51e+05  0.3640560682  5.982657e-01 1.07800000000000000000
1  1.58e+05  0.3619770776  5.982657e-01 1.07800000000000000000
1  1.66e+05  0.3467458353  5.982657e-01 1.07800000000000000000
1  1.74e+05  0.3302416655  5.982657e-01 1.07800000000000000000
1  1.82e+05  0.3222389369  5.982657e-01 1.07800000000000000000
1  1.91e+05  0.3257033185  5.982657e-01 1.07800000000000000000
1  2.00e+05  0.3373630656  5.982657e-01 1.07800000000000000000
1  2.09e+05  0.3511602631  5.982657e-01 1.07800000000000000000
1  2.19e+05  0.3617383344  5.982657e-01 1.07800000000000000000
1  2.29e+05  0.3663602487  5.982657e-01 1.07800000000000000000
1  2.40e+05  0.3650809264  5.982657e-01 1.07800000000000000000
1  2.51e+05  0.3598222229  5.982657e-01 1.07800000000000000000
1  2.63e+05  0.3531479363  5.982657e-01 1.07800000000000000000
1  2.75e+05  0.3472903453  5.982657e-01 1.07800000000000000000
1  2.88e+05  0.3436420365  5.982657e-01 1.07800000000000000000
1  3.02e+05  0.3426753076  5.982657e-01 1.07800000000000000000
1  3.16e+05  0.3441343422  5.982657e-01 1.07800000000000000000
1  3.31e+05  0.3473345762  5.982657e-01 1.07800000000000000000
1  3.47e+05  0.3514484229  5.982657e-01 1.07800000000000000000
1  3.63e+05  0.355714502  5.982657e-01 1.07800000000000000000
1  3.80e+05  0.3595547844  5.982657e-01 1.07800000000000000000
1  3.98e+05  0.3626127365  5.982657e-01 1.07800000000000000000
1  4.17e+05  0.36473733  5.982657e-01 1.07800000000000000000
1  4.37e+05  0.3659381703  5.982657e-01 1.07800000000000000000
1  4.57e+05  0.3663316149  5.982657e-01 1.07800000000000000000
1  4.79e+05  0.3660907128  5.982657e-01 1.07800000000000000000
1  5.01e+05  0.3654054864  5.982657e-01 1.07800000000000000000
1  5.25e+05  0.3644554585  5.982657e-01 1.07800000000000000000
1  5.50e+05  0.3633935041  5.982657e-01 1.07800000000000000000
1  5.75e+05  0.3623387419  5.982657e-01 1.07800000000000000000
1  6.03e+05  0.3613758204  5.982657e-01 1.07800000000000000000
1  6.31e+05  0.3605581737  5.982657e-01 1.07800000000000000000
1  6.61e+05  0.3598775904  5.982657e-01 1.07800000000000000000
1  6.92e+05  0.3593809162  5.982657e-01 1.07800000000000000000
1  7.24e+05  0.3590645688  5.982657e-01 1.07800000000000000000
1  7.59e+05  0.3589141892  5.982657e-01 1.07800000000000000000
1  7.94e+05  0.3589089085  5.982657e-01 1.07800000000000000000
1  8.32e+05  0.3590293621  5.982657e-01 1.07800000000000000000
1  8.71e+05  0.359240638  5.982657e-01 1.07800000000000000000
1  9.12e+05  0.3595249467  5.982657e-01 1.07800000000000000000
1  9.55e+05  0.3598609801  5.982657e-01 1.07800000000000000000
1  1.00e+06  0.3602301872  5.982657e-01 1.07800000000000000000
1  1.05e+06  0.3606169897  5.982657e-01 1.07800000000000000000
1  1.10e+06  0.3610087429  5.982657e-01 1.07800000000000000000
1  1.15e+06  0.3613955331  5.982657e-01 1.07800000000000000000
1  1.20e+06  0.361769882  5.982657e-01 1.07800000000000000000
1  1.26e+06  0.3621264104  5.982657e-01 1.07800000000000000000
1  1.32e+06  0.3624614951  5.982657e-01 1.07800000000000000000
1  1.38e+06  0.3627729427  5.982657e-01 1.07800000000000000000
1  1.45e+06  0.3630596931  5.982657e-01 1.07800000000000000000
1  1.51e+06  0.3633215607  5.982657e-01 1.07800000000000000000
1  1.58e+06  0.3635590124  5.982657e-01 1.07800000000000000000
1  1.66e+06  0.3637715075  5.982657e-01 1.07800000000000000000
1  1.74e+06  0.3639632974  5.982657e-01 1.07800000000000000000
1  1.82e+06  0.3641343359  5.982657e-01 1.07800000000000000000
1  1.91e+06  0.3642861858  5.982657e-01 1.07800000000000000000
1  2.00e+06  0.3644204493  5.982657e-01 1.07800000000000000000
1  2.09e+06  0.3645387164  5.982657e-01 1.07800000000000000000
1  2.19e+06  0.3646425276  5.982657e-01 1.07800000000000000000
1  2.29e+06  0.3647333484  5.982657e-01 1.07800000000000000000
1  2.40e+06  0.3648125532  5.982657e-01 1.07800000000000000000
1  2.51e+06  0.3648814162  5.982657e-01 1.07800000000000000000
1  2.63e+06  0.3649411073  5.982657e-01 1.07800000000000000000
1  2.75e+06  0.3649926925  5.982657e-01 1.07800000000000000000
1  2.88e+06  0.3650371363  5.982657e-01 1.07800000000000000000
1  3.02e+06  0.3650753066  5.982657e-01 1.07800000000000000000
1  3.16e+06  0.3651079803  5.982657e-01 1.07800000000000000000
1  3.31e+06  0.3651353249  5.982657e-01 1.07800000000000000000
1  3.47e+06  0.3651590523  5.982657e-01 1.07800000000000000000
1  3.63e+06  0.3651791321  5.982657e-01 1.07800000000000000000
1  3.80e+06  0.3651960449  5.982657e-01 1.07800000000000000000
1  3.98e+06  0.365210214  5.982657e-01 1.07800000000000000000
1  4.17e+06  0.3652220111  5.982657e-01 1.07800000000000000000
1  4.37e+06  0.3652317617  5.982657e-01 1.07800000000000000000
1  4.57e+06  0.3652397508  5.982657e-01 1.07800000000000000000
1  4.79e+06  0.3652462269  5.982657e-01 1.07800000000000000000
1  5.01e+06  0.3652514068  5.982657e-01 1.07800000000000000000
1  5.25e+06  0.3652554788  5.982657e-01 1.07800000000000000000
1  5.50e+06  0.3652586069  5.982657e-01 1.07800000000000000000
1  5.75e+06  0.3652609328  5.982657e-01 1.07800000000000000000
1  6.03e+06  0.3652625798  5.982657e-01 1.07800000000000000000
1  6.31e+06  0.365263654  5.982657e-01 1.07800000000000000000
1  6.61e+06  0.3652641252  5.982657e-01 1.07800000000000000000
1  6.92e+06  0.3652643286  5.982657e-01 1.07800000000000000000
1  7.24e+06  0.3652641975  5.982657e-01 1.07800000000000000000
1  7.59e+06  0.3652637903  5.982657e-01 1.07800000000000000000
1  7.94e+06  0.3652631575  5.982657e-01 1.07800000000000000000
1  8.32e+06  0.3652623422  5.982657e-01 1.07800000000000000000
1  8.71e+06  0.3652613812  5.982657e-01 1.07800000000000000000
1  9.12e+06  0.3652603058  5.982657e-01 1.07800000000000000000
1  9.55e+06  0.3652591427  5.982657e-01 1.07800000000000000000
1  1.00e+07  0.3652579147  5.982657e-01 1.07800000000000000000
