1  1.00e-03  0.5155671268  5.988207e-01 1.07900000000000000002
1  1.05e-03  0.5155671376  5.988207e-01 1.07900000000000000002
1  1.10e-03  0.5155671469  5.988207e-01 1.07900000000000000002
1  1.15e-03  0.5155671495  5.988207e-01 1.07900000000000000002
1  1.20e-03  0.5155671409  5.988207e-01 1.07900000000000000002
1  1.26e-03  0.5155671441  5.988207e-01 1.07900000000000000002
1  1.32e-03  0.5155671488  5.988207e-01 1.07900000000000000002
1  1.38e-03  0.5155671453  5.988207e-01 1.07900000000000000002
1  1.45e-03  0.5155671438  5.988207e-01 1.07900000000000000002
1  1.51e-03  0.5155671364  5.988207e-01 1.07900000000000000002
1  1.58e-03  0.5155671366  5.988207e-01 1.07900000000000000002
1  1.66e-03  0.5155671339  5.988207e-01 1.07900000000000000002
1  1.74e-03  0.5155671349  5.988207e-01 1.07900000000000000002
1  1.82e-03  0.5155671359  5.988207e-01 1.07900000000000000002
1  1.91e-03  0.5155671348  5.988207e-01 1.07900000000000000002
1  2.00e-03  0.5155671372  5.988207e-01 1.07900000000000000002
1  2.09e-03  0.5155671333  5.988207e-01 1.07900000000000000002
1  2.19e-03  0.5155671453  5.988207e-01 1.07900000000000000002
1  2.29e-03  0.515567145  5.988207e-01 1.07900000000000000002
1  2.40e-03  0.5155671428  5.988207e-01 1.07900000000000000002
1  2.51e-03  0.515567132  5.988207e-01 1.07900000000000000002
1  2.63e-03  0.515567153  5.988207e-01 1.07900000000000000002
1  2.75e-03  0.5155671528  5.988207e-01 1.07900000000000000002
1  2.88e-03  0.5155671417  5.988207e-01 1.07900000000000000002
1  3.02e-03  0.5155671313  5.988207e-01 1.07900000000000000002
1  3.16e-03  0.5155671456  5.988207e-01 1.07900000000000000002
1  3.31e-03  0.515567141  5.988207e-01 1.07900000000000000002
1  3.47e-03  0.5155671485  5.988207e-01 1.07900000000000000002
1  3.63e-03  0.5155671427  5.988207e-01 1.07900000000000000002
1  3.80e-03  0.5155671409  5.988207e-01 1.07900000000000000002
1  3.98e-03  0.515567144  5.988207e-01 1.07900000000000000002
1  4.17e-03  0.515567125  5.988207e-01 1.07900000000000000002
1  4.37e-03  0.5155671382  5.988207e-01 1.07900000000000000002
1  4.57e-03  0.5155671375  5.988207e-01 1.07900000000000000002
1  4.79e-03  0.5155671435  5.988207e-01 1.07900000000000000002
1  5.01e-03  0.5155671491  5.988207e-01 1.07900000000000000002
1  5.25e-03  0.515567141  5.988207e-01 1.07900000000000000002
1  5.50e-03  0.5155671447  5.988207e-01 1.07900000000000000002
1  5.75e-03  0.5155671757  5.988207e-01 1.07900000000000000002
1  6.03e-03  0.5155671283  5.988207e-01 1.07900000000000000002
1  6.31e-03  0.5155671479  5.988207e-01 1.07900000000000000002
1  6.61e-03  0.515567142  5.988207e-01 1.07900000000000000002
1  6.92e-03  0.51556715  5.988207e-01 1.07900000000000000002
1  7.24e-03  0.5155671428  5.988207e-01 1.07900000000000000002
1  7.59e-03  0.5155671304  5.988207e-01 1.07900000000000000002
1  7.94e-03  0.5155671623  5.988207e-01 1.07900000000000000002
1  8.32e-03  0.515567135  5.988207e-01 1.07900000000000000002
1  8.71e-03  0.5155671415  5.988207e-01 1.07900000000000000002
1  9.12e-03  0.5155671417  5.988207e-01 1.07900000000000000002
1  9.55e-03  0.515567157  5.988207e-01 1.07900000000000000002
1  1.00e-02  0.5155671333  5.988207e-01 1.07900000000000000002
1  1.05e-02  0.5155671619  5.988207e-01 1.07900000000000000002
1  1.10e-02  0.5155671412  5.988207e-01 1.07900000000000000002
1  1.15e-02  0.5155671447  5.988207e-01 1.07900000000000000002
1  1.20e-02  0.5155671529  5.988207e-01 1.07900000000000000002
1  1.26e-02  0.5155671258  5.988207e-01 1.07900000000000000002
1  1.32e-02  0.5155671661  5.988207e-01 1.07900000000000000002
1  1.38e-02  0.5155671387  5.988207e-01 1.07900000000000000002
1  1.45e-02  0.5155671607  5.988207e-01 1.07900000000000000002
1  1.51e-02  0.5155671668  5.988207e-01 1.07900000000000000002
1  1.58e-02  0.5155671524  5.988207e-01 1.07900000000000000002
1  1.66e-02  0.5155671172  5.988207e-01 1.07900000000000000002
1  1.74e-02  0.5155671734  5.988207e-01 1.07900000000000000002
1  1.82e-02  0.5155671124  5.988207e-01 1.07900000000000000002
1  1.91e-02  0.5155671579  5.988207e-01 1.07900000000000000002
1  2.00e-02  0.51556712  5.988207e-01 1.07900000000000000002
1  2.09e-02  0.5155670985  5.988207e-01 1.07900000000000000002
1  2.19e-02  0.515567092  5.988207e-01 1.07900000000000000002
1  2.29e-02  0.5155670878  5.988207e-01 1.07900000000000000002
1  2.40e-02  0.5155671588  5.988207e-01 1.07900000000000000002
1  2.51e-02  0.5155683546  5.988207e-01 1.07900000000000000002
1  2.63e-02  0.5155669051  5.988207e-01 1.07900000000000000002
1  2.75e-02  0.5155671887  5.988207e-01 1.07900000000000000002
1  2.88e-02  0.5155670748  5.988207e-01 1.07900000000000000002
1  3.02e-02  0.5155672228  5.988207e-01 1.07900000000000000002
1  3.16e-02  0.5155671284  5.988207e-01 1.07900000000000000002
1  3.31e-02  0.515567164  5.988207e-01 1.07900000000000000002
1  3.47e-02  0.5155671003  5.988207e-01 1.07900000000000000002
1  3.63e-02  0.5155672008  5.988207e-01 1.07900000000000000002
1  3.80e-02  0.5155672107  5.988207e-01 1.07900000000000000002
1  3.98e-02  0.5155670786  5.988207e-01 1.07900000000000000002
1  4.17e-02  0.5155684115  5.988207e-01 1.07900000000000000002
1  4.37e-02  0.515567576  5.988207e-01 1.07900000000000000002
1  4.57e-02  0.5155670616  5.988207e-01 1.07900000000000000002
1  4.79e-02  0.515567128  5.988207e-01 1.07900000000000000002
1  5.01e-02  0.5155667246  5.988207e-01 1.07900000000000000002
1  5.25e-02  0.5155671766  5.988207e-01 1.07900000000000000002
1  5.50e-02  0.5155672671  5.988207e-01 1.07900000000000000002
1  5.75e-02  0.5155671819  5.988207e-01 1.07900000000000000002
1  6.03e-02  0.5155672741  5.988207e-01 1.07900000000000000002
1  6.31e-02  0.5155673047  5.988207e-01 1.07900000000000000002
1  6.61e-02  0.5155671205  5.988207e-01 1.07900000000000000002
1  6.92e-02  0.5155670184  5.988207e-01 1.07900000000000000002
1  7.24e-02  0.5155693312  5.988207e-01 1.07900000000000000002
1  7.59e-02  0.5155673286  5.988207e-01 1.07900000000000000002
1  7.94e-02  0.5155671046  5.988207e-01 1.07900000000000000002
1  8.32e-02  0.515567093  5.988207e-01 1.07900000000000000002
1  8.71e-02  0.5155670162  5.988207e-01 1.07900000000000000002
1  9.12e-02  0.5155670844  5.988207e-01 1.07900000000000000002
1  9.55e-02  0.5155671581  5.988207e-01 1.07900000000000000002
1  1.00e-01  0.5155670906  5.988207e-01 1.07900000000000000002
1  1.05e-01  0.5155671087  5.988207e-01 1.07900000000000000002
1  1.10e-01  0.5155674651  5.988207e-01 1.07900000000000000002
1  1.15e-01  0.5155673184  5.988207e-01 1.07900000000000000002
1  1.20e-01  0.5155668745  5.988207e-01 1.07900000000000000002
1  1.26e-01  0.5155671235  5.988207e-01 1.07900000000000000002
1  1.32e-01  0.5155673109  5.988207e-01 1.07900000000000000002
1  1.38e-01  0.5155674864  5.988207e-01 1.07900000000000000002
1  1.45e-01  0.5155668071  5.988207e-01 1.07900000000000000002
1  1.51e-01  0.51556721  5.988207e-01 1.07900000000000000002
1  1.58e-01  0.5155668416  5.988207e-01 1.07900000000000000002
1  1.66e-01  0.5155667759  5.988207e-01 1.07900000000000000002
1  1.74e-01  0.5155673837  5.988207e-01 1.07900000000000000002
1  1.82e-01  0.5155673611  5.988207e-01 1.07900000000000000002
1  1.91e-01  0.5155672675  5.988207e-01 1.07900000000000000002
1  2.00e-01  0.5155673015  5.988207e-01 1.07900000000000000002
1  2.09e-01  0.5155667588  5.988207e-01 1.07900000000000000002
1  2.19e-01  0.5155667369  5.988207e-01 1.07900000000000000002
1  2.29e-01  0.5155667114  5.988207e-01 1.07900000000000000002
1  2.40e-01  0.5155665472  5.988207e-01 1.07900000000000000002
1  2.51e-01  0.5155671934  5.988207e-01 1.07900000000000000002
1  2.63e-01  0.5155665595  5.988207e-01 1.07900000000000000002
1  2.75e-01  0.5155667543  5.988207e-01 1.07900000000000000002
1  2.88e-01  0.5155665641  5.988207e-01 1.07900000000000000002
1  3.02e-01  0.515566774  5.988207e-01 1.07900000000000000002
1  3.16e-01  0.5155663082  5.988207e-01 1.07900000000000000002
1  3.31e-01  0.5155668066  5.988207e-01 1.07900000000000000002
1  3.47e-01  0.5155671673  5.988207e-01 1.07900000000000000002
1  3.63e-01  0.5155662391  5.988207e-01 1.07900000000000000002
1  3.80e-01  0.515566921  5.988207e-01 1.07900000000000000002
1  3.98e-01  0.5155665306  5.988207e-01 1.07900000000000000002
1  4.17e-01  0.5155672456  5.988207e-01 1.07900000000000000002
1  4.37e-01  0.5155661781  5.988207e-01 1.07900000000000000002
1  4.57e-01  0.5155671643  5.988207e-01 1.07900000000000000002
1  4.79e-01  0.5155666041  5.988207e-01 1.07900000000000000002
1  5.01e-01  0.515567077  5.988207e-01 1.07900000000000000002
1  5.25e-01  0.5155667635  5.988207e-01 1.07900000000000000002
1  5.50e-01  0.5155662595  5.988207e-01 1.07900000000000000002
1  5.75e-01  0.5155678508  5.988207e-01 1.07900000000000000002
1  6.03e-01  0.5155658105  5.988207e-01 1.07900000000000000002
1  6.31e-01  0.5155656341  5.988207e-01 1.07900000000000000002
1  6.61e-01  0.515566197  5.988207e-01 1.07900000000000000002
1  6.92e-01  0.5155671743  5.988207e-01 1.07900000000000000002
1  7.24e-01  0.5155651492  5.988207e-01 1.07900000000000000002
1  7.59e-01  0.5155666988  5.988207e-01 1.07900000000000000002
1  7.94e-01  0.5155645037  5.988207e-01 1.07900000000000000002
1  8.32e-01  0.5155643587  5.988207e-01 1.07900000000000000002
1  8.71e-01  0.5155668983  5.988207e-01 1.07900000000000000002
1  9.12e-01  0.5155671765  5.988207e-01 1.07900000000000000002
1  9.55e-01  0.5155707588  5.988207e-01 1.07900000000000000002
1  1.00e+00  0.5155670614  5.988207e-01 1.07900000000000000002
1  1.05e+00  0.5155659091  5.988207e-01 1.07900000000000000002
1  1.10e+00  0.5155643023  5.988207e-01 1.07900000000000000002
1  1.15e+00  0.5155665947  5.988207e-01 1.07900000000000000002
1  1.20e+00  0.515565136  5.988207e-01 1.07900000000000000002
1  1.26e+00  0.5155642282  5.988207e-01 1.07900000000000000002
1  1.32e+00  0.5155658596  5.988207e-01 1.07900000000000000002
1  1.38e+00  0.515566594  5.988207e-01 1.07900000000000000002
1  1.45e+00  0.5155673598  5.988207e-01 1.07900000000000000002
1  1.51e+00  0.5155665517  5.988207e-01 1.07900000000000000002
1  1.58e+00  0.515564473  5.988207e-01 1.07900000000000000002
1  1.66e+00  0.5155657552  5.988207e-01 1.07900000000000000002
1  1.74e+00  0.5155647059  5.988207e-01 1.07900000000000000002
1  1.82e+00  0.5155662095  5.988207e-01 1.07900000000000000002
1  1.91e+00  0.5155748595  5.988207e-01 1.07900000000000000002
1  2.00e+00  0.5155923257  5.988207e-01 1.07900000000000000002
1  2.09e+00  0.5155632145  5.988207e-01 1.07900000000000000002
1  2.19e+00  0.5155630478  5.988207e-01 1.07900000000000000002
1  2.29e+00  0.5155681275  5.988207e-01 1.07900000000000000002
1  2.40e+00  0.5155861406  5.988207e-01 1.07900000000000000002
1  2.51e+00  0.5155706979  5.988207e-01 1.07900000000000000002
1  2.63e+00  0.5155608838  5.988207e-01 1.07900000000000000002
1  2.75e+00  0.5155598743  5.988207e-01 1.07900000000000000002
1  2.88e+00  0.5155671991  5.988207e-01 1.07900000000000000002
1  3.02e+00  0.5155621352  5.988207e-01 1.07900000000000000002
1  3.16e+00  0.5155591593  5.988207e-01 1.07900000000000000002
1  3.31e+00  0.515559951  5.988207e-01 1.07900000000000000002
1  3.47e+00  0.5155618555  5.988207e-01 1.07900000000000000002
1  3.63e+00  0.5155667539  5.988207e-01 1.07900000000000000002
1  3.80e+00  0.5155554964  5.988207e-01 1.07900000000000000002
1  3.98e+00  0.5155688863  5.988207e-01 1.07900000000000000002
1  4.17e+00  0.5155542601  5.988207e-01 1.07900000000000000002
1  4.37e+00  0.5155657686  5.988207e-01 1.07900000000000000002
1  4.57e+00  0.5155576146  5.988207e-01 1.07900000000000000002
1  4.79e+00  0.5155544747  5.988207e-01 1.07900000000000000002
1  5.01e+00  0.5155812547  5.988207e-01 1.07900000000000000002
1  5.25e+00  0.5155645874  5.988207e-01 1.07900000000000000002
1  5.50e+00  0.5155659507  5.988207e-01 1.07900000000000000002
1  5.75e+00  0.5155664275  5.988207e-01 1.07900000000000000002
1  6.03e+00  0.5155541357  5.988207e-01 1.07900000000000000002
1  6.31e+00  0.5155488899  5.988207e-01 1.07900000000000000002
1  6.61e+00  0.5155584832  5.988207e-01 1.07900000000000000002
1  6.92e+00  0.5155531448  5.988207e-01 1.07900000000000000002
1  7.24e+00  0.5155671558  5.988207e-01 1.07900000000000000002
1  7.59e+00  0.5155234899  5.988207e-01 1.07900000000000000002
1  7.94e+00  0.5155629116  5.988207e-01 1.07900000000000000002
1  8.32e+00  0.5155569348  5.988207e-01 1.07900000000000000002
1  8.71e+00  0.5155835726  5.988207e-01 1.07900000000000000002
1  9.12e+00  0.5155082344  5.988207e-01 1.07900000000000000002
1  9.55e+00  0.5155654282  5.988207e-01 1.07900000000000000002
1  1.00e+01  0.5155659588  5.988207e-01 1.07900000000000000002
1  1.05e+01  0.5155515825  5.988207e-01 1.07900000000000000002
1  1.10e+01  0.5155327413  5.988207e-01 1.07900000000000000002
1  1.15e+01  0.5155566369  5.988207e-01 1.07900000000000000002
1  1.20e+01  0.5155651898  5.988207e-01 1.07900000000000000002
1  1.26e+01  0.5155387777  5.988207e-01 1.07900000000000000002
1  1.32e+01  0.5155804021  5.988207e-01 1.07900000000000000002
1  1.38e+01  0.5155219751  5.988207e-01 1.07900000000000000002
1  1.45e+01  0.5155436929  5.988207e-01 1.07900000000000000002
1  1.51e+01  0.515569364  5.988207e-01 1.07900000000000000002
1  1.58e+01  0.5155633589  5.988207e-01 1.07900000000000000002
1  1.66e+01  0.5155162744  5.988207e-01 1.07900000000000000002
1  1.74e+01  0.51554859  5.988207e-01 1.07900000000000000002
1  1.82e+01  0.5155222125  5.988207e-01 1.07900000000000000002
1  1.91e+01  0.5155615224  5.988207e-01 1.07900000000000000002
1  2.00e+01  0.5154833066  5.988207e-01 1.07900000000000000002
1  2.09e+01  0.5156245282  5.988207e-01 1.07900000000000000002
1  2.19e+01  0.515717661  5.988207e-01 1.07900000000000000002
1  2.29e+01  0.5157007353  5.988207e-01 1.07900000000000000002
1  2.40e+01  0.5158692679  5.988207e-01 1.07900000000000000002
1  2.51e+01  0.5151360462  5.988207e-01 1.07900000000000000002
1  2.63e+01  0.5150749435  5.988207e-01 1.07900000000000000002
1  2.75e+01  0.5152782134  5.988207e-01 1.07900000000000000002
1  2.88e+01  0.5156234604  5.988207e-01 1.07900000000000000002
1  3.02e+01  0.5154518617  5.988207e-01 1.07900000000000000002
1  3.16e+01  0.5155437698  5.988207e-01 1.07900000000000000002
1  3.31e+01  0.5152629223  5.988207e-01 1.07900000000000000002
1  3.47e+01  0.5153008596  5.988207e-01 1.07900000000000000002
1  3.63e+01  0.5155955178  5.988207e-01 1.07900000000000000002
1  3.80e+01  0.515568757  5.988207e-01 1.07900000000000000002
1  3.98e+01  0.5154507747  5.988207e-01 1.07900000000000000002
1  4.17e+01  0.5152205733  5.988207e-01 1.07900000000000000002
1  4.37e+01  0.5153972023  5.988207e-01 1.07900000000000000002
1  4.57e+01  0.5153209303  5.988207e-01 1.07900000000000000002
1  4.79e+01  0.5152852429  5.988207e-01 1.07900000000000000002
1  5.01e+01  0.5156276945  5.988207e-01 1.07900000000000000002
1  5.25e+01  0.5155345094  5.988207e-01 1.07900000000000000002
1  5.50e+01  0.5153221903  5.988207e-01 1.07900000000000000002
1  5.75e+01  0.5154074804  5.988207e-01 1.07900000000000000002
1  6.03e+01  0.5154092533  5.988207e-01 1.07900000000000000002
1  6.31e+01  0.5155671916  5.988207e-01 1.07900000000000000002
1  6.61e+01  0.5153543355  5.988207e-01 1.07900000000000000002
1  6.92e+01  0.5154156375  5.988207e-01 1.07900000000000000002
1  7.24e+01  0.5155442638  5.988207e-01 1.07900000000000000002
1  7.59e+01  0.5151526766  5.988207e-01 1.07900000000000000002
1  7.94e+01  0.5155723259  5.988207e-01 1.07900000000000000002
1  8.32e+01  0.5152755932  5.988207e-01 1.07900000000000000002
1  8.71e+01  0.5155386954  5.988207e-01 1.07900000000000000002
1  9.12e+01  0.5155644871  5.988207e-01 1.07900000000000000002
1  9.55e+01  0.5155173434  5.988207e-01 1.07900000000000000002
1  1.00e+02  0.5150905257  5.988207e-01 1.07900000000000000002
1  1.05e+02  0.5152035007  5.988207e-01 1.07900000000000000002
1  1.10e+02  0.5153936847  5.988207e-01 1.07900000000000000002
1  1.15e+02  0.5154559354  5.988207e-01 1.07900000000000000002
1  1.20e+02  0.5154447168  5.988207e-01 1.07900000000000000002
1  1.26e+02  0.5153686745  5.988207e-01 1.07900000000000000002
1  1.32e+02  0.5152070515  5.988207e-01 1.07900000000000000002
1  1.38e+02  0.5154268144  5.988207e-01 1.07900000000000000002
1  1.45e+02  0.5156254937  5.988207e-01 1.07900000000000000002
1  1.51e+02  0.5152877347  5.988207e-01 1.07900000000000000002
1  1.58e+02  0.5150327496  5.988207e-01 1.07900000000000000002
1  1.66e+02  0.5154969133  5.988207e-01 1.07900000000000000002
1  1.74e+02  0.5150609887  5.988207e-01 1.07900000000000000002
1  1.82e+02  0.5155860779  5.988207e-01 1.07900000000000000002
1  1.91e+02  0.5150787891  5.988207e-01 1.07900000000000000002
1  2.00e+02  0.514830267  5.988207e-01 1.07900000000000000002
1  2.09e+02  0.5149292631  5.988207e-01 1.07900000000000000002
1  2.19e+02  0.5150286211  5.988207e-01 1.07900000000000000002
1  2.29e+02  0.5155636077  5.988207e-01 1.07900000000000000002
1  2.40e+02  0.515099931  5.988207e-01 1.07900000000000000002
1  2.51e+02  0.5147851226  5.988207e-01 1.07900000000000000002
1  2.63e+02  0.515033801  5.988207e-01 1.07900000000000000002
1  2.75e+02  0.515635118  5.988207e-01 1.07900000000000000002
1  2.88e+02  0.514887927  5.988207e-01 1.07900000000000000002
1  3.02e+02  0.5145458547  5.988207e-01 1.07900000000000000002
1  3.16e+02  0.5147351667  5.988207e-01 1.07900000000000000002
1  3.31e+02  0.5155329526  5.988207e-01 1.07900000000000000002
1  3.47e+02  0.5148597481  5.988207e-01 1.07900000000000000002
1  3.63e+02  0.5147005224  5.988207e-01 1.07900000000000000002
1  3.80e+02  0.5154456209  5.988207e-01 1.07900000000000000002
1  3.98e+02  0.5143508716  5.988207e-01 1.07900000000000000002
1  4.17e+02  0.515347889  5.988207e-01 1.07900000000000000002
1  4.37e+02  0.5152347749  5.988207e-01 1.07900000000000000002
1  4.57e+02  0.5139559514  5.988207e-01 1.07900000000000000002
1  4.79e+02  0.5152390168  5.988207e-01 1.07900000000000000002
1  5.01e+02  0.5154288087  5.988207e-01 1.07900000000000000002
1  5.25e+02  0.5150143424  5.988207e-01 1.07900000000000000002
1  5.50e+02  0.5144702096  5.988207e-01 1.07900000000000000002
1  5.75e+02  0.5139845918  5.988207e-01 1.07900000000000000002
1  6.03e+02  0.5138755231  5.988207e-01 1.07900000000000000002
1  6.31e+02  0.5138202223  5.988207e-01 1.07900000000000000002
1  6.61e+02  0.5153909358  5.988207e-01 1.07900000000000000002
1  6.92e+02  0.515151538  5.988207e-01 1.07900000000000000002
1  7.24e+02  0.5155031824  5.988207e-01 1.07900000000000000002
1  7.59e+02  0.5150306592  5.988207e-01 1.07900000000000000002
1  7.94e+02  0.5135873479  5.988207e-01 1.07900000000000000002
1  8.32e+02  0.5133158159  5.988207e-01 1.07900000000000000002
1  8.71e+02  0.5132105452  5.988207e-01 1.07900000000000000002
1  9.12e+02  0.512518382  5.988207e-01 1.07900000000000000002
1  9.55e+02  0.515413259  5.988207e-01 1.07900000000000000002
1  1.00e+03  0.5142946989  5.988207e-01 1.07900000000000000002
1  1.05e+03  0.5131838522  5.988207e-01 1.07900000000000000002
1  1.10e+03  0.5120697492  5.988207e-01 1.07900000000000000002
1  1.15e+03  0.5155584072  5.988207e-01 1.07900000000000000002
1  1.20e+03  0.5100677782  5.988207e-01 1.07900000000000000002
1  1.26e+03  0.5132878488  5.988207e-01 1.07900000000000000002
1  1.32e+03  0.515265409  5.988207e-01 1.07900000000000000002
1  1.38e+03  0.5171346704  5.988207e-01 1.07900000000000000002
1  1.45e+03  0.5139844588  5.988207e-01 1.07900000000000000002
1  1.51e+03  0.5119650665  5.988207e-01 1.07900000000000000002
1  1.58e+03  0.5015553236  5.988207e-01 1.07900000000000000002
1  1.66e+03  0.504075697  5.988207e-01 1.07900000000000000002
1  1.74e+03  0.5047698028  5.988207e-01 1.07900000000000000002
1  1.82e+03  0.5100121262  5.988207e-01 1.07900000000000000002
1  1.91e+03  0.5259782642  5.988207e-01 1.07900000000000000002
1  2.00e+03  0.5165798507  5.988207e-01 1.07900000000000000002
1  2.09e+03  0.5220744357  5.988207e-01 1.07900000000000000002
1  2.19e+03  0.5319811637  5.988207e-01 1.07900000000000000002
1  2.29e+03  0.5306018153  5.988207e-01 1.07900000000000000002
1  2.40e+03  0.5236271796  5.988207e-01 1.07900000000000000002
1  2.51e+03  0.493500429  5.988207e-01 1.07900000000000000002
1  2.63e+03  0.4676064373  5.988207e-01 1.07900000000000000002
1  2.75e+03  0.5139291688  5.988207e-01 1.07900000000000000002
1  2.88e+03  0.4574180026  5.988207e-01 1.07900000000000000002
1  3.02e+03  0.4793815122  5.988207e-01 1.07900000000000000002
1  3.16e+03  0.5236551343  5.988207e-01 1.07900000000000000002
1  3.31e+03  0.5361028734  5.988207e-01 1.07900000000000000002
1  3.47e+03  0.5478300781  5.988207e-01 1.07900000000000000002
1  3.63e+03  0.5500715914  5.988207e-01 1.07900000000000000002
1  3.80e+03  0.5136600893  5.988207e-01 1.07900000000000000002
1  3.98e+03  0.5114029181  5.988207e-01 1.07900000000000000002
1  4.17e+03  0.5914368982  5.988207e-01 1.07900000000000000002
1  4.37e+03  0.5100436833  5.988207e-01 1.07900000000000000002
1  4.57e+03  0.601029746  5.988207e-01 1.07900000000000000002
1  4.79e+03  0.5534755248  5.988207e-01 1.07900000000000000002
1  5.01e+03  0.5149608353  5.988207e-01 1.07900000000000000002
1  5.25e+03  0.5515671728  5.988207e-01 1.07900000000000000002
1  5.50e+03  0.5938265958  5.988207e-01 1.07900000000000000002
1  5.75e+03  0.5912160813  5.988207e-01 1.07900000000000000002
1  6.03e+03  0.5825336097  5.988207e-01 1.07900000000000000002
1  6.31e+03  0.5498689229  5.988207e-01 1.07900000000000000002
1  6.61e+03  0.4536010861  5.988207e-01 1.07900000000000000002
1  6.92e+03  0.4543973096  5.988207e-01 1.07900000000000000002
1  7.24e+03  0.5628973936  5.988207e-01 1.07900000000000000002
1  7.59e+03  0.466220923  5.988207e-01 1.07900000000000000002
1  7.94e+03  0.4505753966  5.988207e-01 1.07900000000000000002
1  8.32e+03  0.5029614885  5.988207e-01 1.07900000000000000002
1  8.71e+03  0.421405572  5.988207e-01 1.07900000000000000002
1  9.12e+03  0.4135194054  5.988207e-01 1.07900000000000000002
1  9.55e+03  0.5304144105  5.988207e-01 1.07900000000000000002
1  1.00e+04  0.3864630759  5.988207e-01 1.07900000000000000002
1  1.05e+04  0.3808022585  5.988207e-01 1.07900000000000000002
1  1.10e+04  0.4554490689  5.988207e-01 1.07900000000000000002
1  1.15e+04  0.5248407549  5.988207e-01 1.07900000000000000002
1  1.20e+04  0.4028463414  5.988207e-01 1.07900000000000000002
1  1.26e+04  0.3421066603  5.988207e-01 1.07900000000000000002
1  1.32e+04  0.3249101895  5.988207e-01 1.07900000000000000002
1  1.38e+04  0.2728737399  5.988207e-01 1.07900000000000000002
1  1.45e+04  0.309267367  5.988207e-01 1.07900000000000000002
1  1.51e+04  0.2508394428  5.988207e-01 1.07900000000000000002
1  1.58e+04  0.3672981732  5.988207e-01 1.07900000000000000002
1  1.66e+04  0.3612695859  5.988207e-01 1.07900000000000000002
1  1.74e+04  0.4819356844  5.988207e-01 1.07900000000000000002
1  1.82e+04  0.4100765862  5.988207e-01 1.07900000000000000002
1  1.91e+04  0.2461368365  5.988207e-01 1.07900000000000000002
1  2.00e+04  0.2143421239  5.988207e-01 1.07900000000000000002
1  2.09e+04  0.4625292413  5.988207e-01 1.07900000000000000002
1  2.19e+04  0.4075036312  5.988207e-01 1.07900000000000000002
1  2.29e+04  0.09263531203  5.988207e-01 1.07900000000000000002
1  2.40e+04  0.4908450664  5.988207e-01 1.07900000000000000002
1  2.51e+04  0.3345580077  5.988207e-01 1.07900000000000000002
1  2.63e+04  0.12306296  5.988207e-01 1.07900000000000000002
1  2.75e+04  0.4513244195  5.988207e-01 1.07900000000000000002
1  2.88e+04  0.1034717117  5.988207e-01 1.07900000000000000002
1  3.02e+04  0.4994054898  5.988207e-01 1.07900000000000000002
1  3.16e+04  0.07023187202  5.988207e-01 1.07900000000000000002
1  3.31e+04  0.497580893  5.988207e-01 1.07900000000000000002
1  3.47e+04  0.05372086218  5.988207e-01 1.07900000000000000002
1  3.63e+04  0.4580421699  5.988207e-01 1.07900000000000000002
1  3.80e+04  0.1644450299  5.988207e-01 1.07900000000000000002
1  3.98e+04  0.3416504068  5.988207e-01 1.07900000000000000002
1  4.17e+04  0.2961406525  5.988207e-01 1.07900000000000000002
1  4.37e+04  0.1178601024  5.988207e-01 1.07900000000000000002
1  4.57e+04  0.5109109563  5.988207e-01 1.07900000000000000002
1  4.79e+04  0.2263218819  5.988207e-01 1.07900000000000000002
1  5.01e+04  0.1282329038  5.988207e-01 1.07900000000000000002
1  5.25e+04  0.5154803637  5.988207e-01 1.07900000000000000002
1  5.50e+04  0.2434958495  5.988207e-01 1.07900000000000000002
1  5.75e+04  0.08869320182  5.988207e-01 1.07900000000000000002
1  6.03e+04  0.4933296314  5.988207e-01 1.07900000000000000002
1  6.31e+04  0.3008989739  5.988207e-01 1.07900000000000000002
1  6.61e+04  0.07056835749  5.988207e-01 1.07900000000000000002
1  6.92e+04  0.3730449649  5.988207e-01 1.07900000000000000002
1  7.24e+04  0.5169002308  5.988207e-01 1.07900000000000000002
1  7.59e+04  0.3143937026  5.988207e-01 1.07900000000000000002
1  7.94e+04  0.1885879917  5.988207e-01 1.07900000000000000002
1  8.32e+04  0.2979642858  5.988207e-01 1.07900000000000000002
1  8.71e+04  0.4778652584  5.988207e-01 1.07900000000000000002
1  9.12e+04  0.5100929147  5.988207e-01 1.07900000000000000002
1  9.55e+04  0.3466640701  5.988207e-01 1.07900000000000000002
1  1.00e+05  0.1836592341  5.988207e-01 1.07900000000000000002
1  1.05e+05  0.2254211679  5.988207e-01 1.07900000000000000002
1  1.10e+05  0.4177106506  5.988207e-01 1.07900000000000000002
1  1.15e+05  0.5264573175  5.988207e-01 1.07900000000000000002
1  1.20e+05  0.431544749  5.988207e-01 1.07900000000000000002
1  1.26e+05  0.2441264264  5.988207e-01 1.07900000000000000002
1  1.32e+05  0.1535106109  5.988207e-01 1.07900000000000000002
1  1.38e+05  0.2312814364  5.988207e-01 1.07900000000000000002
1  1.45e+05  0.3934165497  5.988207e-01 1.07900000000000000002
1  1.51e+05  0.5061167529  5.988207e-01 1.07900000000000000002
1  1.58e+05  0.499992112  5.988207e-01 1.07900000000000000002
1  1.66e+05  0.4018076617  5.988207e-01 1.07900000000000000002
1  1.74e+05  0.2903804784  5.988207e-01 1.07900000000000000002
1  1.82e+05  0.233981447  5.988207e-01 1.07900000000000000002
1  1.91e+05  0.2551419298  5.988207e-01 1.07900000000000000002
1  2.00e+05  0.3326719172  5.988207e-01 1.07900000000000000002
1  2.09e+05  0.4252033962  5.988207e-01 1.07900000000000000002
1  2.19e+05  0.4958471793  5.988207e-01 1.07900000000000000002
1  2.29e+05  0.5259384475  5.988207e-01 1.07900000000000000002
1  2.40e+05  0.516283371  5.988207e-01 1.07900000000000000002
1  2.51e+05  0.4805229737  5.988207e-01 1.07900000000000000002
1  2.63e+05  0.4364135613  5.988207e-01 1.07900000000000000002
1  2.75e+05  0.3990190091  5.988207e-01 1.07900000000000000002
1  2.88e+05  0.3773090362  5.988207e-01 1.07900000000000000002
1  3.02e+05  0.3738141129  5.988207e-01 1.07900000000000000002
1  3.16e+05  0.3861597793  5.988207e-01 1.07900000000000000002
1  3.31e+05  0.4092654039  5.988207e-01 1.07900000000000000002
1  3.47e+05  0.4373524669  5.988207e-01 1.07900000000000000002
1  3.63e+05  0.4653460834  5.988207e-01 1.07900000000000000002
1  3.80e+05  0.4895969632  5.988207e-01 1.07900000000000000002
1  3.98e+05  0.5080484356  5.988207e-01 1.07900000000000000002
1  4.17e+05  0.520044445  5.988207e-01 1.07900000000000000002
1  4.37e+05  0.5259647426  5.988207e-01 1.07900000000000000002
1  4.57e+05  0.5268260906  5.988207e-01 1.07900000000000000002
1  4.79e+05  0.5239333331  5.988207e-01 1.07900000000000000002
1  5.01e+05  0.5186179013  5.988207e-01 1.07900000000000000002
1  5.25e+05  0.5120693824  5.988207e-01 1.07900000000000000002
1  5.50e+05  0.5052476955  5.988207e-01 1.07900000000000000002
1  5.75e+05  0.4988559435  5.988207e-01 1.07900000000000000002
1  6.03e+05  0.4933533683  5.988207e-01 1.07900000000000000002
1  6.31e+05  0.4889908363  5.988207e-01 1.07900000000000000002
1  6.61e+05  0.4858878357  5.988207e-01 1.07900000000000000002
1  6.92e+05  0.4839742003  5.988207e-01 1.07900000000000000002
1  7.24e+05  0.4831425053  5.988207e-01 1.07900000000000000002
1  7.59e+05  0.4832405475  5.988207e-01 1.07900000000000000002
1  7.94e+05  0.4840969601  5.988207e-01 1.07900000000000000002
1  8.32e+05  0.485535389  5.988207e-01 1.07900000000000000002
1  8.71e+05  0.4874034446  5.988207e-01 1.07900000000000000002
1  9.12e+05  0.4895536049  5.988207e-01 1.07900000000000000002
1  9.55e+05  0.4918645508  5.988207e-01 1.07900000000000000002
1  1.00e+06  0.4942372131  5.988207e-01 1.07900000000000000002
1  1.05e+06  0.4965937586  5.988207e-01 1.07900000000000000002
1  1.10e+06  0.4988755521  5.988207e-01 1.07900000000000000002
1  1.15e+06  0.5010406095  5.988207e-01 1.07900000000000000002
1  1.20e+06  0.5030608972  5.988207e-01 1.07900000000000000002
1  1.26e+06  0.5049197113  5.988207e-01 1.07900000000000000002
1  1.32e+06  0.506609276  5.988207e-01 1.07900000000000000002
1  1.38e+06  0.5081286317  5.988207e-01 1.07900000000000000002
1  1.45e+06  0.5094818391  5.988207e-01 1.07900000000000000002
1  1.51e+06  0.5106764941  5.988207e-01 1.07900000000000000002
1  1.58e+06  0.5117225294  5.988207e-01 1.07900000000000000002
1  1.66e+06  0.5126305013  5.988207e-01 1.07900000000000000002
1  1.74e+06  0.5134140274  5.988207e-01 1.07900000000000000002
1  1.82e+06  0.5140843883  5.988207e-01 1.07900000000000000002
1  1.91e+06  0.5146534621  5.988207e-01 1.07900000000000000002
1  2.00e+06  0.5151326011  5.988207e-01 1.07900000000000000002
1  2.09e+06  0.5155324565  5.988207e-01 1.07900000000000000002
1  2.19e+06  0.5158628757  5.988207e-01 1.07900000000000000002
1  2.29e+06  0.5161328539  5.988207e-01 1.07900000000000000002
1  2.40e+06  0.5163505251  5.988207e-01 1.07900000000000000002
1  2.51e+06  0.5165231815  5.988207e-01 1.07900000000000000002
1  2.63e+06  0.5166573122  5.988207e-01 1.07900000000000000002
1  2.75e+06  0.5167586536  5.988207e-01 1.07900000000000000002
1  2.88e+06  0.5168322476  5.988207e-01 1.07900000000000000002
1  3.02e+06  0.5168825014  5.988207e-01 1.07900000000000000002
1  3.16e+06  0.5169132493  5.988207e-01 1.07900000000000000002
1  3.31e+06  0.5169276118  5.988207e-01 1.07900000000000000002
1  3.47e+06  0.5169288678  5.988207e-01 1.07900000000000000002
1  3.63e+06  0.5169192582  5.988207e-01 1.07900000000000000002
1  3.80e+06  0.5169008851  5.988207e-01 1.07900000000000000002
1  3.98e+06  0.5168755387  5.988207e-01 1.07900000000000000002
1  4.17e+06  0.5168447373  5.988207e-01 1.07900000000000000002
1  4.37e+06  0.5168097628  5.988207e-01 1.07900000000000000002
1  4.57e+06  0.5167716924  5.988207e-01 1.07900000000000000002
1  4.79e+06  0.5167314271  5.988207e-01 1.07900000000000000002
1  5.01e+06  0.5166897162  5.988207e-01 1.07900000000000000002
1  5.25e+06  0.5166471789  5.988207e-01 1.07900000000000000002
1  5.50e+06  0.5166043237  5.988207e-01 1.07900000000000000002
1  5.75e+06  0.5165615643  5.988207e-01 1.07900000000000000002
1  6.03e+06  0.5165192342  5.988207e-01 1.07900000000000000002
1  6.31e+06  0.516477599  5.988207e-01 1.07900000000000000002
1  6.61e+06  0.5164368098  5.988207e-01 1.07900000000000000002
1  6.92e+06  0.5163971459  5.988207e-01 1.07900000000000000002
1  7.24e+06  0.5163586652  5.988207e-01 1.07900000000000000002
1  7.59e+06  0.5163214541  5.988207e-01 1.07900000000000000002
1  7.94e+06  0.5162855714  5.988207e-01 1.07900000000000000002
1  8.32e+06  0.5162510528  5.988207e-01 1.07900000000000000002
1  8.71e+06  0.5162179153  5.988207e-01 1.07900000000000000002
1  9.12e+06  0.5161861609  5.988207e-01 1.07900000000000000002
1  9.55e+06  0.5161557791  5.988207e-01 1.07900000000000000002
1  1.00e+07  0.5161267495  5.988207e-01 1.07900000000000000002
