1  1.00e-03  0.3746028171 63185.848 0.95799999999999999999
1  1.05e-03  0.3746028138 63185.848 0.95799999999999999999
1  1.10e-03  0.3746028156 63185.848 0.95799999999999999999
1  1.15e-03  0.3746028123 63185.848 0.95799999999999999999
1  1.20e-03  0.3746028173 63185.848 0.95799999999999999999
1  1.26e-03  0.374602812 63185.848 0.95799999999999999999
1  1.32e-03  0.3746028194 63185.848 0.95799999999999999999
1  1.38e-03  0.3746028188 63185.848 0.95799999999999999999
1  1.45e-03  0.3746028127 63185.848 0.95799999999999999999
1  1.51e-03  0.3746028159 63185.848 0.95799999999999999999
1  1.58e-03  0.3746028199 63185.848 0.95799999999999999999
1  1.66e-03  0.3746028173 63185.848 0.95799999999999999999
1  1.74e-03  0.3746028161 63185.848 0.95799999999999999999
1  1.82e-03  0.3746028171 63185.848 0.95799999999999999999
1  1.91e-03  0.3746028105 63185.848 0.95799999999999999999
1  2.00e-03  0.3746028136 63185.848 0.95799999999999999999
1  2.09e-03  0.3746028114 63185.848 0.95799999999999999999
1  2.19e-03  0.3746028185 63185.848 0.95799999999999999999
1  2.29e-03  0.3746028165 63185.848 0.95799999999999999999
1  2.40e-03  0.3746028188 63185.848 0.95799999999999999999
1  2.51e-03  0.374602816 63185.848 0.95799999999999999999
1  2.63e-03  0.3746028139 63185.848 0.95799999999999999999
1  2.75e-03  0.3746028145 63185.848 0.95799999999999999999
1  2.88e-03  0.3746028141 63185.848 0.95799999999999999999
1  3.02e-03  0.3746028114 63185.848 0.95799999999999999999
1  3.16e-03  0.3746028107 63185.848 0.95799999999999999999
1  3.31e-03  0.3746028192 63185.848 0.95799999999999999999
1  3.47e-03  0.3746028156 63185.848 0.95799999999999999999
1  3.63e-03  0.3746028153 63185.848 0.95799999999999999999
1  3.80e-03  0.3746028181 63185.848 0.95799999999999999999
1  3.98e-03  0.3746027669 63185.848 0.95799999999999999999
1  4.17e-03  0.3746028148 63185.848 0.95799999999999999999
1  4.37e-03  0.3746028178 63185.848 0.95799999999999999999
1  4.57e-03  0.3746028141 63185.848 0.95799999999999999999
1  4.79e-03  0.3746028089 63185.848 0.95799999999999999999
1  5.01e-03  0.3746028091 63185.848 0.95799999999999999999
1  5.25e-03  0.3746028119 63185.848 0.95799999999999999999
1  5.50e-03  0.3746028285 63185.848 0.95799999999999999999
1  5.75e-03  0.3746028119 63185.848 0.95799999999999999999
1  6.03e-03  0.3746028124 63185.848 0.95799999999999999999
1  6.31e-03  0.3746028046 63185.848 0.95799999999999999999
1  6.61e-03  0.3746028159 63185.848 0.95799999999999999999
1  6.92e-03  0.3746028127 63185.848 0.95799999999999999999
1  7.24e-03  0.3746028064 63185.848 0.95799999999999999999
1  7.59e-03  0.3746027677 63185.848 0.95799999999999999999
1  7.94e-03  0.3746027983 63185.848 0.95799999999999999999
1  8.32e-03  0.3746028118 63185.848 0.95799999999999999999
1  8.71e-03  0.3746028024 63185.848 0.95799999999999999999
1  9.12e-03  0.3746028068 63185.848 0.95799999999999999999
1  9.55e-03  0.374602805 63185.848 0.95799999999999999999
1  1.00e-02  0.374602803 63185.848 0.95799999999999999999
1  1.05e-02  0.3746027868 63185.848 0.95799999999999999999
1  1.10e-02  0.3746028048 63185.848 0.95799999999999999999
1  1.15e-02  0.3746027917 63185.848 0.95799999999999999999
1  1.20e-02  0.3746023001 63185.848 0.95799999999999999999
1  1.26e-02  0.3746028051 63185.848 0.95799999999999999999
1  1.32e-02  0.3746027855 63185.848 0.95799999999999999999
1  1.38e-02  0.3746027788 63185.848 0.95799999999999999999
1  1.45e-02  0.3746027781 63185.848 0.95799999999999999999
1  1.51e-02  0.3746027885 63185.848 0.95799999999999999999
1  1.58e-02  0.3746027748 63185.848 0.95799999999999999999
1  1.66e-02  0.374602785 63185.848 0.95799999999999999999
1  1.74e-02  0.3746027907 63185.848 0.95799999999999999999
1  1.82e-02  0.3746027207 63185.848 0.95799999999999999999
1  1.91e-02  0.374602802 63185.848 0.95799999999999999999
1  2.00e-02  0.3746029694 63185.848 0.95799999999999999999
1  2.09e-02  0.3746026665 63185.848 0.95799999999999999999
1  2.19e-02  0.3746027826 63185.848 0.95799999999999999999
1  2.29e-02  0.3746028009 63185.848 0.95799999999999999999
1  2.40e-02  0.3746028557 63185.848 0.95799999999999999999
1  2.51e-02  0.3746026596 63185.848 0.95799999999999999999
1  2.63e-02  0.3746026989 63185.848 0.95799999999999999999
1  2.75e-02  0.374602656 63185.848 0.95799999999999999999
1  2.88e-02  0.3746025305 63185.848 0.95799999999999999999
1  3.02e-02  0.3746027515 63185.848 0.95799999999999999999
1  3.16e-02  0.3746026996 63185.848 0.95799999999999999999
1  3.31e-02  0.3746027364 63185.848 0.95799999999999999999
1  3.47e-02  0.3746026782 63185.848 0.95799999999999999999
1  3.63e-02  0.3746021376 63185.848 0.95799999999999999999
1  3.80e-02  0.3746027561 63185.848 0.95799999999999999999
1  3.98e-02  0.3746027235 63185.848 0.95799999999999999999
1  4.17e-02  0.3746027358 63185.848 0.95799999999999999999
1  4.37e-02  0.3746026296 63185.848 0.95799999999999999999
1  4.57e-02  0.3746026187 63185.848 0.95799999999999999999
1  4.79e-02  0.3746027354 63185.848 0.95799999999999999999
1  5.01e-02  0.3746028412 63185.848 0.95799999999999999999
1  5.25e-02  0.3746026229 63185.848 0.95799999999999999999
1  5.50e-02  0.3746026428 63185.848 0.95799999999999999999
1  5.75e-02  0.374602534 63185.848 0.95799999999999999999
1  6.03e-02  0.3746026153 63185.848 0.95799999999999999999
1  6.31e-02  0.3746026386 63185.848 0.95799999999999999999
1  6.61e-02  0.3746026091 63185.848 0.95799999999999999999
1  6.92e-02  0.3746026037 63185.848 0.95799999999999999999
1  7.24e-02  0.3746026087 63185.848 0.95799999999999999999
1  7.59e-02  0.374601167 63185.848 0.95799999999999999999
1  7.94e-02  0.3746026695 63185.848 0.95799999999999999999
1  8.32e-02  0.3746026041 63185.848 0.95799999999999999999
1  8.71e-02  0.3746025137 63185.848 0.95799999999999999999
1  9.12e-02  0.3746025949 63185.848 0.95799999999999999999
1  9.55e-02  0.3746020769 63185.848 0.95799999999999999999
1  1.00e-01  0.3746023365 63185.848 0.95799999999999999999
1  1.05e-01  0.3746026363 63185.848 0.95799999999999999999
1  1.10e-01  0.3746024804 63185.848 0.95799999999999999999
1  1.15e-01  0.3746026194 63185.848 0.95799999999999999999
1  1.20e-01  0.3746025191 63185.848 0.95799999999999999999
1  1.26e-01  0.374602376 63185.848 0.95799999999999999999
1  1.32e-01  0.3746025777 63185.848 0.95799999999999999999
1  1.38e-01  0.3746024563 63185.848 0.95799999999999999999
1  1.45e-01  0.374601579 63185.848 0.95799999999999999999
1  1.51e-01  0.3746026642 63185.848 0.95799999999999999999
1  1.58e-01  0.3746026762 63185.848 0.95799999999999999999
1  1.66e-01  0.37460246 63185.848 0.95799999999999999999
1  1.74e-01  0.374602771 63185.848 0.95799999999999999999
1  1.82e-01  0.3745962898 63185.848 0.95799999999999999999
1  1.91e-01  0.3746022556 63185.848 0.95799999999999999999
1  2.00e-01  0.3746022707 63185.848 0.95799999999999999999
1  2.09e-01  0.3746025938 63185.848 0.95799999999999999999
1  2.19e-01  0.3746026948 63185.848 0.95799999999999999999
1  2.29e-01  0.3746019769 63185.848 0.95799999999999999999
1  2.40e-01  0.3746022456 63185.848 0.95799999999999999999
1  2.51e-01  0.3746025643 63185.848 0.95799999999999999999
1  2.63e-01  0.3746022327 63185.848 0.95799999999999999999
1  2.75e-01  0.3746022639 63185.848 0.95799999999999999999
1  2.88e-01  0.374602664 63185.848 0.95799999999999999999
1  3.02e-01  0.3746026716 63185.848 0.95799999999999999999
1  3.16e-01  0.3745981711 63185.848 0.95799999999999999999
1  3.31e-01  0.3746026124 63185.848 0.95799999999999999999
1  3.47e-01  0.3746022565 63185.848 0.95799999999999999999
1  3.63e-01  0.3746024285 63185.848 0.95799999999999999999
1  3.80e-01  0.3746018108 63185.848 0.95799999999999999999
1  3.98e-01  0.3746021491 63185.848 0.95799999999999999999
1  4.17e-01  0.3746021623 63185.848 0.95799999999999999999
1  4.37e-01  0.3746026056 63185.848 0.95799999999999999999
1  4.57e-01  0.3746024717 63185.848 0.95799999999999999999
1  4.79e-01  0.3746020875 63185.848 0.95799999999999999999
1  5.01e-01  0.3746022964 63185.848 0.95799999999999999999
1  5.25e-01  0.3746016362 63185.848 0.95799999999999999999
1  5.50e-01  0.374601511 63185.848 0.95799999999999999999
1  5.75e-01  0.3746005719 63185.848 0.95799999999999999999
1  6.03e-01  0.37460168 63185.848 0.95799999999999999999
1  6.31e-01  0.3746020934 63185.848 0.95799999999999999999
1  6.61e-01  0.3746025333 63185.848 0.95799999999999999999
1  6.92e-01  0.3746014926 63185.848 0.95799999999999999999
1  7.24e-01  0.37460162 63185.848 0.95799999999999999999
1  7.59e-01  0.3746018577 63185.848 0.95799999999999999999
1  7.94e-01  0.3746015392 63185.848 0.95799999999999999999
1  8.32e-01  0.3746026492 63185.848 0.95799999999999999999
1  8.71e-01  0.3746015323 63185.848 0.95799999999999999999
1  9.12e-01  0.3746025684 63185.848 0.95799999999999999999
1  9.55e-01  0.3745983251 63185.848 0.95799999999999999999
1  1.00e+00  0.3746025744 63185.848 0.95799999999999999999
1  1.05e+00  0.3746008832 63185.848 0.95799999999999999999
1  1.10e+00  0.3746011045 63185.848 0.95799999999999999999
1  1.15e+00  0.374602771 63185.848 0.95799999999999999999
1  1.20e+00  0.3746011725 63185.848 0.95799999999999999999
1  1.26e+00  0.3746007335 63185.848 0.95799999999999999999
1  1.32e+00  0.374600622 63185.848 0.95799999999999999999
1  1.38e+00  0.3746071226 63185.848 0.95799999999999999999
1  1.45e+00  0.3746009455 63185.848 0.95799999999999999999
1  1.51e+00  0.3745998347 63185.848 0.95799999999999999999
1  1.58e+00  0.3746014995 63185.848 0.95799999999999999999
1  1.66e+00  0.3746016972 63185.848 0.95799999999999999999
1  1.74e+00  0.3745991929 63185.848 0.95799999999999999999
1  1.82e+00  0.3746020343 63185.848 0.95799999999999999999
1  1.91e+00  0.3746002658 63185.848 0.95799999999999999999
1  2.00e+00  0.3746010017 63185.848 0.95799999999999999999
1  2.09e+00  0.3746002222 63185.848 0.95799999999999999999
1  2.19e+00  0.374602436 63185.848 0.95799999999999999999
1  2.29e+00  0.3746015044 63185.848 0.95799999999999999999
1  2.40e+00  0.3746009469 63185.848 0.95799999999999999999
1  2.51e+00  0.3746007365 63185.848 0.95799999999999999999
1  2.63e+00  0.3746006522 63185.848 0.95799999999999999999
1  2.75e+00  0.374601303 63185.848 0.95799999999999999999
1  2.88e+00  0.3745482784 63185.848 0.95799999999999999999
1  3.02e+00  0.3746012575 63185.848 0.95799999999999999999
1  3.16e+00  0.3746005457 63185.848 0.95799999999999999999
1  3.31e+00  0.3746375963 63185.848 0.95799999999999999999
1  3.47e+00  0.3745985697 63185.848 0.95799999999999999999
1  3.63e+00  0.3746034706 63185.848 0.95799999999999999999
1  3.80e+00  0.3746378632 63185.848 0.95799999999999999999
1  3.98e+00  0.3745982789 63185.848 0.95799999999999999999
1  4.17e+00  0.3746013201 63185.848 0.95799999999999999999
1  4.37e+00  0.3746017542 63185.848 0.95799999999999999999
1  4.57e+00  0.3745975218 63185.848 0.95799999999999999999
1  4.79e+00  0.3745939748 63185.848 0.95799999999999999999
1  5.01e+00  0.3745923295 63185.848 0.95799999999999999999
1  5.25e+00  0.374592759 63185.848 0.95799999999999999999
1  5.50e+00  0.3745931856 63185.848 0.95799999999999999999
1  5.75e+00  0.3745859692 63185.848 0.95799999999999999999
1  6.03e+00  0.3745955817 63185.848 0.95799999999999999999
1  6.31e+00  0.3745917758 63185.848 0.95799999999999999999
1  6.61e+00  0.3746020284 63185.848 0.95799999999999999999
1  6.92e+00  0.3745938098 63185.848 0.95799999999999999999
1  7.24e+00  0.3745856876 63185.848 0.95799999999999999999
1  7.59e+00  0.3745819368 63185.848 0.95799999999999999999
1  7.94e+00  0.37460115 63185.848 0.95799999999999999999
1  8.32e+00  0.374589896 63185.848 0.95799999999999999999
1  8.71e+00  0.3745818988 63185.848 0.95799999999999999999
1  9.12e+00  0.3745918851 63185.848 0.95799999999999999999
1  9.55e+00  0.3746013142 63185.848 0.95799999999999999999
1  1.00e+01  0.3745815089 63185.848 0.95799999999999999999
1  1.05e+01  0.3745971635 63185.848 0.95799999999999999999
1  1.10e+01  0.3745953638 63185.848 0.95799999999999999999
1  1.15e+01  0.3745047295 63185.848 0.95799999999999999999
1  1.20e+01  0.3745896025 63185.848 0.95799999999999999999
1  1.26e+01  0.3745805165 63185.848 0.95799999999999999999
1  1.32e+01  0.3745714238 63185.848 0.95799999999999999999
1  1.38e+01  0.3745821793 63185.848 0.95799999999999999999
1  1.45e+01  0.3746015041 63185.848 0.95799999999999999999
1  1.51e+01  0.3745873453 63185.848 0.95799999999999999999
1  1.58e+01  0.3746001718 63185.848 0.95799999999999999999
1  1.66e+01  0.3746879971 63185.848 0.95799999999999999999
1  1.74e+01  0.3750503325 63185.848 0.95799999999999999999
1  1.82e+01  0.3745731745 63185.848 0.95799999999999999999
1  1.91e+01  0.3745633817 63185.848 0.95799999999999999999
1  2.00e+01  0.3745991266 63185.848 0.95799999999999999999
1  2.09e+01  0.3744942308 63185.848 0.95799999999999999999
1  2.19e+01  0.3747175996 63185.848 0.95799999999999999999
1  2.29e+01  0.3746571263 63185.848 0.95799999999999999999
1  2.40e+01  0.3743818033 63185.848 0.95799999999999999999
1  2.51e+01  0.3739607409 63185.848 0.95799999999999999999
1  2.63e+01  0.3744458784 63185.848 0.95799999999999999999
1  2.75e+01  0.3748127248 63185.848 0.95799999999999999999
1  2.88e+01  0.3746006447 63185.848 0.95799999999999999999
1  3.02e+01  0.3746837471 63185.848 0.95799999999999999999
1  3.16e+01  0.3746778978 63185.848 0.95799999999999999999
1  3.31e+01  0.3746697325 63185.848 0.95799999999999999999
1  3.47e+01  0.3738550054 63185.848 0.95799999999999999999
1  3.63e+01  0.3746008042 63185.848 0.95799999999999999999
1  3.80e+01  0.3744716278 63185.848 0.95799999999999999999
1  3.98e+01  0.37470751 63185.848 0.95799999999999999999
1  4.17e+01  0.3747688367 63185.848 0.95799999999999999999
1  4.37e+01  0.3740783772 63185.848 0.95799999999999999999
1  4.57e+01  0.3746641642 63185.848 0.95799999999999999999
1  4.79e+01  0.3748212491 63185.848 0.95799999999999999999
1  5.01e+01  0.3746167805 63185.848 0.95799999999999999999
1  5.25e+01  0.3744755056 63185.848 0.95799999999999999999
1  5.50e+01  0.3744017193 63185.848 0.95799999999999999999
1  5.75e+01  0.3741228453 63185.848 0.95799999999999999999
1  6.03e+01  0.3749363075 63185.848 0.95799999999999999999
1  6.31e+01  0.3746720774 63185.848 0.95799999999999999999
1  6.61e+01  0.3745148719 63185.848 0.95799999999999999999
1  6.92e+01  0.3749546406 63185.848 0.95799999999999999999
1  7.24e+01  0.3749016149 63185.848 0.95799999999999999999
1  7.59e+01  0.3742585839 63185.848 0.95799999999999999999
1  7.94e+01  0.3747847408 63185.848 0.95799999999999999999
1  8.32e+01  0.3745705359 63185.848 0.95799999999999999999
1  8.71e+01  0.3746156531 63185.848 0.95799999999999999999
1  9.12e+01  0.374409937 63185.848 0.95799999999999999999
1  9.55e+01  0.3740315384 63185.848 0.95799999999999999999
1  1.00e+02  0.3741263622 63185.848 0.95799999999999999999
1  1.05e+02  0.3744296971 63185.848 0.95799999999999999999
1  1.10e+02  0.3744762184 63185.848 0.95799999999999999999
1  1.15e+02  0.3744568558 63185.848 0.95799999999999999999
1  1.20e+02  0.3742893642 63185.848 0.95799999999999999999
1  1.26e+02  0.3748654669 63185.848 0.95799999999999999999
1  1.32e+02  0.3743558253 63185.848 0.95799999999999999999
1  1.38e+02  0.3743028275 63185.848 0.95799999999999999999
1  1.45e+02  0.3744771113 63185.848 0.95799999999999999999
1  1.51e+02  0.3746407105 63185.848 0.95799999999999999999
1  1.58e+02  0.3739242391 63185.848 0.95799999999999999999
1  1.66e+02  0.3742121318 63185.848 0.95799999999999999999
1  1.74e+02  0.3743661037 63185.848 0.95799999999999999999
1  1.82e+02  0.3745413802 63185.848 0.95799999999999999999
1  1.91e+02  0.3742057532 63185.848 0.95799999999999999999
1  2.00e+02  0.3740957192 63185.848 0.95799999999999999999
1  2.09e+02  0.3745591056 63185.848 0.95799999999999999999
1  2.19e+02  0.3743314198 63185.848 0.95799999999999999999
1  2.29e+02  0.3744678252 63185.848 0.95799999999999999999
1  2.40e+02  0.3745391424 63185.848 0.95799999999999999999
1  2.51e+02  0.3742331441 63185.848 0.95799999999999999999
1  2.63e+02  0.3746988236 63185.848 0.95799999999999999999
1  2.75e+02  0.3746344613 63185.848 0.95799999999999999999
1  2.88e+02  0.3743867714 63185.848 0.95799999999999999999
1  3.02e+02  0.3740710202 63185.848 0.95799999999999999999
1  3.16e+02  0.3744247333 63185.848 0.95799999999999999999
1  3.31e+02  0.3743341123 63185.848 0.95799999999999999999
1  3.47e+02  0.3746981506 63185.848 0.95799999999999999999
1  3.63e+02  0.3738592495 63185.848 0.95799999999999999999
1  3.80e+02  0.3744368893 63185.848 0.95799999999999999999
1  3.98e+02  0.3745934067 63185.848 0.95799999999999999999
1  4.17e+02  0.3744540813 63185.848 0.95799999999999999999
1  4.37e+02  0.3737236015 63185.848 0.95799999999999999999
1  4.57e+02  0.3743466094 63185.848 0.95799999999999999999
1  4.79e+02  0.3746318519 63185.848 0.95799999999999999999
1  5.01e+02  0.3739161982 63185.848 0.95799999999999999999
1  5.25e+02  0.3743947177 63185.848 0.95799999999999999999
1  5.50e+02  0.3735383372 63185.848 0.95799999999999999999
1  5.75e+02  0.3732987617 63185.848 0.95799999999999999999
1  6.03e+02  0.3740402191 63185.848 0.95799999999999999999
1  6.31e+02  0.3739699693 63185.848 0.95799999999999999999
1  6.61e+02  0.3746903628 63185.848 0.95799999999999999999
1  6.92e+02  0.3748393281 63185.848 0.95799999999999999999
1  7.24e+02  0.3743508829 63185.848 0.95799999999999999999
1  7.59e+02  0.3731314415 63185.848 0.95799999999999999999
1  7.94e+02  0.3731254207 63185.848 0.95799999999999999999
1  8.32e+02  0.3737363697 63185.848 0.95799999999999999999
1  8.71e+02  0.3731363326 63185.848 0.95799999999999999999
1  9.12e+02  0.373673765 63185.848 0.95799999999999999999
1  9.55e+02  0.3722245714 63185.848 0.95799999999999999999
1  1.00e+03  0.3735218512 63185.848 0.95799999999999999999
1  1.05e+03  0.3749640831 63185.848 0.95799999999999999999
1  1.10e+03  0.3719622524 63185.848 0.95799999999999999999
1  1.15e+03  0.374639929 63185.848 0.95799999999999999999
1  1.20e+03  0.3710689086 63185.848 0.95799999999999999999
1  1.26e+03  0.3723052713 63185.848 0.95799999999999999999
1  1.32e+03  0.376928586 63185.848 0.95799999999999999999
1  1.38e+03  0.3757885218 63185.848 0.95799999999999999999
1  1.45e+03  0.3759797048 63185.848 0.95799999999999999999
1  1.51e+03  0.3653888587 63185.848 0.95799999999999999999
1  1.58e+03  0.3669806667 63185.848 0.95799999999999999999
1  1.66e+03  0.3666671775 63185.848 0.95799999999999999999
1  1.74e+03  0.3635288144 63185.848 0.95799999999999999999
1  1.82e+03  0.3739898541 63185.848 0.95799999999999999999
1  1.91e+03  0.3822258729 63185.848 0.95799999999999999999
1  2.00e+03  0.38742436 63185.848 0.95799999999999999999
1  2.09e+03  0.3744889167 63185.848 0.95799999999999999999
1  2.19e+03  0.3679613738 63185.848 0.95799999999999999999
1  2.29e+03  0.3587454082 63185.848 0.95799999999999999999
1  2.40e+03  0.3532926851 63185.848 0.95799999999999999999
1  2.51e+03  0.3755193559 63185.848 0.95799999999999999999
1  2.63e+03  0.3519682028 63185.848 0.95799999999999999999
1  2.75e+03  0.3521394919 63185.848 0.95799999999999999999
1  2.88e+03  0.3277030713 63185.848 0.95799999999999999999
1  3.02e+03  0.3723827838 63185.848 0.95799999999999999999
1  3.16e+03  0.3849139245 63185.848 0.95799999999999999999
1  3.31e+03  0.3876404072 63185.848 0.95799999999999999999
1  3.47e+03  0.4036221377 63185.848 0.95799999999999999999
1  3.63e+03  0.4018623465 63185.848 0.95799999999999999999
1  3.80e+03  0.3650914473 63185.848 0.95799999999999999999
1  3.98e+03  0.391682725 63185.848 0.95799999999999999999
1  4.17e+03  0.4164600209 63185.848 0.95799999999999999999
1  4.37e+03  0.3818841142 63185.848 0.95799999999999999999
1  4.57e+03  0.39115731 63185.848 0.95799999999999999999
1  4.79e+03  0.4451463086 63185.848 0.95799999999999999999
1  5.01e+03  0.4273941909 63185.848 0.95799999999999999999
1  5.25e+03  0.3659445987 63185.848 0.95799999999999999999
1  5.50e+03  0.3634483061 63185.848 0.95799999999999999999
1  5.75e+03  0.3554850951 63185.848 0.95799999999999999999
1  6.03e+03  0.3684055395 63185.848 0.95799999999999999999
1  6.31e+03  0.3402293493 63185.848 0.95799999999999999999
1  6.61e+03  0.4337548026 63185.848 0.95799999999999999999
1  6.92e+03  0.4455915587 63185.848 0.95799999999999999999
1  7.24e+03  0.3624072686 63185.848 0.95799999999999999999
1  7.59e+03  0.4173466399 63185.848 0.95799999999999999999
1  7.94e+03  0.3667706973 63185.848 0.95799999999999999999
1  8.32e+03  0.3873337746 63185.848 0.95799999999999999999
1  8.71e+03  0.3847064599 63185.848 0.95799999999999999999
1  9.12e+03  0.4302141239 63185.848 0.95799999999999999999
1  9.55e+03  0.3507863336 63185.848 0.95799999999999999999
1  1.00e+04  0.2321100243 63185.848 0.95799999999999999999
1  1.05e+04  0.4180278575 63185.848 0.95799999999999999999
1  1.10e+04  0.4012803864 63185.848 0.95799999999999999999
1  1.15e+04  0.3404746826 63185.848 0.95799999999999999999
1  1.20e+04  0.2143243015 63185.848 0.95799999999999999999
1  1.26e+04  0.40193135 63185.848 0.95799999999999999999
1  1.32e+04  0.1278141328 63185.848 0.95799999999999999999
1  1.38e+04  0.3969246424 63185.848 0.95799999999999999999
1  1.45e+04  0.1508483053 63185.848 0.95799999999999999999
1  1.51e+04  0.3967527408 63185.848 0.95799999999999999999
1  1.58e+04  0.2811781021 63185.848 0.95799999999999999999
1  1.66e+04  0.3841196704 63185.848 0.95799999999999999999
1  1.74e+04  0.3792176068 63185.848 0.95799999999999999999
1  1.82e+04  0.3362402112 63185.848 0.95799999999999999999
1  1.91e+04  0.3749380333 63185.848 0.95799999999999999999
1  2.00e+04  0.2960375289 63185.848 0.95799999999999999999
1  2.09e+04  0.4072730709 63185.848 0.95799999999999999999
1  2.19e+04  0.3505521826 63185.848 0.95799999999999999999
1  2.29e+04  0.2654939007 63185.848 0.95799999999999999999
1  2.40e+04  0.4074011769 63185.848 0.95799999999999999999
1  2.51e+04  0.3991924602 63185.848 0.95799999999999999999
1  2.63e+04  0.392268838 63185.848 0.95799999999999999999
1  2.75e+04  0.1369185523 63185.848 0.95799999999999999999
1  2.88e+04  0.30375131 63185.848 0.95799999999999999999
1  3.02e+04  0.3825510615 63185.848 0.95799999999999999999
1  3.16e+04  0.4190618616 63185.848 0.95799999999999999999
1  3.31e+04  0.2109212303 63185.848 0.95799999999999999999
1  3.47e+04  0.335521431 63185.848 0.95799999999999999999
1  3.63e+04  0.1815313673 63185.848 0.95799999999999999999
1  3.80e+04  0.3966220045 63185.848 0.95799999999999999999
1  3.98e+04  0.3714750899 63185.848 0.95799999999999999999
1  4.17e+04  0.3485693823 63185.848 0.95799999999999999999
1  4.37e+04  0.3923983382 63185.848 0.95799999999999999999
1  4.57e+04  0.1522975743 63185.848 0.95799999999999999999
1  4.79e+04  0.3930330094 63185.848 0.95799999999999999999
1  5.01e+04  0.1923625886 63185.848 0.95799999999999999999
1  5.25e+04  0.2613492533 63185.848 0.95799999999999999999
1  5.50e+04  0.419133349 63185.848 0.95799999999999999999
1  5.75e+04  0.3513884048 63185.848 0.95799999999999999999
1  6.03e+04  0.3774842556 63185.848 0.95799999999999999999
1  6.31e+04  0.366295248 63185.848 0.95799999999999999999
1  6.61e+04  0.419844247 63185.848 0.95799999999999999999
1  6.92e+04  0.3443896815 63185.848 0.95799999999999999999
1  7.24e+04  0.2188245969 63185.848 0.95799999999999999999
1  7.59e+04  0.3275852446 63185.848 0.95799999999999999999
1  7.94e+04  0.3999506099 63185.848 0.95799999999999999999
1  8.32e+04  0.2489773218 63185.848 0.95799999999999999999
1  8.71e+04  0.1723146247 63185.848 0.95799999999999999999
1  9.12e+04  0.3040133427 63185.848 0.95799999999999999999
1  9.55e+04  0.4142442392 63185.848 0.95799999999999999999
1  1.00e+05  0.3688174428 63185.848 0.95799999999999999999
1  1.05e+05  0.291302359 63185.848 0.95799999999999999999
1  1.10e+05  0.3043556427 63185.848 0.95799999999999999999
1  1.15e+05  0.3758422213 63185.848 0.95799999999999999999
1  1.20e+05  0.4202989015 63185.848 0.95799999999999999999
1  1.26e+05  0.4164021411 63185.848 0.95799999999999999999
1  1.32e+05  0.3986453784 63185.848 0.95799999999999999999
1  1.38e+05  0.3941631327 63185.848 0.95799999999999999999
1  1.45e+05  0.3991887143 63185.848 0.95799999999999999999
1  1.51e+05  0.3997691082 63185.848 0.95799999999999999999
1  1.58e+05  0.3936104493 63185.848 0.95799999999999999999
1  1.66e+05  0.3899183245 63185.848 0.95799999999999999999
1  1.74e+05  0.3964328398 63185.848 0.95799999999999999999
1  1.82e+05  0.4109497998 63185.848 0.95799999999999999999
1  1.91e+05  0.4236191211 63185.848 0.95799999999999999999
1  2.00e+05  0.424987553 63185.848 0.95799999999999999999
1  2.09e+05  0.4122418352 63185.848 0.95799999999999999999
1  2.19e+05  0.3900678698 63185.848 0.95799999999999999999
1  2.29e+05  0.3672014479 63185.848 0.95799999999999999999
1  2.40e+05  0.3518070708 63185.848 0.95799999999999999999
1  2.51e+05  0.3482754224 63185.848 0.95799999999999999999
1  2.63e+05  0.3563883475 63185.848 0.95799999999999999999
1  2.75e+05  0.3724065124 63185.848 0.95799999999999999999
1  2.88e+05  0.3910309623 63185.848 0.95799999999999999999
1  3.02e+05  0.4072711502 63185.848 0.95799999999999999999
1  3.16e+05  0.4176636063 63185.848 0.95799999999999999999
1  3.31e+05  0.4207140276 63185.848 0.95799999999999999999
1  3.47e+05  0.4167191671 63185.848 0.95799999999999999999
1  3.63e+05  0.4072362331 63185.848 0.95799999999999999999
1  3.80e+05  0.3944525758 63185.848 0.95799999999999999999
1  3.98e+05  0.3806312667 63185.848 0.95799999999999999999
1  4.17e+05  0.3677198801 63185.848 0.95799999999999999999
1  4.37e+05  0.3571390976 63185.848 0.95799999999999999999
1  4.57e+05  0.3497242188 63185.848 0.95799999999999999999
1  4.79e+05  0.3457739457 63185.848 0.95799999999999999999
1  5.01e+05  0.3451595476 63185.848 0.95799999999999999999
1  5.25e+05  0.3474558684 63185.848 0.95799999999999999999
1  5.50e+05  0.3520674437 63185.848 0.95799999999999999999
1  5.75e+05  0.3583343704 63185.848 0.95799999999999999999
1  6.03e+05  0.3656116121 63185.848 0.95799999999999999999
1  6.31e+05  0.3733216043 63185.848 0.95799999999999999999
1  6.61e+05  0.3809836055 63185.848 0.95799999999999999999
1  6.92e+05  0.3885065183 63185.848 0.95799999999999999999
1  7.24e+05  0.3953422994 63185.848 0.95799999999999999999
1  7.59e+05  0.4012287879 63185.848 0.95799999999999999999
1  7.94e+05  0.4060257419 63185.848 0.95799999999999999999
1  8.32e+05  0.4096909161 63185.848 0.95799999999999999999
1  8.71e+05  0.4122554598 63185.848 0.95799999999999999999
1  9.12e+05  0.4138012732 63185.848 0.95799999999999999999
1  9.55e+05  0.4144417098 63185.848 0.95799999999999999999
1  1.00e+06  0.4143061277 63185.848 0.95799999999999999999
1  1.05e+06  0.4135282182 63185.848 0.95799999999999999999
1  1.10e+06  0.4122377148 63185.848 0.95799999999999999999
1  1.15e+06  0.410620549 63185.848 0.95799999999999999999
1  1.20e+06  0.4086589003 63185.848 0.95799999999999999999
1  1.26e+06  0.4065043111 63185.848 0.95799999999999999999
1  1.32e+06  0.4042361632 63185.848 0.95799999999999999999
1  1.38e+06  0.4019199776 63185.848 0.95799999999999999999
1  1.45e+06  0.3996084667 63185.848 0.95799999999999999999
1  1.51e+06  0.397342879 63185.848 0.95799999999999999999
1  1.58e+06  0.3951544673 63185.848 0.95799999999999999999
1  1.66e+06  0.3930659618 63185.848 0.95799999999999999999
1  1.74e+06  0.3910929717 63185.848 0.95799999999999999999
1  1.82e+06  0.3892452704 63185.848 0.95799999999999999999
1  1.91e+06  0.3875279395 63185.848 0.95799999999999999999
1  2.00e+06  0.3859423657 63185.848 0.95799999999999999999
1  2.09e+06  0.3844870906 63185.848 0.95799999999999999999
1  2.19e+06  0.3831585247 63185.848 0.95799999999999999999
1  2.29e+06  0.3819979286 63185.848 0.95799999999999999999
1  2.40e+06  0.3809029235 63185.848 0.95799999999999999999
1  2.51e+06  0.3799165865 63185.848 0.95799999999999999999
1  2.63e+06  0.3790316914 63185.848 0.95799999999999999999
1  2.75e+06  0.3782408688 63185.848 0.95799999999999999999
1  2.88e+06  0.3775367864 63185.848 0.95799999999999999999
1  3.02e+06  0.3769122824 63185.848 0.95799999999999999999
1  3.16e+06  0.3763604627 63185.848 0.95799999999999999999
1  3.31e+06  0.3758747661 63185.848 0.95799999999999999999
1  3.47e+06  0.3754490075 63185.848 0.95799999999999999999
1  3.63e+06  0.3750774013 63185.848 0.95799999999999999999
1  3.80e+06  0.3747545713 63185.848 0.95799999999999999999
1  3.98e+06  0.37447555 63185.848 0.95799999999999999999
1  4.17e+06  0.3742357693 63185.848 0.95799999999999999999
1  4.37e+06  0.3740310462 63185.848 0.95799999999999999999
1  4.57e+06  0.3738700806 63185.848 0.95799999999999999999
1  4.79e+06  0.3737232401 63185.848 0.95799999999999999999
1  5.01e+06  0.3736011227 63185.848 0.95799999999999999999
1  5.25e+06  0.3735008761 63185.848 0.95799999999999999999
1  5.50e+06  0.3734199267 63185.848 0.95799999999999999999
1  5.75e+06  0.3733559582 63185.848 0.95799999999999999999
1  6.03e+06  0.3733068896 63185.848 0.95799999999999999999
1  6.31e+06  0.3732708552 63185.848 0.95799999999999999999
1  6.61e+06  0.3732461852 63185.848 0.95799999999999999999
1  6.92e+06  0.373231388 63185.848 0.95799999999999999999
1  7.24e+06  0.3732251334 63185.848 0.95799999999999999999
1  7.59e+06  0.373226237 63185.848 0.95799999999999999999
1  7.94e+06  0.373233646 63185.848 0.95799999999999999999
1  8.32e+06  0.3732464264 63185.848 0.95799999999999999999
1  8.71e+06  0.3732637508 63185.848 0.95799999999999999999
1  9.12e+06  0.3732878292 63185.848 0.95799999999999999999
1  9.55e+06  0.3733118582 63185.848 0.95799999999999999999
1  1.00e+07  0.3733385107 63185.848 0.95799999999999999999
