1  1.00e-03  0.2763643654 -11.583459999999999 1.09900000000000000000
1  1.05e-03  0.2763643749 -11.583459999999999 1.09900000000000000000
1  1.10e-03  0.2763643659 -11.583459999999999 1.09900000000000000000
1  1.15e-03  0.276364376 -11.583459999999999 1.09900000000000000000
1  1.20e-03  0.2763643676 -11.583459999999999 1.09900000000000000000
1  1.26e-03  0.2763643707 -11.583459999999999 1.09900000000000000000
1  1.32e-03  0.2763643684 -11.583459999999999 1.09900000000000000000
1  1.38e-03  0.2763643744 -11.583459999999999 1.09900000000000000000
1  1.45e-03  0.2763643734 -11.583459999999999 1.09900000000000000000
1  1.51e-03  0.2763643694 -11.583459999999999 1.09900000000000000000
1  1.58e-03  0.2763643759 -11.583459999999999 1.09900000000000000000
1  1.66e-03  0.2763643686 -11.583459999999999 1.09900000000000000000
1  1.74e-03  0.2763643697 -11.583459999999999 1.09900000000000000000
1  1.82e-03  0.2763643727 -11.583459999999999 1.09900000000000000000
1  1.91e-03  0.2763643774 -11.583459999999999 1.09900000000000000000
1  2.00e-03  0.276364373 -11.583459999999999 1.09900000000000000000
1  2.09e-03  0.2763643706 -11.583459999999999 1.09900000000000000000
1  2.19e-03  0.2763643679 -11.583459999999999 1.09900000000000000000
1  2.29e-03  0.2763643761 -11.583459999999999 1.09900000000000000000
1  2.40e-03  0.2763643754 -11.583459999999999 1.09900000000000000000
1  2.51e-03  0.2763643748 -11.583459999999999 1.09900000000000000000
1  2.63e-03  0.2763643601 -11.583459999999999 1.09900000000000000000
1  2.75e-03  0.2763643746 -11.583459999999999 1.09900000000000000000
1  2.88e-03  0.2763643747 -11.583459999999999 1.09900000000000000000
1  3.02e-03  0.2763643751 -11.583459999999999 1.09900000000000000000
1  3.16e-03  0.2763643754 -11.583459999999999 1.09900000000000000000
1  3.31e-03  0.2763643995 -11.583459999999999 1.09900000000000000000
1  3.47e-03  0.276364377 -11.583459999999999 1.09900000000000000000
1  3.63e-03  0.2763643805 -11.583459999999999 1.09900000000000000000
1  3.80e-03  0.2763643781 -11.583459999999999 1.09900000000000000000
1  3.98e-03  0.2763643732 -11.583459999999999 1.09900000000000000000
1  4.17e-03  0.276364372 -11.583459999999999 1.09900000000000000000
1  4.37e-03  0.2763643763 -11.583459999999999 1.09900000000000000000
1  4.57e-03  0.2763643755 -11.583459999999999 1.09900000000000000000
1  4.79e-03  0.2763643795 -11.583459999999999 1.09900000000000000000
1  5.01e-03  0.2763643761 -11.583459999999999 1.09900000000000000000
1  5.25e-03  0.2763643756 -11.583459999999999 1.09900000000000000000
1  5.50e-03  0.2763643828 -11.583459999999999 1.09900000000000000000
1  5.75e-03  0.2763643786 -11.583459999999999 1.09900000000000000000
1  6.03e-03  0.2763643739 -11.583459999999999 1.09900000000000000000
1  6.31e-03  0.2763643786 -11.583459999999999 1.09900000000000000000
1  6.61e-03  0.2763643869 -11.583459999999999 1.09900000000000000000
1  6.92e-03  0.2763628552 -11.583459999999999 1.09900000000000000000
1  7.24e-03  0.2763644294 -11.583459999999999 1.09900000000000000000
1  7.59e-03  0.2763643801 -11.583459999999999 1.09900000000000000000
1  7.94e-03  0.2763643901 -11.583459999999999 1.09900000000000000000
1  8.32e-03  0.2763643822 -11.583459999999999 1.09900000000000000000
1  8.71e-03  0.2763643867 -11.583459999999999 1.09900000000000000000
1  9.12e-03  0.2763643844 -11.583459999999999 1.09900000000000000000
1  9.55e-03  0.2763643992 -11.583459999999999 1.09900000000000000000
1  1.00e-02  0.2763643855 -11.583459999999999 1.09900000000000000000
1  1.05e-02  0.2763643952 -11.583459999999999 1.09900000000000000000
1  1.10e-02  0.2763643923 -11.583459999999999 1.09900000000000000000
1  1.15e-02  0.2763644147 -11.583459999999999 1.09900000000000000000
1  1.20e-02  0.2763643952 -11.583459999999999 1.09900000000000000000
1  1.26e-02  0.2763644016 -11.583459999999999 1.09900000000000000000
1  1.32e-02  0.2763644126 -11.583459999999999 1.09900000000000000000
1  1.38e-02  0.2763643888 -11.583459999999999 1.09900000000000000000
1  1.45e-02  0.2763643993 -11.583459999999999 1.09900000000000000000
1  1.51e-02  0.2763644034 -11.583459999999999 1.09900000000000000000
1  1.58e-02  0.276364396 -11.583459999999999 1.09900000000000000000
1  1.66e-02  0.2763643936 -11.583459999999999 1.09900000000000000000
1  1.74e-02  0.2763644085 -11.583459999999999 1.09900000000000000000
1  1.82e-02  0.2763643855 -11.583459999999999 1.09900000000000000000
1  1.91e-02  0.2763644001 -11.583459999999999 1.09900000000000000000
1  2.00e-02  0.2763643805 -11.583459999999999 1.09900000000000000000
1  2.09e-02  0.2763643728 -11.583459999999999 1.09900000000000000000
1  2.19e-02  0.2763643695 -11.583459999999999 1.09900000000000000000
1  2.29e-02  0.2763643849 -11.583459999999999 1.09900000000000000000
1  2.40e-02  0.2763643936 -11.583459999999999 1.09900000000000000000
1  2.51e-02  0.27636435 -11.583459999999999 1.09900000000000000000
1  2.63e-02  0.2763642114 -11.583459999999999 1.09900000000000000000
1  2.75e-02  0.2763643606 -11.583459999999999 1.09900000000000000000
1  2.88e-02  0.2763643809 -11.583459999999999 1.09900000000000000000
1  3.02e-02  0.2763645129 -11.583459999999999 1.09900000000000000000
1  3.16e-02  0.2763645131 -11.583459999999999 1.09900000000000000000
1  3.31e-02  0.2763644996 -11.583459999999999 1.09900000000000000000
1  3.47e-02  0.2763645663 -11.583459999999999 1.09900000000000000000
1  3.63e-02  0.2763644706 -11.583459999999999 1.09900000000000000000
1  3.80e-02  0.2763644768 -11.583459999999999 1.09900000000000000000
1  3.98e-02  0.2763645329 -11.583459999999999 1.09900000000000000000
1  4.17e-02  0.2763645095 -11.583459999999999 1.09900000000000000000
1  4.37e-02  0.2763645477 -11.583459999999999 1.09900000000000000000
1  4.57e-02  0.2763644659 -11.583459999999999 1.09900000000000000000
1  4.79e-02  0.2763645461 -11.583459999999999 1.09900000000000000000
1  5.01e-02  0.2763645285 -11.583459999999999 1.09900000000000000000
1  5.25e-02  0.2763647699 -11.583459999999999 1.09900000000000000000
1  5.50e-02  0.276364627 -11.583459999999999 1.09900000000000000000
1  5.75e-02  0.2763644888 -11.583459999999999 1.09900000000000000000
1  6.03e-02  0.2763645779 -11.583459999999999 1.09900000000000000000
1  6.31e-02  0.2763646409 -11.583459999999999 1.09900000000000000000
1  6.61e-02  0.2763650274 -11.583459999999999 1.09900000000000000000
1  6.92e-02  0.2763735148 -11.583459999999999 1.09900000000000000000
1  7.24e-02  0.2763649293 -11.583459999999999 1.09900000000000000000
1  7.59e-02  0.2763645749 -11.583459999999999 1.09900000000000000000
1  7.94e-02  0.2763645766 -11.583459999999999 1.09900000000000000000
1  8.32e-02  0.2763646034 -11.583459999999999 1.09900000000000000000
1  8.71e-02  0.2763645334 -11.583459999999999 1.09900000000000000000
1  9.12e-02  0.276364597 -11.583459999999999 1.09900000000000000000
1  9.55e-02  0.2763645594 -11.583459999999999 1.09900000000000000000
1  1.00e-01  0.2763645256 -11.583459999999999 1.09900000000000000000
1  1.05e-01  0.27636455 -11.583459999999999 1.09900000000000000000
1  1.10e-01  0.2763646346 -11.583459999999999 1.09900000000000000000
1  1.15e-01  0.2763644518 -11.583459999999999 1.09900000000000000000
1  1.20e-01  0.2763644471 -11.583459999999999 1.09900000000000000000
1  1.26e-01  0.2763646584 -11.583459999999999 1.09900000000000000000
1  1.32e-01  0.2763646146 -11.583459999999999 1.09900000000000000000
1  1.38e-01  0.2763646546 -11.583459999999999 1.09900000000000000000
1  1.45e-01  0.2763645876 -11.583459999999999 1.09900000000000000000
1  1.51e-01  0.2763645777 -11.583459999999999 1.09900000000000000000
1  1.58e-01  0.2763645665 -11.583459999999999 1.09900000000000000000
1  1.66e-01  0.2763645979 -11.583459999999999 1.09900000000000000000
1  1.74e-01  0.2763644905 -11.583459999999999 1.09900000000000000000
1  1.82e-01  0.2763645547 -11.583459999999999 1.09900000000000000000
1  1.91e-01  0.2763650806 -11.583459999999999 1.09900000000000000000
1  2.00e-01  0.2763646308 -11.583459999999999 1.09900000000000000000
1  2.09e-01  0.276364977 -11.583459999999999 1.09900000000000000000
1  2.19e-01  0.2763647139 -11.583459999999999 1.09900000000000000000
1  2.29e-01  0.2763647757 -11.583459999999999 1.09900000000000000000
1  2.40e-01  0.2763647799 -11.583459999999999 1.09900000000000000000
1  2.51e-01  0.2763662768 -11.583459999999999 1.09900000000000000000
1  2.63e-01  0.2763675746 -11.583459999999999 1.09900000000000000000
1  2.75e-01  0.276364682 -11.583459999999999 1.09900000000000000000
1  2.88e-01  0.2763645199 -11.583459999999999 1.09900000000000000000
1  3.02e-01  0.2763647009 -11.583459999999999 1.09900000000000000000
1  3.16e-01  0.2763647713 -11.583459999999999 1.09900000000000000000
1  3.31e-01  0.2763645531 -11.583459999999999 1.09900000000000000000
1  3.47e-01  0.2763647786 -11.583459999999999 1.09900000000000000000
1  3.63e-01  0.2763645602 -11.583459999999999 1.09900000000000000000
1  3.80e-01  0.276364768 -11.583459999999999 1.09900000000000000000
1  3.98e-01  0.276364861 -11.583459999999999 1.09900000000000000000
1  4.17e-01  0.2763606658 -11.583459999999999 1.09900000000000000000
1  4.37e-01  0.2763653979 -11.583459999999999 1.09900000000000000000
1  4.57e-01  0.27636468 -11.583459999999999 1.09900000000000000000
1  4.79e-01  0.2763648502 -11.583459999999999 1.09900000000000000000
1  5.01e-01  0.2763698273 -11.583459999999999 1.09900000000000000000
1  5.25e-01  0.2763649466 -11.583459999999999 1.09900000000000000000
1  5.50e-01  0.2763649641 -11.583459999999999 1.09900000000000000000
1  5.75e-01  0.2763648721 -11.583459999999999 1.09900000000000000000
1  6.03e-01  0.2763486804 -11.583459999999999 1.09900000000000000000
1  6.31e-01  0.2763792225 -11.583459999999999 1.09900000000000000000
1  6.61e-01  0.2763648699 -11.583459999999999 1.09900000000000000000
1  6.92e-01  0.2763646843 -11.583459999999999 1.09900000000000000000
1  7.24e-01  0.2763624121 -11.583459999999999 1.09900000000000000000
1  7.59e-01  0.2763510132 -11.583459999999999 1.09900000000000000000
1  7.94e-01  0.2763658464 -11.583459999999999 1.09900000000000000000
1  8.32e-01  0.2763652127 -11.583459999999999 1.09900000000000000000
1  8.71e-01  0.2763644851 -11.583459999999999 1.09900000000000000000
1  9.12e-01  0.2763435887 -11.583459999999999 1.09900000000000000000
1  9.55e-01  0.276364804 -11.583459999999999 1.09900000000000000000
1  1.00e+00  0.2763650536 -11.583459999999999 1.09900000000000000000
1  1.05e+00  0.2763648946 -11.583459999999999 1.09900000000000000000
1  1.10e+00  0.276364523 -11.583459999999999 1.09900000000000000000
1  1.15e+00  0.2763655912 -11.583459999999999 1.09900000000000000000
1  1.20e+00  0.2763658128 -11.583459999999999 1.09900000000000000000
1  1.26e+00  0.2763631683 -11.583459999999999 1.09900000000000000000
1  1.32e+00  0.2763622204 -11.583459999999999 1.09900000000000000000
1  1.38e+00  0.2763655989 -11.583459999999999 1.09900000000000000000
1  1.45e+00  0.2763644205 -11.583459999999999 1.09900000000000000000
1  1.51e+00  0.2763660692 -11.583459999999999 1.09900000000000000000
1  1.58e+00  0.2763661528 -11.583459999999999 1.09900000000000000000
1  1.66e+00  0.2763649885 -11.583459999999999 1.09900000000000000000
1  1.74e+00  0.2763611043 -11.583459999999999 1.09900000000000000000
1  1.82e+00  0.2763656862 -11.583459999999999 1.09900000000000000000
1  1.91e+00  0.2763671983 -11.583459999999999 1.09900000000000000000
1  2.00e+00  0.2763637597 -11.583459999999999 1.09900000000000000000
1  2.09e+00  0.2763674345 -11.583459999999999 1.09900000000000000000
1  2.19e+00  0.2763671819 -11.583459999999999 1.09900000000000000000
1  2.29e+00  0.2763644561 -11.583459999999999 1.09900000000000000000
1  2.40e+00  0.2763648693 -11.583459999999999 1.09900000000000000000
1  2.51e+00  0.2763648321 -11.583459999999999 1.09900000000000000000
1  2.63e+00  0.2763244107 -11.583459999999999 1.09900000000000000000
1  2.75e+00  0.2763645657 -11.583459999999999 1.09900000000000000000
1  2.88e+00  0.2763596011 -11.583459999999999 1.09900000000000000000
1  3.02e+00  0.2763678378 -11.583459999999999 1.09900000000000000000
1  3.16e+00  0.2763452192 -11.583459999999999 1.09900000000000000000
1  3.31e+00  0.2763684135 -11.583459999999999 1.09900000000000000000
1  3.47e+00  0.2763660021 -11.583459999999999 1.09900000000000000000
1  3.63e+00  0.2763660508 -11.583459999999999 1.09900000000000000000
1  3.80e+00  0.2763690302 -11.583459999999999 1.09900000000000000000
1  3.98e+00  0.2763681824 -11.583459999999999 1.09900000000000000000
1  4.17e+00  0.2763679074 -11.583459999999999 1.09900000000000000000
1  4.37e+00  0.2763694605 -11.583459999999999 1.09900000000000000000
1  4.57e+00  0.2763690538 -11.583459999999999 1.09900000000000000000
1  4.79e+00  0.2763694567 -11.583459999999999 1.09900000000000000000
1  5.01e+00  0.2764213789 -11.583459999999999 1.09900000000000000000
1  5.25e+00  0.2763653217 -11.583459999999999 1.09900000000000000000
1  5.50e+00  0.2762746433 -11.583459999999999 1.09900000000000000000
1  5.75e+00  0.2763695979 -11.583459999999999 1.09900000000000000000
1  6.03e+00  0.2766046756 -11.583459999999999 1.09900000000000000000
1  6.31e+00  0.2763667543 -11.583459999999999 1.09900000000000000000
1  6.61e+00  0.2763723533 -11.583459999999999 1.09900000000000000000
1  6.92e+00  0.2763734317 -11.583459999999999 1.09900000000000000000
1  7.24e+00  0.2763687672 -11.583459999999999 1.09900000000000000000
1  7.59e+00  0.2763637945 -11.583459999999999 1.09900000000000000000
1  7.94e+00  0.2763675447 -11.583459999999999 1.09900000000000000000
1  8.32e+00  0.2763484738 -11.583459999999999 1.09900000000000000000
1  8.71e+00  0.2763707409 -11.583459999999999 1.09900000000000000000
1  9.12e+00  0.2765086656 -11.583459999999999 1.09900000000000000000
1  9.55e+00  0.2763702454 -11.583459999999999 1.09900000000000000000
1  1.00e+01  0.2764044732 -11.583459999999999 1.09900000000000000000
1  1.05e+01  0.2765223175 -11.583459999999999 1.09900000000000000000
1  1.10e+01  0.2763575612 -11.583459999999999 1.09900000000000000000
1  1.15e+01  0.276359558 -11.583459999999999 1.09900000000000000000
1  1.20e+01  0.276366874 -11.583459999999999 1.09900000000000000000
1  1.26e+01  0.276366842 -11.583459999999999 1.09900000000000000000
1  1.32e+01  0.2762175897 -11.583459999999999 1.09900000000000000000
1  1.38e+01  0.276381241 -11.583459999999999 1.09900000000000000000
1  1.45e+01  0.2763744014 -11.583459999999999 1.09900000000000000000
1  1.51e+01  0.2763720795 -11.583459999999999 1.09900000000000000000
1  1.58e+01  0.2763813965 -11.583459999999999 1.09900000000000000000
1  1.66e+01  0.2763937455 -11.583459999999999 1.09900000000000000000
1  1.74e+01  0.2770976434 -11.583459999999999 1.09900000000000000000
1  1.82e+01  0.276129827 -11.583459999999999 1.09900000000000000000
1  1.91e+01  0.2763745435 -11.583459999999999 1.09900000000000000000
1  2.00e+01  0.2766059298 -11.583459999999999 1.09900000000000000000
1  2.09e+01  0.2771645534 -11.583459999999999 1.09900000000000000000
1  2.19e+01  0.2752733456 -11.583459999999999 1.09900000000000000000
1  2.29e+01  0.2758790562 -11.583459999999999 1.09900000000000000000
1  2.40e+01  0.2763602908 -11.583459999999999 1.09900000000000000000
1  2.51e+01  0.2761503896 -11.583459999999999 1.09900000000000000000
1  2.63e+01  0.2756668757 -11.583459999999999 1.09900000000000000000
1  2.75e+01  0.2764221496 -11.583459999999999 1.09900000000000000000
1  2.88e+01  0.2776698076 -11.583459999999999 1.09900000000000000000
1  3.02e+01  0.2768959892 -11.583459999999999 1.09900000000000000000
1  3.16e+01  0.2761443732 -11.583459999999999 1.09900000000000000000
1  3.31e+01  0.2755120104 -11.583459999999999 1.09900000000000000000
1  3.47e+01  0.2776495744 -11.583459999999999 1.09900000000000000000
1  3.63e+01  0.276515932 -11.583459999999999 1.09900000000000000000
1  3.80e+01  0.2763216888 -11.583459999999999 1.09900000000000000000
1  3.98e+01  0.2760453262 -11.583459999999999 1.09900000000000000000
1  4.17e+01  0.2768222528 -11.583459999999999 1.09900000000000000000
1  4.37e+01  0.2765515768 -11.583459999999999 1.09900000000000000000
1  4.57e+01  0.275645405 -11.583459999999999 1.09900000000000000000
1  4.79e+01  0.277017913 -11.583459999999999 1.09900000000000000000
1  5.01e+01  0.2763681758 -11.583459999999999 1.09900000000000000000
1  5.25e+01  0.2763604669 -11.583459999999999 1.09900000000000000000
1  5.50e+01  0.2763730917 -11.583459999999999 1.09900000000000000000
1  5.75e+01  0.2765748772 -11.583459999999999 1.09900000000000000000
1  6.03e+01  0.2763668649 -11.583459999999999 1.09900000000000000000
1  6.31e+01  0.2765162326 -11.583459999999999 1.09900000000000000000
1  6.61e+01  0.2764235347 -11.583459999999999 1.09900000000000000000
1  6.92e+01  0.2764749578 -11.583459999999999 1.09900000000000000000
1  7.24e+01  0.2768026421 -11.583459999999999 1.09900000000000000000
1  7.59e+01  0.2770239323 -11.583459999999999 1.09900000000000000000
1  7.94e+01  0.2765201024 -11.583459999999999 1.09900000000000000000
1  8.32e+01  0.2764009879 -11.583459999999999 1.09900000000000000000
1  8.71e+01  0.275933131 -11.583459999999999 1.09900000000000000000
1  9.12e+01  0.2764425683 -11.583459999999999 1.09900000000000000000
1  9.55e+01  0.2761787982 -11.583459999999999 1.09900000000000000000
1  1.00e+02  0.2765402844 -11.583459999999999 1.09900000000000000000
1  1.05e+02  0.2764423692 -11.583459999999999 1.09900000000000000000
1  1.10e+02  0.2764160602 -11.583459999999999 1.09900000000000000000
1  1.15e+02  0.2764743723 -11.583459999999999 1.09900000000000000000
1  1.20e+02  0.2765392363 -11.583459999999999 1.09900000000000000000
1  1.26e+02  0.27704922 -11.583459999999999 1.09900000000000000000
1  1.32e+02  0.2764286135 -11.583459999999999 1.09900000000000000000
1  1.38e+02  0.2766161946 -11.583459999999999 1.09900000000000000000
1  1.45e+02  0.2764315984 -11.583459999999999 1.09900000000000000000
1  1.51e+02  0.276370554 -11.583459999999999 1.09900000000000000000
1  1.58e+02  0.2769861618 -11.583459999999999 1.09900000000000000000
1  1.66e+02  0.2766548148 -11.583459999999999 1.09900000000000000000
1  1.74e+02  0.276375385 -11.583459999999999 1.09900000000000000000
1  1.82e+02  0.2765035116 -11.583459999999999 1.09900000000000000000
1  1.91e+02  0.2764214239 -11.583459999999999 1.09900000000000000000
1  2.00e+02  0.2761699004 -11.583459999999999 1.09900000000000000000
1  2.09e+02  0.2763140946 -11.583459999999999 1.09900000000000000000
1  2.19e+02  0.2762202842 -11.583459999999999 1.09900000000000000000
1  2.29e+02  0.2766077846 -11.583459999999999 1.09900000000000000000
1  2.40e+02  0.2765309534 -11.583459999999999 1.09900000000000000000
1  2.51e+02  0.2761641896 -11.583459999999999 1.09900000000000000000
1  2.63e+02  0.2772017347 -11.583459999999999 1.09900000000000000000
1  2.75e+02  0.2764729916 -11.583459999999999 1.09900000000000000000
1  2.88e+02  0.2766691539 -11.583459999999999 1.09900000000000000000
1  3.02e+02  0.2767279497 -11.583459999999999 1.09900000000000000000
1  3.16e+02  0.2765254433 -11.583459999999999 1.09900000000000000000
1  3.31e+02  0.2756613745 -11.583459999999999 1.09900000000000000000
1  3.47e+02  0.2762340875 -11.583459999999999 1.09900000000000000000
1  3.63e+02  0.2765991977 -11.583459999999999 1.09900000000000000000
1  3.80e+02  0.276463735 -11.583459999999999 1.09900000000000000000
1  3.98e+02  0.2764658301 -11.583459999999999 1.09900000000000000000
1  4.17e+02  0.2765337435 -11.583459999999999 1.09900000000000000000
1  4.37e+02  0.2767396266 -11.583459999999999 1.09900000000000000000
1  4.57e+02  0.2764092455 -11.583459999999999 1.09900000000000000000
1  4.79e+02  0.2766980269 -11.583459999999999 1.09900000000000000000
1  5.01e+02  0.276491933 -11.583459999999999 1.09900000000000000000
1  5.25e+02  0.2767822863 -11.583459999999999 1.09900000000000000000
1  5.50e+02  0.2764649698 -11.583459999999999 1.09900000000000000000
1  5.75e+02  0.2771002374 -11.583459999999999 1.09900000000000000000
1  6.03e+02  0.2761187454 -11.583459999999999 1.09900000000000000000
1  6.31e+02  0.2760646895 -11.583459999999999 1.09900000000000000000
1  6.61e+02  0.2773333204 -11.583459999999999 1.09900000000000000000
1  6.92e+02  0.2762177363 -11.583459999999999 1.09900000000000000000
1  7.24e+02  0.2765467302 -11.583459999999999 1.09900000000000000000
1  7.59e+02  0.2767427176 -11.583459999999999 1.09900000000000000000
1  7.94e+02  0.2767401564 -11.583459999999999 1.09900000000000000000
1  8.32e+02  0.2773648673 -11.583459999999999 1.09900000000000000000
1  8.71e+02  0.276690897 -11.583459999999999 1.09900000000000000000
1  9.12e+02  0.2764218804 -11.583459999999999 1.09900000000000000000
1  9.55e+02  0.2757753776 -11.583459999999999 1.09900000000000000000
1  1.00e+03  0.2778259293 -11.583459999999999 1.09900000000000000000
1  1.05e+03  0.2762387087 -11.583459999999999 1.09900000000000000000
1  1.10e+03  0.2753799979 -11.583459999999999 1.09900000000000000000
1  1.15e+03  0.2719344671 -11.583459999999999 1.09900000000000000000
1  1.20e+03  0.2738590695 -11.583459999999999 1.09900000000000000000
1  1.26e+03  0.2835307577 -11.583459999999999 1.09900000000000000000
1  1.32e+03  0.2783305681 -11.583459999999999 1.09900000000000000000
1  1.38e+03  0.2742721749 -11.583459999999999 1.09900000000000000000
1  1.45e+03  0.2712350702 -11.583459999999999 1.09900000000000000000
1  1.51e+03  0.2641026703 -11.583459999999999 1.09900000000000000000
1  1.58e+03  0.2644763048 -11.583459999999999 1.09900000000000000000
1  1.66e+03  0.2882065261 -11.583459999999999 1.09900000000000000000
1  1.74e+03  0.2730842065 -11.583459999999999 1.09900000000000000000
1  1.82e+03  0.3008926722 -11.583459999999999 1.09900000000000000000
1  1.91e+03  0.304300741 -11.583459999999999 1.09900000000000000000
1  2.00e+03  0.2930728454 -11.583459999999999 1.09900000000000000000
1  2.09e+03  0.2872861289 -11.583459999999999 1.09900000000000000000
1  2.19e+03  0.2768730433 -11.583459999999999 1.09900000000000000000
1  2.29e+03  0.2345688119 -11.583459999999999 1.09900000000000000000
1  2.40e+03  0.2696579111 -11.583459999999999 1.09900000000000000000
1  2.51e+03  0.2355522259 -11.583459999999999 1.09900000000000000000
1  2.63e+03  0.3004569534 -11.583459999999999 1.09900000000000000000
1  2.75e+03  0.3035375993 -11.583459999999999 1.09900000000000000000
1  2.88e+03  0.2887952774 -11.583459999999999 1.09900000000000000000
1  3.02e+03  0.3015734056 -11.583459999999999 1.09900000000000000000
1  3.16e+03  0.3292549481 -11.583459999999999 1.09900000000000000000
1  3.31e+03  0.3593487649 -11.583459999999999 1.09900000000000000000
1  3.47e+03  0.31589946 -11.583459999999999 1.09900000000000000000
1  3.63e+03  0.2727643103 -11.583459999999999 1.09900000000000000000
1  3.80e+03  0.3344179676 -11.583459999999999 1.09900000000000000000
1  3.98e+03  0.2520273227 -11.583459999999999 1.09900000000000000000
1  4.17e+03  0.2873078016 -11.583459999999999 1.09900000000000000000
1  4.37e+03  0.3375806546 -11.583459999999999 1.09900000000000000000
1  4.57e+03  0.2783423316 -11.583459999999999 1.09900000000000000000
1  4.79e+03  0.2230779599 -11.583459999999999 1.09900000000000000000
1  5.01e+03  0.1986091136 -11.583459999999999 1.09900000000000000000
1  5.25e+03  0.1865888354 -11.583459999999999 1.09900000000000000000
1  5.50e+03  0.1990835187 -11.583459999999999 1.09900000000000000000
1  5.75e+03  0.3180736532 -11.583459999999999 1.09900000000000000000
1  6.03e+03  0.1908960051 -11.583459999999999 1.09900000000000000000
1  6.31e+03  0.2537131356 -11.583459999999999 1.09900000000000000000
1  6.61e+03  0.2317420607 -11.583459999999999 1.09900000000000000000
1  6.92e+03  0.2200840273 -11.583459999999999 1.09900000000000000000
1  7.24e+03  0.1550140817 -11.583459999999999 1.09900000000000000000
1  7.59e+03  0.4452395074 -11.583459999999999 1.09900000000000000000
1  7.94e+03  0.2222029674 -11.583459999999999 1.09900000000000000000
1  8.32e+03  0.3586985079 -11.583459999999999 1.09900000000000000000
1  8.71e+03  0.430812519 -11.583459999999999 1.09900000000000000000
1  9.12e+03  0.2076188365 -11.583459999999999 1.09900000000000000000
1  9.55e+03  0.2572228401 -11.583459999999999 1.09900000000000000000
1  1.00e+04  0.4031553623 -11.583459999999999 1.09900000000000000000
1  1.05e+04  0.2160336692 -11.583459999999999 1.09900000000000000000
1  1.10e+04  0.2916998071 -11.583459999999999 1.09900000000000000000
1  1.15e+04  0.4913230812 -11.583459999999999 1.09900000000000000000
1  1.20e+04  0.2472778512 -11.583459999999999 1.09900000000000000000
1  1.26e+04  0.2493920493 -11.583459999999999 1.09900000000000000000
1  1.32e+04  0.5478481008 -11.583459999999999 1.09900000000000000000
1  1.38e+04  0.1965130483 -11.583459999999999 1.09900000000000000000
1  1.45e+04  0.5477013528 -11.583459999999999 1.09900000000000000000
1  1.51e+04  0.3129209806 -11.583459999999999 1.09900000000000000000
1  1.58e+04  0.2329974333 -11.583459999999999 1.09900000000000000000
1  1.66e+04  0.3112931119 -11.583459999999999 1.09900000000000000000
1  1.74e+04  0.57980172 -11.583459999999999 1.09900000000000000000
1  1.82e+04  0.2418638947 -11.583459999999999 1.09900000000000000000
1  1.91e+04  0.2535194193 -11.583459999999999 1.09900000000000000000
1  2.00e+04  0.3494733184 -11.583459999999999 1.09900000000000000000
1  2.09e+04  0.2457481901 -11.583459999999999 1.09900000000000000000
1  2.19e+04  0.2388883204 -11.583459999999999 1.09900000000000000000
1  2.29e+04  0.3853402831 -11.583459999999999 1.09900000000000000000
1  2.40e+04  0.2875352504 -11.583459999999999 1.09900000000000000000
1  2.51e+04  0.5204428116 -11.583459999999999 1.09900000000000000000
1  2.63e+04  0.4365464473 -11.583459999999999 1.09900000000000000000
1  2.75e+04  0.3136167661 -11.583459999999999 1.09900000000000000000
1  2.88e+04  0.2562369996 -11.583459999999999 1.09900000000000000000
1  3.02e+04  0.5180105121 -11.583459999999999 1.09900000000000000000
1  3.16e+04  0.3934641213 -11.583459999999999 1.09900000000000000000
1  3.31e+04  0.3192322446 -11.583459999999999 1.09900000000000000000
1  3.47e+04  0.2971702864 -11.583459999999999 1.09900000000000000000
1  3.63e+04  0.4351935462 -11.583459999999999 1.09900000000000000000
1  3.80e+04  0.3781173506 -11.583459999999999 1.09900000000000000000
1  3.98e+04  0.4617690041 -11.583459999999999 1.09900000000000000000
1  4.17e+04  0.4003629802 -11.583459999999999 1.09900000000000000000
1  4.37e+04  0.26867468 -11.583459999999999 1.09900000000000000000
1  4.57e+04  0.2246119935 -11.583459999999999 1.09900000000000000000
1  4.79e+04  0.4633421946 -11.583459999999999 1.09900000000000000000
1  5.01e+04  0.3436029721 -11.583459999999999 1.09900000000000000000
1  5.25e+04  0.3908146111 -11.583459999999999 1.09900000000000000000
1  5.50e+04  0.6164067524 -11.583459999999999 1.09900000000000000000
1  5.75e+04  0.2850185373 -11.583459999999999 1.09900000000000000000
1  6.03e+04  0.2683310592 -11.583459999999999 1.09900000000000000000
1  6.31e+04  0.3286720024 -11.583459999999999 1.09900000000000000000
1  6.61e+04  0.2824910576 -11.583459999999999 1.09900000000000000000
1  6.92e+04  0.3269657508 -11.583459999999999 1.09900000000000000000
1  7.24e+04  0.2596357454 -11.583459999999999 1.09900000000000000000
1  7.59e+04  0.251804347 -11.583459999999999 1.09900000000000000000
1  7.94e+04  0.4527138909 -11.583459999999999 1.09900000000000000000
1  8.32e+04  0.5119811076 -11.583459999999999 1.09900000000000000000
1  8.71e+04  0.3334149618 -11.583459999999999 1.09900000000000000000
1  9.12e+04  0.2539002899 -11.583459999999999 1.09900000000000000000
1  9.55e+04  0.3893407045 -11.583459999999999 1.09900000000000000000
1  1.00e+05  0.4996485936 -11.583459999999999 1.09900000000000000000
1  1.05e+05  0.4281971696 -11.583459999999999 1.09900000000000000000
1  1.10e+05  0.2831632073 -11.583459999999999 1.09900000000000000000
1  1.15e+05  0.2180315204 -11.583459999999999 1.09900000000000000000
1  1.20e+05  0.2456277936 -11.583459999999999 1.09900000000000000000
1  1.26e+05  0.2849965687 -11.583459999999999 1.09900000000000000000
1  1.32e+05  0.2853311702 -11.583459999999999 1.09900000000000000000
1  1.38e+05  0.2619695816 -11.583459999999999 1.09900000000000000000
1  1.45e+05  0.2495967854 -11.583459999999999 1.09900000000000000000
1  1.51e+05  0.2572333304 -11.583459999999999 1.09900000000000000000
1  1.58e+05  0.2676146361 -11.583459999999999 1.09900000000000000000
1  1.66e+05  0.2627541494 -11.583459999999999 1.09900000000000000000
1  1.74e+05  0.2422926135 -11.583459999999999 1.09900000000000000000
1  1.82e+05  0.2215177056 -11.583459999999999 1.09900000000000000000
1  1.91e+05  0.2174217552 -11.583459999999999 1.09900000000000000000
1  2.00e+05  0.2367226783 -11.583459999999999 1.09900000000000000000
1  2.09e+05  0.2731116918 -11.583459999999999 1.09900000000000000000
1  2.19e+05  0.3124832703 -11.583459999999999 1.09900000000000000000
1  2.29e+05  0.3408043596 -11.583459999999999 1.09900000000000000000
1  2.40e+05  0.3499180987 -11.583459999999999 1.09900000000000000000
1  2.51e+05  0.3393671382 -11.583459999999999 1.09900000000000000000
1  2.63e+05  0.3148242423 -11.583459999999999 1.09900000000000000000
1  2.75e+05  0.2848780554 -11.583459999999999 1.09900000000000000000
1  2.88e+05  0.2578587768 -11.583459999999999 1.09900000000000000000
1  3.02e+05  0.2397071477 -11.583459999999999 1.09900000000000000000
1  3.16e+05  0.2331483541 -11.583459999999999 1.09900000000000000000
1  3.31e+05  0.2379292149 -11.583459999999999 1.09900000000000000000
1  3.47e+05  0.2516713343 -11.583459999999999 1.09900000000000000000
1  3.63e+05  0.2709096547 -11.583459999999999 1.09900000000000000000
1  3.80e+05  0.2920143195 -11.583459999999999 1.09900000000000000000
1  3.98e+05  0.3118441377 -11.583459999999999 1.09900000000000000000
1  4.17e+05  0.3281011419 -11.583459999999999 1.09900000000000000000
1  4.37e+05  0.339430523 -11.583459999999999 1.09900000000000000000
1  4.57e+05  0.3453423515 -11.583459999999999 1.09900000000000000000
1  4.79e+05  0.3460336332 -11.583459999999999 1.09900000000000000000
1  5.01e+05  0.3421749964 -11.583459999999999 1.09900000000000000000
1  5.25e+05  0.3347062625 -11.583459999999999 1.09900000000000000000
1  5.50e+05  0.32466598 -11.583459999999999 1.09900000000000000000
1  5.75e+05  0.3130648952 -11.583459999999999 1.09900000000000000000
1  6.03e+05  0.3008031305 -11.583459999999999 1.09900000000000000000
1  6.31e+05  0.288625043 -11.583459999999999 1.09900000000000000000
1  6.61e+05  0.2767352968 -11.583459999999999 1.09900000000000000000
1  6.92e+05  0.2659717149 -11.583459999999999 1.09900000000000000000
1  7.24e+05  0.256517688 -11.583459999999999 1.09900000000000000000
1  7.59e+05  0.2487521853 -11.583459999999999 1.09900000000000000000
1  7.94e+05  0.2425686491 -11.583459999999999 1.09900000000000000000
1  8.32e+05  0.2380492979 -11.583459999999999 1.09900000000000000000
1  8.71e+05  0.2349876689 -11.583459999999999 1.09900000000000000000
1  9.12e+05  0.233276056 -11.583459999999999 1.09900000000000000000
1  9.55e+05  0.2326968162 -11.583459999999999 1.09900000000000000000
1  1.00e+06  0.233097903 -11.583459999999999 1.09900000000000000000
1  1.05e+06  0.2342191559 -11.583459999999999 1.09900000000000000000
1  1.10e+06  0.2359936705 -11.583459999999999 1.09900000000000000000
1  1.15e+06  0.2382169482 -11.583459999999999 1.09900000000000000000
1  1.20e+06  0.2406658443 -11.583459999999999 1.09900000000000000000
1  1.26e+06  0.2433904551 -11.583459999999999 1.09900000000000000000
1  1.32e+06  0.246123667 -11.583459999999999 1.09900000000000000000
1  1.38e+06  0.2489685466 -11.583459999999999 1.09900000000000000000
1  1.45e+06  0.2516845578 -11.583459999999999 1.09900000000000000000
1  1.51e+06  0.2544065759 -11.583459999999999 1.09900000000000000000
1  1.58e+06  0.2570089167 -11.583459999999999 1.09900000000000000000
1  1.66e+06  0.2593858306 -11.583459999999999 1.09900000000000000000
1  1.74e+06  0.2616886357 -11.583459999999999 1.09900000000000000000
1  1.82e+06  0.2637499898 -11.583459999999999 1.09900000000000000000
1  1.91e+06  0.2657179806 -11.583459999999999 1.09900000000000000000
1  2.00e+06  0.2674507709 -11.583459999999999 1.09900000000000000000
1  2.09e+06  0.2690866964 -11.583459999999999 1.09900000000000000000
1  2.19e+06  0.2705627664 -11.583459999999999 1.09900000000000000000
1  2.29e+06  0.2718345299 -11.583459999999999 1.09900000000000000000
1  2.40e+06  0.2730197948 -11.583459999999999 1.09900000000000000000
1  2.51e+06  0.2740268698 -11.583459999999999 1.09900000000000000000
1  2.63e+06  0.2749588035 -11.583459999999999 1.09900000000000000000
1  2.75e+06  0.2757769352 -11.583459999999999 1.09900000000000000000
1  2.88e+06  0.2764561037 -11.583459999999999 1.09900000000000000000
1  3.02e+06  0.2770782779 -11.583459999999999 1.09900000000000000000
1  3.16e+06  0.2775851228 -11.583459999999999 1.09900000000000000000
1  3.31e+06  0.2780460921 -11.583459999999999 1.09900000000000000000
1  3.47e+06  0.278412606 -11.583459999999999 1.09900000000000000000
1  3.63e+06  0.2787430484 -11.583459999999999 1.09900000000000000000
1  3.80e+06  0.2790173806 -11.583459999999999 1.09900000000000000000
1  3.98e+06  0.2792232391 -11.583459999999999 1.09900000000000000000
1  4.17e+06  0.2794050866 -11.583459999999999 1.09900000000000000000
1  4.37e+06  0.2795323123 -11.583459999999999 1.09900000000000000000
1  4.57e+06  0.2796418039 -11.583459999999999 1.09900000000000000000
1  4.79e+06  0.2797081332 -11.583459999999999 1.09900000000000000000
1  5.01e+06  0.2797617983 -11.583459999999999 1.09900000000000000000
1  5.25e+06  0.2797922244 -11.583459999999999 1.09900000000000000000
1  5.50e+06  0.2797929376 -11.583459999999999 1.09900000000000000000
1  5.75e+06  0.2797867312 -11.583459999999999 1.09900000000000000000
1  6.03e+06  0.2797576481 -11.583459999999999 1.09900000000000000000
1  6.31e+06  0.2797244212 -11.583459999999999 1.09900000000000000000
1  6.61e+06  0.2796803171 -11.583459999999999 1.09900000000000000000
1  6.92e+06  0.2796211772 -11.583459999999999 1.09900000000000000000
1  7.24e+06  0.2795609032 -11.583459999999999 1.09900000000000000000
1  7.59e+06  0.2794894913 -11.583459999999999 1.09900000000000000000
1  7.94e+06  0.279418324 -11.583459999999999 1.09900000000000000000
1  8.32e+06  0.2793390994 -11.583459999999999 1.09900000000000000000
1  8.71e+06  0.2792611269 -11.583459999999999 1.09900000000000000000
1  9.12e+06  0.2791808081 -11.583459999999999 1.09900000000000000000
1  9.55e+06  0.2790958714 -11.583459999999999 1.09900000000000000000
1  1.00e+07  0.2790131818 -11.583459999999999 1.09900000000000000000
