1  1.00e+03  0.02369929095 -9.486 0.95480000000000000000
1  1.01e+03  0.02369310936 -9.486 0.95480000000000000000
1  1.01e+03  0.02368687204 -9.486 0.95480000000000000000
1  1.02e+03  0.02368370826 -9.486 0.95480000000000000000
1  1.03e+03  0.02367992642 -9.486 0.95480000000000000000
1  1.04e+03  0.02367381289 -9.486 0.95480000000000000000
1  1.04e+03  0.02367015134 -9.486 0.95480000000000000000
1  1.05e+03  0.02366424684 -9.486 0.95480000000000000000
1  1.06e+03  0.02366250367 -9.486 0.95480000000000000000
1  1.06e+03  0.02365621948 -9.486 0.95480000000000000000
1  1.07e+03  0.02365348577 -9.486 0.95480000000000000000
1  1.08e+03  0.02364733575 -9.486 0.95480000000000000000
1  1.09e+03  0.02364583341 -9.486 0.95480000000000000000
1  1.09e+03  0.02364035391 -9.486 0.95480000000000000000
1  1.10e+03  0.023636598 -9.486 0.95480000000000000000
1  1.11e+03  0.02363287851 -9.486 0.95480000000000000000
1  1.12e+03  0.02362813666 -9.486 0.95480000000000000000
1  1.12e+03  0.02362659577 -9.486 0.95480000000000000000
1  1.13e+03  0.02362285529 -9.486 0.95480000000000000000
1  1.14e+03  0.02361717712 -9.486 0.95480000000000000000
1  1.15e+03  0.02361460464 -9.486 0.95480000000000000000
1  1.16e+03  0.02361303395 -9.486 0.95480000000000000000
1  1.16e+03  0.02360879162 -9.486 0.95480000000000000000
1  1.17e+03  0.02360372611 -9.486 0.95480000000000000000
1  1.18e+03  0.02360051538 -9.486 0.95480000000000000000
1  1.19e+03  0.02359804551 -9.486 0.95480000000000000000
1  1.20e+03  0.02359497448 -9.486 0.95480000000000000000
1  1.21e+03  0.02359242581 -9.486 0.95480000000000000000
1  1.21e+03  0.02359045712 -9.486 0.95480000000000000000
1  1.22e+03  0.02358714877 -9.486 0.95480000000000000000
1  1.23e+03  0.02358285639 -9.486 0.95480000000000000000
1  1.24e+03  0.02357986924 -9.486 0.95480000000000000000
1  1.25e+03  0.02357773369 -9.486 0.95480000000000000000
1  1.26e+03  0.0235744699 -9.486 0.95480000000000000000
1  1.26e+03  0.02357113237 -9.486 0.95480000000000000000
1  1.27e+03  0.02356946922 -9.486 0.95480000000000000000
1  1.28e+03  0.0235672966 -9.486 0.95480000000000000000
1  1.29e+03  0.02356384024 -9.486 0.95480000000000000000
1  1.30e+03  0.02356230798 -9.486 0.95480000000000000000
1  1.31e+03  0.02355988225 -9.486 0.95480000000000000000
1  1.32e+03  0.023555736 -9.486 0.95480000000000000000
1  1.33e+03  0.02355312145 -9.486 0.95480000000000000000
1  1.34e+03  0.02355044446 -9.486 0.95480000000000000000
1  1.35e+03  0.02354861657 -9.486 0.95480000000000000000
1  1.36e+03  0.0235467902 -9.486 0.95480000000000000000
1  1.36e+03  0.02354576829 -9.486 0.95480000000000000000
1  1.37e+03  0.02354128286 -9.486 0.95480000000000000000
1  1.38e+03  0.02353866802 -9.486 0.95480000000000000000
1  1.39e+03  0.02353854315 -9.486 0.95480000000000000000
1  1.40e+03  0.02353605015 -9.486 0.95480000000000000000
1  1.41e+03  0.0235325287 -9.486 0.95480000000000000000
1  1.42e+03  0.02353124634 -9.486 0.95480000000000000000
1  1.43e+03  0.02353012991 -9.486 0.95480000000000000000
1  1.44e+03  0.02352654816 -9.486 0.95480000000000000000
1  1.45e+03  0.023525428 -9.486 0.95480000000000000000
1  1.46e+03  0.02352387107 -9.486 0.95480000000000000000
1  1.47e+03  0.02352039021 -9.486 0.95480000000000000000
1  1.48e+03  0.02352094721 -9.486 0.95480000000000000000
1  1.49e+03  0.02351705752 -9.486 0.95480000000000000000
1  1.50e+03  0.02351544021 -9.486 0.95480000000000000000
1  1.51e+03  0.02351491678 -9.486 0.95480000000000000000
1  1.52e+03  0.02351176368 -9.486 0.95480000000000000000
1  1.53e+03  0.02351158617 -9.486 0.95480000000000000000
1  1.55e+03  0.02350853321 -9.486 0.95480000000000000000
1  1.56e+03  0.02350741483 -9.486 0.95480000000000000000
1  1.57e+03  0.02350498973 -9.486 0.95480000000000000000
1  1.58e+03  0.02350426668 -9.486 0.95480000000000000000
1  1.59e+03  0.02350184228 -9.486 0.95480000000000000000
1  1.60e+03  0.02350092171 -9.486 0.95480000000000000000
1  1.61e+03  0.0234998088 -9.486 0.95480000000000000000
1  1.62e+03  0.02349688384 -9.486 0.95480000000000000000
1  1.63e+03  0.02349760711 -9.486 0.95480000000000000000
1  1.64e+03  0.02349416232 -9.486 0.95480000000000000000
1  1.66e+03  0.02349337563 -9.486 0.95480000000000000000
1  1.67e+03  0.02349287873 -9.486 0.95480000000000000000
1  1.68e+03  0.02348957554 -9.486 0.95480000000000000000
1  1.69e+03  0.02348916324 -9.486 0.95480000000000000000
1  1.70e+03  0.02348822169 -9.486 0.95480000000000000000
1  1.71e+03  0.0234859019 -9.486 0.95480000000000000000
1  1.73e+03  0.02348435723 -9.486 0.95480000000000000000
1  1.74e+03  0.02348460399 -9.486 0.95480000000000000000
1  1.75e+03  0.02348356291 -9.486 0.95480000000000000000
1  1.76e+03  0.02348043517 -9.486 0.95480000000000000000
1  1.77e+03  0.02348001212 -9.486 0.95480000000000000000
1  1.79e+03  0.023479456 -9.486 0.95480000000000000000
1  1.80e+03  0.023478124 -9.486 0.95480000000000000000
1  1.81e+03  0.02347640446 -9.486 0.95480000000000000000
1  1.82e+03  0.02347444034 -9.486 0.95480000000000000000
1  1.84e+03  0.023474323 -9.486 0.95480000000000000000
1  1.85e+03  0.02347340283 -9.486 0.95480000000000000000
1  1.86e+03  0.02347321798 -9.486 0.95480000000000000000
1  1.87e+03  0.02347156296 -9.486 0.95480000000000000000
1  1.89e+03  0.02346909412 -9.486 0.95480000000000000000
1  1.90e+03  0.02346804145 -9.486 0.95480000000000000000
1  1.91e+03  0.02346695502 -9.486 0.95480000000000000000
1  1.93e+03  0.0234665879 -9.486 0.95480000000000000000
1  1.94e+03  0.02346558691 -9.486 0.95480000000000000000
1  1.95e+03  0.0234659587 -9.486 0.95480000000000000000
1  1.97e+03  0.02346437772 -9.486 0.95480000000000000000
1  1.98e+03  0.02346403865 -9.486 0.95480000000000000000
1  2.00e+03  0.02346303592 -9.486 0.95480000000000000000
1  2.01e+03  0.02346154829 -9.486 0.95480000000000000000
1  2.02e+03  0.02346131544 -9.486 0.95480000000000000000
1  2.04e+03  0.02345934614 -9.486 0.95480000000000000000
1  2.05e+03  0.02345944123 -9.486 0.95480000000000000000
1  2.07e+03  0.02345755798 -9.486 0.95480000000000000000
1  2.08e+03  0.02345768988 -9.486 0.95480000000000000000
1  2.09e+03  0.02345606109 -9.486 0.95480000000000000000
1  2.11e+03  0.02345614732 -9.486 0.95480000000000000000
1  2.12e+03  0.02345467867 -9.486 0.95480000000000000000
1  2.14e+03  0.02345466864 -9.486 0.95480000000000000000
1  2.15e+03  0.02345310372 -9.486 0.95480000000000000000
1  2.17e+03  0.0234528579 -9.486 0.95480000000000000000
1  2.18e+03  0.02345099856 -9.486 0.95480000000000000000
1  2.20e+03  0.02345037322 -9.486 0.95480000000000000000
1  2.21e+03  0.02344865024 -9.486 0.95480000000000000000
1  2.23e+03  0.0234478167 -9.486 0.95480000000000000000
1  2.24e+03  0.02344739369 -9.486 0.95480000000000000000
1  2.26e+03  0.02344675896 -9.486 0.95480000000000000000
1  2.28e+03  0.02344745656 -9.486 0.95480000000000000000
1  2.29e+03  0.0234467395 -9.486 0.95480000000000000000
1  2.31e+03  0.02344586927 -9.486 0.95480000000000000000
1  2.32e+03  0.0234445921 -9.486 0.95480000000000000000
1  2.34e+03  0.02344300508 -9.486 0.95480000000000000000
1  2.36e+03  0.02344233123 -9.486 0.95480000000000000000
1  2.37e+03  0.02344334424 -9.486 0.95480000000000000000
1  2.39e+03  0.02344288274 -9.486 0.95480000000000000000
1  2.40e+03  0.02344160741 -9.486 0.95480000000000000000
1  2.42e+03  0.02344013709 -9.486 0.95480000000000000000
1  2.44e+03  0.02343973315 -9.486 0.95480000000000000000
1  2.45e+03  0.02343990249 -9.486 0.95480000000000000000
1  2.47e+03  0.02343975383 -9.486 0.95480000000000000000
1  2.49e+03  0.02343844376 -9.486 0.95480000000000000000
1  2.51e+03  0.02343712109 -9.486 0.95480000000000000000
1  2.52e+03  0.02343770145 -9.486 0.95480000000000000000
1  2.54e+03  0.02343729953 -9.486 0.95480000000000000000
1  2.56e+03  0.02343607407 -9.486 0.95480000000000000000
1  2.58e+03  0.02343498058 -9.486 0.95480000000000000000
1  2.59e+03  0.02343652403 -9.486 0.95480000000000000000
1  2.61e+03  0.02343485865 -9.486 0.95480000000000000000
1  2.63e+03  0.02343329259 -9.486 0.95480000000000000000
1  2.65e+03  0.02343349231 -9.486 0.95480000000000000000
1  2.67e+03  0.023434333 -9.486 0.95480000000000000000
1  2.69e+03  0.02343212903 -9.486 0.95480000000000000000
1  2.70e+03  0.0234325225 -9.486 0.95480000000000000000
1  2.72e+03  0.02343309754 -9.486 0.95480000000000000000
1  2.74e+03  0.02343041964 -9.486 0.95480000000000000000
1  2.76e+03  0.02343107287 -9.486 0.95480000000000000000
1  2.78e+03  0.02343081553 -9.486 0.95480000000000000000
1  2.80e+03  0.02342913225 -9.486 0.95480000000000000000
1  2.82e+03  0.02342979486 -9.486 0.95480000000000000000
1  2.84e+03  0.02342957366 -9.486 0.95480000000000000000
1  2.86e+03  0.0234280339 -9.486 0.95480000000000000000
1  2.88e+03  0.02342945652 -9.486 0.95480000000000000000
1  2.90e+03  0.02342779668 -9.486 0.95480000000000000000
1  2.92e+03  0.02342781568 -9.486 0.95480000000000000000
1  2.94e+03  0.02342824616 -9.486 0.95480000000000000000
1  2.96e+03  0.02342629942 -9.486 0.95480000000000000000
1  2.98e+03  0.02342787584 -9.486 0.95480000000000000000
1  3.00e+03  0.02342579491 -9.486 0.95480000000000000000
1  3.02e+03  0.02342667987 -9.486 0.95480000000000000000
1  3.04e+03  0.02342578872 -9.486 0.95480000000000000000
1  3.06e+03  0.02342541448 -9.486 0.95480000000000000000
1  3.08e+03  0.02342564101 -9.486 0.95480000000000000000
1  3.10e+03  0.02342441069 -9.486 0.95480000000000000000
1  3.13e+03  0.02342530768 -9.486 0.95480000000000000000
1  3.15e+03  0.02342349007 -9.486 0.95480000000000000000
1  3.17e+03  0.02342501162 -9.486 0.95480000000000000000
1  3.19e+03  0.02342264665 -9.486 0.95480000000000000000
1  3.21e+03  0.02342472255 -9.486 0.95480000000000000000
1  3.24e+03  0.02342232577 -9.486 0.95480000000000000000
1  3.26e+03  0.023424304 -9.486 0.95480000000000000000
1  3.28e+03  0.02342263064 -9.486 0.95480000000000000000
1  3.30e+03  0.02342395119 -9.486 0.95480000000000000000
1  3.33e+03  0.02342256036 -9.486 0.95480000000000000000
1  3.35e+03  0.02342378818 -9.486 0.95480000000000000000
1  3.37e+03  0.02342123791 -9.486 0.95480000000000000000
1  3.40e+03  0.0234232371 -9.486 0.95480000000000000000
1  3.42e+03  0.02341994683 -9.486 0.95480000000000000000
1  3.44e+03  0.02342181989 -9.486 0.95480000000000000000
1  3.47e+03  0.02342017387 -9.486 0.95480000000000000000
1  3.49e+03  0.02341983521 -9.486 0.95480000000000000000
1  3.52e+03  0.02341978603 -9.486 0.95480000000000000000
1  3.54e+03  0.02341783693 -9.486 0.95480000000000000000
1  3.56e+03  0.02341752693 -9.486 0.95480000000000000000
1  3.59e+03  0.02341666247 -9.486 0.95480000000000000000
1  3.61e+03  0.02341662444 -9.486 0.95480000000000000000
1  3.64e+03  0.02341516935 -9.486 0.95480000000000000000
1  3.66e+03  0.02341631075 -9.486 0.95480000000000000000
1  3.69e+03  0.02341365209 -9.486 0.95480000000000000000
1  3.72e+03  0.02341506025 -9.486 0.95480000000000000000
1  3.74e+03  0.02341623514 -9.486 0.95480000000000000000
1  3.77e+03  0.02341367197 -9.486 0.95480000000000000000
1  3.79e+03  0.02341751155 -9.486 0.95480000000000000000
1  3.82e+03  0.02341547552 -9.486 0.95480000000000000000
1  3.85e+03  0.02341555178 -9.486 0.95480000000000000000
1  3.87e+03  0.02341956888 -9.486 0.95480000000000000000
1  3.90e+03  0.02341476284 -9.486 0.95480000000000000000
1  3.93e+03  0.02341628721 -9.486 0.95480000000000000000
1  3.95e+03  0.02341816086 -9.486 0.95480000000000000000
1  3.98e+03  0.02341296606 -9.486 0.95480000000000000000
1  4.01e+03  0.02341438398 -9.486 0.95480000000000000000
1  4.04e+03  0.02341445522 -9.486 0.95480000000000000000
1  4.06e+03  0.02341063642 -9.486 0.95480000000000000000
1  4.09e+03  0.02341289366 -9.486 0.95480000000000000000
1  4.12e+03  0.02341307367 -9.486 0.95480000000000000000
1  4.15e+03  0.02341069312 -9.486 0.95480000000000000000
1  4.18e+03  0.02341442564 -9.486 0.95480000000000000000
1  4.21e+03  0.0234149893 -9.486 0.95480000000000000000
1  4.24e+03  0.02341218539 -9.486 0.95480000000000000000
1  4.27e+03  0.02341517315 -9.486 0.95480000000000000000
1  4.30e+03  0.02341517725 -9.486 0.95480000000000000000
1  4.33e+03  0.02341074656 -9.486 0.95480000000000000000
1  4.36e+03  0.0234119386 -9.486 0.95480000000000000000
1  4.39e+03  0.02341288192 -9.486 0.95480000000000000000
1  4.42e+03  0.02340836359 -9.486 0.95480000000000000000
1  4.45e+03  0.02341011575 -9.486 0.95480000000000000000
1  4.48e+03  0.02341468515 -9.486 0.95480000000000000000
1  4.51e+03  0.02340963941 -9.486 0.95480000000000000000
1  4.54e+03  0.02341039507 -9.486 0.95480000000000000000
1  4.57e+03  0.02341746704 -9.486 0.95480000000000000000
1  4.60e+03  0.02341085503 -9.486 0.95480000000000000000
1  4.63e+03  0.02340719481 -9.486 0.95480000000000000000
1  4.67e+03  0.02341412875 -9.486 0.95480000000000000000
1  4.70e+03  0.02341049697 -9.486 0.95480000000000000000
1  4.73e+03  0.02340492257 -9.486 0.95480000000000000000
1  4.76e+03  0.02341195081 -9.486 0.95480000000000000000
1  4.80e+03  0.0234160854 -9.486 0.95480000000000000000
1  4.83e+03  0.02340657409 -9.486 0.95480000000000000000
1  4.86e+03  0.02340853398 -9.486 0.95480000000000000000
1  4.90e+03  0.0234178823 -9.486 0.95480000000000000000
1  4.93e+03  0.02340862984 -9.486 0.95480000000000000000
1  4.97e+03  0.02340392404 -9.486 0.95480000000000000000
1  5.00e+03  0.02341230074 -9.486 0.95480000000000000000
1  5.04e+03  0.02341376912 -9.486 0.95480000000000000000
1  5.07e+03  0.02340421407 -9.486 0.95480000000000000000
1  5.11e+03  0.02341039733 -9.486 0.95480000000000000000
1  5.14e+03  0.02341762713 -9.486 0.95480000000000000000
1  5.18e+03  0.02340831163 -9.486 0.95480000000000000000
1  5.21e+03  0.02340439176 -9.486 0.95480000000000000000
1  5.25e+03  0.02341352385 -9.486 0.95480000000000000000
1  5.28e+03  0.02341192009 -9.486 0.95480000000000000000
1  5.32e+03  0.02340251121 -9.486 0.95480000000000000000
1  5.36e+03  0.02341231027 -9.486 0.95480000000000000000
1  5.40e+03  0.02341951709 -9.486 0.95480000000000000000
1  5.43e+03  0.02340803079 -9.486 0.95480000000000000000
1  5.47e+03  0.02340132768 -9.486 0.95480000000000000000
1  5.51e+03  0.02341605002 -9.486 0.95480000000000000000
1  5.55e+03  0.02341682819 -9.486 0.95480000000000000000
1  5.58e+03  0.02340239856 -9.486 0.95480000000000000000
1  5.62e+03  0.02340555458 -9.486 0.95480000000000000000
1  5.66e+03  0.02342220665 -9.486 0.95480000000000000000
1  5.70e+03  0.02341642489 -9.486 0.95480000000000000000
1  5.74e+03  0.02340050182 -9.486 0.95480000000000000000
1  5.78e+03  0.02341092491 -9.486 0.95480000000000000000
1  5.82e+03  0.02342297962 -9.486 0.95480000000000000000
1  5.86e+03  0.02341317586 -9.486 0.95480000000000000000
1  5.90e+03  0.02340016535 -9.486 0.95480000000000000000
1  5.94e+03  0.02341692099 -9.486 0.95480000000000000000
1  5.98e+03  0.02342430344 -9.486 0.95480000000000000000
1  6.03e+03  0.02340881248 -9.486 0.95480000000000000000
1  6.07e+03  0.02340146335 -9.486 0.95480000000000000000
1  6.11e+03  0.02342294324 -9.486 0.95480000000000000000
1  6.15e+03  0.02343340933 -9.486 0.95480000000000000000
1  6.19e+03  0.02341018911 -9.486 0.95480000000000000000
1  6.24e+03  0.02340387152 -9.486 0.95480000000000000000
1  6.28e+03  0.02342371083 -9.486 0.95480000000000000000
1  6.32e+03  0.02343435207 -9.486 0.95480000000000000000
1  6.37e+03  0.02341331767 -9.486 0.95480000000000000000
1  6.41e+03  0.02340351319 -9.486 0.95480000000000000000
1  6.46e+03  0.02342851576 -9.486 0.95480000000000000000
1  6.50e+03  0.02343701479 -9.486 0.95480000000000000000
1  6.55e+03  0.02341650507 -9.486 0.95480000000000000000
1  6.59e+03  0.02340566795 -9.486 0.95480000000000000000
1  6.64e+03  0.02342999643 -9.486 0.95480000000000000000
1  6.68e+03  0.0234507751 -9.486 0.95480000000000000000
1  6.73e+03  0.02342772227 -9.486 0.95480000000000000000
1  6.78e+03  0.02340962375 -9.486 0.95480000000000000000
1  6.82e+03  0.02343281795 -9.486 0.95480000000000000000
1  6.87e+03  0.02345761547 -9.486 0.95480000000000000000
1  6.92e+03  0.02344611043 -9.486 0.95480000000000000000
1  6.97e+03  0.02341760759 -9.486 0.95480000000000000000
1  7.01e+03  0.02342789469 -9.486 0.95480000000000000000
1  7.06e+03  0.02346660584 -9.486 0.95480000000000000000
1  7.11e+03  0.02346562921 -9.486 0.95480000000000000000
1  7.16e+03  0.02343169545 -9.486 0.95480000000000000000
1  7.21e+03  0.02342735115 -9.486 0.95480000000000000000
1  7.26e+03  0.02346090339 -9.486 0.95480000000000000000
1  7.31e+03  0.02348348463 -9.486 0.95480000000000000000
1  7.36e+03  0.02346093353 -9.486 0.95480000000000000000
1  7.41e+03  0.0234313783 -9.486 0.95480000000000000000
1  7.46e+03  0.02345409466 -9.486 0.95480000000000000000
1  7.52e+03  0.02349815214 -9.486 0.95480000000000000000
1  7.57e+03  0.02349307667 -9.486 0.95480000000000000000
1  7.62e+03  0.0234558688 -9.486 0.95480000000000000000
1  7.67e+03  0.02345162832 -9.486 0.95480000000000000000
1  7.73e+03  0.02349041515 -9.486 0.95480000000000000000
1  7.78e+03  0.02352332207 -9.486 0.95480000000000000000
1  7.83e+03  0.02350664938 -9.486 0.95480000000000000000
1  7.89e+03  0.0234674416 -9.486 0.95480000000000000000
1  7.94e+03  0.02347896779 -9.486 0.95480000000000000000
1  8.00e+03  0.02353726475 -9.486 0.95480000000000000000
1  8.05e+03  0.02355724183 -9.486 0.95480000000000000000
1  8.11e+03  0.02351862905 -9.486 0.95480000000000000000
1  8.17e+03  0.02349326445 -9.486 0.95480000000000000000
1  8.22e+03  0.02352333446 -9.486 0.95480000000000000000
1  8.28e+03  0.02357531917 -9.486 0.95480000000000000000
1  8.34e+03  0.02359382305 -9.486 0.95480000000000000000
1  8.39e+03  0.02356032128 -9.486 0.95480000000000000000
1  8.45e+03  0.02352749079 -9.486 0.95480000000000000000
1  8.51e+03  0.0235638921 -9.486 0.95480000000000000000
1  8.57e+03  0.0236387555 -9.486 0.95480000000000000000
1  8.63e+03  0.02365285459 -9.486 0.95480000000000000000
1  8.69e+03  0.02360094743 -9.486 0.95480000000000000000
1  8.75e+03  0.02357852811 -9.486 0.95480000000000000000
1  8.81e+03  0.02362772286 -9.486 0.95480000000000000000
1  8.87e+03  0.02369126768 -9.486 0.95480000000000000000
1  8.93e+03  0.02371075813 -9.486 0.95480000000000000000
1  8.99e+03  0.02368256278 -9.486 0.95480000000000000000
1  9.06e+03  0.02364833516 -9.486 0.95480000000000000000
1  9.12e+03  0.02366793164 -9.486 0.95480000000000000000
1  9.18e+03  0.02374992135 -9.486 0.95480000000000000000
1  9.25e+03  0.0238096077 -9.486 0.95480000000000000000
1  9.31e+03  0.02377588107 -9.486 0.95480000000000000000
1  9.38e+03  0.0237112906 -9.486 0.95480000000000000000
1  9.44e+03  0.02373036943 -9.486 0.95480000000000000000
1  9.51e+03  0.02382739791 -9.486 0.95480000000000000000
1  9.57e+03  0.02389345221 -9.486 0.95480000000000000000
1  9.64e+03  0.02387748674 -9.486 0.95480000000000000000
1  9.71e+03  0.02383701754 -9.486 0.95480000000000000000
1  9.77e+03  0.02383945537 -9.486 0.95480000000000000000
1  9.84e+03  0.02389595315 -9.486 0.95480000000000000000
1  9.91e+03  0.02398611599 -9.486 0.95480000000000000000
1  9.98e+03  0.0240389671 -9.486 0.95480000000000000000
1  1.00e+04  0.0240254646 -9.486 0.95480000000000000000
1  1.01e+04  0.02396958312 -9.486 0.95480000000000000000
1  1.02e+04  0.02396840641 -9.486 0.95480000000000000000
1  1.03e+04  0.0240793118 -9.486 0.95480000000000000000
1  1.03e+04  0.0242192515 -9.486 0.95480000000000000000
1  1.04e+04  0.02425231682 -9.486 0.95480000000000000000
1  1.05e+04  0.02417130059 -9.486 0.95480000000000000000
1  1.05e+04  0.0241148383 -9.486 0.95480000000000000000
1  1.06e+04  0.02418863379 -9.486 0.95480000000000000000
1  1.07e+04  0.02433853118 -9.486 0.95480000000000000000
1  1.08e+04  0.02443598859 -9.486 0.95480000000000000000
1  1.08e+04  0.02443575732 -9.486 0.95480000000000000000
1  1.09e+04  0.02440032694 -9.486 0.95480000000000000000
1  1.10e+04  0.02440229908 -9.486 0.95480000000000000000
1  1.11e+04  0.02445933242 -9.486 0.95480000000000000000
1  1.11e+04  0.02455463257 -9.486 0.95480000000000000000
1  1.12e+04  0.02466343683 -9.486 0.95480000000000000000
1  1.13e+04  0.02474545812 -9.486 0.95480000000000000000
1  1.14e+04  0.02475975271 -9.486 0.95480000000000000000
1  1.15e+04  0.0247223936 -9.486 0.95480000000000000000
1  1.15e+04  0.02472278402 -9.486 0.95480000000000000000
1  1.16e+04  0.02483710409 -9.486 0.95480000000000000000
1  1.17e+04  0.02502519894 -9.486 0.95480000000000000000
1  1.18e+04  0.02515341581 -9.486 0.95480000000000000000
1  1.19e+04  0.02514126212 -9.486 0.95480000000000000000
1  1.19e+04  0.02506340853 -9.486 0.95480000000000000000
1  1.20e+04  0.02507649029 -9.486 0.95480000000000000000
1  1.21e+04  0.02524626659 -9.486 0.95480000000000000000
1  1.22e+04  0.02547274157 -9.486 0.95480000000000000000
1  1.23e+04  0.02559864749 -9.486 0.95480000000000000000
1  1.24e+04  0.02557714617 -9.486 0.95480000000000000000
1  1.24e+04  0.02551508286 -9.486 0.95480000000000000000
1  1.25e+04  0.02555476167 -9.486 0.95480000000000000000
1  1.26e+04  0.02573063927 -9.486 0.95480000000000000000
1  1.27e+04  0.02594879261 -9.486 0.95480000000000000000
1  1.28e+04  0.02609298299 -9.486 0.95480000000000000000
1  1.29e+04  0.02613382016 -9.486 0.95480000000000000000
1  1.30e+04  0.02613665927 -9.486 0.95480000000000000000
1  1.31e+04  0.0261829659 -9.486 0.95480000000000000000
1  1.32e+04  0.02629922492 -9.486 0.95480000000000000000
1  1.32e+04  0.02645655469 -9.486 0.95480000000000000000
1  1.33e+04  0.02661768867 -9.486 0.95480000000000000000
1  1.34e+04  0.02676751566 -9.486 0.95480000000000000000
1  1.35e+04  0.02690229064 -9.486 0.95480000000000000000
1  1.36e+04  0.02700974944 -9.486 0.95480000000000000000
1  1.37e+04  0.02707782722 -9.486 0.95480000000000000000
1  1.38e+04  0.02712505876 -9.486 0.95480000000000000000
1  1.39e+04  0.02720911561 -9.486 0.95480000000000000000
1  1.40e+04  0.02738679398 -9.486 0.95480000000000000000
1  1.41e+04  0.0276542355 -9.486 0.95480000000000000000
1  1.42e+04  0.02792894924 -9.486 0.95480000000000000000
1  1.43e+04  0.02810417523 -9.486 0.95480000000000000000
1  1.44e+04  0.02813813431 -9.486 0.95480000000000000000
1  1.45e+04  0.02810169831 -9.486 0.95480000000000000000
1  1.46e+04  0.02813628708 -9.486 0.95480000000000000000
1  1.47e+04  0.02834754665 -9.486 0.95480000000000000000
1  1.48e+04  0.02871771553 -9.486 0.95480000000000000000
1  1.49e+04  0.02910966367 -9.486 0.95480000000000000000
1  1.50e+04  0.02936411555 -9.486 0.95480000000000000000
1  1.51e+04  0.02941780479 -9.486 0.95480000000000000000
1  1.52e+04  0.0293536236 -9.486 0.95480000000000000000
1  1.53e+04  0.02934475352 -9.486 0.95480000000000000000
1  1.54e+04  0.02953284668 -9.486 0.95480000000000000000
1  1.55e+04  0.02992799162 -9.486 0.95480000000000000000
1  1.56e+04  0.03040136367 -9.486 0.95480000000000000000
1  1.57e+04  0.03077396814 -9.486 0.95480000000000000000
1  1.58e+04  0.03093784683 -9.486 0.95480000000000000000
1  1.60e+04  0.03092696116 -9.486 0.95480000000000000000
1  1.61e+04  0.03089265225 -9.486 0.95480000000000000000
1  1.62e+04  0.03100326875 -9.486 0.95480000000000000000
1  1.63e+04  0.03133573578 -9.486 0.95480000000000000000
1  1.64e+04  0.03182888139 -9.486 0.95480000000000000000
1  1.65e+04  0.03232539464 -9.486 0.95480000000000000000
1  1.66e+04  0.03267183766 -9.486 0.95480000000000000000
1  1.67e+04  0.03281219678 -9.486 0.95480000000000000000
1  1.69e+04  0.0328189159 -9.486 0.95480000000000000000
1  1.70e+04  0.03284635935 -9.486 0.95480000000000000000
1  1.71e+04  0.0330379282 -9.486 0.95480000000000000000
1  1.72e+04  0.03344302254 -9.486 0.95480000000000000000
1  1.73e+04  0.03399118676 -9.486 0.95480000000000000000
1  1.75e+04  0.03453526199 -9.486 0.95480000000000000000
1  1.76e+04  0.03493558041 -9.486 0.95480000000000000000
1  1.77e+04  0.03513648316 -9.486 0.95480000000000000000
1  1.78e+04  0.03519430586 -9.486 0.95480000000000000000
1  1.79e+04  0.03524470234 -9.486 0.95480000000000000000
1  1.81e+04  0.03542951206 -9.486 0.95480000000000000000
1  1.82e+04  0.03582294302 -9.486 0.95480000000000000000
1  1.83e+04  0.03639499493 -9.486 0.95480000000000000000
1  1.85e+04  0.03702896361 -9.486 0.95480000000000000000
1  1.86e+04  0.03758151291 -9.486 0.95480000000000000000
1  1.87e+04  0.03795342967 -9.486 0.95480000000000000000
1  1.88e+04  0.03813637887 -9.486 0.95480000000000000000
1  1.90e+04  0.03821495307 -9.486 0.95480000000000000000
1  1.91e+04  0.03832538029 -9.486 0.95480000000000000000
1  1.92e+04  0.03859179093 -9.486 0.95480000000000000000
1  1.94e+04  0.03906991143 -9.486 0.95480000000000000000
1  1.95e+04  0.03972326563 -9.486 0.95480000000000000000
1  1.96e+04  0.04044112562 -9.486 0.95480000000000000000
1  1.98e+04  0.04108833363 -9.486 0.95480000000000000000
1  1.99e+04  0.04156380812 -9.486 0.95480000000000000000
1  2.00e+04  0.04184253143 -9.486 0.95480000000000000000
1  2.02e+04  0.04198454919 -9.486 0.95480000000000000000
1  2.03e+04  0.04210895764 -9.486 0.95480000000000000000
1  2.05e+04  0.04234480458 -9.486 0.95480000000000000000
1  2.06e+04  0.04277928546 -9.486 0.95480000000000000000
1  2.07e+04  0.04342382457 -9.486 0.95480000000000000000
1  2.09e+04  0.04421074938 -9.486 0.95480000000000000000
1  2.10e+04  0.04502064542 -9.486 0.95480000000000000000
1  2.12e+04  0.04572852978 -9.486 0.95480000000000000000
1  2.13e+04  0.04625057871 -9.486 0.95480000000000000000
1  2.15e+04  0.04657423913 -9.486 0.95480000000000000000
1  2.16e+04  0.04676173825 -9.486 0.95480000000000000000
1  2.18e+04  0.04692693 -9.486 0.95480000000000000000
1  2.19e+04  0.04719455232 -9.486 0.95480000000000000000
1  2.21e+04  0.04765657315 -9.486 0.95480000000000000000
1  2.22e+04  0.04834077991 -9.486 0.95480000000000000000
1  2.24e+04  0.04920203384 -9.486 0.95480000000000000000
1  2.25e+04  0.05013838607 -9.486 0.95480000000000000000
1  2.27e+04  0.05102564304 -9.486 0.95480000000000000000
1  2.29e+04  0.05175815535 -9.486 0.95480000000000000000
1  2.30e+04  0.05228239226 -9.486 0.95480000000000000000
1  2.32e+04  0.05261309174 -9.486 0.95480000000000000000
1  2.33e+04  0.05282780622 -9.486 0.95480000000000000000
1  2.35e+04  0.05304237925 -9.486 0.95480000000000000000
1  2.37e+04  0.05337539934 -9.486 0.95480000000000000000
1  2.38e+04  0.05391261217 -9.486 0.95480000000000000000
1  2.40e+04  0.05468190311 -9.486 0.95480000000000000000
1  2.42e+04  0.05564592585 -9.486 0.95480000000000000000
1  2.43e+04  0.05671388532 -9.486 0.95480000000000000000
1  2.45e+04  0.05776823365 -9.486 0.95480000000000000000
1  2.47e+04  0.05869796396 -9.486 0.95480000000000000000
1  2.48e+04  0.05942890295 -9.486 0.95480000000000000000
1  2.50e+04  0.0599429452 -9.486 0.95480000000000000000
1  2.52e+04  0.0602817118 -9.486 0.95480000000000000000
1  2.54e+04  0.06053445952 -9.486 0.95480000000000000000
1  2.55e+04  0.06081408075 -9.486 0.95480000000000000000
1  2.57e+04  0.06122783743 -9.486 0.95480000000000000000
1  2.59e+04  0.06185048972 -9.486 0.95480000000000000000
1  2.61e+04  0.0627065194 -9.486 0.95480000000000000000
1  2.62e+04  0.06376549509 -9.486 0.95480000000000000000
1  2.64e+04  0.06495104769 -9.486 0.95480000000000000000
1  2.66e+04  0.06616046074 -9.486 0.95480000000000000000
1  2.68e+04  0.06728948513 -9.486 0.95480000000000000000
1  2.70e+04  0.06825619095 -9.486 0.95480000000000000000
1  2.72e+04  0.0690184612 -9.486 0.95480000000000000000
1  2.74e+04  0.06958167329 -9.486 0.95480000000000000000
1  2.75e+04  0.06999558299 -9.486 0.95480000000000000000
1  2.77e+04  0.07034182867 -9.486 0.95480000000000000000
1  2.79e+04  0.07071535393 -9.486 0.95480000000000000000
1  2.81e+04  0.07120409402 -9.486 0.95480000000000000000
1  2.83e+04  0.07187133603 -9.486 0.95480000000000000000
1  2.85e+04  0.07274427226 -9.486 0.95480000000000000000
1  2.87e+04  0.07381066171 -9.486 0.95480000000000000000
1  2.89e+04  0.07502360818 -9.486 0.95480000000000000000
1  2.91e+04  0.07631274017 -9.486 0.95480000000000000000
1  2.93e+04  0.07759893377 -9.486 0.95480000000000000000
1  2.95e+04  0.07880934909 -9.486 0.95480000000000000000
1  2.97e+04  0.07988991125 -9.486 0.95480000000000000000
1  2.99e+04  0.08081324081 -9.486 0.95480000000000000000
1  3.01e+04  0.08158114459 -9.486 0.95480000000000000000
1  3.03e+04  0.08222186113 -9.486 0.95480000000000000000
1  3.05e+04  0.0827831404 -9.486 0.95480000000000000000
1  3.08e+04  0.08332281953 -9.486 0.95480000000000000000
1  3.10e+04  0.08389878826 -9.486 0.95480000000000000000
1  3.12e+04  0.08456011578 -9.486 0.95480000000000000000
1  3.14e+04  0.08534068093 -9.486 0.95480000000000000000
1  3.16e+04  0.08625601329 -9.486 0.95480000000000000000
1  3.18e+04  0.08730336142 -9.486 0.95480000000000000000
1  3.21e+04  0.08846441453 -9.486 0.95480000000000000000
1  3.23e+04  0.08970973611 -9.486 0.95480000000000000000
1  3.25e+04  0.09100387108 -9.486 0.95480000000000000000
1  3.27e+04  0.09231022704 -9.486 0.95480000000000000000
1  3.30e+04  0.09359511443 -9.486 0.95480000000000000000
1  3.32e+04  0.09483065089 -9.486 0.95480000000000000000
1  3.34e+04  0.09599650528 -9.486 0.95480000000000000000
1  3.37e+04  0.0970806349 -9.486 0.95480000000000000000
1  3.39e+04  0.0980792518 -9.486 0.95480000000000000000
1  3.41e+04  0.09899626373 -9.486 0.95480000000000000000
1  3.44e+04  0.09984239889 -9.486 0.95480000000000000000
1  3.46e+04  0.1006341614 -9.486 0.95480000000000000000
1  3.48e+04  0.1013926903 -9.486 0.95480000000000000000
1  3.51e+04  0.102142522 -9.486 0.95480000000000000000
1  3.53e+04  0.1029102017 -9.486 0.95480000000000000000
1  3.56e+04  0.1037226661 -9.486 0.95480000000000000000
1  3.58e+04  0.1046053538 -9.486 0.95480000000000000000
1  3.61e+04  0.1055800747 -9.486 0.95480000000000000000
1  3.63e+04  0.1066627812 -9.486 0.95480000000000000000
1  3.66e+04  0.1078614919 -9.486 0.95480000000000000000
1  3.68e+04  0.1091746902 -9.486 0.95480000000000000000
1  3.71e+04  0.110590521 -9.486 0.95480000000000000000
1  3.73e+04  0.1120870361 -9.486 0.95480000000000000000
1  3.76e+04  0.1136336021 -9.486 0.95480000000000000000
1  3.78e+04  0.1151934089 -9.486 0.95480000000000000000
1  3.81e+04  0.1167268469 -9.486 0.95480000000000000000
1  3.84e+04  0.1181953886 -9.486 0.95480000000000000000
1  3.86e+04  0.1195655296 -9.486 0.95480000000000000000
1  3.89e+04  0.1208123376 -9.486 0.95480000000000000000
1  3.92e+04  0.1219222058 -9.486 0.95480000000000000000
1  3.94e+04  0.122894504 -9.486 0.95480000000000000000
1  3.97e+04  0.1237419444 -9.486 0.95480000000000000000
1  4.00e+04  0.1244896205 -9.486 0.95480000000000000000
1  4.03e+04  0.1251728123 -9.486 0.95480000000000000000
1  4.06e+04  0.1258337815 -9.486 0.95480000000000000000
1  4.08e+04  0.1265178794 -9.486 0.95480000000000000000
1  4.11e+04  0.127269365 -9.486 0.95480000000000000000
1  4.14e+04  0.1281273573 -9.486 0.95480000000000000000
1  4.17e+04  0.12912233 -9.486 0.95480000000000000000
1  4.20e+04  0.1302734906 -9.486 0.95480000000000000000
1  4.23e+04  0.1315872847 -9.486 0.95480000000000000000
1  4.26e+04  0.1330571347 -9.486 0.95480000000000000000
1  4.29e+04  0.134664383 -9.486 0.95480000000000000000
1  4.32e+04  0.1363802841 -9.486 0.95480000000000000000
1  4.35e+04  0.1381687871 -9.486 0.95480000000000000000
1  4.38e+04  0.1399897899 -9.486 0.95480000000000000000
1  4.41e+04  0.1418025258 -9.486 0.95480000000000000000
1  4.44e+04  0.1435687626 -9.486 0.95480000000000000000
1  4.47e+04  0.1452555494 -9.486 0.95480000000000000000
1  4.50e+04  0.1468373168 -9.486 0.95480000000000000000
1  4.53e+04  0.1482972194 -9.486 0.95480000000000000000
1  4.56e+04  0.14962769 -9.486 0.95480000000000000000
1  4.59e+04  0.1508302457 -9.486 0.95480000000000000000
1  4.62e+04  0.1519146448 -9.486 0.95480000000000000000
1  4.66e+04  0.1528975309 -9.486 0.95480000000000000000
1  4.69e+04  0.1538007298 -9.486 0.95480000000000000000
1  4.72e+04  0.1546493672 -9.486 0.95480000000000000000
1  4.75e+04  0.1554699745 -9.486 0.95480000000000000000
1  4.79e+04  0.1562887273 -9.486 0.95480000000000000000
1  4.82e+04  0.157129935 -9.486 0.95480000000000000000
1  4.85e+04  0.1580148639 -9.486 0.95480000000000000000
1  4.89e+04  0.1589609366 -9.486 0.95480000000000000000
1  4.92e+04  0.1599813107 -9.486 0.95480000000000000000
1  4.95e+04  0.1610848062 -9.486 0.95480000000000000000
1  4.99e+04  0.1622761209 -9.486 0.95480000000000000000
1  5.02e+04  0.1635562579 -9.486 0.95480000000000000000
1  5.06e+04  0.1649230776 -9.486 0.95480000000000000000
1  5.09e+04  0.1663718956 -9.486 0.95480000000000000000
1  5.13e+04  0.167896056 -9.486 0.95480000000000000000
1  5.16e+04  0.1694874312 -9.486 0.95480000000000000000
1  5.20e+04  0.1711368202 -9.486 0.95480000000000000000
1  5.24e+04  0.1728342395 -9.486 0.95480000000000000000
1  5.27e+04  0.174569119 -9.486 0.95480000000000000000
1  5.31e+04  0.1763304274 -9.486 0.95480000000000000000
1  5.35e+04  0.1781067624 -9.486 0.95480000000000000000
1  5.38e+04  0.1798864368 -9.486 0.95480000000000000000
1  5.42e+04  0.1816575907 -9.486 0.95480000000000000000
1  5.46e+04  0.1834083526 -9.486 0.95480000000000000000
1  5.50e+04  0.1851270578 -9.486 0.95480000000000000000
1  5.53e+04  0.1868025269 -9.486 0.95480000000000000000
1  5.57e+04  0.1884243933 -9.486 0.95480000000000000000
1  5.61e+04  0.1899834631 -9.486 0.95480000000000000000
1  5.65e+04  0.1914720852 -9.486 0.95480000000000000000
1  5.69e+04  0.1928845048 -9.486 0.95480000000000000000
1  5.73e+04  0.1942171759 -9.486 0.95480000000000000000
1  5.77e+04  0.195469008 -9.486 0.95480000000000000000
1  5.81e+04  0.1966415275 -9.486 0.95480000000000000000
1  5.85e+04  0.1977389382 -9.486 0.95480000000000000000
1  5.89e+04  0.1987680716 -9.486 0.95480000000000000000
1  5.93e+04  0.199738224 -9.486 0.95480000000000000000
1  5.97e+04  0.200660884 -9.486 0.95480000000000000000
1  6.01e+04  0.2015493599 -9.486 0.95480000000000000000
1  6.05e+04  0.2024183233 -9.486 0.95480000000000000000
1  6.10e+04  0.2032832874 -9.486 0.95480000000000000000
1  6.14e+04  0.204160047 -9.486 0.95480000000000000000
1  6.18e+04  0.2050641046 -9.486 0.95480000000000000000
1  6.22e+04  0.2060101103 -9.486 0.95480000000000000000
1  6.27e+04  0.2070113434 -9.486 0.95480000000000000000
1  6.31e+04  0.2080792578 -9.486 0.95480000000000000000
1  6.35e+04  0.2092231126 -9.486 0.95480000000000000000
1  6.40e+04  0.2104497019 -9.486 0.95480000000000000000
1  6.44e+04  0.211763194 -9.486 0.95480000000000000000
1  6.49e+04  0.213165081 -9.486 0.95480000000000000000
1  6.53e+04  0.2146542368 -9.486 0.95480000000000000000
1  6.58e+04  0.2162270741 -9.486 0.95480000000000000000
1  6.62e+04  0.2178777856 -9.486 0.95480000000000000000
1  6.67e+04  0.2195986544 -9.486 0.95480000000000000000
1  6.71e+04  0.2213804116 -9.486 0.95480000000000000000
1  6.76e+04  0.223212623 -9.486 0.95480000000000000000
1  6.81e+04  0.2250840834 -9.486 0.95480000000000000000
1  6.85e+04  0.2269832027 -9.486 0.95480000000000000000
1  6.90e+04  0.2288983658 -9.486 0.95480000000000000000
1  6.95e+04  0.2308182557 -9.486 0.95480000000000000000
1  7.00e+04  0.23273213 -9.486 0.95480000000000000000
1  7.05e+04  0.2346300458 -9.486 0.95480000000000000000
1  7.10e+04  0.2365030302 -9.486 0.95480000000000000000
1  7.14e+04  0.2383431988 -9.486 0.95480000000000000000
1  7.19e+04  0.2401438223 -9.486 0.95480000000000000000
1  7.24e+04  0.2418993508 -9.486 0.95480000000000000000
1  7.29e+04  0.2436053979 -9.486 0.95480000000000000000
1  7.35e+04  0.2452586943 -9.486 0.95480000000000000000
1  7.40e+04  0.2468570182 -9.486 0.95480000000000000000
1  7.45e+04  0.2483991081 -9.486 0.95480000000000000000
1  7.50e+04  0.2498845663 -9.486 0.95480000000000000000
1  7.55e+04  0.2513137588 -9.486 0.95480000000000000000
1  7.60e+04  0.2526877154 -9.486 0.95480000000000000000
1  7.66e+04  0.2540080351 -9.486 0.95480000000000000000
1  7.71e+04  0.2552768001 -9.486 0.95480000000000000000
1  7.76e+04  0.2564964984 -9.486 0.95480000000000000000
1  7.82e+04  0.2576699586 -9.486 0.95480000000000000000
1  7.87e+04  0.2588002952 -9.486 0.95480000000000000000
1  7.93e+04  0.2598908641 -9.486 0.95480000000000000000
1  7.98e+04  0.2609452288 -9.486 0.95480000000000000000
1  8.04e+04  0.2619671334 -9.486 0.95480000000000000000
1  8.09e+04  0.2629604825 -9.486 0.95480000000000000000
1  8.15e+04  0.2639293246 -9.486 0.95480000000000000000
1  8.20e+04  0.2648778386 -9.486 0.95480000000000000000
1  8.26e+04  0.2658103189 -9.486 0.95480000000000000000
1  8.32e+04  0.2667311603 -9.486 0.95480000000000000000
1  8.38e+04  0.2676448384 -9.486 0.95480000000000000000
1  8.43e+04  0.2685558864 -9.486 0.95480000000000000000
1  8.49e+04  0.2694688667 -9.486 0.95480000000000000000
1  8.55e+04  0.2703883359 -9.486 0.95480000000000000000
1  8.61e+04  0.2713188059 -9.486 0.95480000000000000000
1  8.67e+04  0.2722646991 -9.486 0.95480000000000000000
1  8.73e+04  0.2732302994 -9.486 0.95480000000000000000
1  8.79e+04  0.2742197008 -9.486 0.95480000000000000000
1  8.85e+04  0.2752367547 -9.486 0.95480000000000000000
1  8.91e+04  0.2762850165 -9.486 0.95480000000000000000
1  8.97e+04  0.2773676954 -9.486 0.95480000000000000000
1  9.04e+04  0.2784876067 -9.486 0.95480000000000000000
1  9.10e+04  0.2796471299 -9.486 0.95480000000000000000
1  9.16e+04  0.2808481732 -9.486 0.95480000000000000000
1  9.23e+04  0.2820921462 -9.486 0.95480000000000000000
1  9.29e+04  0.2833799408 -9.486 0.95480000000000000000
1  9.35e+04  0.284711922 -9.486 0.95480000000000000000
1  9.42e+04  0.2860879281 -9.486 0.95480000000000000000
1  9.48e+04  0.2875072804 -9.486 0.95480000000000000000
1  9.55e+04  0.2889688027 -9.486 0.95480000000000000000
1  9.62e+04  0.2904708486 -9.486 0.95480000000000000000
1  9.68e+04  0.2920113367 -9.486 0.95480000000000000000
1  9.75e+04  0.2935877931 -9.486 0.95480000000000000000
1  9.82e+04  0.2951973981 -9.486 0.95480000000000000000
1  9.89e+04  0.2968370373 -9.486 0.95480000000000000000
1  9.95e+04  0.2985033556 -9.486 0.95480000000000000000
1  1.00e+05  0.3001928121 -9.486 0.95480000000000000000
1  1.01e+05  0.3019017346 -9.486 0.95480000000000000000
1  1.02e+05  0.3036263733 -9.486 0.95480000000000000000
1  1.02e+05  0.3053629516 -9.486 0.95480000000000000000
1  1.03e+05  0.3071077143 -9.486 0.95480000000000000000
1  1.04e+05  0.3088569706 -9.486 0.95480000000000000000
1  1.04e+05  0.3106071332 -9.486 0.95480000000000000000
1  1.05e+05  0.3123547524 -9.486 0.95480000000000000000
1  1.06e+05  0.3140965444 -9.486 0.95480000000000000000
1  1.07e+05  0.3158294144 -9.486 0.95480000000000000000
1  1.07e+05  0.317550475 -9.486 0.95480000000000000000
1  1.08e+05  0.3192570584 -9.486 0.95480000000000000000
1  1.09e+05  0.3209467251 -9.486 0.95480000000000000000
1  1.10e+05  0.3226172672 -9.486 0.95480000000000000000
1  1.10e+05  0.3242667088 -9.486 0.95480000000000000000
1  1.11e+05  0.325893302 -9.486 0.95480000000000000000
1  1.12e+05  0.3274955206 -9.486 0.95480000000000000000
1  1.13e+05  0.329072052 -9.486 0.95480000000000000000
1  1.14e+05  0.3306217857 -9.486 0.95480000000000000000
1  1.14e+05  0.3321438023 -9.486 0.95480000000000000000
1  1.15e+05  0.3336373601 -9.486 0.95480000000000000000
1  1.16e+05  0.3351018824 -9.486 0.95480000000000000000
1  1.17e+05  0.3365369436 -9.486 0.95480000000000000000
1  1.17e+05  0.3379422565 -9.486 0.95480000000000000000
1  1.18e+05  0.3393176593 -9.486 0.95480000000000000000
1  1.19e+05  0.3406631035 -9.486 0.95480000000000000000
1  1.20e+05  0.3419786428 -9.486 0.95480000000000000000
1  1.21e+05  0.3432644229 -9.486 0.95480000000000000000
1  1.22e+05  0.3445206718 -9.486 0.95480000000000000000
1  1.22e+05  0.3457476916 -9.486 0.95480000000000000000
1  1.23e+05  0.3469458514 -9.486 0.95480000000000000000
1  1.24e+05  0.3481155808 -9.486 0.95480000000000000000
1  1.25e+05  0.3492573646 -9.486 0.95480000000000000000
1  1.26e+05  0.3503717381 -9.486 0.95480000000000000000
1  1.27e+05  0.3514592835 -9.486 0.95480000000000000000
1  1.28e+05  0.352520627 -9.486 0.95480000000000000000
1  1.29e+05  0.3535564359 -9.486 0.95480000000000000000
1  1.29e+05  0.3545674168 -9.486 0.95480000000000000000
1  1.30e+05  0.3555543137 -9.486 0.95480000000000000000
1  1.31e+05  0.3565179068 -9.486 0.95480000000000000000
1  1.32e+05  0.3574590111 -9.486 0.95480000000000000000
1  1.33e+05  0.3583784752 -9.486 0.95480000000000000000
1  1.34e+05  0.35927718 -9.486 0.95480000000000000000
1  1.35e+05  0.3601560374 -9.486 0.95480000000000000000
1  1.36e+05  0.3610159891 -9.486 0.95480000000000000000
1  1.37e+05  0.3618580044 -9.486 0.95480000000000000000
1  1.38e+05  0.3626830789 -9.486 0.95480000000000000000
1  1.39e+05  0.3634922319 -9.486 0.95480000000000000000
1  1.40e+05  0.3642865042 -9.486 0.95480000000000000000
1  1.41e+05  0.3650669553 -9.486 0.95480000000000000000
1  1.42e+05  0.3658346606 -9.486 0.95480000000000000000
1  1.43e+05  0.3665907079 -9.486 0.95480000000000000000
1  1.44e+05  0.3673361939 -9.486 0.95480000000000000000
1  1.45e+05  0.3680722208 -9.486 0.95480000000000000000
1  1.46e+05  0.3687998921 -9.486 0.95480000000000000000
1  1.47e+05  0.3695203086 -9.486 0.95480000000000000000
1  1.48e+05  0.3702345645 -9.486 0.95480000000000000000
1  1.49e+05  0.3709437429 -9.486 0.95480000000000000000
1  1.50e+05  0.3716489118 -9.486 0.95480000000000000000
1  1.51e+05  0.3723511199 -9.486 0.95480000000000000000
1  1.52e+05  0.3730513925 -9.486 0.95480000000000000000
1  1.53e+05  0.3737507276 -9.486 0.95480000000000000000
1  1.54e+05  0.3744500921 -9.486 0.95480000000000000000
1  1.55e+05  0.3751504183 -9.486 0.95480000000000000000
1  1.56e+05  0.3758526006 -9.486 0.95480000000000000000
1  1.57e+05  0.3765574924 -9.486 0.95480000000000000000
1  1.58e+05  0.3772659034 -9.486 0.95480000000000000000
1  1.59e+05  0.3779785976 -9.486 0.95480000000000000000
1  1.60e+05  0.3786962904 -9.486 0.95480000000000000000
1  1.61e+05  0.3794196481 -9.486 0.95480000000000000000
1  1.63e+05  0.3801492857 -9.486 0.95480000000000000000
1  1.64e+05  0.3808857662 -9.486 0.95480000000000000000
1  1.65e+05  0.3816296004 -9.486 0.95480000000000000000
1  1.66e+05  0.3823812463 -9.486 0.95480000000000000000
1  1.67e+05  0.3831411095 -9.486 0.95480000000000000000
1  1.68e+05  0.3839095434 -9.486 0.95480000000000000000
1  1.69e+05  0.3846868505 -9.486 0.95480000000000000000
1  1.71e+05  0.3854732829 -9.486 0.95480000000000000000
1  1.72e+05  0.3862690444 -9.486 0.95480000000000000000
1  1.73e+05  0.3870742912 -9.486 0.95480000000000000000
1  1.74e+05  0.3878891345 -9.486 0.95480000000000000000
1  1.75e+05  0.3887136423 -9.486 0.95480000000000000000
1  1.77e+05  0.3895478414 -9.486 0.95480000000000000000
1  1.78e+05  0.3903917199 -9.486 0.95480000000000000000
1  1.79e+05  0.3912452292 -9.486 0.95480000000000000000
1  1.80e+05  0.3921082873 -9.486 0.95480000000000000000
1  1.82e+05  0.3929807804 -9.486 0.95480000000000000000
1  1.83e+05  0.393862566 -9.486 0.95480000000000000000
1  1.84e+05  0.3947534755 -9.486 0.95480000000000000000
1  1.85e+05  0.395653316 -9.486 0.95480000000000000000
1  1.87e+05  0.3965618737 -9.486 0.95480000000000000000
1  1.88e+05  0.3974789157 -9.486 0.95480000000000000000
1  1.89e+05  0.3984041924 -9.486 0.95480000000000000000
1  1.91e+05  0.3993374398 -9.486 0.95480000000000000000
1  1.92e+05  0.4002783818 -9.486 0.95480000000000000000
1  1.93e+05  0.4012267317 -9.486 0.95480000000000000000
1  1.95e+05  0.4021821946 -9.486 0.95480000000000000000
1  1.96e+05  0.4031444687 -9.486 0.95480000000000000000
1  1.97e+05  0.4041132474 -9.486 0.95480000000000000000
1  1.99e+05  0.4050882203 -9.486 0.95480000000000000000
1  2.00e+05  0.4060690747 -9.486 0.95480000000000000000
1  2.01e+05  0.407055497 -9.486 0.95480000000000000000
1  2.03e+05  0.4080471736 -9.486 0.95480000000000000000
1  2.04e+05  0.4090437919 -9.486 0.95480000000000000000
1  2.06e+05  0.4100450411 -9.486 0.95480000000000000000
1  2.07e+05  0.411050613 -9.486 0.95480000000000000000
1  2.08e+05  0.4120602023 -9.486 0.95480000000000000000
1  2.10e+05  0.4130735077 -9.486 0.95480000000000000000
1  2.11e+05  0.4140902319 -9.486 0.95480000000000000000
1  2.13e+05  0.415110082 -9.486 0.95480000000000000000
1  2.14e+05  0.4161327695 -9.486 0.95480000000000000000
1  2.16e+05  0.4171580112 -9.486 0.95480000000000000000
1  2.17e+05  0.4181855285 -9.486 0.95480000000000000000
1  2.19e+05  0.4192150482 -9.486 0.95480000000000000000
1  2.20e+05  0.4202463017 -9.486 0.95480000000000000000
1  2.22e+05  0.4212790258 -9.486 0.95480000000000000000
1  2.23e+05  0.4223129623 -9.486 0.95480000000000000000
1  2.25e+05  0.4233478576 -9.486 0.95480000000000000000
1  2.26e+05  0.4243834632 -9.486 0.95480000000000000000
1  2.28e+05  0.4254195352 -9.486 0.95480000000000000000
1  2.30e+05  0.4264558344 -9.486 0.95480000000000000000
1  2.31e+05  0.4274921258 -9.486 0.95480000000000000000
1  2.33e+05  0.4285281791 -9.486 0.95480000000000000000
1  2.34e+05  0.4295637678 -9.486 0.95480000000000000000
1  2.36e+05  0.4305986699 -9.486 0.95480000000000000000
1  2.38e+05  0.4316326671 -9.486 0.95480000000000000000
1  2.39e+05  0.4326655449 -9.486 0.95480000000000000000
1  2.41e+05  0.4336970929 -9.486 0.95480000000000000000
1  2.43e+05  0.4347271042 -9.486 0.95480000000000000000
1  2.44e+05  0.4357553755 -9.486 0.95480000000000000000
1  2.46e+05  0.4367817071 -9.486 0.95480000000000000000
1  2.48e+05  0.4378059029 -9.486 0.95480000000000000000
1  2.49e+05  0.4388277704 -9.486 0.95480000000000000000
1  2.51e+05  0.4398471203 -9.486 0.95480000000000000000
1  2.53e+05  0.4408637671 -9.486 0.95480000000000000000
1  2.55e+05  0.4418775288 -9.486 0.95480000000000000000
1  2.56e+05  0.4428882266 -9.486 0.95480000000000000000
1  2.58e+05  0.4438956858 -9.486 0.95480000000000000000
1  2.60e+05  0.4448997347 -9.486 0.95480000000000000000
1  2.62e+05  0.4459002058 -9.486 0.95480000000000000000
1  2.64e+05  0.446896935 -9.486 0.95480000000000000000
1  2.65e+05  0.4478897621 -9.486 0.95480000000000000000
1  2.67e+05  0.4488785307 -9.486 0.95480000000000000000
1  2.69e+05  0.4498630883 -9.486 0.95480000000000000000
1  2.71e+05  0.4508432864 -9.486 0.95480000000000000000
1  2.73e+05  0.4518189804 -9.486 0.95480000000000000000
1  2.75e+05  0.4527900301 -9.486 0.95480000000000000000
1  2.77e+05  0.4537562992 -9.486 0.95480000000000000000
1  2.79e+05  0.4547176558 -9.486 0.95480000000000000000
1  2.81e+05  0.4556739722 -9.486 0.95480000000000000000
1  2.82e+05  0.4566251252 -9.486 0.95480000000000000000
1  2.84e+05  0.457570996 -9.486 0.95480000000000000000
1  2.86e+05  0.45851147 -9.486 0.95480000000000000000
1  2.88e+05  0.4594464373 -9.486 0.95480000000000000000
1  2.90e+05  0.4603757926 -9.486 0.95480000000000000000
1  2.92e+05  0.461299435 -9.486 0.95480000000000000000
1  2.94e+05  0.4622172682 -9.486 0.95480000000000000000
1  2.96e+05  0.4631292006 -9.486 0.95480000000000000000
1  2.99e+05  0.4640351449 -9.486 0.95480000000000000000
1  3.01e+05  0.4649350187 -9.486 0.95480000000000000000
1  3.03e+05  0.465828744 -9.486 0.95480000000000000000
1  3.05e+05  0.4667162473 -9.486 0.95480000000000000000
1  3.07e+05  0.4675974597 -9.486 0.95480000000000000000
1  3.09e+05  0.4684723168 -9.486 0.95480000000000000000
1  3.11e+05  0.4693407586 -9.486 0.95480000000000000000
1  3.13e+05  0.4702027293 -9.486 0.95480000000000000000
1  3.16e+05  0.4710581779 -9.486 0.95480000000000000000
1  3.18e+05  0.4719070571 -9.486 0.95480000000000000000
1  3.20e+05  0.4727493243 -9.486 0.95480000000000000000
1  3.22e+05  0.4735849407 -9.486 0.95480000000000000000
1  3.24e+05  0.4744138716 -9.486 0.95480000000000000000
1  3.27e+05  0.4752360864 -9.486 0.95480000000000000000
1  3.29e+05  0.4760515582 -9.486 0.95480000000000000000
1  3.31e+05  0.4768602641 -9.486 0.95480000000000000000
1  3.33e+05  0.4776621846 -9.486 0.95480000000000000000
1  3.36e+05  0.4784573041 -9.486 0.95480000000000000000
1  3.38e+05  0.4792456102 -9.486 0.95480000000000000000
1  3.40e+05  0.4800270941 -9.486 0.95480000000000000000
1  3.43e+05  0.4808017503 -9.486 0.95480000000000000000
1  3.45e+05  0.4815695761 -9.486 0.95480000000000000000
1  3.48e+05  0.4823305724 -9.486 0.95480000000000000000
1  3.50e+05  0.4830847426 -9.486 0.95480000000000000000
1  3.52e+05  0.4838320932 -9.486 0.95480000000000000000
1  3.55e+05  0.4845726335 -9.486 0.95480000000000000000
1  3.57e+05  0.4853063751 -9.486 0.95480000000000000000
1  3.60e+05  0.4860333324 -9.486 0.95480000000000000000
1  3.62e+05  0.4867535222 -9.486 0.95480000000000000000
1  3.65e+05  0.4874669635 -9.486 0.95480000000000000000
1  3.67e+05  0.4881736775 -9.486 0.95480000000000000000
1  3.70e+05  0.4888736875 -9.486 0.95480000000000000000
1  3.72e+05  0.489567019 -9.486 0.95480000000000000000
1  3.75e+05  0.4902536991 -9.486 0.95480000000000000000
1  3.78e+05  0.4909337568 -9.486 0.95480000000000000000
1  3.80e+05  0.4916072229 -9.486 0.95480000000000000000
1  3.83e+05  0.4922741297 -9.486 0.95480000000000000000
1  3.85e+05  0.492934511 -9.486 0.95480000000000000000
1  3.88e+05  0.4935884021 -9.486 0.95480000000000000000
1  3.91e+05  0.4942358396 -9.486 0.95480000000000000000
1  3.94e+05  0.4948768613 -9.486 0.95480000000000000000
1  3.96e+05  0.4955115062 -9.486 0.95480000000000000000
1  3.99e+05  0.4961398146 -9.486 0.95480000000000000000
1  4.02e+05  0.4967618274 -9.486 0.95480000000000000000
1  4.05e+05  0.4973775869 -9.486 0.95480000000000000000
1  4.07e+05  0.4979871359 -9.486 0.95480000000000000000
1  4.10e+05  0.4985905181 -9.486 0.95480000000000000000
1  4.13e+05  0.4991877782 -9.486 0.95480000000000000000
1  4.16e+05  0.4997789612 -9.486 0.95480000000000000000
1  4.19e+05  0.5003641129 -9.486 0.95480000000000000000
1  4.22e+05  0.5009432797 -9.486 0.95480000000000000000
1  4.25e+05  0.5015165084 -9.486 0.95480000000000000000
1  4.28e+05  0.5020838463 -9.486 0.95480000000000000000
1  4.31e+05  0.5026453411 -9.486 0.95480000000000000000
1  4.34e+05  0.5032010409 -9.486 0.95480000000000000000
1  4.37e+05  0.503750994 -9.486 0.95480000000000000000
1  4.40e+05  0.504295249 -9.486 0.95480000000000000000
1  4.43e+05  0.5048338548 -9.486 0.95480000000000000000
1  4.46e+05  0.5053668604 -9.486 0.95480000000000000000
1  4.49e+05  0.505894315 -9.486 0.95480000000000000000
1  4.52e+05  0.5064162679 -9.486 0.95480000000000000000
1  4.55e+05  0.5069327683 -9.486 0.95480000000000000000
1  4.58e+05  0.5074438658 -9.486 0.95480000000000000000
1  4.61e+05  0.5079496098 -9.486 0.95480000000000000000
1  4.65e+05  0.5084500497 -9.486 0.95480000000000000000
1  4.68e+05  0.5089452349 -9.486 0.95480000000000000000
1  4.71e+05  0.5094352147 -9.486 0.95480000000000000000
1  4.74e+05  0.5099200384 -9.486 0.95480000000000000000
1  4.78e+05  0.5103997551 -9.486 0.95480000000000000000
1  4.81e+05  0.5108744138 -9.486 0.95480000000000000000
1  4.84e+05  0.5113440635 -9.486 0.95480000000000000000
1  4.88e+05  0.5118087528 -9.486 0.95480000000000000000
1  4.91e+05  0.5122685302 -9.486 0.95480000000000000000
1  4.94e+05  0.5127234442 -9.486 0.95480000000000000000
1  4.98e+05  0.5131735428 -9.486 0.95480000000000000000
1  5.01e+05  0.513618874 -9.486 0.95480000000000000000
1  5.05e+05  0.5140594855 -9.486 0.95480000000000000000
1  5.08e+05  0.5144954247 -9.486 0.95480000000000000000
1  5.12e+05  0.5149267388 -9.486 0.95480000000000000000
1  5.15e+05  0.5153534748 -9.486 0.95480000000000000000
1  5.19e+05  0.5157756792 -9.486 0.95480000000000000000
1  5.22e+05  0.5161933985 -9.486 0.95480000000000000000
1  5.26e+05  0.5166066787 -9.486 0.95480000000000000000
1  5.30e+05  0.5170155656 -9.486 0.95480000000000000000
1  5.33e+05  0.5174201046 -9.486 0.95480000000000000000
1  5.37e+05  0.5178203411 -9.486 0.95480000000000000000
1  5.41e+05  0.5182163198 -9.486 0.95480000000000000000
1  5.45e+05  0.5186080852 -9.486 0.95480000000000000000
1  5.48e+05  0.5189956815 -9.486 0.95480000000000000000
1  5.52e+05  0.5193791528 -9.486 0.95480000000000000000
1  5.56e+05  0.5197585424 -9.486 0.95480000000000000000
1  5.60e+05  0.5201338936 -9.486 0.95480000000000000000
1  5.64e+05  0.5205052493 -9.486 0.95480000000000000000
1  5.68e+05  0.5208726521 -9.486 0.95480000000000000000
1  5.71e+05  0.5212361441 -9.486 0.95480000000000000000
1  5.75e+05  0.5215957672 -9.486 0.95480000000000000000
1  5.79e+05  0.5219515629 -9.486 0.95480000000000000000
1  5.83e+05  0.5223035723 -9.486 0.95480000000000000000
1  5.87e+05  0.5226518363 -9.486 0.95480000000000000000
1  5.92e+05  0.5229963954 -9.486 0.95480000000000000000
1  5.96e+05  0.5233372895 -9.486 0.95480000000000000000
1  6.00e+05  0.5236745586 -9.486 0.95480000000000000000
1  6.04e+05  0.524008242 -9.486 0.95480000000000000000
1  6.08e+05  0.5243383788 -9.486 0.95480000000000000000
1  6.12e+05  0.5246650077 -9.486 0.95480000000000000000
1  6.17e+05  0.524988167 -9.486 0.95480000000000000000
1  6.21e+05  0.5253078948 -9.486 0.95480000000000000000
1  6.25e+05  0.5256242287 -9.486 0.95480000000000000000
1  6.30e+05  0.525937206 -9.486 0.95480000000000000000
1  6.34e+05  0.5262468637 -9.486 0.95480000000000000000
1  6.38e+05  0.5265532383 -9.486 0.95480000000000000000
1  6.43e+05  0.5268563663 -9.486 0.95480000000000000000
1  6.47e+05  0.5271562834 -9.486 0.95480000000000000000
1  6.52e+05  0.5274530252 -9.486 0.95480000000000000000
1  6.56e+05  0.5277466271 -9.486 0.95480000000000000000
1  6.61e+05  0.5280371238 -9.486 0.95480000000000000000
1  6.65e+05  0.5283245499 -9.486 0.95480000000000000000
1  6.70e+05  0.5286089396 -9.486 0.95480000000000000000
1  6.75e+05  0.5288903267 -9.486 0.95480000000000000000
1  6.79e+05  0.5291687449 -9.486 0.95480000000000000000
1  6.84e+05  0.5294442273 -9.486 0.95480000000000000000
1  6.89e+05  0.5297168067 -9.486 0.95480000000000000000
1  6.93e+05  0.5299865156 -9.486 0.95480000000000000000
1  6.98e+05  0.5302533863 -9.486 0.95480000000000000000
1  7.03e+05  0.5305174507 -9.486 0.95480000000000000000
1  7.08e+05  0.5307787402 -9.486 0.95480000000000000000
1  7.13e+05  0.5310372861 -9.486 0.95480000000000000000
1  7.18e+05  0.5312931192 -9.486 0.95480000000000000000
1  7.23e+05  0.5315462701 -9.486 0.95480000000000000000
1  7.28e+05  0.5317967691 -9.486 0.95480000000000000000
1  7.33e+05  0.5320446461 -9.486 0.95480000000000000000
1  7.38e+05  0.5322899307 -9.486 0.95480000000000000000
1  7.43e+05  0.5325326521 -9.486 0.95480000000000000000
1  7.48e+05  0.5327728395 -9.486 0.95480000000000000000
1  7.53e+05  0.5330105213 -9.486 0.95480000000000000000
1  7.59e+05  0.5332457261 -9.486 0.95480000000000000000
1  7.64e+05  0.5334784819 -9.486 0.95480000000000000000
1  7.69e+05  0.5337088164 -9.486 0.95480000000000000000
1  7.74e+05  0.533936757 -9.486 0.95480000000000000000
1  7.80e+05  0.534162331 -9.486 0.95480000000000000000
1  7.85e+05  0.5343855652 -9.486 0.95480000000000000000
1  7.91e+05  0.5346064861 -9.486 0.95480000000000000000
1  7.96e+05  0.5348251201 -9.486 0.95480000000000000000
1  8.02e+05  0.5350414931 -9.486 0.95480000000000000000
1  8.07e+05  0.5352556307 -9.486 0.95480000000000000000
1  8.13e+05  0.5354675584 -9.486 0.95480000000000000000
1  8.18e+05  0.5356773014 -9.486 0.95480000000000000000
1  8.24e+05  0.5358848844 -9.486 0.95480000000000000000
1  8.30e+05  0.536090332 -9.486 0.95480000000000000000
1  8.36e+05  0.5362936686 -9.486 0.95480000000000000000
1  8.41e+05  0.536494918 -9.486 0.95480000000000000000
1  8.47e+05  0.5366941041 -9.486 0.95480000000000000000
1  8.53e+05  0.5368912503 -9.486 0.95480000000000000000
1  8.59e+05  0.5370863798 -9.486 0.95480000000000000000
1  8.65e+05  0.5372795155 -9.486 0.95480000000000000000
1  8.71e+05  0.5374706802 -9.486 0.95480000000000000000
1  8.77e+05  0.5376598962 -9.486 0.95480000000000000000
1  8.83e+05  0.5378471857 -9.486 0.95480000000000000000
1  8.89e+05  0.5380325706 -9.486 0.95480000000000000000
1  8.95e+05  0.5382160725 -9.486 0.95480000000000000000
1  9.02e+05  0.5383977128 -9.486 0.95480000000000000000
1  9.08e+05  0.5385775127 -9.486 0.95480000000000000000
1  9.14e+05  0.5387554931 -9.486 0.95480000000000000000
1  9.20e+05  0.5389316745 -9.486 0.95480000000000000000
1  9.27e+05  0.5391060776 -9.486 0.95480000000000000000
1  9.33e+05  0.5392787223 -9.486 0.95480000000000000000
1  9.40e+05  0.5394496286 -9.486 0.95480000000000000000
1  9.46e+05  0.5396188164 -9.486 0.95480000000000000000
1  9.53e+05  0.5397863049 -9.486 0.95480000000000000000
1  9.59e+05  0.5399521135 -9.486 0.95480000000000000000
1  9.66e+05  0.5401162612 -9.486 0.95480000000000000000
1  9.73e+05  0.5402787667 -9.486 0.95480000000000000000
1  9.79e+05  0.5404396487 -9.486 0.95480000000000000000
1  9.86e+05  0.5405989254 -9.486 0.95480000000000000000
1  9.93e+05  0.5407566151 -9.486 0.95480000000000000000
1  1.00e+06  0.5409127355 -9.486 0.95480000000000000000
