1  1.00e-03  0.5460573626  1.580186e-01 1.03299999999999999993
1  1.05e-03  0.5460573547  1.580186e-01 1.03299999999999999993
1  1.10e-03  0.5460573538  1.580186e-01 1.03299999999999999993
1  1.15e-03  0.5460573629  1.580186e-01 1.03299999999999999993
1  1.20e-03  0.5460573574  1.580186e-01 1.03299999999999999993
1  1.26e-03  0.5460573614  1.580186e-01 1.03299999999999999993
1  1.32e-03  0.5460573649  1.580186e-01 1.03299999999999999993
1  1.38e-03  0.546057357  1.580186e-01 1.03299999999999999993
1  1.45e-03  0.5460573575  1.580186e-01 1.03299999999999999993
1  1.51e-03  0.5460573433  1.580186e-01 1.03299999999999999993
1  1.58e-03  0.5460573507  1.580186e-01 1.03299999999999999993
1  1.66e-03  0.5460573503  1.580186e-01 1.03299999999999999993
1  1.74e-03  0.5460573576  1.580186e-01 1.03299999999999999993
1  1.82e-03  0.5460573597  1.580186e-01 1.03299999999999999993
1  1.91e-03  0.5460573453  1.580186e-01 1.03299999999999999993
1  2.00e-03  0.5460573475  1.580186e-01 1.03299999999999999993
1  2.09e-03  0.5460573611  1.580186e-01 1.03299999999999999993
1  2.19e-03  0.546057363  1.580186e-01 1.03299999999999999993
1  2.29e-03  0.5460573602  1.580186e-01 1.03299999999999999993
1  2.40e-03  0.5460573679  1.580186e-01 1.03299999999999999993
1  2.51e-03  0.546057369  1.580186e-01 1.03299999999999999993
1  2.63e-03  0.546057352  1.580186e-01 1.03299999999999999993
1  2.75e-03  0.5460573473  1.580186e-01 1.03299999999999999993
1  2.88e-03  0.5460573574  1.580186e-01 1.03299999999999999993
1  3.02e-03  0.5460573517  1.580186e-01 1.03299999999999999993
1  3.16e-03  0.5460573505  1.580186e-01 1.03299999999999999993
1  3.31e-03  0.5460573638  1.580186e-01 1.03299999999999999993
1  3.47e-03  0.5460573592  1.580186e-01 1.03299999999999999993
1  3.63e-03  0.546057359  1.580186e-01 1.03299999999999999993
1  3.80e-03  0.5460573551  1.580186e-01 1.03299999999999999993
1  3.98e-03  0.5460573536  1.580186e-01 1.03299999999999999993
1  4.17e-03  0.5460573638  1.580186e-01 1.03299999999999999993
1  4.37e-03  0.5460573613  1.580186e-01 1.03299999999999999993
1  4.57e-03  0.5460573583  1.580186e-01 1.03299999999999999993
1  4.79e-03  0.5460573548  1.580186e-01 1.03299999999999999993
1  5.01e-03  0.5460573525  1.580186e-01 1.03299999999999999993
1  5.25e-03  0.5460573998  1.580186e-01 1.03299999999999999993
1  5.50e-03  0.5460573592  1.580186e-01 1.03299999999999999993
1  5.75e-03  0.5460573508  1.580186e-01 1.03299999999999999993
1  6.03e-03  0.546057366  1.580186e-01 1.03299999999999999993
1  6.31e-03  0.5460573448  1.580186e-01 1.03299999999999999993
1  6.61e-03  0.5460573662  1.580186e-01 1.03299999999999999993
1  6.92e-03  0.5460573514  1.580186e-01 1.03299999999999999993
1  7.24e-03  0.5460573678  1.580186e-01 1.03299999999999999993
1  7.59e-03  0.5460573741  1.580186e-01 1.03299999999999999993
1  7.94e-03  0.546057346  1.580186e-01 1.03299999999999999993
1  8.32e-03  0.5460573833  1.580186e-01 1.03299999999999999993
1  8.71e-03  0.5460573755  1.580186e-01 1.03299999999999999993
1  9.12e-03  0.5460573766  1.580186e-01 1.03299999999999999993
1  9.55e-03  0.5460573745  1.580186e-01 1.03299999999999999993
1  1.00e-02  0.5460573828  1.580186e-01 1.03299999999999999993
1  1.05e-02  0.5460573459  1.580186e-01 1.03299999999999999993
1  1.10e-02  0.5460573629  1.580186e-01 1.03299999999999999993
1  1.15e-02  0.5460573392  1.580186e-01 1.03299999999999999993
1  1.20e-02  0.5460573367  1.580186e-01 1.03299999999999999993
1  1.26e-02  0.5460573814  1.580186e-01 1.03299999999999999993
1  1.32e-02  0.5460573591  1.580186e-01 1.03299999999999999993
1  1.38e-02  0.5460573395  1.580186e-01 1.03299999999999999993
1  1.45e-02  0.5460573344  1.580186e-01 1.03299999999999999993
1  1.51e-02  0.546057328  1.580186e-01 1.03299999999999999993
1  1.58e-02  0.5460573319  1.580186e-01 1.03299999999999999993
1  1.66e-02  0.5460573662  1.580186e-01 1.03299999999999999993
1  1.74e-02  0.546057448  1.580186e-01 1.03299999999999999993
1  1.82e-02  0.5460573635  1.580186e-01 1.03299999999999999993
1  1.91e-02  0.5460573316  1.580186e-01 1.03299999999999999993
1  2.00e-02  0.5460573739  1.580186e-01 1.03299999999999999993
1  2.09e-02  0.5460573311  1.580186e-01 1.03299999999999999993
1  2.19e-02  0.5460573599  1.580186e-01 1.03299999999999999993
1  2.29e-02  0.5460573621  1.580186e-01 1.03299999999999999993
1  2.40e-02  0.5460573248  1.580186e-01 1.03299999999999999993
1  2.51e-02  0.5460576301  1.580186e-01 1.03299999999999999993
1  2.63e-02  0.5460579752  1.580186e-01 1.03299999999999999993
1  2.75e-02  0.5460574886  1.580186e-01 1.03299999999999999993
1  2.88e-02  0.5460572764  1.580186e-01 1.03299999999999999993
1  3.02e-02  0.5460571723  1.580186e-01 1.03299999999999999993
1  3.16e-02  0.5460570033  1.580186e-01 1.03299999999999999993
1  3.31e-02  0.5460573363  1.580186e-01 1.03299999999999999993
1  3.47e-02  0.5460573247  1.580186e-01 1.03299999999999999993
1  3.63e-02  0.5460571893  1.580186e-01 1.03299999999999999993
1  3.80e-02  0.5460574754  1.580186e-01 1.03299999999999999993
1  3.98e-02  0.5460571564  1.580186e-01 1.03299999999999999993
1  4.17e-02  0.5460587031  1.580186e-01 1.03299999999999999993
1  4.37e-02  0.5460574301  1.580186e-01 1.03299999999999999993
1  4.57e-02  0.5460574993  1.580186e-01 1.03299999999999999993
1  4.79e-02  0.5460573813  1.580186e-01 1.03299999999999999993
1  5.01e-02  0.5460573743  1.580186e-01 1.03299999999999999993
1  5.25e-02  0.5460573831  1.580186e-01 1.03299999999999999993
1  5.50e-02  0.5460574106  1.580186e-01 1.03299999999999999993
1  5.75e-02  0.546057469  1.580186e-01 1.03299999999999999993
1  6.03e-02  0.5460574309  1.580186e-01 1.03299999999999999993
1  6.31e-02  0.5460574528  1.580186e-01 1.03299999999999999993
1  6.61e-02  0.5460573497  1.580186e-01 1.03299999999999999993
1  6.92e-02  0.5460622533  1.580186e-01 1.03299999999999999993
1  7.24e-02  0.5460579704  1.580186e-01 1.03299999999999999993
1  7.59e-02  0.5460573377  1.580186e-01 1.03299999999999999993
1  7.94e-02  0.5460573134  1.580186e-01 1.03299999999999999993
1  8.32e-02  0.5460602532  1.580186e-01 1.03299999999999999993
1  8.71e-02  0.5460575752  1.580186e-01 1.03299999999999999993
1  9.12e-02  0.5460574335  1.580186e-01 1.03299999999999999993
1  9.55e-02  0.5460574318  1.580186e-01 1.03299999999999999993
1  1.00e-01  0.5460573313  1.580186e-01 1.03299999999999999993
1  1.05e-01  0.546057187  1.580186e-01 1.03299999999999999993
1  1.10e-01  0.5460572972  1.580186e-01 1.03299999999999999993
1  1.15e-01  0.5460573265  1.580186e-01 1.03299999999999999993
1  1.20e-01  0.5460574981  1.580186e-01 1.03299999999999999993
1  1.26e-01  0.5460578211  1.580186e-01 1.03299999999999999993
1  1.32e-01  0.5460572539  1.580186e-01 1.03299999999999999993
1  1.38e-01  0.5460570922  1.580186e-01 1.03299999999999999993
1  1.45e-01  0.5460574657  1.580186e-01 1.03299999999999999993
1  1.51e-01  0.546057776  1.580186e-01 1.03299999999999999993
1  1.58e-01  0.5460575072  1.580186e-01 1.03299999999999999993
1  1.66e-01  0.5460573979  1.580186e-01 1.03299999999999999993
1  1.74e-01  0.5460573509  1.580186e-01 1.03299999999999999993
1  1.82e-01  0.5460575674  1.580186e-01 1.03299999999999999993
1  1.91e-01  0.5460576189  1.580186e-01 1.03299999999999999993
1  2.00e-01  0.5460575622  1.580186e-01 1.03299999999999999993
1  2.09e-01  0.5460569608  1.580186e-01 1.03299999999999999993
1  2.19e-01  0.5460581545  1.580186e-01 1.03299999999999999993
1  2.29e-01  0.5460572081  1.580186e-01 1.03299999999999999993
1  2.40e-01  0.5460568588  1.580186e-01 1.03299999999999999993
1  2.51e-01  0.5460566324  1.580186e-01 1.03299999999999999993
1  2.63e-01  0.546057182  1.580186e-01 1.03299999999999999993
1  2.75e-01  0.5460595498  1.580186e-01 1.03299999999999999993
1  2.88e-01  0.546057451  1.580186e-01 1.03299999999999999993
1  3.02e-01  0.5460576775  1.580186e-01 1.03299999999999999993
1  3.16e-01  0.5460577005  1.580186e-01 1.03299999999999999993
1  3.31e-01  0.5460563506  1.580186e-01 1.03299999999999999993
1  3.47e-01  0.5460573435  1.580186e-01 1.03299999999999999993
1  3.63e-01  0.5460562434  1.580186e-01 1.03299999999999999993
1  3.80e-01  0.5460574962  1.580186e-01 1.03299999999999999993
1  3.98e-01  0.5460574536  1.580186e-01 1.03299999999999999993
1  4.17e-01  0.546056257  1.580186e-01 1.03299999999999999993
1  4.37e-01  0.5460568106  1.580186e-01 1.03299999999999999993
1  4.57e-01  0.5460557897  1.580186e-01 1.03299999999999999993
1  4.79e-01  0.5460571126  1.580186e-01 1.03299999999999999993
1  5.01e-01  0.5460558303  1.580186e-01 1.03299999999999999993
1  5.25e-01  0.5460558412  1.580186e-01 1.03299999999999999993
1  5.50e-01  0.546055544  1.580186e-01 1.03299999999999999993
1  5.75e-01  0.5460584771  1.580186e-01 1.03299999999999999993
1  6.03e-01  0.5460575233  1.580186e-01 1.03299999999999999993
1  6.31e-01  0.5460631149  1.580186e-01 1.03299999999999999993
1  6.61e-01  0.5460562522  1.580186e-01 1.03299999999999999993
1  6.92e-01  0.546054816  1.580186e-01 1.03299999999999999993
1  7.24e-01  0.5460558404  1.580186e-01 1.03299999999999999993
1  7.59e-01  0.5460573465  1.580186e-01 1.03299999999999999993
1  7.94e-01  0.5460595545  1.580186e-01 1.03299999999999999993
1  8.32e-01  0.5460552902  1.580186e-01 1.03299999999999999993
1  8.71e-01  0.5460562898  1.580186e-01 1.03299999999999999993
1  9.12e-01  0.5460569782  1.580186e-01 1.03299999999999999993
1  9.55e-01  0.54605382  1.580186e-01 1.03299999999999999993
1  1.00e+00  0.5460545325  1.580186e-01 1.03299999999999999993
1  1.05e+00  0.546069439  1.580186e-01 1.03299999999999999993
1  1.10e+00  0.546057369  1.580186e-01 1.03299999999999999993
1  1.15e+00  0.5460553435  1.580186e-01 1.03299999999999999993
1  1.20e+00  0.5460579916  1.580186e-01 1.03299999999999999993
1  1.26e+00  0.5460564059  1.580186e-01 1.03299999999999999993
1  1.32e+00  0.5460521727  1.580186e-01 1.03299999999999999993
1  1.38e+00  0.5460569051  1.580186e-01 1.03299999999999999993
1  1.45e+00  0.5460573928  1.580186e-01 1.03299999999999999993
1  1.51e+00  0.5460551887  1.580186e-01 1.03299999999999999993
1  1.58e+00  0.5460517535  1.580186e-01 1.03299999999999999993
1  1.66e+00  0.5460528616  1.580186e-01 1.03299999999999999993
1  1.74e+00  0.5460509926  1.580186e-01 1.03299999999999999993
1  1.82e+00  0.5460575168  1.580186e-01 1.03299999999999999993
1  1.91e+00  0.5460572868  1.580186e-01 1.03299999999999999993
1  2.00e+00  0.5460500262  1.580186e-01 1.03299999999999999993
1  2.09e+00  0.5460544904  1.580186e-01 1.03299999999999999993
1  2.19e+00  0.546065177  1.580186e-01 1.03299999999999999993
1  2.29e+00  0.5460490324  1.580186e-01 1.03299999999999999993
1  2.40e+00  0.5460529108  1.580186e-01 1.03299999999999999993
1  2.51e+00  0.5460586755  1.580186e-01 1.03299999999999999993
1  2.63e+00  0.5460491687  1.580186e-01 1.03299999999999999993
1  2.75e+00  0.5460385449  1.580186e-01 1.03299999999999999993
1  2.88e+00  0.5460481756  1.580186e-01 1.03299999999999999993
1  3.02e+00  0.5460488437  1.580186e-01 1.03299999999999999993
1  3.16e+00  0.5460472525  1.580186e-01 1.03299999999999999993
1  3.31e+00  0.5460400442  1.580186e-01 1.03299999999999999993
1  3.47e+00  0.5460537588  1.580186e-01 1.03299999999999999993
1  3.63e+00  0.5460432175  1.580186e-01 1.03299999999999999993
1  3.80e+00  0.5460490784  1.580186e-01 1.03299999999999999993
1  3.98e+00  0.5460930322  1.580186e-01 1.03299999999999999993
1  4.17e+00  0.5460443669  1.580186e-01 1.03299999999999999993
1  4.37e+00  0.5460449016  1.580186e-01 1.03299999999999999993
1  4.57e+00  0.5460416925  1.580186e-01 1.03299999999999999993
1  4.79e+00  0.5460403357  1.580186e-01 1.03299999999999999993
1  5.01e+00  0.546061026  1.580186e-01 1.03299999999999999993
1  5.25e+00  0.5460374801  1.580186e-01 1.03299999999999999993
1  5.50e+00  0.5461017873  1.580186e-01 1.03299999999999999993
1  5.75e+00  0.5460448217  1.580186e-01 1.03299999999999999993
1  6.03e+00  0.54603543  1.580186e-01 1.03299999999999999993
1  6.31e+00  0.5460582705  1.580186e-01 1.03299999999999999993
1  6.61e+00  0.5460522614  1.580186e-01 1.03299999999999999993
1  6.92e+00  0.546042699  1.580186e-01 1.03299999999999999993
1  7.24e+00  0.5460310022  1.580186e-01 1.03299999999999999993
1  7.59e+00  0.5460132898  1.580186e-01 1.03299999999999999993
1  7.94e+00  0.5460568667  1.580186e-01 1.03299999999999999993
1  8.32e+00  0.546040853  1.580186e-01 1.03299999999999999993
1  8.71e+00  0.5460261496  1.580186e-01 1.03299999999999999993
1  9.12e+00  0.5460752543  1.580186e-01 1.03299999999999999993
1  9.55e+00  0.5461077761  1.580186e-01 1.03299999999999999993
1  1.00e+01  0.5460180999  1.580186e-01 1.03299999999999999993
1  1.05e+01  0.5460003766  1.580186e-01 1.03299999999999999993
1  1.10e+01  0.5460596391  1.580186e-01 1.03299999999999999993
1  1.15e+01  0.5460196684  1.580186e-01 1.03299999999999999993
1  1.20e+01  0.5460469317  1.580186e-01 1.03299999999999999993
1  1.26e+01  0.5460335684  1.580186e-01 1.03299999999999999993
1  1.32e+01  0.5460088079  1.580186e-01 1.03299999999999999993
1  1.38e+01  0.5460385102  1.580186e-01 1.03299999999999999993
1  1.45e+01  0.5460226218  1.580186e-01 1.03299999999999999993
1  1.51e+01  0.5459960231  1.580186e-01 1.03299999999999999993
1  1.58e+01  0.5460686064  1.580186e-01 1.03299999999999999993
1  1.66e+01  0.546032731  1.580186e-01 1.03299999999999999993
1  1.74e+01  0.5460194611  1.580186e-01 1.03299999999999999993
1  1.82e+01  0.5460371718  1.580186e-01 1.03299999999999999993
1  1.91e+01  0.5459966856  1.580186e-01 1.03299999999999999993
1  2.00e+01  0.5459539797  1.580186e-01 1.03299999999999999993
1  2.09e+01  0.5459641693  1.580186e-01 1.03299999999999999993
1  2.19e+01  0.5460587061  1.580186e-01 1.03299999999999999993
1  2.29e+01  0.546025387  1.580186e-01 1.03299999999999999993
1  2.40e+01  0.5461585349  1.580186e-01 1.03299999999999999993
1  2.51e+01  0.5455822179  1.580186e-01 1.03299999999999999993
1  2.63e+01  0.5460593927  1.580186e-01 1.03299999999999999993
1  2.75e+01  0.5460632587  1.580186e-01 1.03299999999999999993
1  2.88e+01  0.5460616598  1.580186e-01 1.03299999999999999993
1  3.02e+01  0.5460933057  1.580186e-01 1.03299999999999999993
1  3.16e+01  0.5463255749  1.580186e-01 1.03299999999999999993
1  3.31e+01  0.5460033495  1.580186e-01 1.03299999999999999993
1  3.47e+01  0.5458027489  1.580186e-01 1.03299999999999999993
1  3.63e+01  0.5461124818  1.580186e-01 1.03299999999999999993
1  3.80e+01  0.5460307963  1.580186e-01 1.03299999999999999993
1  3.98e+01  0.5461246146  1.580186e-01 1.03299999999999999993
1  4.17e+01  0.5458865513  1.580186e-01 1.03299999999999999993
1  4.37e+01  0.5458666432  1.580186e-01 1.03299999999999999993
1  4.57e+01  0.5460722504  1.580186e-01 1.03299999999999999993
1  4.79e+01  0.5460603495  1.580186e-01 1.03299999999999999993
1  5.01e+01  0.5459836025  1.580186e-01 1.03299999999999999993
1  5.25e+01  0.54604709  1.580186e-01 1.03299999999999999993
1  5.50e+01  0.5464936589  1.580186e-01 1.03299999999999999993
1  5.75e+01  0.5458840125  1.580186e-01 1.03299999999999999993
1  6.03e+01  0.5457894781  1.580186e-01 1.03299999999999999993
1  6.31e+01  0.545821601  1.580186e-01 1.03299999999999999993
1  6.61e+01  0.5458422757  1.580186e-01 1.03299999999999999993
1  6.92e+01  0.5458535251  1.580186e-01 1.03299999999999999993
1  7.24e+01  0.5459744511  1.580186e-01 1.03299999999999999993
1  7.59e+01  0.5457198043  1.580186e-01 1.03299999999999999993
1  7.94e+01  0.5455858416  1.580186e-01 1.03299999999999999993
1  8.32e+01  0.5461826495  1.580186e-01 1.03299999999999999993
1  8.71e+01  0.5460469165  1.580186e-01 1.03299999999999999993
1  9.12e+01  0.545951719  1.580186e-01 1.03299999999999999993
1  9.55e+01  0.5454869964  1.580186e-01 1.03299999999999999993
1  1.00e+02  0.5456641171  1.580186e-01 1.03299999999999999993
1  1.05e+02  0.5461295004  1.580186e-01 1.03299999999999999993
1  1.10e+02  0.5456000402  1.580186e-01 1.03299999999999999993
1  1.15e+02  0.5456948277  1.580186e-01 1.03299999999999999993
1  1.20e+02  0.545270239  1.580186e-01 1.03299999999999999993
1  1.26e+02  0.5456464045  1.580186e-01 1.03299999999999999993
1  1.32e+02  0.5460789276  1.580186e-01 1.03299999999999999993
1  1.38e+02  0.5454120419  1.580186e-01 1.03299999999999999993
1  1.45e+02  0.5459765756  1.580186e-01 1.03299999999999999993
1  1.51e+02  0.5455757414  1.580186e-01 1.03299999999999999993
1  1.58e+02  0.5455216039  1.580186e-01 1.03299999999999999993
1  1.66e+02  0.5460948839  1.580186e-01 1.03299999999999999993
1  1.74e+02  0.5455335072  1.580186e-01 1.03299999999999999993
1  1.82e+02  0.5452988783  1.580186e-01 1.03299999999999999993
1  1.91e+02  0.5453521672  1.580186e-01 1.03299999999999999993
1  2.00e+02  0.5455545325  1.580186e-01 1.03299999999999999993
1  2.09e+02  0.5459204916  1.580186e-01 1.03299999999999999993
1  2.19e+02  0.5452789336  1.580186e-01 1.03299999999999999993
1  2.29e+02  0.5460222023  1.580186e-01 1.03299999999999999993
1  2.40e+02  0.5459059756  1.580186e-01 1.03299999999999999993
1  2.51e+02  0.5459179625  1.580186e-01 1.03299999999999999993
1  2.63e+02  0.5454359174  1.580186e-01 1.03299999999999999993
1  2.75e+02  0.5458876001  1.580186e-01 1.03299999999999999993
1  2.88e+02  0.5451825787  1.580186e-01 1.03299999999999999993
1  3.02e+02  0.5453177803  1.580186e-01 1.03299999999999999993
1  3.16e+02  0.5460363404  1.580186e-01 1.03299999999999999993
1  3.31e+02  0.5449829571  1.580186e-01 1.03299999999999999993
1  3.47e+02  0.5448269969  1.580186e-01 1.03299999999999999993
1  3.63e+02  0.5445650486  1.580186e-01 1.03299999999999999993
1  3.80e+02  0.5459475333  1.580186e-01 1.03299999999999999993
1  3.98e+02  0.5444296035  1.580186e-01 1.03299999999999999993
1  4.17e+02  0.5443146747  1.580186e-01 1.03299999999999999993
1  4.37e+02  0.5448823201  1.580186e-01 1.03299999999999999993
1  4.57e+02  0.5454762002  1.580186e-01 1.03299999999999999993
1  4.79e+02  0.5458740354  1.580186e-01 1.03299999999999999993
1  5.01e+02  0.5460364837  1.580186e-01 1.03299999999999999993
1  5.25e+02  0.5449313308  1.580186e-01 1.03299999999999999993
1  5.50e+02  0.5456506793  1.580186e-01 1.03299999999999999993
1  5.75e+02  0.5442710421  1.580186e-01 1.03299999999999999993
1  6.03e+02  0.5447276176  1.580186e-01 1.03299999999999999993
1  6.31e+02  0.5458743777  1.580186e-01 1.03299999999999999993
1  6.61e+02  0.5442874456  1.580186e-01 1.03299999999999999993
1  6.92e+02  0.5435525136  1.580186e-01 1.03299999999999999993
1  7.24e+02  0.5438017015  1.580186e-01 1.03299999999999999993
1  7.59e+02  0.546152451  1.580186e-01 1.03299999999999999993
1  7.94e+02  0.5433500475  1.580186e-01 1.03299999999999999993
1  8.32e+02  0.5438109482  1.580186e-01 1.03299999999999999993
1  8.71e+02  0.5427457601  1.580186e-01 1.03299999999999999993
1  9.12e+02  0.5438541516  1.580186e-01 1.03299999999999999993
1  9.55e+02  0.5422192366  1.580186e-01 1.03299999999999999993
1  1.00e+03  0.5458234909  1.580186e-01 1.03299999999999999993
1  1.05e+03  0.5460312342  1.580186e-01 1.03299999999999999993
1  1.10e+03  0.5470530333  1.580186e-01 1.03299999999999999993
1  1.15e+03  0.5359016795  1.580186e-01 1.03299999999999999993
1  1.20e+03  0.5443321705  1.580186e-01 1.03299999999999999993
1  1.26e+03  0.5484265966  1.580186e-01 1.03299999999999999993
1  1.32e+03  0.5487886849  1.580186e-01 1.03299999999999999993
1  1.38e+03  0.5442267885  1.580186e-01 1.03299999999999999993
1  1.45e+03  0.5523956737  1.580186e-01 1.03299999999999999993
1  1.51e+03  0.5285756296  1.580186e-01 1.03299999999999999993
1  1.58e+03  0.5223276049  1.580186e-01 1.03299999999999999993
1  1.66e+03  0.5268550528  1.580186e-01 1.03299999999999999993
1  1.74e+03  0.5255588201  1.580186e-01 1.03299999999999999993
1  1.82e+03  0.5424381192  1.580186e-01 1.03299999999999999993
1  1.91e+03  0.5682180262  1.580186e-01 1.03299999999999999993
1  2.00e+03  0.5575616751  1.580186e-01 1.03299999999999999993
1  2.09e+03  0.5448010505  1.580186e-01 1.03299999999999999993
1  2.19e+03  0.5553867893  1.580186e-01 1.03299999999999999993
1  2.29e+03  0.5482348922  1.580186e-01 1.03299999999999999993
1  2.40e+03  0.5098085482  1.580186e-01 1.03299999999999999993
1  2.51e+03  0.4691967415  1.580186e-01 1.03299999999999999993
1  2.63e+03  0.5402684083  1.580186e-01 1.03299999999999999993
1  2.75e+03  0.4527256955  1.580186e-01 1.03299999999999999993
1  2.88e+03  0.5468513324  1.580186e-01 1.03299999999999999993
1  3.02e+03  0.4730179432  1.580186e-01 1.03299999999999999993
1  3.16e+03  0.4434374496  1.580186e-01 1.03299999999999999993
1  3.31e+03  0.4586330475  1.580186e-01 1.03299999999999999993
1  3.47e+03  0.4697777195  1.580186e-01 1.03299999999999999993
1  3.63e+03  0.5033003322  1.580186e-01 1.03299999999999999993
1  3.80e+03  0.6103679823  1.580186e-01 1.03299999999999999993
1  3.98e+03  0.6046995021  1.580186e-01 1.03299999999999999993
1  4.17e+03  0.5417594051  1.580186e-01 1.03299999999999999993
1  4.37e+03  0.6434772357  1.580186e-01 1.03299999999999999993
1  4.57e+03  0.5757961345  1.580186e-01 1.03299999999999999993
1  4.79e+03  0.5728877039  1.580186e-01 1.03299999999999999993
1  5.01e+03  0.6538236484  1.580186e-01 1.03299999999999999993
1  5.25e+03  0.6337607416  1.580186e-01 1.03299999999999999993
1  5.50e+03  0.5979323861  1.580186e-01 1.03299999999999999993
1  5.75e+03  0.5614316607  1.580186e-01 1.03299999999999999993
1  6.03e+03  0.5893455463  1.580186e-01 1.03299999999999999993
1  6.31e+03  0.6392992896  1.580186e-01 1.03299999999999999993
1  6.61e+03  0.6471530218  1.580186e-01 1.03299999999999999993
1  6.92e+03  0.4593397265  1.580186e-01 1.03299999999999999993
1  7.24e+03  0.4406878188  1.580186e-01 1.03299999999999999993
1  7.59e+03  0.6436001243  1.580186e-01 1.03299999999999999993
1  7.94e+03  0.3338649433  1.580186e-01 1.03299999999999999993
1  8.32e+03  0.6413725819  1.580186e-01 1.03299999999999999993
1  8.71e+03  0.2956029717  1.580186e-01 1.03299999999999999993
1  9.12e+03  0.6188758689  1.580186e-01 1.03299999999999999993
1  9.55e+03  0.4519076423  1.580186e-01 1.03299999999999999993
1  1.00e+04  0.3021140014  1.580186e-01 1.03299999999999999993
1  1.05e+04  0.4575500408  1.580186e-01 1.03299999999999999993
1  1.10e+04  0.6336864756  1.580186e-01 1.03299999999999999993
1  1.15e+04  0.5208174712  1.580186e-01 1.03299999999999999993
1  1.20e+04  0.4055013958  1.580186e-01 1.03299999999999999993
1  1.26e+04  0.2639707755  1.580186e-01 1.03299999999999999993
1  1.32e+04  0.2964886772  1.580186e-01 1.03299999999999999993
1  1.38e+04  0.2118203293  1.580186e-01 1.03299999999999999993
1  1.45e+04  0.3172710535  1.580186e-01 1.03299999999999999993
1  1.51e+04  0.29487356  1.580186e-01 1.03299999999999999993
1  1.58e+04  0.4874679943  1.580186e-01 1.03299999999999999993
1  1.66e+04  0.5734043791  1.580186e-01 1.03299999999999999993
1  1.74e+04  0.4595959649  1.580186e-01 1.03299999999999999993
1  1.82e+04  0.3211394464  1.580186e-01 1.03299999999999999993
1  1.91e+04  0.129595573  1.580186e-01 1.03299999999999999993
1  2.00e+04  0.471638367  1.580186e-01 1.03299999999999999993
1  2.09e+04  0.5195249888  1.580186e-01 1.03299999999999999993
1  2.19e+04  0.1642083362  1.580186e-01 1.03299999999999999993
1  2.29e+04  0.3748474678  1.580186e-01 1.03299999999999999993
1  2.40e+04  0.430873829  1.580186e-01 1.03299999999999999993
1  2.51e+04  0.1269857617  1.580186e-01 1.03299999999999999993
1  2.63e+04  0.5061186406  1.580186e-01 1.03299999999999999993
1  2.75e+04  0.1018975333  1.580186e-01 1.03299999999999999993
1  2.88e+04  0.4559208105  1.580186e-01 1.03299999999999999993
1  3.02e+04  0.2706793322  1.580186e-01 1.03299999999999999993
1  3.16e+04  0.2917989068  1.580186e-01 1.03299999999999999993
1  3.31e+04  0.2507145856  1.580186e-01 1.03299999999999999993
1  3.47e+04  0.4370282422  1.580186e-01 1.03299999999999999993
1  3.63e+04  0.05763027949  1.580186e-01 1.03299999999999999993
1  3.80e+04  0.5246182129  1.580186e-01 1.03299999999999999993
1  3.98e+04  0.0519562439  1.580186e-01 1.03299999999999999993
1  4.17e+04  0.5082231722  1.580186e-01 1.03299999999999999993
1  4.37e+04  0.2117883255  1.580186e-01 1.03299999999999999993
1  4.57e+04  0.1525522765  1.580186e-01 1.03299999999999999993
1  4.79e+04  0.5206505709  1.580186e-01 1.03299999999999999993
1  5.01e+04  0.2489539876  1.580186e-01 1.03299999999999999993
1  5.25e+04  0.09098308387  1.580186e-01 1.03299999999999999993
1  5.50e+04  0.5089005995  1.580186e-01 1.03299999999999999993
1  5.75e+04  0.2584059817  1.580186e-01 1.03299999999999999993
1  6.03e+04  0.06806900358  1.580186e-01 1.03299999999999999993
1  6.31e+04  0.4825009253  1.580186e-01 1.03299999999999999993
1  6.61e+04  0.4047534252  1.580186e-01 1.03299999999999999993
1  6.92e+04  0.09704456285  1.580186e-01 1.03299999999999999993
1  7.24e+04  0.2565774023  1.580186e-01 1.03299999999999999993
1  7.59e+04  0.5142441276  1.580186e-01 1.03299999999999999993
1  7.94e+04  0.4739328007  1.580186e-01 1.03299999999999999993
1  8.32e+04  0.2768050967  1.580186e-01 1.03299999999999999993
1  8.71e+04  0.1916334419  1.580186e-01 1.03299999999999999993
1  9.12e+04  0.3174859981  1.580186e-01 1.03299999999999999993
1  9.55e+04  0.5055795861  1.580186e-01 1.03299999999999999993
1  1.00e+05  0.5152761046  1.580186e-01 1.03299999999999999993
1  1.05e+05  0.3203145358  1.580186e-01 1.03299999999999999993
1  1.10e+05  0.1513793967  1.580186e-01 1.03299999999999999993
1  1.15e+05  0.200912961  1.580186e-01 1.03299999999999999993
1  1.20e+05  0.401037935  1.580186e-01 1.03299999999999999993
1  1.26e+05  0.5328635338  1.580186e-01 1.03299999999999999993
1  1.32e+05  0.4754013421  1.580186e-01 1.03299999999999999993
1  1.38e+05  0.3016856558  1.580186e-01 1.03299999999999999993
1  1.45e+05  0.172674466  1.580186e-01 1.03299999999999999993
1  1.51e+05  0.1847794419  1.580186e-01 1.03299999999999999993
1  1.58e+05  0.3127843455  1.580186e-01 1.03299999999999999993
1  1.66e+05  0.4591577921  1.580186e-01 1.03299999999999999993
1  1.74e+05  0.5370876423  1.580186e-01 1.03299999999999999993
1  1.82e+05  0.5195949124  1.580186e-01 1.03299999999999999993
1  1.91e+05  0.4370567708  1.580186e-01 1.03299999999999999993
1  2.00e+05  0.3443377849  1.580186e-01 1.03299999999999999993
1  2.09e+05  0.2870473171  1.580186e-01 1.03299999999999999993
1  2.19e+05  0.2841763126  1.580186e-01 1.03299999999999999993
1  2.29e+05  0.3286654027  1.580186e-01 1.03299999999999999993
1  2.40e+05  0.3983924915  1.580186e-01 1.03299999999999999993
1  2.51e+05  0.4688376509  1.580186e-01 1.03299999999999999993
1  2.63e+05  0.521897782  1.580186e-01 1.03299999999999999993
1  2.75e+05  0.5492896935  1.580186e-01 1.03299999999999999993
1  2.88e+05  0.5516465562  1.580186e-01 1.03299999999999999993
1  3.02e+05  0.5353840603  1.580186e-01 1.03299999999999999993
1  3.16e+05  0.5091912475  1.580186e-01 1.03299999999999999993
1  3.31e+05  0.4812761328  1.580186e-01 1.03299999999999999993
1  3.47e+05  0.4577698204  1.580186e-01 1.03299999999999999993
1  3.63e+05  0.442197962  1.580186e-01 1.03299999999999999993
1  3.80e+05  0.4356972846  1.580186e-01 1.03299999999999999993
1  3.98e+05  0.437620054  1.580186e-01 1.03299999999999999993
1  4.17e+05  0.4462408322  1.580186e-01 1.03299999999999999993
1  4.37e+05  0.4593853491  1.580186e-01 1.03299999999999999993
1  4.57e+05  0.4748974745  1.580186e-01 1.03299999999999999993
1  4.79e+05  0.4909290475  1.580186e-01 1.03299999999999999993
1  5.01e+05  0.5060768285  1.580186e-01 1.03299999999999999993
1  5.25e+05  0.5194071083  1.580186e-01 1.03299999999999999993
1  5.50e+05  0.5304096366  1.580186e-01 1.03299999999999999993
1  5.75e+05  0.5389157451  1.580186e-01 1.03299999999999999993
1  6.03e+05  0.545005951  1.580186e-01 1.03299999999999999993
1  6.31e+05  0.5489230313  1.580186e-01 1.03299999999999999993
1  6.61e+05  0.5509357599  1.580186e-01 1.03299999999999999993
1  6.92e+05  0.5514462302  1.580186e-01 1.03299999999999999993
1  7.24e+05  0.5508743537  1.580186e-01 1.03299999999999999993
1  7.59e+05  0.5495246857  1.580186e-01 1.03299999999999999993
1  7.94e+05  0.5476778301  1.580186e-01 1.03299999999999999993
1  8.32e+05  0.5455641805  1.580186e-01 1.03299999999999999993
1  8.71e+05  0.5433643896  1.580186e-01 1.03299999999999999993
1  9.12e+05  0.5412133869  1.580186e-01 1.03299999999999999993
1  9.55e+05  0.5392155806  1.580186e-01 1.03299999999999999993
1  1.00e+06  0.5374135105  1.580186e-01 1.03299999999999999993
1  1.05e+06  0.5358528626  1.580186e-01 1.03299999999999999993
1  1.10e+06  0.5345486052  1.580186e-01 1.03299999999999999993
1  1.15e+06  0.5335005758  1.580186e-01 1.03299999999999999993
1  1.20e+06  0.5326979493  1.580186e-01 1.03299999999999999993
1  1.26e+06  0.5321228595  1.580186e-01 1.03299999999999999993
1  1.32e+06  0.5317532403  1.580186e-01 1.03299999999999999993
1  1.38e+06  0.5315649828  1.580186e-01 1.03299999999999999993
1  1.45e+06  0.5315335176  1.580186e-01 1.03299999999999999993
1  1.51e+06  0.531634927  1.580186e-01 1.03299999999999999993
1  1.58e+06  0.5318466856  1.580186e-01 1.03299999999999999993
1  1.66e+06  0.5321481133  1.580186e-01 1.03299999999999999993
1  1.74e+06  0.5325206135  1.580186e-01 1.03299999999999999993
1  1.82e+06  0.5329477539  1.580186e-01 1.03299999999999999993
1  1.91e+06  0.5334152381  1.580186e-01 1.03299999999999999993
1  2.00e+06  0.5339128458  1.580186e-01 1.03299999999999999993
1  2.09e+06  0.5344259374  1.580186e-01 1.03299999999999999993
1  2.19e+06  0.534948086  1.580186e-01 1.03299999999999999993
1  2.29e+06  0.535472157  1.580186e-01 1.03299999999999999993
1  2.40e+06  0.5359923638  1.580186e-01 1.03299999999999999993
1  2.51e+06  0.5365040922  1.580186e-01 1.03299999999999999993
1  2.63e+06  0.5370037361  1.580186e-01 1.03299999999999999993
1  2.75e+06  0.537488548  1.580186e-01 1.03299999999999999993
1  2.88e+06  0.5379565041  1.580186e-01 1.03299999999999999993
1  3.02e+06  0.5384061842  1.580186e-01 1.03299999999999999993
1  3.16e+06  0.5388366678  1.580186e-01 1.03299999999999999993
1  3.31e+06  0.5392474424  1.580186e-01 1.03299999999999999993
1  3.47e+06  0.5396383258  1.580186e-01 1.03299999999999999993
1  3.63e+06  0.5400093991  1.580186e-01 1.03299999999999999993
1  3.80e+06  0.5403609508  1.580186e-01 1.03299999999999999993
1  3.98e+06  0.5406939543  1.580186e-01 1.03299999999999999993
1  4.17e+06  0.541007882  1.580186e-01 1.03299999999999999993
1  4.37e+06  0.5413039645  1.580186e-01 1.03299999999999999993
1  4.57e+06  0.5415829186  1.580186e-01 1.03299999999999999993
1  4.79e+06  0.5418454998  1.580186e-01 1.03299999999999999993
1  5.01e+06  0.5420924852  1.580186e-01 1.03299999999999999993
1  5.25e+06  0.5423246593  1.580186e-01 1.03299999999999999993
1  5.50e+06  0.5425428028  1.580186e-01 1.03299999999999999993
1  5.75e+06  0.5427476844  1.580186e-01 1.03299999999999999993
1  6.03e+06  0.5429400536  1.580186e-01 1.03299999999999999993
1  6.31e+06  0.5431206365  1.580186e-01 1.03299999999999999993
1  6.61e+06  0.5432901319  1.580186e-01 1.03299999999999999993
1  6.92e+06  0.5434492091  1.580186e-01 1.03299999999999999993
1  7.24e+06  0.5435985065  1.580186e-01 1.03299999999999999993
1  7.59e+06  0.5437386305  1.580186e-01 1.03299999999999999993
1  7.94e+06  0.5438702913  1.580186e-01 1.03299999999999999993
1  8.32e+06  0.5439937493  1.580186e-01 1.03299999999999999993
1  8.71e+06  0.5441096647  1.580186e-01 1.03299999999999999993
1  9.12e+06  0.544218519  1.580186e-01 1.03299999999999999993
1  9.55e+06  0.5443207649  1.580186e-01 1.03299999999999999993
1  1.00e+07  0.5444168269  1.580186e-01 1.03299999999999999993
