1  1.00e-03  0.4495007872 -11.288339999999998 1.07099999999999999996
1  1.05e-03  0.4495007916 -11.288339999999998 1.07099999999999999996
1  1.10e-03  0.4495007898 -11.288339999999998 1.07099999999999999996
1  1.15e-03  0.4495007965 -11.288339999999998 1.07099999999999999996
1  1.20e-03  0.44950079 -11.288339999999998 1.07099999999999999996
1  1.26e-03  0.4495007893 -11.288339999999998 1.07099999999999999996
1  1.32e-03  0.4495007945 -11.288339999999998 1.07099999999999999996
1  1.38e-03  0.4495007932 -11.288339999999998 1.07099999999999999996
1  1.45e-03  0.4495007888 -11.288339999999998 1.07099999999999999996
1  1.51e-03  0.4495007941 -11.288339999999998 1.07099999999999999996
1  1.58e-03  0.449500789 -11.288339999999998 1.07099999999999999996
1  1.66e-03  0.4495007933 -11.288339999999998 1.07099999999999999996
1  1.74e-03  0.4495007915 -11.288339999999998 1.07099999999999999996
1  1.82e-03  0.4495007952 -11.288339999999998 1.07099999999999999996
1  1.91e-03  0.4495007955 -11.288339999999998 1.07099999999999999996
1  2.00e-03  0.449500786 -11.288339999999998 1.07099999999999999996
1  2.09e-03  0.4495007912 -11.288339999999998 1.07099999999999999996
1  2.19e-03  0.4495007949 -11.288339999999998 1.07099999999999999996
1  2.29e-03  0.449500789 -11.288339999999998 1.07099999999999999996
1  2.40e-03  0.4495007925 -11.288339999999998 1.07099999999999999996
1  2.51e-03  0.449500793 -11.288339999999998 1.07099999999999999996
1  2.63e-03  0.4495007889 -11.288339999999998 1.07099999999999999996
1  2.75e-03  0.4495007954 -11.288339999999998 1.07099999999999999996
1  2.88e-03  0.44950079 -11.288339999999998 1.07099999999999999996
1  3.02e-03  0.4495007947 -11.288339999999998 1.07099999999999999996
1  3.16e-03  0.4495007898 -11.288339999999998 1.07099999999999999996
1  3.31e-03  0.4495007931 -11.288339999999998 1.07099999999999999996
1  3.47e-03  0.4495007928 -11.288339999999998 1.07099999999999999996
1  3.63e-03  0.4495007941 -11.288339999999998 1.07099999999999999996
1  3.80e-03  0.4495007921 -11.288339999999998 1.07099999999999999996
1  3.98e-03  0.4495007949 -11.288339999999998 1.07099999999999999996
1  4.17e-03  0.4495007901 -11.288339999999998 1.07099999999999999996
1  4.37e-03  0.4495007919 -11.288339999999998 1.07099999999999999996
1  4.57e-03  0.4495007923 -11.288339999999998 1.07099999999999999996
1  4.79e-03  0.4495007917 -11.288339999999998 1.07099999999999999996
1  5.01e-03  0.4495007783 -11.288339999999998 1.07099999999999999996
1  5.25e-03  0.4495007908 -11.288339999999998 1.07099999999999999996
1  5.50e-03  0.4495007843 -11.288339999999998 1.07099999999999999996
1  5.75e-03  0.4495007851 -11.288339999999998 1.07099999999999999996
1  6.03e-03  0.4495007749 -11.288339999999998 1.07099999999999999996
1  6.31e-03  0.4495007885 -11.288339999999998 1.07099999999999999996
1  6.61e-03  0.4495007927 -11.288339999999998 1.07099999999999999996
1  6.92e-03  0.4495007891 -11.288339999999998 1.07099999999999999996
1  7.24e-03  0.4495007832 -11.288339999999998 1.07099999999999999996
1  7.59e-03  0.4495007897 -11.288339999999998 1.07099999999999999996
1  7.94e-03  0.4495007851 -11.288339999999998 1.07099999999999999996
1  8.32e-03  0.4495007856 -11.288339999999998 1.07099999999999999996
1  8.71e-03  0.4495007894 -11.288339999999998 1.07099999999999999996
1  9.12e-03  0.4495007821 -11.288339999999998 1.07099999999999999996
1  9.55e-03  0.4495007825 -11.288339999999998 1.07099999999999999996
1  1.00e-02  0.4495007873 -11.288339999999998 1.07099999999999999996
1  1.05e-02  0.4495007807 -11.288339999999998 1.07099999999999999996
1  1.10e-02  0.4495007815 -11.288339999999998 1.07099999999999999996
1  1.15e-02  0.4495007873 -11.288339999999998 1.07099999999999999996
1  1.20e-02  0.4495007855 -11.288339999999998 1.07099999999999999996
1  1.26e-02  0.4495007844 -11.288339999999998 1.07099999999999999996
1  1.32e-02  0.4495005472 -11.288339999999998 1.07099999999999999996
1  1.38e-02  0.4495007882 -11.288339999999998 1.07099999999999999996
1  1.45e-02  0.4495007817 -11.288339999999998 1.07099999999999999996
1  1.51e-02  0.449500776 -11.288339999999998 1.07099999999999999996
1  1.58e-02  0.449500784 -11.288339999999998 1.07099999999999999996
1  1.66e-02  0.4495007835 -11.288339999999998 1.07099999999999999996
1  1.74e-02  0.4495007768 -11.288339999999998 1.07099999999999999996
1  1.82e-02  0.4495007822 -11.288339999999998 1.07099999999999999996
1  1.91e-02  0.4495007826 -11.288339999999998 1.07099999999999999996
1  2.00e-02  0.4495007653 -11.288339999999998 1.07099999999999999996
1  2.09e-02  0.44950078 -11.288339999999998 1.07099999999999999996
1  2.19e-02  0.449500784 -11.288339999999998 1.07099999999999999996
1  2.29e-02  0.4495008823 -11.288339999999998 1.07099999999999999996
1  2.40e-02  0.4494338805 -11.288339999999998 1.07099999999999999996
1  2.51e-02  0.4495007221 -11.288339999999998 1.07099999999999999996
1  2.63e-02  0.4495007402 -11.288339999999998 1.07099999999999999996
1  2.75e-02  0.4495007411 -11.288339999999998 1.07099999999999999996
1  2.88e-02  0.4495007366 -11.288339999999998 1.07099999999999999996
1  3.02e-02  0.449500794 -11.288339999999998 1.07099999999999999996
1  3.16e-02  0.4495007551 -11.288339999999998 1.07099999999999999996
1  3.31e-02  0.4495007615 -11.288339999999998 1.07099999999999999996
1  3.47e-02  0.4495007705 -11.288339999999998 1.07099999999999999996
1  3.63e-02  0.4495008206 -11.288339999999998 1.07099999999999999996
1  3.80e-02  0.4495008351 -11.288339999999998 1.07099999999999999996
1  3.98e-02  0.4495007812 -11.288339999999998 1.07099999999999999996
1  4.17e-02  0.4495007997 -11.288339999999998 1.07099999999999999996
1  4.37e-02  0.4495006556 -11.288339999999998 1.07099999999999999996
1  4.57e-02  0.4495006776 -11.288339999999998 1.07099999999999999996
1  4.79e-02  0.4494991983 -11.288339999999998 1.07099999999999999996
1  5.01e-02  0.4495006464 -11.288339999999998 1.07099999999999999996
1  5.25e-02  0.4495006958 -11.288339999999998 1.07099999999999999996
1  5.50e-02  0.4495007012 -11.288339999999998 1.07099999999999999996
1  5.75e-02  0.4495007235 -11.288339999999998 1.07099999999999999996
1  6.03e-02  0.4495007464 -11.288339999999998 1.07099999999999999996
1  6.31e-02  0.4495007165 -11.288339999999998 1.07099999999999999996
1  6.61e-02  0.4495007003 -11.288339999999998 1.07099999999999999996
1  6.92e-02  0.4495006913 -11.288339999999998 1.07099999999999999996
1  7.24e-02  0.4495006952 -11.288339999999998 1.07099999999999999996
1  7.59e-02  0.4495243093 -11.288339999999998 1.07099999999999999996
1  7.94e-02  0.4495007318 -11.288339999999998 1.07099999999999999996
1  8.32e-02  0.4495006832 -11.288339999999998 1.07099999999999999996
1  8.71e-02  0.4495006818 -11.288339999999998 1.07099999999999999996
1  9.12e-02  0.4495007538 -11.288339999999998 1.07099999999999999996
1  9.55e-02  0.4495006668 -11.288339999999998 1.07099999999999999996
1  1.00e-01  0.4495006753 -11.288339999999998 1.07099999999999999996
1  1.05e-01  0.449500622 -11.288339999999998 1.07099999999999999996
1  1.10e-01  0.4495007088 -11.288339999999998 1.07099999999999999996
1  1.15e-01  0.4495006194 -11.288339999999998 1.07099999999999999996
1  1.20e-01  0.4495008398 -11.288339999999998 1.07099999999999999996
1  1.26e-01  0.4495006223 -11.288339999999998 1.07099999999999999996
1  1.32e-01  0.4495006902 -11.288339999999998 1.07099999999999999996
1  1.38e-01  0.449500767 -11.288339999999998 1.07099999999999999996
1  1.45e-01  0.4495008258 -11.288339999999998 1.07099999999999999996
1  1.51e-01  0.4495006531 -11.288339999999998 1.07099999999999999996
1  1.58e-01  0.449500678 -11.288339999999998 1.07099999999999999996
1  1.66e-01  0.4495256713 -11.288339999999998 1.07099999999999999996
1  1.74e-01  0.449500731 -11.288339999999998 1.07099999999999999996
1  1.82e-01  0.4495004412 -11.288339999999998 1.07099999999999999996
1  1.91e-01  0.4495006007 -11.288339999999998 1.07099999999999999996
1  2.00e-01  0.4495005164 -11.288339999999998 1.07099999999999999996
1  2.09e-01  0.4495006803 -11.288339999999998 1.07099999999999999996
1  2.19e-01  0.4495006211 -11.288339999999998 1.07099999999999999996
1  2.29e-01  0.4495006222 -11.288339999999998 1.07099999999999999996
1  2.40e-01  0.4495006263 -11.288339999999998 1.07099999999999999996
1  2.51e-01  0.4495006266 -11.288339999999998 1.07099999999999999996
1  2.63e-01  0.4495007176 -11.288339999999998 1.07099999999999999996
1  2.75e-01  0.4495004879 -11.288339999999998 1.07099999999999999996
1  2.88e-01  0.4495005802 -11.288339999999998 1.07099999999999999996
1  3.02e-01  0.4495004943 -11.288339999999998 1.07099999999999999996
1  3.16e-01  0.4495004047 -11.288339999999998 1.07099999999999999996
1  3.31e-01  0.4495006971 -11.288339999999998 1.07099999999999999996
1  3.47e-01  0.4495004773 -11.288339999999998 1.07099999999999999996
1  3.63e-01  0.4495004205 -11.288339999999998 1.07099999999999999996
1  3.80e-01  0.4495004624 -11.288339999999998 1.07099999999999999996
1  3.98e-01  0.4495005968 -11.288339999999998 1.07099999999999999996
1  4.17e-01  0.4495005052 -11.288339999999998 1.07099999999999999996
1  4.37e-01  0.4495006438 -11.288339999999998 1.07099999999999999996
1  4.57e-01  0.4495006011 -11.288339999999998 1.07099999999999999996
1  4.79e-01  0.4495006038 -11.288339999999998 1.07099999999999999996
1  5.01e-01  0.4495006368 -11.288339999999998 1.07099999999999999996
1  5.25e-01  0.449500452 -11.288339999999998 1.07099999999999999996
1  5.50e-01  0.4495004653 -11.288339999999998 1.07099999999999999996
1  5.75e-01  0.4494985088 -11.288339999999998 1.07099999999999999996
1  6.03e-01  0.4495004283 -11.288339999999998 1.07099999999999999996
1  6.31e-01  0.4494816566 -11.288339999999998 1.07099999999999999996
1  6.61e-01  0.4495002656 -11.288339999999998 1.07099999999999999996
1  6.92e-01  0.4495006056 -11.288339999999998 1.07099999999999999996
1  7.24e-01  0.4495006813 -11.288339999999998 1.07099999999999999996
1  7.59e-01  0.4495003875 -11.288339999999998 1.07099999999999999996
1  7.94e-01  0.4495003836 -11.288339999999998 1.07099999999999999996
1  8.32e-01  0.4495005598 -11.288339999999998 1.07099999999999999996
1  8.71e-01  0.4495008992 -11.288339999999998 1.07099999999999999996
1  9.12e-01  0.4495008777 -11.288339999999998 1.07099999999999999996
1  9.55e-01  0.4495004168 -11.288339999999998 1.07099999999999999996
1  1.00e+00  0.449500597 -11.288339999999998 1.07099999999999999996
1  1.05e+00  0.449500156 -11.288339999999998 1.07099999999999999996
1  1.10e+00  0.4495004796 -11.288339999999998 1.07099999999999999996
1  1.15e+00  0.4494997704 -11.288339999999998 1.07099999999999999996
1  1.20e+00  0.4495007159 -11.288339999999998 1.07099999999999999996
1  1.26e+00  0.449500528 -11.288339999999998 1.07099999999999999996
1  1.32e+00  0.4495005242 -11.288339999999998 1.07099999999999999996
1  1.38e+00  0.4494910006 -11.288339999999998 1.07099999999999999996
1  1.45e+00  0.4494998794 -11.288339999999998 1.07099999999999999996
1  1.51e+00  0.4494997903 -11.288339999999998 1.07099999999999999996
1  1.58e+00  0.4495001445 -11.288339999999998 1.07099999999999999996
1  1.66e+00  0.449501211 -11.288339999999998 1.07099999999999999996
1  1.74e+00  0.4494999211 -11.288339999999998 1.07099999999999999996
1  1.82e+00  0.4494905225 -11.288339999999998 1.07099999999999999996
1  1.91e+00  0.4495000401 -11.288339999999998 1.07099999999999999996
1  2.00e+00  0.4494994141 -11.288339999999998 1.07099999999999999996
1  2.09e+00  0.4495001672 -11.288339999999998 1.07099999999999999996
1  2.19e+00  0.4494994398 -11.288339999999998 1.07099999999999999996
1  2.29e+00  0.4494989736 -11.288339999999998 1.07099999999999999996
1  2.40e+00  0.4495001269 -11.288339999999998 1.07099999999999999996
1  2.51e+00  0.4495002935 -11.288339999999998 1.07099999999999999996
1  2.63e+00  0.4494991324 -11.288339999999998 1.07099999999999999996
1  2.75e+00  0.449500465 -11.288339999999998 1.07099999999999999996
1  2.88e+00  0.4495622397 -11.288339999999998 1.07099999999999999996
1  3.02e+00  0.4495050354 -11.288339999999998 1.07099999999999999996
1  3.16e+00  0.4494987806 -11.288339999999998 1.07099999999999999996
1  3.31e+00  0.449488474 -11.288339999999998 1.07099999999999999996
1  3.47e+00  0.4494627733 -11.288339999999998 1.07099999999999999996
1  3.63e+00  0.4494914364 -11.288339999999998 1.07099999999999999996
1  3.80e+00  0.4495008086 -11.288339999999998 1.07099999999999999996
1  3.98e+00  0.4495037166 -11.288339999999998 1.07099999999999999996
1  4.17e+00  0.4494983712 -11.288339999999998 1.07099999999999999996
1  4.37e+00  0.4495006249 -11.288339999999998 1.07099999999999999996
1  4.57e+00  0.4494977214 -11.288339999999998 1.07099999999999999996
1  4.79e+00  0.4494967503 -11.288339999999998 1.07099999999999999996
1  5.01e+00  0.4494980748 -11.288339999999998 1.07099999999999999996
1  5.25e+00  0.4495011621 -11.288339999999998 1.07099999999999999996
1  5.50e+00  0.4496305398 -11.288339999999998 1.07099999999999999996
1  5.75e+00  0.4494607692 -11.288339999999998 1.07099999999999999996
1  6.03e+00  0.4495496221 -11.288339999999998 1.07099999999999999996
1  6.31e+00  0.4494971049 -11.288339999999998 1.07099999999999999996
1  6.61e+00  0.4494962999 -11.288339999999998 1.07099999999999999996
1  6.92e+00  0.4494975843 -11.288339999999998 1.07099999999999999996
1  7.24e+00  0.449495686 -11.288339999999998 1.07099999999999999996
1  7.59e+00  0.4495072625 -11.288339999999998 1.07099999999999999996
1  7.94e+00  0.4495126448 -11.288339999999998 1.07099999999999999996
1  8.32e+00  0.4494918669 -11.288339999999998 1.07099999999999999996
1  8.71e+00  0.4495017082 -11.288339999999998 1.07099999999999999996
1  9.12e+00  0.4494931062 -11.288339999999998 1.07099999999999999996
1  9.55e+00  0.4494941014 -11.288339999999998 1.07099999999999999996
1  1.00e+01  0.4494969263 -11.288339999999998 1.07099999999999999996
1  1.05e+01  0.4493371858 -11.288339999999998 1.07099999999999999996
1  1.10e+01  0.4494979208 -11.288339999999998 1.07099999999999999996
1  1.15e+01  0.4495019186 -11.288339999999998 1.07099999999999999996
1  1.20e+01  0.4494960309 -11.288339999999998 1.07099999999999999996
1  1.26e+01  0.4494915895 -11.288339999999998 1.07099999999999999996
1  1.32e+01  0.4494972047 -11.288339999999998 1.07099999999999999996
1  1.38e+01  0.4494953714 -11.288339999999998 1.07099999999999999996
1  1.45e+01  0.4495056273 -11.288339999999998 1.07099999999999999996
1  1.51e+01  0.4494992376 -11.288339999999998 1.07099999999999999996
1  1.58e+01  0.4494968981 -11.288339999999998 1.07099999999999999996
1  1.66e+01  0.4494664212 -11.288339999999998 1.07099999999999999996
1  1.74e+01  0.4501747976 -11.288339999999998 1.07099999999999999996
1  1.82e+01  0.4490206399 -11.288339999999998 1.07099999999999999996
1  1.91e+01  0.4497713397 -11.288339999999998 1.07099999999999999996
1  2.00e+01  0.4494689348 -11.288339999999998 1.07099999999999999996
1  2.09e+01  0.4494276929 -11.288339999999998 1.07099999999999999996
1  2.19e+01  0.4500588184 -11.288339999999998 1.07099999999999999996
1  2.29e+01  0.4487294121 -11.288339999999998 1.07099999999999999996
1  2.40e+01  0.4495181877 -11.288339999999998 1.07099999999999999996
1  2.51e+01  0.4493288752 -11.288339999999998 1.07099999999999999996
1  2.63e+01  0.4495545684 -11.288339999999998 1.07099999999999999996
1  2.75e+01  0.449834847 -11.288339999999998 1.07099999999999999996
1  2.88e+01  0.4491853184 -11.288339999999998 1.07099999999999999996
1  3.02e+01  0.4491265267 -11.288339999999998 1.07099999999999999996
1  3.16e+01  0.4495534737 -11.288339999999998 1.07099999999999999996
1  3.31e+01  0.4497085038 -11.288339999999998 1.07099999999999999996
1  3.47e+01  0.4494697835 -11.288339999999998 1.07099999999999999996
1  3.63e+01  0.4498228272 -11.288339999999998 1.07099999999999999996
1  3.80e+01  0.4493299454 -11.288339999999998 1.07099999999999999996
1  3.98e+01  0.449419209 -11.288339999999998 1.07099999999999999996
1  4.17e+01  0.4495465695 -11.288339999999998 1.07099999999999999996
1  4.37e+01  0.4493855237 -11.288339999999998 1.07099999999999999996
1  4.57e+01  0.4491381028 -11.288339999999998 1.07099999999999999996
1  4.79e+01  0.4490813691 -11.288339999999998 1.07099999999999999996
1  5.01e+01  0.4494313707 -11.288339999999998 1.07099999999999999996
1  5.25e+01  0.4494269273 -11.288339999999998 1.07099999999999999996
1  5.50e+01  0.449258996 -11.288339999999998 1.07099999999999999996
1  5.75e+01  0.4495481812 -11.288339999999998 1.07099999999999999996
1  6.03e+01  0.4498991398 -11.288339999999998 1.07099999999999999996
1  6.31e+01  0.4494448155 -11.288339999999998 1.07099999999999999996
1  6.61e+01  0.4495263871 -11.288339999999998 1.07099999999999999996
1  6.92e+01  0.4493807289 -11.288339999999998 1.07099999999999999996
1  7.24e+01  0.4494306908 -11.288339999999998 1.07099999999999999996
1  7.59e+01  0.4500216189 -11.288339999999998 1.07099999999999999996
1  7.94e+01  0.449947016 -11.288339999999998 1.07099999999999999996
1  8.32e+01  0.4494724827 -11.288339999999998 1.07099999999999999996
1  8.71e+01  0.4495053929 -11.288339999999998 1.07099999999999999996
1  9.12e+01  0.4494181094 -11.288339999999998 1.07099999999999999996
1  9.55e+01  0.4495795595 -11.288339999999998 1.07099999999999999996
1  1.00e+02  0.4499507052 -11.288339999999998 1.07099999999999999996
1  1.05e+02  0.4493661695 -11.288339999999998 1.07099999999999999996
1  1.10e+02  0.4494677003 -11.288339999999998 1.07099999999999999996
1  1.15e+02  0.4494108023 -11.288339999999998 1.07099999999999999996
1  1.20e+02  0.4494464546 -11.288339999999998 1.07099999999999999996
1  1.26e+02  0.4499897696 -11.288339999999998 1.07099999999999999996
1  1.32e+02  0.4493444437 -11.288339999999998 1.07099999999999999996
1  1.38e+02  0.4494944435 -11.288339999999998 1.07099999999999999996
1  1.45e+02  0.449532657 -11.288339999999998 1.07099999999999999996
1  1.51e+02  0.4494103472 -11.288339999999998 1.07099999999999999996
1  1.58e+02  0.4493430229 -11.288339999999998 1.07099999999999999996
1  1.66e+02  0.4499577704 -11.288339999999998 1.07099999999999999996
1  1.74e+02  0.449465832 -11.288339999999998 1.07099999999999999996
1  1.82e+02  0.4494166799 -11.288339999999998 1.07099999999999999996
1  1.91e+02  0.4494546449 -11.288339999999998 1.07099999999999999996
1  2.00e+02  0.4495062602 -11.288339999999998 1.07099999999999999996
1  2.09e+02  0.4496224887 -11.288339999999998 1.07099999999999999996
1  2.19e+02  0.4494029506 -11.288339999999998 1.07099999999999999996
1  2.29e+02  0.449410832 -11.288339999999998 1.07099999999999999996
1  2.40e+02  0.4494193032 -11.288339999999998 1.07099999999999999996
1  2.51e+02  0.4495056155 -11.288339999999998 1.07099999999999999996
1  2.63e+02  0.4492131767 -11.288339999999998 1.07099999999999999996
1  2.75e+02  0.4493676508 -11.288339999999998 1.07099999999999999996
1  2.88e+02  0.4494604847 -11.288339999999998 1.07099999999999999996
1  3.02e+02  0.4493945733 -11.288339999999998 1.07099999999999999996
1  3.16e+02  0.4493678739 -11.288339999999998 1.07099999999999999996
1  3.31e+02  0.449433949 -11.288339999999998 1.07099999999999999996
1  3.47e+02  0.4493826044 -11.288339999999998 1.07099999999999999996
1  3.63e+02  0.4494788925 -11.288339999999998 1.07099999999999999996
1  3.80e+02  0.4494999363 -11.288339999999998 1.07099999999999999996
1  3.98e+02  0.4492782206 -11.288339999999998 1.07099999999999999996
1  4.17e+02  0.449453101 -11.288339999999998 1.07099999999999999996
1  4.37e+02  0.4493218821 -11.288339999999998 1.07099999999999999996
1  4.57e+02  0.4493734869 -11.288339999999998 1.07099999999999999996
1  4.79e+02  0.4495051428 -11.288339999999998 1.07099999999999999996
1  5.01e+02  0.4493399975 -11.288339999999998 1.07099999999999999996
1  5.25e+02  0.4494227184 -11.288339999999998 1.07099999999999999996
1  5.50e+02  0.4493499125 -11.288339999999998 1.07099999999999999996
1  5.75e+02  0.4497006541 -11.288339999999998 1.07099999999999999996
1  6.03e+02  0.4490069581 -11.288339999999998 1.07099999999999999996
1  6.31e+02  0.4492154277 -11.288339999999998 1.07099999999999999996
1  6.61e+02  0.448887652 -11.288339999999998 1.07099999999999999996
1  6.92e+02  0.4494523657 -11.288339999999998 1.07099999999999999996
1  7.24e+02  0.4489026739 -11.288339999999998 1.07099999999999999996
1  7.59e+02  0.4496773031 -11.288339999999998 1.07099999999999999996
1  7.94e+02  0.4492156104 -11.288339999999998 1.07099999999999999996
1  8.32e+02  0.4491105987 -11.288339999999998 1.07099999999999999996
1  8.71e+02  0.4489441172 -11.288339999999998 1.07099999999999999996
1  9.12e+02  0.4496158645 -11.288339999999998 1.07099999999999999996
1  9.55e+02  0.4488275805 -11.288339999999998 1.07099999999999999996
1  1.00e+03  0.4497492049 -11.288339999999998 1.07099999999999999996
1  1.05e+03  0.4482841125 -11.288339999999998 1.07099999999999999996
1  1.10e+03  0.4501862701 -11.288339999999998 1.07099999999999999996
1  1.15e+03  0.4502974924 -11.288339999999998 1.07099999999999999996
1  1.20e+03  0.4482886612 -11.288339999999998 1.07099999999999999996
1  1.26e+03  0.4452654332 -11.288339999999998 1.07099999999999999996
1  1.32e+03  0.4498638729 -11.288339999999998 1.07099999999999999996
1  1.38e+03  0.4481311092 -11.288339999999998 1.07099999999999999996
1  1.45e+03  0.4498890822 -11.288339999999998 1.07099999999999999996
1  1.51e+03  0.4497773576 -11.288339999999998 1.07099999999999999996
1  1.58e+03  0.4457420049 -11.288339999999998 1.07099999999999999996
1  1.66e+03  0.44485608 -11.288339999999998 1.07099999999999999996
1  1.74e+03  0.4482396217 -11.288339999999998 1.07099999999999999996
1  1.82e+03  0.4391133627 -11.288339999999998 1.07099999999999999996
1  1.91e+03  0.4411615555 -11.288339999999998 1.07099999999999999996
1  2.00e+03  0.4524294514 -11.288339999999998 1.07099999999999999996
1  2.09e+03  0.4584777492 -11.288339999999998 1.07099999999999999996
1  2.19e+03  0.4561090939 -11.288339999999998 1.07099999999999999996
1  2.29e+03  0.4494294611 -11.288339999999998 1.07099999999999999996
1  2.40e+03  0.4570413632 -11.288339999999998 1.07099999999999999996
1  2.51e+03  0.4522179885 -11.288339999999998 1.07099999999999999996
1  2.63e+03  0.4464590621 -11.288339999999998 1.07099999999999999996
1  2.75e+03  0.420214384 -11.288339999999998 1.07099999999999999996
1  2.88e+03  0.4214659537 -11.288339999999998 1.07099999999999999996
1  3.02e+03  0.4281633684 -11.288339999999998 1.07099999999999999996
1  3.16e+03  0.421967551 -11.288339999999998 1.07099999999999999996
1  3.31e+03  0.3987067814 -11.288339999999998 1.07099999999999999996
1  3.47e+03  0.3971091237 -11.288339999999998 1.07099999999999999996
1  3.63e+03  0.4571645531 -11.288339999999998 1.07099999999999999996
1  3.80e+03  0.4141384628 -11.288339999999998 1.07099999999999999996
1  3.98e+03  0.4573400352 -11.288339999999998 1.07099999999999999996
1  4.17e+03  0.4363562531 -11.288339999999998 1.07099999999999999996
1  4.37e+03  0.4711490082 -11.288339999999998 1.07099999999999999996
1  4.57e+03  0.4631936088 -11.288339999999998 1.07099999999999999996
1  4.79e+03  0.4668402999 -11.288339999999998 1.07099999999999999996
1  5.01e+03  0.4579030337 -11.288339999999998 1.07099999999999999996
1  5.25e+03  0.4092564812 -11.288339999999998 1.07099999999999999996
1  5.50e+03  0.4616757879 -11.288339999999998 1.07099999999999999996
1  5.75e+03  0.4572799818 -11.288339999999998 1.07099999999999999996
1  6.03e+03  0.430800561 -11.288339999999998 1.07099999999999999996
1  6.31e+03  0.4147616016 -11.288339999999998 1.07099999999999999996
1  6.61e+03  0.492225164 -11.288339999999998 1.07099999999999999996
1  6.92e+03  0.4042389379 -11.288339999999998 1.07099999999999999996
1  7.24e+03  0.4797903219 -11.288339999999998 1.07099999999999999996
1  7.59e+03  0.369702848 -11.288339999999998 1.07099999999999999996
1  7.94e+03  0.4037360496 -11.288339999999998 1.07099999999999999996
1  8.32e+03  0.368538207 -11.288339999999998 1.07099999999999999996
1  8.71e+03  0.3891779882 -11.288339999999998 1.07099999999999999996
1  9.12e+03  0.449770592 -11.288339999999998 1.07099999999999999996
1  9.55e+03  0.3628880044 -11.288339999999998 1.07099999999999999996
1  1.00e+04  0.3998085654 -11.288339999999998 1.07099999999999999996
1  1.05e+04  0.4869077039 -11.288339999999998 1.07099999999999999996
1  1.10e+04  0.3793039053 -11.288339999999998 1.07099999999999999996
1  1.15e+04  0.477944998 -11.288339999999998 1.07099999999999999996
1  1.20e+04  0.3359435261 -11.288339999999998 1.07099999999999999996
1  1.26e+04  0.3446844295 -11.288339999999998 1.07099999999999999996
1  1.32e+04  0.4433381854 -11.288339999999998 1.07099999999999999996
1  1.38e+04  0.3005189967 -11.288339999999998 1.07099999999999999996
1  1.45e+04  0.3913729039 -11.288339999999998 1.07099999999999999996
1  1.51e+04  0.4420642214 -11.288339999999998 1.07099999999999999996
1  1.58e+04  0.2814466702 -11.288339999999998 1.07099999999999999996
1  1.66e+04  0.3398653094 -11.288339999999998 1.07099999999999999996
1  1.74e+04  0.3650482942 -11.288339999999998 1.07099999999999999996
1  1.82e+04  0.3694225922 -11.288339999999998 1.07099999999999999996
1  1.91e+04  0.4214296378 -11.288339999999998 1.07099999999999999996
1  2.00e+04  0.3943375692 -11.288339999999998 1.07099999999999999996
1  2.09e+04  0.2856047502 -11.288339999999998 1.07099999999999999996
1  2.19e+04  0.3753299255 -11.288339999999998 1.07099999999999999996
1  2.29e+04  0.42748781 -11.288339999999998 1.07099999999999999996
1  2.40e+04  0.3613148812 -11.288339999999998 1.07099999999999999996
1  2.51e+04  0.4108303458 -11.288339999999998 1.07099999999999999996
1  2.63e+04  0.2148715623 -11.288339999999998 1.07099999999999999996
1  2.75e+04  0.2923595758 -11.288339999999998 1.07099999999999999996
1  2.88e+04  0.3184658624 -11.288339999999998 1.07099999999999999996
1  3.02e+04  0.4522035018 -11.288339999999998 1.07099999999999999996
1  3.16e+04  0.1258736881 -11.288339999999998 1.07099999999999999996
1  3.31e+04  0.3317680236 -11.288339999999998 1.07099999999999999996
1  3.47e+04  0.3705687526 -11.288339999999998 1.07099999999999999996
1  3.63e+04  0.3736105789 -11.288339999999998 1.07099999999999999996
1  3.80e+04  0.3498128875 -11.288339999999998 1.07099999999999999996
1  3.98e+04  0.1492564656 -11.288339999999998 1.07099999999999999996
1  4.17e+04  0.3519179679 -11.288339999999998 1.07099999999999999996
1  4.37e+04  0.1997475667 -11.288339999999998 1.07099999999999999996
1  4.57e+04  0.4540041643 -11.288339999999998 1.07099999999999999996
1  4.79e+04  0.3662638148 -11.288339999999998 1.07099999999999999996
1  5.01e+04  0.3557747025 -11.288339999999998 1.07099999999999999996
1  5.25e+04  0.2677466023 -11.288339999999998 1.07099999999999999996
1  5.50e+04  0.4453067716 -11.288339999999998 1.07099999999999999996
1  5.75e+04  0.1889629714 -11.288339999999998 1.07099999999999999996
1  6.03e+04  0.1581937173 -11.288339999999998 1.07099999999999999996
1  6.31e+04  0.4086781002 -11.288339999999998 1.07099999999999999996
1  6.61e+04  0.2811663238 -11.288339999999998 1.07099999999999999996
1  6.92e+04  0.2539304133 -11.288339999999998 1.07099999999999999996
1  7.24e+04  0.424110397 -11.288339999999998 1.07099999999999999996
1  7.59e+04  0.4354319038 -11.288339999999998 1.07099999999999999996
1  7.94e+04  0.40397232 -11.288339999999998 1.07099999999999999996
1  8.32e+04  0.4187382305 -11.288339999999998 1.07099999999999999996
1  8.71e+04  0.3593825134 -11.288339999999998 1.07099999999999999996
1  9.12e+04  0.2990756062 -11.288339999999998 1.07099999999999999996
1  9.55e+04  0.3643923187 -11.288339999999998 1.07099999999999999996
1  1.00e+05  0.4462890626 -11.288339999999998 1.07099999999999999996
1  1.05e+05  0.3862381381 -11.288339999999998 1.07099999999999999996
1  1.10e+05  0.238898867 -11.288339999999998 1.07099999999999999996
1  1.15e+05  0.1785937589 -11.288339999999998 1.07099999999999999996
1  1.20e+05  0.2610949867 -11.288339999999998 1.07099999999999999996
1  1.26e+05  0.3816441536 -11.288339999999998 1.07099999999999999996
1  1.32e+05  0.4202819213 -11.288339999999998 1.07099999999999999996
1  1.38e+05  0.3607853974 -11.288339999999998 1.07099999999999999996
1  1.45e+05  0.2764852919 -11.288339999999998 1.07099999999999999996
1  1.51e+05  0.2435286059 -11.288339999999998 1.07099999999999999996
1  1.58e+05  0.2813685107 -11.288339999999998 1.07099999999999999996
1  1.66e+05  0.3563463907 -11.288339999999998 1.07099999999999999996
1  1.74e+05  0.4208028406 -11.288339999999998 1.07099999999999999996
1  1.82e+05  0.4468282746 -11.288339999999998 1.07099999999999999996
1  1.91e+05  0.4354429603 -11.288339999999998 1.07099999999999999996
1  2.00e+05  0.4059945741 -11.288339999999998 1.07099999999999999996
1  2.09e+05  0.3800177014 -11.288339999999998 1.07099999999999999996
1  2.19e+05  0.3703474139 -11.288339999999998 1.07099999999999999996
1  2.29e+05  0.3785828792 -11.288339999999998 1.07099999999999999996
1  2.40e+05  0.3984777125 -11.288339999999998 1.07099999999999999996
1  2.51e+05  0.4212208138 -11.288339999999998 1.07099999999999999996
1  2.63e+05  0.4396208123 -11.288339999999998 1.07099999999999999996
1  2.75e+05  0.4500439332 -11.288339999999998 1.07099999999999999996
1  2.88e+05  0.4523611646 -11.288339999999998 1.07099999999999999996
1  3.02e+05  0.4487741005 -11.288339999999998 1.07099999999999999996
1  3.16e+05  0.4423788415 -11.288339999999998 1.07099999999999999996
1  3.31e+05  0.4360204067 -11.288339999999998 1.07099999999999999996
1  3.47e+05  0.4316487049 -11.288339999999998 1.07099999999999999996
1  3.63e+05  0.430144402 -11.288339999999998 1.07099999999999999996
1  3.80e+05  0.4314665601 -11.288339999999998 1.07099999999999999996
1  3.98e+05  0.4349551554 -11.288339999999998 1.07099999999999999996
1  4.17e+05  0.4396566187 -11.288339999999998 1.07099999999999999996
1  4.37e+05  0.4445927326 -11.288339999999998 1.07099999999999999996
1  4.57e+05  0.4489403172 -11.288339999999998 1.07099999999999999996
1  4.79e+05  0.4521218865 -11.288339999999998 1.07099999999999999996
1  5.01e+05  0.4538251229 -11.288339999999998 1.07099999999999999996
1  5.25e+05  0.4539749305 -11.288339999999998 1.07099999999999999996
1  5.50e+05  0.4526804039 -11.288339999999998 1.07099999999999999996
1  5.75e+05  0.4501740764 -11.288339999999998 1.07099999999999999996
1  6.03e+05  0.4467549676 -11.288339999999998 1.07099999999999999996
1  6.31e+05  0.4427417187 -11.288339999999998 1.07099999999999999996
1  6.61e+05  0.4378128096 -11.288339999999998 1.07099999999999999996
1  6.92e+05  0.4326942203 -11.288339999999998 1.07099999999999999996
1  7.24e+05  0.4279127835 -11.288339999999998 1.07099999999999999996
1  7.59e+05  0.4236942018 -11.288339999999998 1.07099999999999999996
1  7.94e+05  0.4203178381 -11.288339999999998 1.07099999999999999996
1  8.32e+05  0.4175347231 -11.288339999999998 1.07099999999999999996
1  8.71e+05  0.4155190331 -11.288339999999998 1.07099999999999999996
1  9.12e+05  0.4143000197 -11.288339999999998 1.07099999999999999996
1  9.55e+05  0.4136605986 -11.288339999999998 1.07099999999999999996
1  1.00e+06  0.4136103321 -11.288339999999998 1.07099999999999999996
1  1.05e+06  0.4140667625 -11.288339999999998 1.07099999999999999996
1  1.10e+06  0.4149150647 -11.288339999999998 1.07099999999999999996
1  1.15e+06  0.4160926589 -11.288339999999998 1.07099999999999999996
1  1.20e+06  0.417491621 -11.288339999999998 1.07099999999999999996
1  1.26e+06  0.4190933713 -11.288339999999998 1.07099999999999999996
1  1.32e+06  0.4208167251 -11.288339999999998 1.07099999999999999996
1  1.38e+06  0.4225652679 -11.288339999999998 1.07099999999999999996
1  1.45e+06  0.4243834074 -11.288339999999998 1.07099999999999999996
1  1.51e+06  0.42619508 -11.288339999999998 1.07099999999999999996
1  1.58e+06  0.4279252132 -11.288339999999998 1.07099999999999999996
1  1.66e+06  0.4296486982 -11.288339999999998 1.07099999999999999996
1  1.74e+06  0.4313022836 -11.288339999999998 1.07099999999999999996
1  1.82e+06  0.4328309746 -11.288339999999998 1.07099999999999999996
1  1.91e+06  0.4343175587 -11.288339999999998 1.07099999999999999996
1  2.00e+06  0.4357122603 -11.288339999999998 1.07099999999999999996
1  2.09e+06  0.4369758191 -11.288339999999998 1.07099999999999999996
1  2.19e+06  0.4381862028 -11.288339999999998 1.07099999999999999996
1  2.29e+06  0.4393052998 -11.288339999999998 1.07099999999999999996
1  2.40e+06  0.440336038 -11.288339999999998 1.07099999999999999996
1  2.51e+06  0.44125363 -11.288339999999998 1.07099999999999999996
1  2.63e+06  0.4421215466 -11.288339999999998 1.07099999999999999996
1  2.75e+06  0.4429136446 -11.288339999999998 1.07099999999999999996
1  2.88e+06  0.4436122839 -11.288339999999998 1.07099999999999999996
1  3.02e+06  0.4442689846 -11.288339999999998 1.07099999999999999996
1  3.16e+06  0.4448641707 -11.288339999999998 1.07099999999999999996
1  3.31e+06  0.445385195 -11.288339999999998 1.07099999999999999996
1  3.47e+06  0.4458726886 -11.288339999999998 1.07099999999999999996
1  3.63e+06  0.4463120328 -11.288339999999998 1.07099999999999999996
1  3.80e+06  0.4466940853 -11.288339999999998 1.07099999999999999996
1  3.98e+06  0.4470502691 -11.288339999999998 1.07099999999999999996
1  4.17e+06  0.4473696808 -11.288339999999998 1.07099999999999999996
1  4.37e+06  0.4476456609 -11.288339999999998 1.07099999999999999996
1  4.57e+06  0.4479021835 -11.288339999999998 1.07099999999999999996
1  4.79e+06  0.4481311203 -11.288339999999998 1.07099999999999999996
1  5.01e+06  0.4483275881 -11.288339999999998 1.07099999999999999996
1  5.25e+06  0.4485097037 -11.288339999999998 1.07099999999999999996
1  5.50e+06  0.4486714079 -11.288339999999998 1.07099999999999999996
1  5.75e+06  0.4488091007 -11.288339999999998 1.07099999999999999996
1  6.03e+06  0.4489363788 -11.288339999999998 1.07099999999999999996
1  6.31e+06  0.4490487252 -11.288339999999998 1.07099999999999999996
1  6.61e+06  0.4491434737 -11.288339999999998 1.07099999999999999996
1  6.92e+06  0.4492307785 -11.288339999999998 1.07099999999999999996
1  7.24e+06  0.4493072708 -11.288339999999998 1.07099999999999999996
1  7.59e+06  0.4493709694 -11.288339999999998 1.07099999999999999996
1  7.94e+06  0.4494294292 -11.288339999999998 1.07099999999999999996
1  8.32e+06  0.449480137 -11.288339999999998 1.07099999999999999996
1  8.71e+06  0.4495216161 -11.288339999999998 1.07099999999999999996
1  9.12e+06  0.449559472 -11.288339999999998 1.07099999999999999996
1  9.55e+06  0.4495918285 -11.288339999999998 1.07099999999999999996
1  1.00e+07  0.4496175824 -11.288339999999998 1.07099999999999999996
