1  1.00e-03  0.1758963811 59492.312 0.90199999999999999997
1  1.05e-03  0.1758963825 59492.312 0.90199999999999999997
1  1.10e-03  0.1758963834 59492.312 0.90199999999999999997
1  1.15e-03  0.1758963845 59492.312 0.90199999999999999997
1  1.20e-03  0.1758963835 59492.312 0.90199999999999999997
1  1.26e-03  0.1758963848 59492.312 0.90199999999999999997
1  1.32e-03  0.1758963863 59492.312 0.90199999999999999997
1  1.38e-03  0.1758963925 59492.312 0.90199999999999999997
1  1.45e-03  0.1758963833 59492.312 0.90199999999999999997
1  1.51e-03  0.1758963853 59492.312 0.90199999999999999997
1  1.58e-03  0.175896385 59492.312 0.90199999999999999997
1  1.66e-03  0.1758963814 59492.312 0.90199999999999999997
1  1.74e-03  0.1758963823 59492.312 0.90199999999999999997
1  1.82e-03  0.1758963818 59492.312 0.90199999999999999997
1  1.91e-03  0.1758963868 59492.312 0.90199999999999999997
1  2.00e-03  0.1758963885 59492.312 0.90199999999999999997
1  2.09e-03  0.1758963858 59492.312 0.90199999999999999997
1  2.19e-03  0.1758963848 59492.312 0.90199999999999999997
1  2.29e-03  0.1758963884 59492.312 0.90199999999999999997
1  2.40e-03  0.1758963838 59492.312 0.90199999999999999997
1  2.51e-03  0.1758963827 59492.312 0.90199999999999999997
1  2.63e-03  0.1758963825 59492.312 0.90199999999999999997
1  2.75e-03  0.1758963907 59492.312 0.90199999999999999997
1  2.88e-03  0.1758963794 59492.312 0.90199999999999999997
1  3.02e-03  0.1758963897 59492.312 0.90199999999999999997
1  3.16e-03  0.1758964062 59492.312 0.90199999999999999997
1  3.31e-03  0.1758963752 59492.312 0.90199999999999999997
1  3.47e-03  0.1758963906 59492.312 0.90199999999999999997
1  3.63e-03  0.1758963888 59492.312 0.90199999999999999997
1  3.80e-03  0.1758963959 59492.312 0.90199999999999999997
1  3.98e-03  0.1758963847 59492.312 0.90199999999999999997
1  4.17e-03  0.1758963748 59492.312 0.90199999999999999997
1  4.37e-03  0.1758963788 59492.312 0.90199999999999999997
1  4.57e-03  0.1758963808 59492.312 0.90199999999999999997
1  4.79e-03  0.1758963944 59492.312 0.90199999999999999997
1  5.01e-03  0.1758963868 59492.312 0.90199999999999999997
1  5.25e-03  0.1758963781 59492.312 0.90199999999999999997
1  5.50e-03  0.1758963909 59492.312 0.90199999999999999997
1  5.75e-03  0.1758963901 59492.312 0.90199999999999999997
1  6.03e-03  0.1758963854 59492.312 0.90199999999999999997
1  6.31e-03  0.1758964013 59492.312 0.90199999999999999997
1  6.61e-03  0.175896381 59492.312 0.90199999999999999997
1  6.92e-03  0.1758963962 59492.312 0.90199999999999999997
1  7.24e-03  0.1758963909 59492.312 0.90199999999999999997
1  7.59e-03  0.1758963807 59492.312 0.90199999999999999997
1  7.94e-03  0.1758963922 59492.312 0.90199999999999999997
1  8.32e-03  0.1758963715 59492.312 0.90199999999999999997
1  8.71e-03  0.1758963707 59492.312 0.90199999999999999997
1  9.12e-03  0.1758963795 59492.312 0.90199999999999999997
1  9.55e-03  0.1758963854 59492.312 0.90199999999999999997
1  1.00e-02  0.1758963638 59492.312 0.90199999999999999997
1  1.05e-02  0.1758963076 59492.312 0.90199999999999999997
1  1.10e-02  0.1758963655 59492.312 0.90199999999999999997
1  1.15e-02  0.175896402 59492.312 0.90199999999999999997
1  1.20e-02  0.1758964076 59492.312 0.90199999999999999997
1  1.26e-02  0.1758963685 59492.312 0.90199999999999999997
1  1.32e-02  0.1758964487 59492.312 0.90199999999999999997
1  1.38e-02  0.1758964066 59492.312 0.90199999999999999997
1  1.45e-02  0.1758964064 59492.312 0.90199999999999999997
1  1.51e-02  0.1758964047 59492.312 0.90199999999999999997
1  1.58e-02  0.1758963991 59492.312 0.90199999999999999997
1  1.66e-02  0.175896391 59492.312 0.90199999999999999997
1  1.74e-02  0.1758963997 59492.312 0.90199999999999999997
1  1.82e-02  0.175896404 59492.312 0.90199999999999999997
1  1.91e-02  0.1758963868 59492.312 0.90199999999999999997
1  2.00e-02  0.175896494 59492.312 0.90199999999999999997
1  2.09e-02  0.1758964236 59492.312 0.90199999999999999997
1  2.19e-02  0.1758964047 59492.312 0.90199999999999999997
1  2.29e-02  0.1758960989 59492.312 0.90199999999999999997
1  2.40e-02  0.1758963763 59492.312 0.90199999999999999997
1  2.51e-02  0.1758966011 59492.312 0.90199999999999999997
1  2.63e-02  0.1758965255 59492.312 0.90199999999999999997
1  2.75e-02  0.1758962985 59492.312 0.90199999999999999997
1  2.88e-02  0.1758964463 59492.312 0.90199999999999999997
1  3.02e-02  0.1758963948 59492.312 0.90199999999999999997
1  3.16e-02  0.1758964897 59492.312 0.90199999999999999997
1  3.31e-02  0.1758963986 59492.312 0.90199999999999999997
1  3.47e-02  0.1758964124 59492.312 0.90199999999999999997
1  3.63e-02  0.1758964249 59492.312 0.90199999999999999997
1  3.80e-02  0.1758963488 59492.312 0.90199999999999999997
1  3.98e-02  0.1758963662 59492.312 0.90199999999999999997
1  4.17e-02  0.1758961995 59492.312 0.90199999999999999997
1  4.37e-02  0.1758961038 59492.312 0.90199999999999999997
1  4.57e-02  0.1758964343 59492.312 0.90199999999999999997
1  4.79e-02  0.1758961581 59492.312 0.90199999999999999997
1  5.01e-02  0.1758961501 59492.312 0.90199999999999999997
1  5.25e-02  0.1758962388 59492.312 0.90199999999999999997
1  5.50e-02  0.1758962142 59492.312 0.90199999999999999997
1  5.75e-02  0.1758962186 59492.312 0.90199999999999999997
1  6.03e-02  0.175896332 59492.312 0.90199999999999999997
1  6.31e-02  0.1758960924 59492.312 0.90199999999999999997
1  6.61e-02  0.1758962822 59492.312 0.90199999999999999997
1  6.92e-02  0.1758964811 59492.312 0.90199999999999999997
1  7.24e-02  0.1758964651 59492.312 0.90199999999999999997
1  7.59e-02  0.1758963205 59492.312 0.90199999999999999997
1  7.94e-02  0.175896508 59492.312 0.90199999999999999997
1  8.32e-02  0.1758963261 59492.312 0.90199999999999999997
1  8.71e-02  0.1758963074 59492.312 0.90199999999999999997
1  9.12e-02  0.1758961385 59492.312 0.90199999999999999997
1  9.55e-02  0.175895814 59492.312 0.90199999999999999997
1  1.00e-01  0.1758961086 59492.312 0.90199999999999999997
1  1.05e-01  0.1758962276 59492.312 0.90199999999999999997
1  1.10e-01  0.1758963542 59492.312 0.90199999999999999997
1  1.15e-01  0.1758961562 59492.312 0.90199999999999999997
1  1.20e-01  0.1758963884 59492.312 0.90199999999999999997
1  1.26e-01  0.1758965983 59492.312 0.90199999999999999997
1  1.32e-01  0.1758964258 59492.312 0.90199999999999999997
1  1.38e-01  0.175896272 59492.312 0.90199999999999999997
1  1.45e-01  0.1758964401 59492.312 0.90199999999999999997
1  1.51e-01  0.1758966421 59492.312 0.90199999999999999997
1  1.58e-01  0.1758966741 59492.312 0.90199999999999999997
1  1.66e-01  0.175896859 59492.312 0.90199999999999999997
1  1.74e-01  0.1758964779 59492.312 0.90199999999999999997
1  1.82e-01  0.1758963156 59492.312 0.90199999999999999997
1  1.91e-01  0.1758960165 59492.312 0.90199999999999999997
1  2.00e-01  0.1758962305 59492.312 0.90199999999999999997
1  2.09e-01  0.1758966345 59492.312 0.90199999999999999997
1  2.19e-01  0.1758962252 59492.312 0.90199999999999999997
1  2.29e-01  0.1758968088 59492.312 0.90199999999999999997
1  2.40e-01  0.1758968165 59492.312 0.90199999999999999997
1  2.51e-01  0.1758966666 59492.312 0.90199999999999999997
1  2.63e-01  0.1758962242 59492.312 0.90199999999999999997
1  2.75e-01  0.1758966711 59492.312 0.90199999999999999997
1  2.88e-01  0.175896815 59492.312 0.90199999999999999997
1  3.02e-01  0.1758949697 59492.312 0.90199999999999999997
1  3.16e-01  0.1758968005 59492.312 0.90199999999999999997
1  3.31e-01  0.1758972502 59492.312 0.90199999999999999997
1  3.47e-01  0.1758922437 59492.312 0.90199999999999999997
1  3.63e-01  0.1758969235 59492.312 0.90199999999999999997
1  3.80e-01  0.1758968697 59492.312 0.90199999999999999997
1  3.98e-01  0.1758970646 59492.312 0.90199999999999999997
1  4.17e-01  0.1758973736 59492.312 0.90199999999999999997
1  4.37e-01  0.1758967078 59492.312 0.90199999999999999997
1  4.57e-01  0.1758974233 59492.312 0.90199999999999999997
1  4.79e-01  0.1758963854 59492.312 0.90199999999999999997
1  5.01e-01  0.1758971445 59492.312 0.90199999999999999997
1  5.25e-01  0.1758967759 59492.312 0.90199999999999999997
1  5.50e-01  0.1758968227 59492.312 0.90199999999999999997
1  5.75e-01  0.1758956711 59492.312 0.90199999999999999997
1  6.03e-01  0.1758976774 59492.312 0.90199999999999999997
1  6.31e-01  0.1758969196 59492.312 0.90199999999999999997
1  6.61e-01  0.1758961566 59492.312 0.90199999999999999997
1  6.92e-01  0.1758965533 59492.312 0.90199999999999999997
1  7.24e-01  0.175897154 59492.312 0.90199999999999999997
1  7.59e-01  0.1758976693 59492.312 0.90199999999999999997
1  7.94e-01  0.1758975766 59492.312 0.90199999999999999997
1  8.32e-01  0.1758968536 59492.312 0.90199999999999999997
1  8.71e-01  0.175896431 59492.312 0.90199999999999999997
1  9.12e-01  0.1758971269 59492.312 0.90199999999999999997
1  9.55e-01  0.1758964105 59492.312 0.90199999999999999997
1  1.00e+00  0.1758969118 59492.312 0.90199999999999999997
1  1.05e+00  0.1758962953 59492.312 0.90199999999999999997
1  1.10e+00  0.1758989605 59492.312 0.90199999999999999997
1  1.15e+00  0.1758980193 59492.312 0.90199999999999999997
1  1.20e+00  0.1758996263 59492.312 0.90199999999999999997
1  1.26e+00  0.1758988662 59492.312 0.90199999999999999997
1  1.32e+00  0.1758995758 59492.312 0.90199999999999999997
1  1.38e+00  0.1758977097 59492.312 0.90199999999999999997
1  1.45e+00  0.1759004753 59492.312 0.90199999999999999997
1  1.51e+00  0.1759007591 59492.312 0.90199999999999999997
1  1.58e+00  0.1758963461 59492.312 0.90199999999999999997
1  1.66e+00  0.175894736 59492.312 0.90199999999999999997
1  1.74e+00  0.1759012854 59492.312 0.90199999999999999997
1  1.82e+00  0.1759007045 59492.312 0.90199999999999999997
1  1.91e+00  0.1758978463 59492.312 0.90199999999999999997
1  2.00e+00  0.1758986342 59492.312 0.90199999999999999997
1  2.09e+00  0.1759006191 59492.312 0.90199999999999999997
1  2.19e+00  0.1759032234 59492.312 0.90199999999999999997
1  2.29e+00  0.1758988681 59492.312 0.90199999999999999997
1  2.40e+00  0.1759021652 59492.312 0.90199999999999999997
1  2.51e+00  0.1759029826 59492.312 0.90199999999999999997
1  2.63e+00  0.1758887375 59492.312 0.90199999999999999997
1  2.75e+00  0.1759029105 59492.312 0.90199999999999999997
1  2.88e+00  0.1759046998 59492.312 0.90199999999999999997
1  3.02e+00  0.175896175 59492.312 0.90199999999999999997
1  3.16e+00  0.1758986756 59492.312 0.90199999999999999997
1  3.31e+00  0.1759115315 59492.312 0.90199999999999999997
1  3.47e+00  0.1758968782 59492.312 0.90199999999999999997
1  3.63e+00  0.1759051939 59492.312 0.90199999999999999997
1  3.80e+00  0.1759068623 59492.312 0.90199999999999999997
1  3.98e+00  0.1759044336 59492.312 0.90199999999999999997
1  4.17e+00  0.1759079247 59492.312 0.90199999999999999997
1  4.37e+00  0.1759083976 59492.312 0.90199999999999999997
1  4.57e+00  0.1758995359 59492.312 0.90199999999999999997
1  4.79e+00  0.1759022681 59492.312 0.90199999999999999997
1  5.01e+00  0.1758996637 59492.312 0.90199999999999999997
1  5.25e+00  0.1758884854 59492.312 0.90199999999999999997
1  5.50e+00  0.1759045193 59492.312 0.90199999999999999997
1  5.75e+00  0.1759127293 59492.312 0.90199999999999999997
1  6.03e+00  0.1759035398 59492.312 0.90199999999999999997
1  6.31e+00  0.1759002014 59492.312 0.90199999999999999997
1  6.61e+00  0.1759095916 59492.312 0.90199999999999999997
1  6.92e+00  0.1758976119 59492.312 0.90199999999999999997
1  7.24e+00  0.1759100053 59492.312 0.90199999999999999997
1  7.59e+00  0.1758719385 59492.312 0.90199999999999999997
1  7.94e+00  0.1759251045 59492.312 0.90199999999999999997
1  8.32e+00  0.175920003 59492.312 0.90199999999999999997
1  8.71e+00  0.1759222886 59492.312 0.90199999999999999997
1  9.12e+00  0.1758974549 59492.312 0.90199999999999999997
1  9.55e+00  0.1758878219 59492.312 0.90199999999999999997
1  1.00e+01  0.1760030383 59492.312 0.90199999999999999997
1  1.05e+01  0.1759708216 59492.312 0.90199999999999999997
1  1.10e+01  0.175895805 59492.312 0.90199999999999999997
1  1.15e+01  0.175897414 59492.312 0.90199999999999999997
1  1.20e+01  0.1759281409 59492.312 0.90199999999999999997
1  1.26e+01  0.1758977761 59492.312 0.90199999999999999997
1  1.32e+01  0.1759354525 59492.312 0.90199999999999999997
1  1.38e+01  0.1758963921 59492.312 0.90199999999999999997
1  1.45e+01  0.1759133296 59492.312 0.90199999999999999997
1  1.51e+01  0.1758953254 59492.312 0.90199999999999999997
1  1.58e+01  0.1759393094 59492.312 0.90199999999999999997
1  1.66e+01  0.1759186904 59492.312 0.90199999999999999997
1  1.74e+01  0.1759318782 59492.312 0.90199999999999999997
1  1.82e+01  0.1759370285 59492.312 0.90199999999999999997
1  1.91e+01  0.1759476821 59492.312 0.90199999999999999997
1  2.00e+01  0.1759510449 59492.312 0.90199999999999999997
1  2.09e+01  0.1758996844 59492.312 0.90199999999999999997
1  2.19e+01  0.1759378943 59492.312 0.90199999999999999997
1  2.29e+01  0.1759573258 59492.312 0.90199999999999999997
1  2.40e+01  0.1758736005 59492.312 0.90199999999999999997
1  2.51e+01  0.1758870942 59492.312 0.90199999999999999997
1  2.63e+01  0.1760502291 59492.312 0.90199999999999999997
1  2.75e+01  0.1760955478 59492.312 0.90199999999999999997
1  2.88e+01  0.1758596194 59492.312 0.90199999999999999997
1  3.02e+01  0.1758366433 59492.312 0.90199999999999999997
1  3.16e+01  0.1757074444 59492.312 0.90199999999999999997
1  3.31e+01  0.1759381453 59492.312 0.90199999999999999997
1  3.47e+01  0.1760276887 59492.312 0.90199999999999999997
1  3.63e+01  0.1760229815 59492.312 0.90199999999999999997
1  3.80e+01  0.1759673971 59492.312 0.90199999999999999997
1  3.98e+01  0.1758991774 59492.312 0.90199999999999999997
1  4.17e+01  0.1760770039 59492.312 0.90199999999999999997
1  4.37e+01  0.1761224728 59492.312 0.90199999999999999997
1  4.57e+01  0.1761029841 59492.312 0.90199999999999999997
1  4.79e+01  0.1759628393 59492.312 0.90199999999999999997
1  5.01e+01  0.1759869145 59492.312 0.90199999999999999997
1  5.25e+01  0.1758881304 59492.312 0.90199999999999999997
1  5.50e+01  0.1757863944 59492.312 0.90199999999999999997
1  5.75e+01  0.1760433854 59492.312 0.90199999999999999997
1  6.03e+01  0.1759874916 59492.312 0.90199999999999999997
1  6.31e+01  0.1760197272 59492.312 0.90199999999999999997
1  6.61e+01  0.1761012655 59492.312 0.90199999999999999997
1  6.92e+01  0.1761774842 59492.312 0.90199999999999999997
1  7.24e+01  0.1760247551 59492.312 0.90199999999999999997
1  7.59e+01  0.1759175503 59492.312 0.90199999999999999997
1  7.94e+01  0.1759990679 59492.312 0.90199999999999999997
1  8.32e+01  0.1759750543 59492.312 0.90199999999999999997
1  8.71e+01  0.1760541442 59492.312 0.90199999999999999997
1  9.12e+01  0.1758019555 59492.312 0.90199999999999999997
1  9.55e+01  0.1760886792 59492.312 0.90199999999999999997
1  1.00e+02  0.1761635079 59492.312 0.90199999999999999997
1  1.05e+02  0.1760994276 59492.312 0.90199999999999999997
1  1.10e+02  0.1760731315 59492.312 0.90199999999999999997
1  1.15e+02  0.176028353 59492.312 0.90199999999999999997
1  1.20e+02  0.1761074517 59492.312 0.90199999999999999997
1  1.26e+02  0.1761795106 59492.312 0.90199999999999999997
1  1.32e+02  0.1759923193 59492.312 0.90199999999999999997
1  1.38e+02  0.1759956792 59492.312 0.90199999999999999997
1  1.45e+02  0.1762722093 59492.312 0.90199999999999999997
1  1.51e+02  0.1763052345 59492.312 0.90199999999999999997
1  1.58e+02  0.1762754818 59492.312 0.90199999999999999997
1  1.66e+02  0.1760710561 59492.312 0.90199999999999999997
1  1.74e+02  0.1759374807 59492.312 0.90199999999999999997
1  1.82e+02  0.1760448542 59492.312 0.90199999999999999997
1  1.91e+02  0.1764569425 59492.312 0.90199999999999999997
1  2.00e+02  0.1763487772 59492.312 0.90199999999999999997
1  2.09e+02  0.1762042653 59492.312 0.90199999999999999997
1  2.19e+02  0.176223447 59492.312 0.90199999999999999997
1  2.29e+02  0.1765586491 59492.312 0.90199999999999999997
1  2.40e+02  0.1765416113 59492.312 0.90199999999999999997
1  2.51e+02  0.1766278806 59492.312 0.90199999999999999997
1  2.63e+02  0.1763451115 59492.312 0.90199999999999999997
1  2.75e+02  0.1761036615 59492.312 0.90199999999999999997
1  2.88e+02  0.1761587566 59492.312 0.90199999999999999997
1  3.02e+02  0.1765651732 59492.312 0.90199999999999999997
1  3.16e+02  0.1763894684 59492.312 0.90199999999999999997
1  3.31e+02  0.1758714644 59492.312 0.90199999999999999997
1  3.47e+02  0.1767534909 59492.312 0.90199999999999999997
1  3.63e+02  0.1768250956 59492.312 0.90199999999999999997
1  3.80e+02  0.1769394371 59492.312 0.90199999999999999997
1  3.98e+02  0.1765755407 59492.312 0.90199999999999999997
1  4.17e+02  0.1764018595 59492.312 0.90199999999999999997
1  4.37e+02  0.1758818915 59492.312 0.90199999999999999997
1  4.57e+02  0.1758567252 59492.312 0.90199999999999999997
1  4.79e+02  0.1767438563 59492.312 0.90199999999999999997
1  5.01e+02  0.176452427 59492.312 0.90199999999999999997
1  5.25e+02  0.1773572536 59492.312 0.90199999999999999997
1  5.50e+02  0.1773524844 59492.312 0.90199999999999999997
1  5.75e+02  0.1764823611 59492.312 0.90199999999999999997
1  6.03e+02  0.1771321728 59492.312 0.90199999999999999997
1  6.31e+02  0.1759140636 59492.312 0.90199999999999999997
1  6.61e+02  0.1759852286 59492.312 0.90199999999999999997
1  6.92e+02  0.1768113916 59492.312 0.90199999999999999997
1  7.24e+02  0.1772392439 59492.312 0.90199999999999999997
1  7.59e+02  0.1775825423 59492.312 0.90199999999999999997
1  7.94e+02  0.1772399189 59492.312 0.90199999999999999997
1  8.32e+02  0.1775563613 59492.312 0.90199999999999999997
1  8.71e+02  0.177602508 59492.312 0.90199999999999999997
1  9.12e+02  0.1769089864 59492.312 0.90199999999999999997
1  9.55e+02  0.175994885 59492.312 0.90199999999999999997
1  1.00e+03  0.1760020296 59492.312 0.90199999999999999997
1  1.05e+03  0.1755518762 59492.312 0.90199999999999999997
1  1.10e+03  0.1786260642 59492.312 0.90199999999999999997
1  1.15e+03  0.1755648436 59492.312 0.90199999999999999997
1  1.20e+03  0.1764682796 59492.312 0.90199999999999999997
1  1.26e+03  0.1744825302 59492.312 0.90199999999999999997
1  1.32e+03  0.1754663304 59492.312 0.90199999999999999997
1  1.38e+03  0.1708590173 59492.312 0.90199999999999999997
1  1.45e+03  0.1808850169 59492.312 0.90199999999999999997
1  1.51e+03  0.180452766 59492.312 0.90199999999999999997
1  1.58e+03  0.1806979842 59492.312 0.90199999999999999997
1  1.66e+03  0.1881719792 59492.312 0.90199999999999999997
1  1.74e+03  0.1981123149 59492.312 0.90199999999999999997
1  1.82e+03  0.1683953029 59492.312 0.90199999999999999997
1  1.91e+03  0.1816575979 59492.312 0.90199999999999999997
1  2.00e+03  0.1542257632 59492.312 0.90199999999999999997
1  2.09e+03  0.144526358 59492.312 0.90199999999999999997
1  2.19e+03  0.1461118092 59492.312 0.90199999999999999997
1  2.29e+03  0.148114002 59492.312 0.90199999999999999997
1  2.40e+03  0.1774889579 59492.312 0.90199999999999999997
1  2.51e+03  0.2323573177 59492.312 0.90199999999999999997
1  2.63e+03  0.1706924724 59492.312 0.90199999999999999997
1  2.75e+03  0.2594886211 59492.312 0.90199999999999999997
1  2.88e+03  0.2155955202 59492.312 0.90199999999999999997
1  3.02e+03  0.1715777138 59492.312 0.90199999999999999997
1  3.16e+03  0.1695155969 59492.312 0.90199999999999999997
1  3.31e+03  0.1578400791 59492.312 0.90199999999999999997
1  3.47e+03  0.1387832128 59492.312 0.90199999999999999997
1  3.63e+03  0.1757091 59492.312 0.90199999999999999997
1  3.80e+03  0.220559073 59492.312 0.90199999999999999997
1  3.98e+03  0.1060184578 59492.312 0.90199999999999999997
1  4.17e+03  0.1876052627 59492.312 0.90199999999999999997
1  4.37e+03  0.08954274309 59492.312 0.90199999999999999997
1  4.57e+03  0.1707090993 59492.312 0.90199999999999999997
1  4.79e+03  0.1430678417 59492.312 0.90199999999999999997
1  5.01e+03  0.08679038579 59492.312 0.90199999999999999997
1  5.25e+03  0.09351836961 59492.312 0.90199999999999999997
1  5.50e+03  0.1061640379 59492.312 0.90199999999999999997
1  5.75e+03  0.1079200424 59492.312 0.90199999999999999997
1  6.03e+03  0.08429276374 59492.312 0.90199999999999999997
1  6.31e+03  0.1177536283 59492.312 0.90199999999999999997
1  6.61e+03  0.2203119788 59492.312 0.90199999999999999997
1  6.92e+03  0.2609197798 59492.312 0.90199999999999999997
1  7.24e+03  0.0824500727 59492.312 0.90199999999999999997
1  7.59e+03  0.2839382133 59492.312 0.90199999999999999997
1  7.94e+03  0.1559598413 59492.312 0.90199999999999999997
1  8.32e+03  0.3016699929 59492.312 0.90199999999999999997
1  8.71e+03  0.1093358759 59492.312 0.90199999999999999997
1  9.12e+03  0.3586873213 59492.312 0.90199999999999999997
1  9.55e+03  0.2177603949 59492.312 0.90199999999999999997
1  1.00e+04  0.1825603083 59492.312 0.90199999999999999997
1  1.05e+04  0.2973153015 59492.312 0.90199999999999999997
1  1.10e+04  0.380847093 59492.312 0.90199999999999999997
1  1.15e+04  0.3445884671 59492.312 0.90199999999999999997
1  1.20e+04  0.3387246851 59492.312 0.90199999999999999997
1  1.26e+04  0.2457831468 59492.312 0.90199999999999999997
1  1.32e+04  0.3127056916 59492.312 0.90199999999999999997
1  1.38e+04  0.2769099291 59492.312 0.90199999999999999997
1  1.45e+04  0.3318117203 59492.312 0.90199999999999999997
1  1.51e+04  0.3484774171 59492.312 0.90199999999999999997
1  1.58e+04  0.3566602856 59492.312 0.90199999999999999997
1  1.66e+04  0.3427471718 59492.312 0.90199999999999999997
1  1.74e+04  0.3411603118 59492.312 0.90199999999999999997
1  1.82e+04  0.3454729743 59492.312 0.90199999999999999997
1  1.91e+04  0.3769525775 59492.312 0.90199999999999999997
1  2.00e+04  0.3305015038 59492.312 0.90199999999999999997
1  2.09e+04  0.3719607666 59492.312 0.90199999999999999997
1  2.19e+04  0.4052931238 59492.312 0.90199999999999999997
1  2.29e+04  0.3294280854 59492.312 0.90199999999999999997
1  2.40e+04  0.4328503988 59492.312 0.90199999999999999997
1  2.51e+04  0.3855309384 59492.312 0.90199999999999999997
1  2.63e+04  0.2858920029 59492.312 0.90199999999999999997
1  2.75e+04  0.518859298 59492.312 0.90199999999999999997
1  2.88e+04  0.2821554659 59492.312 0.90199999999999999997
1  3.02e+04  0.4795775977 59492.312 0.90199999999999999997
1  3.16e+04  0.2819749309 59492.312 0.90199999999999999997
1  3.31e+04  0.5205906609 59492.312 0.90199999999999999997
1  3.47e+04  0.266650665 59492.312 0.90199999999999999997
1  3.63e+04  0.4991568993 59492.312 0.90199999999999999997
1  3.80e+04  0.351057321 59492.312 0.90199999999999999997
1  3.98e+04  0.3867564684 59492.312 0.90199999999999999997
1  4.17e+04  0.441684642 59492.312 0.90199999999999999997
1  4.37e+04  0.2668139349 59492.312 0.90199999999999999997
1  4.57e+04  0.5314622507 59492.312 0.90199999999999999997
1  4.79e+04  0.3616124216 59492.312 0.90199999999999999997
1  5.01e+04  0.2498787469 59492.312 0.90199999999999999997
1  5.25e+04  0.4929067465 59492.312 0.90199999999999999997
1  5.50e+04  0.4324605132 59492.312 0.90199999999999999997
1  5.75e+04  0.2258414928 59492.312 0.90199999999999999997
1  6.03e+04  0.4692649763 59492.312 0.90199999999999999997
1  6.31e+04  0.4796814445 59492.312 0.90199999999999999997
1  6.61e+04  0.2293861631 59492.312 0.90199999999999999997
1  6.92e+04  0.3245406333 59492.312 0.90199999999999999997
1  7.24e+04  0.4925747507 59492.312 0.90199999999999999997
1  7.59e+04  0.3901299803 59492.312 0.90199999999999999997
1  7.94e+04  0.2326923414 59492.312 0.90199999999999999997
1  8.32e+04  0.2330260802 59492.312 0.90199999999999999997
1  8.71e+04  0.3454261026 59492.312 0.90199999999999999997
1  9.12e+04  0.4279501435 59492.312 0.90199999999999999997
1  9.55e+04  0.3840102287 59492.312 0.90199999999999999997
1  1.00e+05  0.2563118013 59492.312 0.90199999999999999997
1  1.05e+05  0.1950295723 59492.312 0.90199999999999999997
1  1.10e+05  0.2784954326 59492.312 0.90199999999999999997
1  1.15e+05  0.4152059393 59492.312 0.90199999999999999997
1  1.20e+05  0.458028421 59492.312 0.90199999999999999997
1  1.26e+05  0.3696274325 59492.312 0.90199999999999999997
1  1.32e+05  0.2443487057 59492.312 0.90199999999999999997
1  1.38e+05  0.1959744269 59492.312 0.90199999999999999997
1  1.45e+05  0.2541340167 59492.312 0.90199999999999999997
1  1.51e+05  0.3589662907 59492.312 0.90199999999999999997
1  1.58e+05  0.4277038363 59492.312 0.90199999999999999997
1  1.66e+05  0.4183302052 59492.312 0.90199999999999999997
1  1.74e+05  0.3459677307 59492.312 0.90199999999999999997
1  1.82e+05  0.2580857015 59492.312 0.90199999999999999997
1  1.91e+05  0.1990155706 59492.312 0.90199999999999999997
1  2.00e+05  0.1881896173 59492.312 0.90199999999999999997
1  2.09e+05  0.2184528103 59492.312 0.90199999999999999997
1  2.19e+05  0.2674190629 59492.312 0.90199999999999999997
1  2.29e+05  0.3113981395 59492.312 0.90199999999999999997
1  2.40e+05  0.3348020037 59492.312 0.90199999999999999997
1  2.51e+05  0.33304014 59492.312 0.90199999999999999997
1  2.63e+05  0.3104642646 59492.312 0.90199999999999999997
1  2.75e+05  0.2761308648 59492.312 0.90199999999999999997
1  2.88e+05  0.2396985479 59492.312 0.90199999999999999997
1  3.02e+05  0.2086901524 59492.312 0.90199999999999999997
1  3.16e+05  0.1873586268 59492.312 0.90199999999999999997
1  3.31e+05  0.1768036241 59492.312 0.90199999999999999997
1  3.47e+05  0.1757883872 59492.312 0.90199999999999999997
1  3.63e+05  0.1817657791 59492.312 0.90199999999999999997
1  3.80e+05  0.1917898076 59492.312 0.90199999999999999997
1  3.98e+05  0.2031616385 59492.312 0.90199999999999999997
1  4.17e+05  0.2137870686 59492.312 0.90199999999999999997
1  4.37e+05  0.2222949512 59492.312 0.90199999999999999997
1  4.57e+05  0.2279930112 59492.312 0.90199999999999999997
1  4.79e+05  0.2307352764 59492.312 0.90199999999999999997
1  5.01e+05  0.2307589992 59492.312 0.90199999999999999997
1  5.25e+05  0.2285289505 59492.312 0.90199999999999999997
1  5.50e+05  0.2246092443 59492.312 0.90199999999999999997
1  5.75e+05  0.2195697442 59492.312 0.90199999999999999997
1  6.03e+05  0.2139258324 59492.312 0.90199999999999999997
1  6.31e+05  0.2081060232 59492.312 0.90199999999999999997
1  6.61e+05  0.2024404109 59492.312 0.90199999999999999997
1  6.92e+05  0.1971631536 59492.312 0.90199999999999999997
1  7.24e+05  0.1924095682 59492.312 0.90199999999999999997
1  7.59e+05  0.1882539355 59492.312 0.90199999999999999997
1  7.94e+05  0.1847485215 59492.312 0.90199999999999999997
1  8.32e+05  0.1818706689 59492.312 0.90199999999999999997
1  8.71e+05  0.1795778362 59492.312 0.90199999999999999997
1  9.12e+05  0.1778111928 59492.312 0.90199999999999999997
1  9.55e+05  0.1765038187 59492.312 0.90199999999999999997
1  1.00e+06  0.1755914725 59492.312 0.90199999999999999997
1  1.05e+06  0.1749975306 59492.312 0.90199999999999999997
1  1.10e+06  0.1746650716 59492.312 0.90199999999999999997
1  1.15e+06  0.1745384891 59492.312 0.90199999999999999997
1  1.20e+06  0.1745692532 59492.312 0.90199999999999999997
1  1.26e+06  0.1747160017 59492.312 0.90199999999999999997
1  1.32e+06  0.1749442324 59492.312 0.90199999999999999997
1  1.38e+06  0.1752257518 59492.312 0.90199999999999999997
1  1.45e+06  0.1755379924 59492.312 0.90199999999999999997
1  1.51e+06  0.1758632832 59492.312 0.90199999999999999997
1  1.58e+06  0.1761881252 59492.312 0.90199999999999999997
1  1.66e+06  0.1765025087 59492.312 0.90199999999999999997
1  1.74e+06  0.1767992929 59492.312 0.90199999999999999997
1  1.82e+06  0.1770736556 59492.312 0.90199999999999999997
1  1.91e+06  0.1773226174 59492.312 0.90199999999999999997
1  2.00e+06  0.1775446363 59492.312 0.90199999999999999997
1  2.09e+06  0.1777404812 59492.312 0.90199999999999999997
1  2.19e+06  0.177907998 59492.312 0.90199999999999999997
1  2.29e+06  0.1780494844 59492.312 0.90199999999999999997
1  2.40e+06  0.1781663205 59492.312 0.90199999999999999997
1  2.51e+06  0.1782601538 59492.312 0.90199999999999999997
1  2.63e+06  0.1783327873 59492.312 0.90199999999999999997
1  2.75e+06  0.178386094 59492.312 0.90199999999999999997
1  2.88e+06  0.1784219532 59492.312 0.90199999999999999997
1  3.02e+06  0.178442203 59492.312 0.90199999999999999997
1  3.16e+06  0.1784486078 59492.312 0.90199999999999999997
1  3.31e+06  0.1784428358 59492.312 0.90199999999999999997
1  3.47e+06  0.1784264451 59492.312 0.90199999999999999997
1  3.63e+06  0.1784008761 59492.312 0.90199999999999999997
1  3.80e+06  0.1783674495 59492.312 0.90199999999999999997
1  3.98e+06  0.1783273665 59492.312 0.90199999999999999997
1  4.17e+06  0.178282007 59492.312 0.90199999999999999997
1  4.37e+06  0.1782317301 59492.312 0.90199999999999999997
1  4.57e+06  0.1781777305 59492.312 0.90199999999999999997
1  4.79e+06  0.1781207816 59492.312 0.90199999999999999997
1  5.01e+06  0.1780615674 59492.312 0.90199999999999999997
1  5.25e+06  0.1780006894 59492.312 0.90199999999999999997
1  5.50e+06  0.1779386742 59492.312 0.90199999999999999997
1  5.75e+06  0.1778759802 59492.312 0.90199999999999999997
1  6.03e+06  0.1778130048 59492.312 0.90199999999999999997
1  6.31e+06  0.17775009 59492.312 0.90199999999999999997
1  6.61e+06  0.1776875288 59492.312 0.90199999999999999997
1  6.92e+06  0.1776255702 59492.312 0.90199999999999999997
1  7.24e+06  0.177564424 59492.312 0.90199999999999999997
1  7.59e+06  0.1775042659 59492.312 0.90199999999999999997
1  7.94e+06  0.1774452407 59492.312 0.90199999999999999997
1  8.32e+06  0.1773875368 59492.312 0.90199999999999999997
1  8.71e+06  0.1773311023 59492.312 0.90199999999999999997
1  9.12e+06  0.1772760883 59492.312 0.90199999999999999997
1  9.55e+06  0.177222551 59492.312 0.90199999999999999997
1  1.00e+07  0.1771705311 59492.312 0.90199999999999999997
