1  1.00e-03  0.1758963837 59822.092 0.90699999999999999996
1  1.05e-03  0.1758963798 59822.092 0.90699999999999999996
1  1.10e-03  0.1758963854 59822.092 0.90699999999999999996
1  1.15e-03  0.1758963834 59822.092 0.90699999999999999996
1  1.20e-03  0.1758963812 59822.092 0.90699999999999999996
1  1.26e-03  0.1758963887 59822.092 0.90699999999999999996
1  1.32e-03  0.1758963851 59822.092 0.90699999999999999996
1  1.38e-03  0.1759035843 59822.092 0.90699999999999999996
1  1.45e-03  0.1758963864 59822.092 0.90699999999999999996
1  1.51e-03  0.1758963902 59822.092 0.90699999999999999996
1  1.58e-03  0.1758963852 59822.092 0.90699999999999999996
1  1.66e-03  0.175896383 59822.092 0.90699999999999999996
1  1.74e-03  0.1758963858 59822.092 0.90699999999999999996
1  1.82e-03  0.1758963861 59822.092 0.90699999999999999996
1  1.91e-03  0.175896382 59822.092 0.90699999999999999996
1  2.00e-03  0.1758963841 59822.092 0.90699999999999999996
1  2.09e-03  0.1758963818 59822.092 0.90699999999999999996
1  2.19e-03  0.1758963891 59822.092 0.90699999999999999996
1  2.29e-03  0.1758963847 59822.092 0.90699999999999999996
1  2.40e-03  0.1758963895 59822.092 0.90699999999999999996
1  2.51e-03  0.1758963881 59822.092 0.90699999999999999996
1  2.63e-03  0.1758963871 59822.092 0.90699999999999999996
1  2.75e-03  0.1758963855 59822.092 0.90699999999999999996
1  2.88e-03  0.1758963591 59822.092 0.90699999999999999996
1  3.02e-03  0.1758963802 59822.092 0.90699999999999999996
1  3.16e-03  0.1758963945 59822.092 0.90699999999999999996
1  3.31e-03  0.1758963756 59822.092 0.90699999999999999996
1  3.47e-03  0.175896383 59822.092 0.90699999999999999996
1  3.63e-03  0.1758963838 59822.092 0.90699999999999999996
1  3.80e-03  0.1758963904 59822.092 0.90699999999999999996
1  3.98e-03  0.1758963814 59822.092 0.90699999999999999996
1  4.17e-03  0.175896378 59822.092 0.90699999999999999996
1  4.37e-03  0.1758963871 59822.092 0.90699999999999999996
1  4.57e-03  0.175896385 59822.092 0.90699999999999999996
1  4.79e-03  0.1758963878 59822.092 0.90699999999999999996
1  5.01e-03  0.1758963815 59822.092 0.90699999999999999996
1  5.25e-03  0.1758963889 59822.092 0.90699999999999999996
1  5.50e-03  0.1758962976 59822.092 0.90699999999999999996
1  5.75e-03  0.1758963912 59822.092 0.90699999999999999996
1  6.03e-03  0.1758964003 59822.092 0.90699999999999999996
1  6.31e-03  0.1758963865 59822.092 0.90699999999999999996
1  6.61e-03  0.1758963999 59822.092 0.90699999999999999996
1  6.92e-03  0.1758963927 59822.092 0.90699999999999999996
1  7.24e-03  0.1758963969 59822.092 0.90699999999999999996
1  7.59e-03  0.1758963974 59822.092 0.90699999999999999996
1  7.94e-03  0.1758963744 59822.092 0.90699999999999999996
1  8.32e-03  0.175896393 59822.092 0.90699999999999999996
1  8.71e-03  0.175896374 59822.092 0.90699999999999999996
1  9.12e-03  0.1758963963 59822.092 0.90699999999999999996
1  9.55e-03  0.1758963798 59822.092 0.90699999999999999996
1  1.00e-02  0.1758963698 59822.092 0.90699999999999999996
1  1.05e-02  0.1758963789 59822.092 0.90699999999999999996
1  1.10e-02  0.1758963797 59822.092 0.90699999999999999996
1  1.15e-02  0.1758963731 59822.092 0.90699999999999999996
1  1.20e-02  0.1758963801 59822.092 0.90699999999999999996
1  1.26e-02  0.1758963846 59822.092 0.90699999999999999996
1  1.32e-02  0.1758963825 59822.092 0.90699999999999999996
1  1.38e-02  0.1758963707 59822.092 0.90699999999999999996
1  1.45e-02  0.1758963781 59822.092 0.90699999999999999996
1  1.51e-02  0.1758963903 59822.092 0.90699999999999999996
1  1.58e-02  0.1758963687 59822.092 0.90699999999999999996
1  1.66e-02  0.1758963647 59822.092 0.90699999999999999996
1  1.74e-02  0.1758964086 59822.092 0.90699999999999999996
1  1.82e-02  0.1758963633 59822.092 0.90699999999999999996
1  1.91e-02  0.1758964268 59822.092 0.90699999999999999996
1  2.00e-02  0.175896406 59822.092 0.90699999999999999996
1  2.09e-02  0.1758963755 59822.092 0.90699999999999999996
1  2.19e-02  0.1758963789 59822.092 0.90699999999999999996
1  2.29e-02  0.1758963766 59822.092 0.90699999999999999996
1  2.40e-02  0.1758964399 59822.092 0.90699999999999999996
1  2.51e-02  0.1758966219 59822.092 0.90699999999999999996
1  2.63e-02  0.1758964622 59822.092 0.90699999999999999996
1  2.75e-02  0.1758962477 59822.092 0.90699999999999999996
1  2.88e-02  0.1758964207 59822.092 0.90699999999999999996
1  3.02e-02  0.1758964662 59822.092 0.90699999999999999996
1  3.16e-02  0.1758964531 59822.092 0.90699999999999999996
1  3.31e-02  0.1758964284 59822.092 0.90699999999999999996
1  3.47e-02  0.1758963427 59822.092 0.90699999999999999996
1  3.63e-02  0.1758963547 59822.092 0.90699999999999999996
1  3.80e-02  0.1758962537 59822.092 0.90699999999999999996
1  3.98e-02  0.1758964522 59822.092 0.90699999999999999996
1  4.17e-02  0.175895097 59822.092 0.90699999999999999996
1  4.37e-02  0.1758961672 59822.092 0.90699999999999999996
1  4.57e-02  0.1758966307 59822.092 0.90699999999999999996
1  4.79e-02  0.1758962282 59822.092 0.90699999999999999996
1  5.01e-02  0.1758962938 59822.092 0.90699999999999999996
1  5.25e-02  0.175896369 59822.092 0.90699999999999999996
1  5.50e-02  0.1758963002 59822.092 0.90699999999999999996
1  5.75e-02  0.175896387 59822.092 0.90699999999999999996
1  6.03e-02  0.1758964003 59822.092 0.90699999999999999996
1  6.31e-02  0.1758961981 59822.092 0.90699999999999999996
1  6.61e-02  0.175896346 59822.092 0.90699999999999999996
1  6.92e-02  0.1758964196 59822.092 0.90699999999999999996
1  7.24e-02  0.1758963893 59822.092 0.90699999999999999996
1  7.59e-02  0.1758964036 59822.092 0.90699999999999999996
1  7.94e-02  0.175896271 59822.092 0.90699999999999999996
1  8.32e-02  0.175896444 59822.092 0.90699999999999999996
1  8.71e-02  0.1758967115 59822.092 0.90699999999999999996
1  9.12e-02  0.1758963391 59822.092 0.90699999999999999996
1  9.55e-02  0.1758960309 59822.092 0.90699999999999999996
1  1.00e-01  0.175896212 59822.092 0.90699999999999999996
1  1.05e-01  0.1758963364 59822.092 0.90699999999999999996
1  1.10e-01  0.1758961522 59822.092 0.90699999999999999996
1  1.15e-01  0.1758964637 59822.092 0.90699999999999999996
1  1.20e-01  0.175896503 59822.092 0.90699999999999999996
1  1.26e-01  0.1758962906 59822.092 0.90699999999999999996
1  1.32e-01  0.1758961965 59822.092 0.90699999999999999996
1  1.38e-01  0.1758961411 59822.092 0.90699999999999999996
1  1.45e-01  0.1758963312 59822.092 0.90699999999999999996
1  1.51e-01  0.1758966524 59822.092 0.90699999999999999996
1  1.58e-01  0.1758962761 59822.092 0.90699999999999999996
1  1.66e-01  0.175896538 59822.092 0.90699999999999999996
1  1.74e-01  0.1758960151 59822.092 0.90699999999999999996
1  1.82e-01  0.1758963493 59822.092 0.90699999999999999996
1  1.91e-01  0.1758966345 59822.092 0.90699999999999999996
1  2.00e-01  0.1758966726 59822.092 0.90699999999999999996
1  2.09e-01  0.1758964892 59822.092 0.90699999999999999996
1  2.19e-01  0.1758968104 59822.092 0.90699999999999999996
1  2.29e-01  0.1758962066 59822.092 0.90699999999999999996
1  2.40e-01  0.1758962831 59822.092 0.90699999999999999996
1  2.51e-01  0.1758967745 59822.092 0.90699999999999999996
1  2.63e-01  0.1758969876 59822.092 0.90699999999999999996
1  2.75e-01  0.1758968256 59822.092 0.90699999999999999996
1  2.88e-01  0.1758962048 59822.092 0.90699999999999999996
1  3.02e-01  0.175895865 59822.092 0.90699999999999999996
1  3.16e-01  0.1758961093 59822.092 0.90699999999999999996
1  3.31e-01  0.1758969968 59822.092 0.90699999999999999996
1  3.47e-01  0.1758947445 59822.092 0.90699999999999999996
1  3.63e-01  0.175896048 59822.092 0.90699999999999999996
1  3.80e-01  0.1758969952 59822.092 0.90699999999999999996
1  3.98e-01  0.175896188 59822.092 0.90699999999999999996
1  4.17e-01  0.1758968031 59822.092 0.90699999999999999996
1  4.37e-01  0.175897423 59822.092 0.90699999999999999996
1  4.57e-01  0.1758972138 59822.092 0.90699999999999999996
1  4.79e-01  0.1758973565 59822.092 0.90699999999999999996
1  5.01e-01  0.1758977038 59822.092 0.90699999999999999996
1  5.25e-01  0.1758962184 59822.092 0.90699999999999999996
1  5.50e-01  0.1758976428 59822.092 0.90699999999999999996
1  5.75e-01  0.1758962966 59822.092 0.90699999999999999996
1  6.03e-01  0.1758976846 59822.092 0.90699999999999999996
1  6.31e-01  0.1758963707 59822.092 0.90699999999999999996
1  6.61e-01  0.1758961909 59822.092 0.90699999999999999996
1  6.92e-01  0.1758963816 59822.092 0.90699999999999999996
1  7.24e-01  0.1758972987 59822.092 0.90699999999999999996
1  7.59e-01  0.1758977203 59822.092 0.90699999999999999996
1  7.94e-01  0.1758978568 59822.092 0.90699999999999999996
1  8.32e-01  0.1758976309 59822.092 0.90699999999999999996
1  8.71e-01  0.1758962732 59822.092 0.90699999999999999996
1  9.12e-01  0.1758997074 59822.092 0.90699999999999999996
1  9.55e-01  0.1758967298 59822.092 0.90699999999999999996
1  1.00e+00  0.1758993253 59822.092 0.90699999999999999996
1  1.05e+00  0.1758976291 59822.092 0.90699999999999999996
1  1.10e+00  0.1758962447 59822.092 0.90699999999999999996
1  1.15e+00  0.1758985787 59822.092 0.90699999999999999996
1  1.20e+00  0.175896899 59822.092 0.90699999999999999996
1  1.26e+00  0.175896885 59822.092 0.90699999999999999996
1  1.32e+00  0.1759027859 59822.092 0.90699999999999999996
1  1.38e+00  0.1759001177 59822.092 0.90699999999999999996
1  1.45e+00  0.1758984527 59822.092 0.90699999999999999996
1  1.51e+00  0.1758981793 59822.092 0.90699999999999999996
1  1.58e+00  0.1758983573 59822.092 0.90699999999999999996
1  1.66e+00  0.1758963076 59822.092 0.90699999999999999996
1  1.74e+00  0.1759012495 59822.092 0.90699999999999999996
1  1.82e+00  0.1759012802 59822.092 0.90699999999999999996
1  1.91e+00  0.1758962442 59822.092 0.90699999999999999996
1  2.00e+00  0.1758960926 59822.092 0.90699999999999999996
1  2.09e+00  0.1759013611 59822.092 0.90699999999999999996
1  2.19e+00  0.1758976651 59822.092 0.90699999999999999996
1  2.29e+00  0.1758962063 59822.092 0.90699999999999999996
1  2.40e+00  0.175895542 59822.092 0.90699999999999999996
1  2.51e+00  0.1758995236 59822.092 0.90699999999999999996
1  2.63e+00  0.1758976717 59822.092 0.90699999999999999996
1  2.75e+00  0.1759008819 59822.092 0.90699999999999999996
1  2.88e+00  0.1759045548 59822.092 0.90699999999999999996
1  3.02e+00  0.1758965568 59822.092 0.90699999999999999996
1  3.16e+00  0.1759021217 59822.092 0.90699999999999999996
1  3.31e+00  0.1758997546 59822.092 0.90699999999999999996
1  3.47e+00  0.1759050243 59822.092 0.90699999999999999996
1  3.63e+00  0.1758963939 59822.092 0.90699999999999999996
1  3.80e+00  0.175896459 59822.092 0.90699999999999999996
1  3.98e+00  0.1758962367 59822.092 0.90699999999999999996
1  4.17e+00  0.1758989448 59822.092 0.90699999999999999996
1  4.37e+00  0.1759020343 59822.092 0.90699999999999999996
1  4.57e+00  0.1759061364 59822.092 0.90699999999999999996
1  4.79e+00  0.1759008802 59822.092 0.90699999999999999996
1  5.01e+00  0.1759020471 59822.092 0.90699999999999999996
1  5.25e+00  0.1759137692 59822.092 0.90699999999999999996
1  5.50e+00  0.1759081129 59822.092 0.90699999999999999996
1  5.75e+00  0.1759040518 59822.092 0.90699999999999999996
1  6.03e+00  0.1759000523 59822.092 0.90699999999999999996
1  6.31e+00  0.1759077328 59822.092 0.90699999999999999996
1  6.61e+00  0.1759007725 59822.092 0.90699999999999999996
1  6.92e+00  0.1758920151 59822.092 0.90699999999999999996
1  7.24e+00  0.1758965249 59822.092 0.90699999999999999996
1  7.59e+00  0.1758625455 59822.092 0.90699999999999999996
1  7.94e+00  0.1759001329 59822.092 0.90699999999999999996
1  8.32e+00  0.175914337 59822.092 0.90699999999999999996
1  8.71e+00  0.1759203973 59822.092 0.90699999999999999996
1  9.12e+00  0.1758690261 59822.092 0.90699999999999999996
1  9.55e+00  0.1758689791 59822.092 0.90699999999999999996
1  1.00e+01  0.175915757 59822.092 0.90699999999999999996
1  1.05e+01  0.1759016985 59822.092 0.90699999999999999996
1  1.10e+01  0.175905546 59822.092 0.90699999999999999996
1  1.15e+01  0.1759080978 59822.092 0.90699999999999999996
1  1.20e+01  0.1759608489 59822.092 0.90699999999999999996
1  1.26e+01  0.175919411 59822.092 0.90699999999999999996
1  1.32e+01  0.1758999336 59822.092 0.90699999999999999996
1  1.38e+01  0.1759350033 59822.092 0.90699999999999999996
1  1.45e+01  0.1759290959 59822.092 0.90699999999999999996
1  1.51e+01  0.1759578038 59822.092 0.90699999999999999996
1  1.58e+01  0.1759393139 59822.092 0.90699999999999999996
1  1.66e+01  0.1759221213 59822.092 0.90699999999999999996
1  1.74e+01  0.1759206328 59822.092 0.90699999999999999996
1  1.82e+01  0.1759254495 59822.092 0.90699999999999999996
1  1.91e+01  0.1759194261 59822.092 0.90699999999999999996
1  2.00e+01  0.1759023167 59822.092 0.90699999999999999996
1  2.09e+01  0.1761740623 59822.092 0.90699999999999999996
1  2.19e+01  0.1759289309 59822.092 0.90699999999999999996
1  2.29e+01  0.1759075386 59822.092 0.90699999999999999996
1  2.40e+01  0.1759343012 59822.092 0.90699999999999999996
1  2.51e+01  0.1760520186 59822.092 0.90699999999999999996
1  2.63e+01  0.1759605298 59822.092 0.90699999999999999996
1  2.75e+01  0.1758439046 59822.092 0.90699999999999999996
1  2.88e+01  0.17589637 59822.092 0.90699999999999999996
1  3.02e+01  0.1758838304 59822.092 0.90699999999999999996
1  3.16e+01  0.1759895449 59822.092 0.90699999999999999996
1  3.31e+01  0.1758302167 59822.092 0.90699999999999999996
1  3.47e+01  0.1760216612 59822.092 0.90699999999999999996
1  3.63e+01  0.1760141501 59822.092 0.90699999999999999996
1  3.80e+01  0.1759334725 59822.092 0.90699999999999999996
1  3.98e+01  0.1760220291 59822.092 0.90699999999999999996
1  4.17e+01  0.1759150613 59822.092 0.90699999999999999996
1  4.37e+01  0.1760878449 59822.092 0.90699999999999999996
1  4.57e+01  0.1760127538 59822.092 0.90699999999999999996
1  4.79e+01  0.1759663472 59822.092 0.90699999999999999996
1  5.01e+01  0.175850082 59822.092 0.90699999999999999996
1  5.25e+01  0.1759348503 59822.092 0.90699999999999999996
1  5.50e+01  0.1760615544 59822.092 0.90699999999999999996
1  5.75e+01  0.1760143494 59822.092 0.90699999999999999996
1  6.03e+01  0.1759029805 59822.092 0.90699999999999999996
1  6.31e+01  0.1759174455 59822.092 0.90699999999999999996
1  6.61e+01  0.1759497056 59822.092 0.90699999999999999996
1  6.92e+01  0.1758846328 59822.092 0.90699999999999999996
1  7.24e+01  0.1761259186 59822.092 0.90699999999999999996
1  7.59e+01  0.1760794405 59822.092 0.90699999999999999996
1  7.94e+01  0.1758748226 59822.092 0.90699999999999999996
1  8.32e+01  0.1759853062 59822.092 0.90699999999999999996
1  8.71e+01  0.1760166244 59822.092 0.90699999999999999996
1  9.12e+01  0.1758916911 59822.092 0.90699999999999999996
1  9.55e+01  0.1760956278 59822.092 0.90699999999999999996
1  1.00e+02  0.1761182257 59822.092 0.90699999999999999996
1  1.05e+02  0.1759184487 59822.092 0.90699999999999999996
1  1.10e+02  0.1761298014 59822.092 0.90699999999999999996
1  1.15e+02  0.1762098029 59822.092 0.90699999999999999996
1  1.20e+02  0.1760341549 59822.092 0.90699999999999999996
1  1.26e+02  0.1761303983 59822.092 0.90699999999999999996
1  1.32e+02  0.1759115964 59822.092 0.90699999999999999996
1  1.38e+02  0.1761865873 59822.092 0.90699999999999999996
1  1.45e+02  0.176300275 59822.092 0.90699999999999999996
1  1.51e+02  0.1764285133 59822.092 0.90699999999999999996
1  1.58e+02  0.1762557436 59822.092 0.90699999999999999996
1  1.66e+02  0.1763177595 59822.092 0.90699999999999999996
1  1.74e+02  0.1761782478 59822.092 0.90699999999999999996
1  1.82e+02  0.176082708 59822.092 0.90699999999999999996
1  1.91e+02  0.1759195435 59822.092 0.90699999999999999996
1  2.00e+02  0.1761159825 59822.092 0.90699999999999999996
1  2.09e+02  0.1764116202 59822.092 0.90699999999999999996
1  2.19e+02  0.1760659714 59822.092 0.90699999999999999996
1  2.29e+02  0.1760828445 59822.092 0.90699999999999999996
1  2.40e+02  0.1764332788 59822.092 0.90699999999999999996
1  2.51e+02  0.1764000146 59822.092 0.90699999999999999996
1  2.63e+02  0.1759973512 59822.092 0.90699999999999999996
1  2.75e+02  0.1763103883 59822.092 0.90699999999999999996
1  2.88e+02  0.1760238662 59822.092 0.90699999999999999996
1  3.02e+02  0.1765707331 59822.092 0.90699999999999999996
1  3.16e+02  0.1765156956 59822.092 0.90699999999999999996
1  3.31e+02  0.1758566571 59822.092 0.90699999999999999996
1  3.47e+02  0.1769089334 59822.092 0.90699999999999999996
1  3.63e+02  0.1764386918 59822.092 0.90699999999999999996
1  3.80e+02  0.176408066 59822.092 0.90699999999999999996
1  3.98e+02  0.1770250518 59822.092 0.90699999999999999996
1  4.17e+02  0.1759431693 59822.092 0.90699999999999999996
1  4.37e+02  0.1768520399 59822.092 0.90699999999999999996
1  4.57e+02  0.1768685698 59822.092 0.90699999999999999996
1  4.79e+02  0.1760077975 59822.092 0.90699999999999999996
1  5.01e+02  0.1771709224 59822.092 0.90699999999999999996
1  5.25e+02  0.176042964 59822.092 0.90699999999999999996
1  5.50e+02  0.1761440662 59822.092 0.90699999999999999996
1  5.75e+02  0.1770795265 59822.092 0.90699999999999999996
1  6.03e+02  0.1765705496 59822.092 0.90699999999999999996
1  6.31e+02  0.1776954568 59822.092 0.90699999999999999996
1  6.61e+02  0.1777948946 59822.092 0.90699999999999999996
1  6.92e+02  0.1773750685 59822.092 0.90699999999999999996
1  7.24e+02  0.1760758128 59822.092 0.90699999999999999996
1  7.59e+02  0.1773972222 59822.092 0.90699999999999999996
1  7.94e+02  0.1781603543 59822.092 0.90699999999999999996
1  8.32e+02  0.1768611162 59822.092 0.90699999999999999996
1  8.71e+02  0.1757088357 59822.092 0.90699999999999999996
1  9.12e+02  0.1796023008 59822.092 0.90699999999999999996
1  9.55e+02  0.1793740953 59822.092 0.90699999999999999996
1  1.00e+03  0.1780481079 59822.092 0.90699999999999999996
1  1.05e+03  0.1759505634 59822.092 0.90699999999999999996
1  1.10e+03  0.1782870504 59822.092 0.90699999999999999996
1  1.15e+03  0.1809000686 59822.092 0.90699999999999999996
1  1.20e+03  0.1780341834 59822.092 0.90699999999999999996
1  1.26e+03  0.1777459331 59822.092 0.90699999999999999996
1  1.32e+03  0.1772764206 59822.092 0.90699999999999999996
1  1.38e+03  0.1697387283 59822.092 0.90699999999999999996
1  1.45e+03  0.1770044537 59822.092 0.90699999999999999996
1  1.51e+03  0.188874522 59822.092 0.90699999999999999996
1  1.58e+03  0.1932081886 59822.092 0.90699999999999999996
1  1.66e+03  0.1995094798 59822.092 0.90699999999999999996
1  1.74e+03  0.1916611573 59822.092 0.90699999999999999996
1  1.82e+03  0.1662717279 59822.092 0.90699999999999999996
1  1.91e+03  0.1794015983 59822.092 0.90699999999999999996
1  2.00e+03  0.1669233874 59822.092 0.90699999999999999996
1  2.09e+03  0.1486561557 59822.092 0.90699999999999999996
1  2.19e+03  0.1460290631 59822.092 0.90699999999999999996
1  2.29e+03  0.1571654729 59822.092 0.90699999999999999996
1  2.40e+03  0.2010998321 59822.092 0.90699999999999999996
1  2.51e+03  0.2179787437 59822.092 0.90699999999999999996
1  2.63e+03  0.1786443862 59822.092 0.90699999999999999996
1  2.75e+03  0.2415434334 59822.092 0.90699999999999999996
1  2.88e+03  0.2456809674 59822.092 0.90699999999999999996
1  3.02e+03  0.1846855976 59822.092 0.90699999999999999996
1  3.16e+03  0.1634212075 59822.092 0.90699999999999999996
1  3.31e+03  0.1530279256 59822.092 0.90699999999999999996
1  3.47e+03  0.1523936511 59822.092 0.90699999999999999996
1  3.63e+03  0.2026034424 59822.092 0.90699999999999999996
1  3.80e+03  0.2068748597 59822.092 0.90699999999999999996
1  3.98e+03  0.102839494 59822.092 0.90699999999999999996
1  4.17e+03  0.1953314766 59822.092 0.90699999999999999996
1  4.37e+03  0.08812493317 59822.092 0.90699999999999999996
1  4.57e+03  0.1580980707 59822.092 0.90699999999999999996
1  4.79e+03  0.1592506845 59822.092 0.90699999999999999996
1  5.01e+03  0.1022949739 59822.092 0.90699999999999999996
1  5.25e+03  0.08274109593 59822.092 0.90699999999999999996
1  5.50e+03  0.0999529189 59822.092 0.90699999999999999996
1  5.75e+03  0.08769880614 59822.092 0.90699999999999999996
1  6.03e+03  0.08946270399 59822.092 0.90699999999999999996
1  6.31e+03  0.1201102215 59822.092 0.90699999999999999996
1  6.61e+03  0.2437988975 59822.092 0.90699999999999999996
1  6.92e+03  0.2404557332 59822.092 0.90699999999999999996
1  7.24e+03  0.08925809812 59822.092 0.90699999999999999996
1  7.59e+03  0.2943711525 59822.092 0.90699999999999999996
1  7.94e+03  0.1412664985 59822.092 0.90699999999999999996
1  8.32e+03  0.3081232373 59822.092 0.90699999999999999996
1  8.71e+03  0.103480749 59822.092 0.90699999999999999996
1  9.12e+03  0.3511500024 59822.092 0.90699999999999999996
1  9.55e+03  0.2489672178 59822.092 0.90699999999999999996
1  1.00e+04  0.09345762441 59822.092 0.90699999999999999996
1  1.05e+04  0.2864902394 59822.092 0.90699999999999999996
1  1.10e+04  0.3948302551 59822.092 0.90699999999999999996
1  1.15e+04  0.3936384662 59822.092 0.90699999999999999996
1  1.20e+04  0.2976027101 59822.092 0.90699999999999999996
1  1.26e+04  0.2265601833 59822.092 0.90699999999999999996
1  1.32e+04  0.2405647224 59822.092 0.90699999999999999996
1  1.38e+04  0.1994851494 59822.092 0.90699999999999999996
1  1.45e+04  0.3179611687 59822.092 0.90699999999999999996
1  1.51e+04  0.3275788724 59822.092 0.90699999999999999996
1  1.58e+04  0.4750680961 59822.092 0.90699999999999999996
1  1.66e+04  0.4115326397 59822.092 0.90699999999999999996
1  1.74e+04  0.3004084436 59822.092 0.90699999999999999996
1  1.82e+04  0.1248160016 59822.092 0.90699999999999999996
1  1.91e+04  0.224715949 59822.092 0.90699999999999999996
1  2.00e+04  0.5109997311 59822.092 0.90699999999999999996
1  2.09e+04  0.2357243854 59822.092 0.90699999999999999996
1  2.19e+04  0.1412561237 59822.092 0.90699999999999999996
1  2.29e+04  0.5093245875 59822.092 0.90699999999999999996
1  2.40e+04  0.203178193 59822.092 0.90699999999999999996
1  2.51e+04  0.2692662571 59822.092 0.90699999999999999996
1  2.63e+04  0.5012561131 59822.092 0.90699999999999999996
1  2.75e+04  0.1574366551 59822.092 0.90699999999999999996
1  2.88e+04  0.517654076 59822.092 0.90699999999999999996
1  3.02e+04  0.1481755105 59822.092 0.90699999999999999996
1  3.16e+04  0.5246976214 59822.092 0.90699999999999999996
1  3.31e+04  0.143747814 59822.092 0.90699999999999999996
1  3.47e+04  0.5229376078 59822.092 0.90699999999999999996
1  3.63e+04  0.2234697752 59822.092 0.90699999999999999996
1  3.80e+04  0.3834246686 59822.092 0.90699999999999999996
1  3.98e+04  0.3748648 59822.092 0.90699999999999999996
1  4.17e+04  0.248758088 59822.092 0.90699999999999999996
1  4.37e+04  0.5209820862 59822.092 0.90699999999999999996
1  4.57e+04  0.1709927563 59822.092 0.90699999999999999996
1  4.79e+04  0.3275340683 59822.092 0.90699999999999999996
1  5.01e+04  0.4939732661 59822.092 0.90699999999999999996
1  5.25e+04  0.2190559829 59822.092 0.90699999999999999996
1  5.50e+04  0.2614046424 59822.092 0.90699999999999999996
1  5.75e+04  0.536535958 59822.092 0.90699999999999999996
1  6.03e+04  0.2740830558 59822.092 0.90699999999999999996
1  6.31e+04  0.2137075848 59822.092 0.90699999999999999996
1  6.61e+04  0.4928959411 59822.092 0.90699999999999999996
1  6.92e+04  0.399784977 59822.092 0.90699999999999999996
1  7.24e+04  0.1701663995 59822.092 0.90699999999999999996
1  7.59e+04  0.2300329621 59822.092 0.90699999999999999996
1  7.94e+04  0.38869401 59822.092 0.90699999999999999996
1  8.32e+04  0.3969039158 59822.092 0.90699999999999999996
1  8.71e+04  0.2758656083 59822.092 0.90699999999999999996
1  9.12e+04  0.1719382462 59822.092 0.90699999999999999996
1  9.55e+04  0.2026256792 59822.092 0.90699999999999999996
1  1.00e+05  0.3417479292 59822.092 0.90699999999999999996
1  1.05e+05  0.4311885478 59822.092 0.90699999999999999996
1  1.10e+05  0.3670141407 59822.092 0.90699999999999999996
1  1.15e+05  0.2261095393 59822.092 0.90699999999999999996
1  1.20e+05  0.1662661516 59822.092 0.90699999999999999996
1  1.26e+05  0.2457470852 59822.092 0.90699999999999999996
1  1.32e+05  0.3791161745 59822.092 0.90699999999999999996
1  1.38e+05  0.4434314936 59822.092 0.90699999999999999996
1  1.45e+05  0.3933043867 59822.092 0.90699999999999999996
1  1.51e+05  0.2801699202 59822.092 0.90699999999999999996
1  1.58e+05  0.1902024668 59822.092 0.90699999999999999996
1  1.66e+05  0.1755155545 59822.092 0.90699999999999999996
1  1.74e+05  0.2298599151 59822.092 0.90699999999999999996
1  1.82e+05  0.3087849665 59822.092 0.90699999999999999996
1  1.91e+05  0.3653215668 59822.092 0.90699999999999999996
1  2.00e+05  0.3748321161 59822.092 0.90699999999999999996
1  2.09e+05  0.3399607845 59822.092 0.90699999999999999996
1  2.19e+05  0.2810639491 59822.092 0.90699999999999999996
1  2.29e+05  0.2223705203 59822.092 0.90699999999999999996
1  2.40e+05  0.18160748 59822.092 0.90699999999999999996
1  2.51e+05  0.1658914609 59822.092 0.90699999999999999996
1  2.63e+05  0.1728762367 59822.092 0.90699999999999999996
1  2.75e+05  0.1945790986 59822.092 0.90699999999999999996
1  2.88e+05  0.2214998817 59822.092 0.90699999999999999996
1  3.02e+05  0.2456222706 59822.092 0.90699999999999999996
1  3.16e+05  0.2618812902 59822.092 0.90699999999999999996
1  3.31e+05  0.2683315424 59822.092 0.90699999999999999996
1  3.47e+05  0.2655146643 59822.092 0.90699999999999999996
1  3.63e+05  0.2555148689 59822.092 0.90699999999999999996
1  3.80e+05  0.2410505042 59822.092 0.90699999999999999996
1  3.98e+05  0.2247845491 59822.092 0.90699999999999999996
1  4.17e+05  0.2089051608 59822.092 0.90699999999999999996
1  4.37e+05  0.1949462937 59822.092 0.90699999999999999996
1  4.57e+05  0.1837826181 59822.092 0.90699999999999999996
1  4.79e+05  0.1757282282 59822.092 0.90699999999999999996
1  5.01e+05  0.1706805497 59822.092 0.90699999999999999996
1  5.25e+05  0.1682686091 59822.092 0.90699999999999999996
1  5.50e+05  0.1679818971 59822.092 0.90699999999999999996
1  5.75e+05  0.1692694437 59822.092 0.90699999999999999996
1  6.03e+05  0.1716076987 59822.092 0.90699999999999999996
1  6.31e+05  0.1745409161 59822.092 0.90699999999999999996
1  6.61e+05  0.1776999543 59822.092 0.90699999999999999996
1  6.92e+05  0.1808057468 59822.092 0.90699999999999999996
1  7.24e+05  0.1836914803 59822.092 0.90699999999999999996
1  7.59e+05  0.1862098765 59822.092 0.90699999999999999996
1  7.94e+05  0.1882863297 59822.092 0.90699999999999999996
1  8.32e+05  0.1899010861 59822.092 0.90699999999999999996
1  8.71e+05  0.1910663944 59822.092 0.90699999999999999996
1  9.12e+05  0.1918158233 59822.092 0.90699999999999999996
1  9.55e+05  0.1921956752 59822.092 0.90699999999999999996
1  1.00e+06  0.1922584145 59822.092 0.90699999999999999996
1  1.05e+06  0.1920578851 59822.092 0.90699999999999999996
1  1.10e+06  0.1916460226 59822.092 0.90699999999999999996
1  1.15e+06  0.1910707609 59822.092 0.90699999999999999996
1  1.20e+06  0.1903748516 59822.092 0.90699999999999999996
1  1.26e+06  0.1895953524 59822.092 0.90699999999999999996
1  1.32e+06  0.1887635834 59822.092 0.90699999999999999996
1  1.38e+06  0.1879053937 59822.092 0.90699999999999999996
1  1.45e+06  0.1870387695 59822.092 0.90699999999999999996
1  1.51e+06  0.1861860076 59822.092 0.90699999999999999996
1  1.58e+06  0.1853564942 59822.092 0.90699999999999999996
1  1.66e+06  0.184559425 59822.092 0.90699999999999999996
1  1.74e+06  0.1838012474 59822.092 0.90699999999999999996
1  1.82e+06  0.1830861573 59822.092 0.90699999999999999996
1  1.91e+06  0.1824165405 59822.092 0.90699999999999999996
1  2.00e+06  0.1817933543 59822.092 0.90699999999999999996
1  2.09e+06  0.1812164523 59822.092 0.90699999999999999996
1  2.19e+06  0.1806848567 59822.092 0.90699999999999999996
1  2.29e+06  0.1801969825 59822.092 0.90699999999999999996
1  2.40e+06  0.1797508197 59822.092 0.90699999999999999996
1  2.51e+06  0.17934408 59822.092 0.90699999999999999996
1  2.63e+06  0.1789743122 59822.092 0.90699999999999999996
1  2.75e+06  0.1786389913 59822.092 0.90699999999999999996
1  2.88e+06  0.1783348593 59822.092 0.90699999999999999996
1  3.02e+06  0.1780609536 59822.092 0.90699999999999999996
1  3.16e+06  0.1778140743 59822.092 0.90699999999999999996
1  3.31e+06  0.1775919287 59822.092 0.90699999999999999996
1  3.47e+06  0.1773923491 59822.092 0.90699999999999999996
1  3.63e+06  0.1772133021 59822.092 0.90699999999999999996
1  3.80e+06  0.1770528937 59822.092 0.90699999999999999996
1  3.98e+06  0.1769093688 59822.092 0.90699999999999999996
1  4.17e+06  0.1767811099 59822.092 0.90699999999999999996
1  4.37e+06  0.1766666314 59822.092 0.90699999999999999996
1  4.57e+06  0.1765645742 59822.092 0.90699999999999999996
1  4.79e+06  0.1764736983 59822.092 0.90699999999999999996
1  5.01e+06  0.1763928757 59822.092 0.90699999999999999996
1  5.25e+06  0.1763210825 59822.092 0.90699999999999999996
1  5.50e+06  0.1762573909 59822.092 0.90699999999999999996
1  5.75e+06  0.1762007841 59822.092 0.90699999999999999996
1  6.03e+06  0.1761508761 59822.092 0.90699999999999999996
1  6.31e+06  0.1761067884 59822.092 0.90699999999999999996
1  6.61e+06  0.1760679057 59822.092 0.90699999999999999996
1  6.92e+06  0.1760336742 59822.092 0.90699999999999999996
1  7.24e+06  0.1760035962 59822.092 0.90699999999999999996
1  7.59e+06  0.1759772246 59822.092 0.90699999999999999996
1  7.94e+06  0.1759541581 59822.092 0.90699999999999999996
1  8.32e+06  0.1759340365 59822.092 0.90699999999999999996
1  8.71e+06  0.1759165372 59822.092 0.90699999999999999996
1  9.12e+06  0.1759013709 59822.092 0.90699999999999999996
1  9.55e+06  0.1758882786 59822.092 0.90699999999999999996
1  1.00e+07  0.1758770284 59822.092 0.90699999999999999996
