1  1.00e-03  0.2763643703 68330.416 1.03599999999999999999
1  1.05e-03  0.2763643662 68330.416 1.03599999999999999999
1  1.10e-03  0.2763643741 68330.416 1.03599999999999999999
1  1.15e-03  0.2763643666 68330.416 1.03599999999999999999
1  1.20e-03  0.2763643741 68330.416 1.03599999999999999999
1  1.26e-03  0.2763643719 68330.416 1.03599999999999999999
1  1.32e-03  0.2763643731 68330.416 1.03599999999999999999
1  1.38e-03  0.2763643699 68330.416 1.03599999999999999999
1  1.45e-03  0.2763643708 68330.416 1.03599999999999999999
1  1.51e-03  0.2763643754 68330.416 1.03599999999999999999
1  1.58e-03  0.2763643675 68330.416 1.03599999999999999999
1  1.66e-03  0.2763643785 68330.416 1.03599999999999999999
1  1.74e-03  0.2763643765 68330.416 1.03599999999999999999
1  1.82e-03  0.2763643736 68330.416 1.03599999999999999999
1  1.91e-03  0.2763643705 68330.416 1.03599999999999999999
1  2.00e-03  0.27636437 68330.416 1.03599999999999999999
1  2.09e-03  0.2763643761 68330.416 1.03599999999999999999
1  2.19e-03  0.2763643724 68330.416 1.03599999999999999999
1  2.29e-03  0.27636437 68330.416 1.03599999999999999999
1  2.40e-03  0.2763643729 68330.416 1.03599999999999999999
1  2.51e-03  0.2763643789 68330.416 1.03599999999999999999
1  2.63e-03  0.2763643764 68330.416 1.03599999999999999999
1  2.75e-03  0.2763643759 68330.416 1.03599999999999999999
1  2.88e-03  0.2763643754 68330.416 1.03599999999999999999
1  3.02e-03  0.2763643811 68330.416 1.03599999999999999999
1  3.16e-03  0.2763643806 68330.416 1.03599999999999999999
1  3.31e-03  0.2763643727 68330.416 1.03599999999999999999
1  3.47e-03  0.2763643782 68330.416 1.03599999999999999999
1  3.63e-03  0.2763643754 68330.416 1.03599999999999999999
1  3.80e-03  0.2763643742 68330.416 1.03599999999999999999
1  3.98e-03  0.2763643816 68330.416 1.03599999999999999999
1  4.17e-03  0.2763643748 68330.416 1.03599999999999999999
1  4.37e-03  0.276364379 68330.416 1.03599999999999999999
1  4.57e-03  0.2763643835 68330.416 1.03599999999999999999
1  4.79e-03  0.2763643791 68330.416 1.03599999999999999999
1  5.01e-03  0.276364388 68330.416 1.03599999999999999999
1  5.25e-03  0.2763643805 68330.416 1.03599999999999999999
1  5.50e-03  0.276364375 68330.416 1.03599999999999999999
1  5.75e-03  0.2763643791 68330.416 1.03599999999999999999
1  6.03e-03  0.2763643882 68330.416 1.03599999999999999999
1  6.31e-03  0.2763643957 68330.416 1.03599999999999999999
1  6.61e-03  0.2763643797 68330.416 1.03599999999999999999
1  6.92e-03  0.2763643827 68330.416 1.03599999999999999999
1  7.24e-03  0.276364379 68330.416 1.03599999999999999999
1  7.59e-03  0.2763643837 68330.416 1.03599999999999999999
1  7.94e-03  0.2763644028 68330.416 1.03599999999999999999
1  8.32e-03  0.2763643832 68330.416 1.03599999999999999999
1  8.71e-03  0.2763643982 68330.416 1.03599999999999999999
1  9.12e-03  0.2763643857 68330.416 1.03599999999999999999
1  9.55e-03  0.2763643953 68330.416 1.03599999999999999999
1  1.00e-02  0.2763643968 68330.416 1.03599999999999999999
1  1.05e-02  0.2763644029 68330.416 1.03599999999999999999
1  1.10e-02  0.2763643913 68330.416 1.03599999999999999999
1  1.15e-02  0.2763644182 68330.416 1.03599999999999999999
1  1.20e-02  0.2763644194 68330.416 1.03599999999999999999
1  1.26e-02  0.2763643897 68330.416 1.03599999999999999999
1  1.32e-02  0.2763644156 68330.416 1.03599999999999999999
1  1.38e-02  0.2763644246 68330.416 1.03599999999999999999
1  1.45e-02  0.276364413 68330.416 1.03599999999999999999
1  1.51e-02  0.2763644192 68330.416 1.03599999999999999999
1  1.58e-02  0.2763644326 68330.416 1.03599999999999999999
1  1.66e-02  0.2763644127 68330.416 1.03599999999999999999
1  1.74e-02  0.276364425 68330.416 1.03599999999999999999
1  1.82e-02  0.2763644184 68330.416 1.03599999999999999999
1  1.91e-02  0.276364427 68330.416 1.03599999999999999999
1  2.00e-02  0.2763645858 68330.416 1.03599999999999999999
1  2.09e-02  0.2763644183 68330.416 1.03599999999999999999
1  2.19e-02  0.2763643967 68330.416 1.03599999999999999999
1  2.29e-02  0.2763643169 68330.416 1.03599999999999999999
1  2.40e-02  0.2763642252 68330.416 1.03599999999999999999
1  2.51e-02  0.2763644826 68330.416 1.03599999999999999999
1  2.63e-02  0.2763644515 68330.416 1.03599999999999999999
1  2.75e-02  0.2763645029 68330.416 1.03599999999999999999
1  2.88e-02  0.2763645542 68330.416 1.03599999999999999999
1  3.02e-02  0.2763644283 68330.416 1.03599999999999999999
1  3.16e-02  0.2763644178 68330.416 1.03599999999999999999
1  3.31e-02  0.2763643952 68330.416 1.03599999999999999999
1  3.47e-02  0.2763644625 68330.416 1.03599999999999999999
1  3.63e-02  0.276365153 68330.416 1.03599999999999999999
1  3.80e-02  0.2763631892 68330.416 1.03599999999999999999
1  3.98e-02  0.2763644562 68330.416 1.03599999999999999999
1  4.17e-02  0.2763638791 68330.416 1.03599999999999999999
1  4.37e-02  0.2763646163 68330.416 1.03599999999999999999
1  4.57e-02  0.2763645479 68330.416 1.03599999999999999999
1  4.79e-02  0.2763643578 68330.416 1.03599999999999999999
1  5.01e-02  0.2763648195 68330.416 1.03599999999999999999
1  5.25e-02  0.2763645143 68330.416 1.03599999999999999999
1  5.50e-02  0.2763645108 68330.416 1.03599999999999999999
1  5.75e-02  0.2763645762 68330.416 1.03599999999999999999
1  6.03e-02  0.2763645935 68330.416 1.03599999999999999999
1  6.31e-02  0.2763644621 68330.416 1.03599999999999999999
1  6.61e-02  0.2763645275 68330.416 1.03599999999999999999
1  6.92e-02  0.2763646581 68330.416 1.03599999999999999999
1  7.24e-02  0.2763645761 68330.416 1.03599999999999999999
1  7.59e-02  0.2763648129 68330.416 1.03599999999999999999
1  7.94e-02  0.2763658296 68330.416 1.03599999999999999999
1  8.32e-02  0.2763655667 68330.416 1.03599999999999999999
1  8.71e-02  0.2763646837 68330.416 1.03599999999999999999
1  9.12e-02  0.2763645188 68330.416 1.03599999999999999999
1  9.55e-02  0.2763647112 68330.416 1.03599999999999999999
1  1.00e-01  0.2763668603 68330.416 1.03599999999999999999
1  1.05e-01  0.2763649125 68330.416 1.03599999999999999999
1  1.10e-01  0.2763644951 68330.416 1.03599999999999999999
1  1.15e-01  0.276364868 68330.416 1.03599999999999999999
1  1.20e-01  0.2763647787 68330.416 1.03599999999999999999
1  1.26e-01  0.2763646893 68330.416 1.03599999999999999999
1  1.32e-01  0.2763648298 68330.416 1.03599999999999999999
1  1.38e-01  0.2763647575 68330.416 1.03599999999999999999
1  1.45e-01  0.2763646275 68330.416 1.03599999999999999999
1  1.51e-01  0.2763600872 68330.416 1.03599999999999999999
1  1.58e-01  0.2763646157 68330.416 1.03599999999999999999
1  1.66e-01  0.2763649169 68330.416 1.03599999999999999999
1  1.74e-01  0.2763650914 68330.416 1.03599999999999999999
1  1.82e-01  0.2763654765 68330.416 1.03599999999999999999
1  1.91e-01  0.276364984 68330.416 1.03599999999999999999
1  2.00e-01  0.2763667064 68330.416 1.03599999999999999999
1  2.09e-01  0.2763645334 68330.416 1.03599999999999999999
1  2.19e-01  0.2763644616 68330.416 1.03599999999999999999
1  2.29e-01  0.276364692 68330.416 1.03599999999999999999
1  2.40e-01  0.2763646162 68330.416 1.03599999999999999999
1  2.51e-01  0.2763651688 68330.416 1.03599999999999999999
1  2.63e-01  0.2763645811 68330.416 1.03599999999999999999
1  2.75e-01  0.2763654683 68330.416 1.03599999999999999999
1  2.88e-01  0.2763817055 68330.416 1.03599999999999999999
1  3.02e-01  0.2763649717 68330.416 1.03599999999999999999
1  3.16e-01  0.2763647568 68330.416 1.03599999999999999999
1  3.31e-01  0.2763642844 68330.416 1.03599999999999999999
1  3.47e-01  0.2763651 68330.416 1.03599999999999999999
1  3.63e-01  0.2763654567 68330.416 1.03599999999999999999
1  3.80e-01  0.276364747 68330.416 1.03599999999999999999
1  3.98e-01  0.2763645209 68330.416 1.03599999999999999999
1  4.17e-01  0.2763665854 68330.416 1.03599999999999999999
1  4.37e-01  0.2763657029 68330.416 1.03599999999999999999
1  4.57e-01  0.2763646046 68330.416 1.03599999999999999999
1  4.79e-01  0.2763648761 68330.416 1.03599999999999999999
1  5.01e-01  0.2763650304 68330.416 1.03599999999999999999
1  5.25e-01  0.2763658767 68330.416 1.03599999999999999999
1  5.50e-01  0.2763727873 68330.416 1.03599999999999999999
1  5.75e-01  0.2763665146 68330.416 1.03599999999999999999
1  6.03e-01  0.2763646722 68330.416 1.03599999999999999999
1  6.31e-01  0.2763686978 68330.416 1.03599999999999999999
1  6.61e-01  0.2763645973 68330.416 1.03599999999999999999
1  6.92e-01  0.2763735246 68330.416 1.03599999999999999999
1  7.24e-01  0.2763666507 68330.416 1.03599999999999999999
1  7.59e-01  0.2763672622 68330.416 1.03599999999999999999
1  7.94e-01  0.2763645242 68330.416 1.03599999999999999999
1  8.32e-01  0.2763782612 68330.416 1.03599999999999999999
1  8.71e-01  0.2763646101 68330.416 1.03599999999999999999
1  9.12e-01  0.2763671203 68330.416 1.03599999999999999999
1  9.55e-01  0.2763507805 68330.416 1.03599999999999999999
1  1.00e+00  0.2763649921 68330.416 1.03599999999999999999
1  1.05e+00  0.2763649317 68330.416 1.03599999999999999999
1  1.10e+00  0.2763668026 68330.416 1.03599999999999999999
1  1.15e+00  0.276367587 68330.416 1.03599999999999999999
1  1.20e+00  0.2763648953 68330.416 1.03599999999999999999
1  1.26e+00  0.2763646696 68330.416 1.03599999999999999999
1  1.32e+00  0.276366548 68330.416 1.03599999999999999999
1  1.38e+00  0.276376956 68330.416 1.03599999999999999999
1  1.45e+00  0.2763665356 68330.416 1.03599999999999999999
1  1.51e+00  0.2763682917 68330.416 1.03599999999999999999
1  1.58e+00  0.2763315971 68330.416 1.03599999999999999999
1  1.66e+00  0.2763653988 68330.416 1.03599999999999999999
1  1.74e+00  0.2763680306 68330.416 1.03599999999999999999
1  1.82e+00  0.2763707821 68330.416 1.03599999999999999999
1  1.91e+00  0.2763663395 68330.416 1.03599999999999999999
1  2.00e+00  0.2763701981 68330.416 1.03599999999999999999
1  2.09e+00  0.2763664041 68330.416 1.03599999999999999999
1  2.19e+00  0.2763640125 68330.416 1.03599999999999999999
1  2.29e+00  0.2763659418 68330.416 1.03599999999999999999
1  2.40e+00  0.2763664266 68330.416 1.03599999999999999999
1  2.51e+00  0.2763728 68330.416 1.03599999999999999999
1  2.63e+00  0.2763701201 68330.416 1.03599999999999999999
1  2.75e+00  0.2763692068 68330.416 1.03599999999999999999
1  2.88e+00  0.2763097115 68330.416 1.03599999999999999999
1  3.02e+00  0.2763700738 68330.416 1.03599999999999999999
1  3.16e+00  0.2763982374 68330.416 1.03599999999999999999
1  3.31e+00  0.2763919592 68330.416 1.03599999999999999999
1  3.47e+00  0.2763666097 68330.416 1.03599999999999999999
1  3.63e+00  0.2763386584 68330.416 1.03599999999999999999
1  3.80e+00  0.2763745609 68330.416 1.03599999999999999999
1  3.98e+00  0.2763729963 68330.416 1.03599999999999999999
1  4.17e+00  0.2763688062 68330.416 1.03599999999999999999
1  4.37e+00  0.2763787341 68330.416 1.03599999999999999999
1  4.57e+00  0.2763705614 68330.416 1.03599999999999999999
1  4.79e+00  0.2763652536 68330.416 1.03599999999999999999
1  5.01e+00  0.2763667764 68330.416 1.03599999999999999999
1  5.25e+00  0.2763756834 68330.416 1.03599999999999999999
1  5.50e+00  0.2762643547 68330.416 1.03599999999999999999
1  5.75e+00  0.2763451282 68330.416 1.03599999999999999999
1  6.03e+00  0.2763433527 68330.416 1.03599999999999999999
1  6.31e+00  0.2763631511 68330.416 1.03599999999999999999
1  6.61e+00  0.2763773369 68330.416 1.03599999999999999999
1  6.92e+00  0.2763761501 68330.416 1.03599999999999999999
1  7.24e+00  0.2766611072 68330.416 1.03599999999999999999
1  7.59e+00  0.276349138 68330.416 1.03599999999999999999
1  7.94e+00  0.2762235996 68330.416 1.03599999999999999999
1  8.32e+00  0.2762678772 68330.416 1.03599999999999999999
1  8.71e+00  0.2764417274 68330.416 1.03599999999999999999
1  9.12e+00  0.2764812555 68330.416 1.03599999999999999999
1  9.55e+00  0.2764357398 68330.416 1.03599999999999999999
1  1.00e+01  0.2764010478 68330.416 1.03599999999999999999
1  1.05e+01  0.2764214691 68330.416 1.03599999999999999999
1  1.10e+01  0.2762190731 68330.416 1.03599999999999999999
1  1.15e+01  0.276372829 68330.416 1.03599999999999999999
1  1.20e+01  0.2763832867 68330.416 1.03599999999999999999
1  1.26e+01  0.2764040129 68330.416 1.03599999999999999999
1  1.32e+01  0.2763628682 68330.416 1.03599999999999999999
1  1.38e+01  0.2763927562 68330.416 1.03599999999999999999
1  1.45e+01  0.2763820524 68330.416 1.03599999999999999999
1  1.51e+01  0.2764122651 68330.416 1.03599999999999999999
1  1.58e+01  0.2764656285 68330.416 1.03599999999999999999
1  1.66e+01  0.2759881239 68330.416 1.03599999999999999999
1  1.74e+01  0.2764200625 68330.416 1.03599999999999999999
1  1.82e+01  0.2764009685 68330.416 1.03599999999999999999
1  1.91e+01  0.2763619326 68330.416 1.03599999999999999999
1  2.00e+01  0.2765228679 68330.416 1.03599999999999999999
1  2.09e+01  0.2764163028 68330.416 1.03599999999999999999
1  2.19e+01  0.2755801285 68330.416 1.03599999999999999999
1  2.29e+01  0.2763800383 68330.416 1.03599999999999999999
1  2.40e+01  0.2765796189 68330.416 1.03599999999999999999
1  2.51e+01  0.2768231286 68330.416 1.03599999999999999999
1  2.63e+01  0.2757650069 68330.416 1.03599999999999999999
1  2.75e+01  0.2760071957 68330.416 1.03599999999999999999
1  2.88e+01  0.2769286162 68330.416 1.03599999999999999999
1  3.02e+01  0.2768395116 68330.416 1.03599999999999999999
1  3.16e+01  0.2767998777 68330.416 1.03599999999999999999
1  3.31e+01  0.2765390761 68330.416 1.03599999999999999999
1  3.47e+01  0.2765089042 68330.416 1.03599999999999999999
1  3.63e+01  0.277034986 68330.416 1.03599999999999999999
1  3.80e+01  0.2763940913 68330.416 1.03599999999999999999
1  3.98e+01  0.2763976752 68330.416 1.03599999999999999999
1  4.17e+01  0.2767127933 68330.416 1.03599999999999999999
1  4.37e+01  0.2754052461 68330.416 1.03599999999999999999
1  4.57e+01  0.2770022792 68330.416 1.03599999999999999999
1  4.79e+01  0.2766621391 68330.416 1.03599999999999999999
1  5.01e+01  0.2764506205 68330.416 1.03599999999999999999
1  5.25e+01  0.2764026997 68330.416 1.03599999999999999999
1  5.50e+01  0.2761154266 68330.416 1.03599999999999999999
1  5.75e+01  0.2773691268 68330.416 1.03599999999999999999
1  6.03e+01  0.276909978 68330.416 1.03599999999999999999
1  6.31e+01  0.2759364485 68330.416 1.03599999999999999999
1  6.61e+01  0.2765257567 68330.416 1.03599999999999999999
1  6.92e+01  0.2770899924 68330.416 1.03599999999999999999
1  7.24e+01  0.2768641194 68330.416 1.03599999999999999999
1  7.59e+01  0.2757502427 68330.416 1.03599999999999999999
1  7.94e+01  0.2771047051 68330.416 1.03599999999999999999
1  8.32e+01  0.2763876423 68330.416 1.03599999999999999999
1  8.71e+01  0.276557523 68330.416 1.03599999999999999999
1  9.12e+01  0.2760140702 68330.416 1.03599999999999999999
1  9.55e+01  0.2772796628 68330.416 1.03599999999999999999
1  1.00e+02  0.2760064195 68330.416 1.03599999999999999999
1  1.05e+02  0.276424298 68330.416 1.03599999999999999999
1  1.10e+02  0.2764229448 68330.416 1.03599999999999999999
1  1.15e+02  0.2765072572 68330.416 1.03599999999999999999
1  1.20e+02  0.2761541336 68330.416 1.03599999999999999999
1  1.26e+02  0.276997714 68330.416 1.03599999999999999999
1  1.32e+02  0.2760710218 68330.416 1.03599999999999999999
1  1.38e+02  0.2763513357 68330.416 1.03599999999999999999
1  1.45e+02  0.2764512798 68330.416 1.03599999999999999999
1  1.51e+02  0.2766436847 68330.416 1.03599999999999999999
1  1.58e+02  0.2761219002 68330.416 1.03599999999999999999
1  1.66e+02  0.2764588866 68330.416 1.03599999999999999999
1  1.74e+02  0.2765111391 68330.416 1.03599999999999999999
1  1.82e+02  0.2767144841 68330.416 1.03599999999999999999
1  1.91e+02  0.2766448149 68330.416 1.03599999999999999999
1  2.00e+02  0.2765964771 68330.416 1.03599999999999999999
1  2.09e+02  0.2767318169 68330.416 1.03599999999999999999
1  2.19e+02  0.2762869116 68330.416 1.03599999999999999999
1  2.29e+02  0.2767830044 68330.416 1.03599999999999999999
1  2.40e+02  0.2766817092 68330.416 1.03599999999999999999
1  2.51e+02  0.2766488246 68330.416 1.03599999999999999999
1  2.63e+02  0.2767730544 68330.416 1.03599999999999999999
1  2.75e+02  0.2770934235 68330.416 1.03599999999999999999
1  2.88e+02  0.2765672702 68330.416 1.03599999999999999999
1  3.02e+02  0.2771442945 68330.416 1.03599999999999999999
1  3.16e+02  0.277207557 68330.416 1.03599999999999999999
1  3.31e+02  0.2765242172 68330.416 1.03599999999999999999
1  3.47e+02  0.2769421546 68330.416 1.03599999999999999999
1  3.63e+02  0.2767431025 68330.416 1.03599999999999999999
1  3.80e+02  0.27702597 68330.416 1.03599999999999999999
1  3.98e+02  0.2771870032 68330.416 1.03599999999999999999
1  4.17e+02  0.2770918581 68330.416 1.03599999999999999999
1  4.37e+02  0.2770647292 68330.416 1.03599999999999999999
1  4.57e+02  0.2773155113 68330.416 1.03599999999999999999
1  4.79e+02  0.2761245319 68330.416 1.03599999999999999999
1  5.01e+02  0.2763145568 68330.416 1.03599999999999999999
1  5.25e+02  0.2763208864 68330.416 1.03599999999999999999
1  5.50e+02  0.277068042 68330.416 1.03599999999999999999
1  5.75e+02  0.2765266042 68330.416 1.03599999999999999999
1  6.03e+02  0.2769576738 68330.416 1.03599999999999999999
1  6.31e+02  0.2761664801 68330.416 1.03599999999999999999
1  6.61e+02  0.2784554178 68330.416 1.03599999999999999999
1  6.92e+02  0.27716548 68330.416 1.03599999999999999999
1  7.24e+02  0.2764610801 68330.416 1.03599999999999999999
1  7.59e+02  0.2779679102 68330.416 1.03599999999999999999
1  7.94e+02  0.2771176597 68330.416 1.03599999999999999999
1  8.32e+02  0.2783388309 68330.416 1.03599999999999999999
1  8.71e+02  0.278234887 68330.416 1.03599999999999999999
1  9.12e+02  0.2794462573 68330.416 1.03599999999999999999
1  9.55e+02  0.2762391676 68330.416 1.03599999999999999999
1  1.00e+03  0.2775507911 68330.416 1.03599999999999999999
1  1.05e+03  0.2768710343 68330.416 1.03599999999999999999
1  1.10e+03  0.2804254577 68330.416 1.03599999999999999999
1  1.15e+03  0.2809746075 68330.416 1.03599999999999999999
1  1.20e+03  0.2791136582 68330.416 1.03599999999999999999
1  1.26e+03  0.2750096145 68330.416 1.03599999999999999999
1  1.32e+03  0.2746384819 68330.416 1.03599999999999999999
1  1.38e+03  0.2786547119 68330.416 1.03599999999999999999
1  1.45e+03  0.2758412178 68330.416 1.03599999999999999999
1  1.51e+03  0.2861802132 68330.416 1.03599999999999999999
1  1.58e+03  0.276539321 68330.416 1.03599999999999999999
1  1.66e+03  0.2780120061 68330.416 1.03599999999999999999
1  1.74e+03  0.2724422944 68330.416 1.03599999999999999999
1  1.82e+03  0.2676642751 68330.416 1.03599999999999999999
1  1.91e+03  0.2781666872 68330.416 1.03599999999999999999
1  2.00e+03  0.2537770254 68330.416 1.03599999999999999999
1  2.09e+03  0.2738231935 68330.416 1.03599999999999999999
1  2.19e+03  0.2875321918 68330.416 1.03599999999999999999
1  2.29e+03  0.2939376527 68330.416 1.03599999999999999999
1  2.40e+03  0.3109453867 68330.416 1.03599999999999999999
1  2.51e+03  0.316938598 68330.416 1.03599999999999999999
1  2.63e+03  0.2782931156 68330.416 1.03599999999999999999
1  2.75e+03  0.3226728732 68330.416 1.03599999999999999999
1  2.88e+03  0.2821625903 68330.416 1.03599999999999999999
1  3.02e+03  0.3408950487 68330.416 1.03599999999999999999
1  3.16e+03  0.3197875264 68330.416 1.03599999999999999999
1  3.31e+03  0.2786225803 68330.416 1.03599999999999999999
1  3.47e+03  0.2746661419 68330.416 1.03599999999999999999
1  3.63e+03  0.2894827041 68330.416 1.03599999999999999999
1  3.80e+03  0.3008451263 68330.416 1.03599999999999999999
1  3.98e+03  0.2238118292 68330.416 1.03599999999999999999
1  4.17e+03  0.2146809275 68330.416 1.03599999999999999999
1  4.37e+03  0.245201307 68330.416 1.03599999999999999999
1  4.57e+03  0.2072862091 68330.416 1.03599999999999999999
1  4.79e+03  0.2079882049 68330.416 1.03599999999999999999
1  5.01e+03  0.2737581975 68330.416 1.03599999999999999999
1  5.25e+03  0.2753050964 68330.416 1.03599999999999999999
1  5.50e+03  0.2555215532 68330.416 1.03599999999999999999
1  5.75e+03  0.2304722271 68330.416 1.03599999999999999999
1  6.03e+03  0.3000288386 68330.416 1.03599999999999999999
1  6.31e+03  0.2564620703 68330.416 1.03599999999999999999
1  6.61e+03  0.3410931441 68330.416 1.03599999999999999999
1  6.92e+03  0.2133526328 68330.416 1.03599999999999999999
1  7.24e+03  0.2556307329 68330.416 1.03599999999999999999
1  7.59e+03  0.3851604047 68330.416 1.03599999999999999999
1  7.94e+03  0.255937519 68330.416 1.03599999999999999999
1  8.32e+03  0.3951732947 68330.416 1.03599999999999999999
1  8.71e+03  0.2038692531 68330.416 1.03599999999999999999
1  9.12e+03  0.4264018725 68330.416 1.03599999999999999999
1  9.55e+03  0.1917866998 68330.416 1.03599999999999999999
1  1.00e+04  0.3992848619 68330.416 1.03599999999999999999
1  1.05e+04  0.3977480526 68330.416 1.03599999999999999999
1  1.10e+04  0.4301759241 68330.416 1.03599999999999999999
1  1.15e+04  0.2126846898 68330.416 1.03599999999999999999
1  1.20e+04  0.2752120301 68330.416 1.03599999999999999999
1  1.26e+04  0.2693791489 68330.416 1.03599999999999999999
1  1.32e+04  0.3890646482 68330.416 1.03599999999999999999
1  1.38e+04  0.2477713755 68330.416 1.03599999999999999999
1  1.45e+04  0.4091035093 68330.416 1.03599999999999999999
1  1.51e+04  0.2988570396 68330.416 1.03599999999999999999
1  1.58e+04  0.3033032045 68330.416 1.03599999999999999999
1  1.66e+04  0.390903035 68330.416 1.03599999999999999999
1  1.74e+04  0.4288029818 68330.416 1.03599999999999999999
1  1.82e+04  0.3154997011 68330.416 1.03599999999999999999
1  1.91e+04  0.292623563 68330.416 1.03599999999999999999
1  2.00e+04  0.2872200525 68330.416 1.03599999999999999999
1  2.09e+04  0.2679605704 68330.416 1.03599999999999999999
1  2.19e+04  0.3406646815 68330.416 1.03599999999999999999
1  2.29e+04  0.2499665355 68330.416 1.03599999999999999999
1  2.40e+04  0.2420165384 68330.416 1.03599999999999999999
1  2.51e+04  0.3678285472 68330.416 1.03599999999999999999
1  2.63e+04  0.5024490131 68330.416 1.03599999999999999999
1  2.75e+04  0.3807922746 68330.416 1.03599999999999999999
1  2.88e+04  0.3951277861 68330.416 1.03599999999999999999
1  3.02e+04  0.263000364 68330.416 1.03599999999999999999
1  3.16e+04  0.5066840707 68330.416 1.03599999999999999999
1  3.31e+04  0.5075282845 68330.416 1.03599999999999999999
1  3.47e+04  0.2595494494 68330.416 1.03599999999999999999
1  3.63e+04  0.2873739795 68330.416 1.03599999999999999999
1  3.80e+04  0.442002961 68330.416 1.03599999999999999999
1  3.98e+04  0.3054587636 68330.416 1.03599999999999999999
1  4.17e+04  0.610453392 68330.416 1.03599999999999999999
1  4.37e+04  0.3421857909 68330.416 1.03599999999999999999
1  4.57e+04  0.4551133501 68330.416 1.03599999999999999999
1  4.79e+04  0.3613044182 68330.416 1.03599999999999999999
1  5.01e+04  0.2685051176 68330.416 1.03599999999999999999
1  5.25e+04  0.2491107716 68330.416 1.03599999999999999999
1  5.50e+04  0.3847761003 68330.416 1.03599999999999999999
1  5.75e+04  0.4207537931 68330.416 1.03599999999999999999
1  6.03e+04  0.2668531832 68330.416 1.03599999999999999999
1  6.31e+04  0.5889312993 68330.416 1.03599999999999999999
1  6.61e+04  0.5053930091 68330.416 1.03599999999999999999
1  6.92e+04  0.2714323308 68330.416 1.03599999999999999999
1  7.24e+04  0.4847210051 68330.416 1.03599999999999999999
1  7.59e+04  0.5129937103 68330.416 1.03599999999999999999
1  7.94e+04  0.2728000365 68330.416 1.03599999999999999999
1  8.32e+04  0.2399289479 68330.416 1.03599999999999999999
1  8.71e+04  0.3249789402 68330.416 1.03599999999999999999
1  9.12e+04  0.2956115643 68330.416 1.03599999999999999999
1  9.55e+04  0.258830725 68330.416 1.03599999999999999999
1  1.00e+05  0.2955603112 68330.416 1.03599999999999999999
1  1.05e+05  0.2972857685 68330.416 1.03599999999999999999
1  1.10e+05  0.2359654438 68330.416 1.03599999999999999999
1  1.15e+05  0.2294780463 68330.416 1.03599999999999999999
1  1.20e+05  0.3285935599 68330.416 1.03599999999999999999
1  1.26e+05  0.4314682419 68330.416 1.03599999999999999999
1  1.32e+05  0.4281850622 68330.416 1.03599999999999999999
1  1.38e+05  0.3344213736 68330.416 1.03599999999999999999
1  1.45e+05  0.257527924 68330.416 1.03599999999999999999
1  1.51e+05  0.2756475237 68330.416 1.03599999999999999999
1  1.58e+05  0.3730419707 68330.416 1.03599999999999999999
1  1.66e+05  0.4724267199 68330.416 1.03599999999999999999
1  1.74e+05  0.5067243136 68330.416 1.03599999999999999999
1  1.82e+05  0.4628531719 68330.416 1.03599999999999999999
1  1.91e+05  0.3766375007 68330.416 1.03599999999999999999
1  2.00e+05  0.2994097704 68330.416 1.03599999999999999999
1  2.09e+05  0.2664694656 68330.416 1.03599999999999999999
1  2.19e+05  0.2841492357 68330.416 1.03599999999999999999
1  2.29e+05  0.3351511674 68330.416 1.03599999999999999999
1  2.40e+05  0.3926707998 68330.416 1.03599999999999999999
1  2.51e+05  0.4336673358 68330.416 1.03599999999999999999
1  2.63e+05  0.4461218556 68330.416 1.03599999999999999999
1  2.75e+05  0.4298246426 68330.416 1.03599999999999999999
1  2.88e+05  0.3929399513 68330.416 1.03599999999999999999
1  3.02e+05  0.3471621142 68330.416 1.03599999999999999999
1  3.16e+05  0.3035419221 68330.416 1.03599999999999999999
1  3.31e+05  0.2699490114 68330.416 1.03599999999999999999
1  3.47e+05  0.2502262633 68330.416 1.03599999999999999999
1  3.63e+05  0.2445889585 68330.416 1.03599999999999999999
1  3.80e+05  0.2506823414 68330.416 1.03599999999999999999
1  3.98e+05  0.2647979329 68330.416 1.03599999999999999999
1  4.17e+05  0.2829255246 68330.416 1.03599999999999999999
1  4.37e+05  0.301492576 68330.416 1.03599999999999999999
1  4.57e+05  0.3177719254 68330.416 1.03599999999999999999
1  4.79e+05  0.3300131321 68330.416 1.03599999999999999999
1  5.01e+05  0.337381747 68330.416 1.03599999999999999999
1  5.25e+05  0.3397898889 68330.416 1.03599999999999999999
1  5.50e+05  0.3376852028 68330.416 1.03599999999999999999
1  5.75e+05  0.3318441796 68330.416 1.03599999999999999999
1  6.03e+05  0.3231962025 68330.416 1.03599999999999999999
1  6.31e+05  0.3117980689 68330.416 1.03599999999999999999
1  6.61e+05  0.2990626525 68330.416 1.03599999999999999999
1  6.92e+05  0.2861919424 68330.416 1.03599999999999999999
1  7.24e+05  0.2739100678 68330.416 1.03599999999999999999
1  7.59e+05  0.2627326366 68330.416 1.03599999999999999999
1  7.94e+05  0.2529857982 68330.416 1.03599999999999999999
1  8.32e+05  0.2448361861 68330.416 1.03599999999999999999
1  8.71e+05  0.2383246642 68330.416 1.03599999999999999999
1  9.12e+05  0.2333992214 68330.416 1.03599999999999999999
1  9.55e+05  0.2300282958 68330.416 1.03599999999999999999
1  1.00e+06  0.2278612704 68330.416 1.03599999999999999999
1  1.05e+06  0.2268395895 68330.416 1.03599999999999999999
1  1.10e+06  0.2267839002 68330.416 1.03599999999999999999
1  1.15e+06  0.2275198013 68330.416 1.03599999999999999999
1  1.20e+06  0.2288846875 68330.416 1.03599999999999999999
1  1.26e+06  0.2307318186 68330.416 1.03599999999999999999
1  1.32e+06  0.2329322957 68330.416 1.03599999999999999999
1  1.38e+06  0.2353755263 68330.416 1.03599999999999999999
1  1.45e+06  0.2379686581 68330.416 1.03599999999999999999
1  1.51e+06  0.2406353526 68330.416 1.03599999999999999999
1  1.58e+06  0.2433141853 68330.416 1.03599999999999999999
1  1.66e+06  0.2459568752 68330.416 1.03599999999999999999
1  1.74e+06  0.2485264894 68330.416 1.03599999999999999999
1  1.82e+06  0.2509452436 68330.416 1.03599999999999999999
1  1.91e+06  0.2532966321 68330.416 1.03599999999999999999
1  2.00e+06  0.255515969 68330.416 1.03599999999999999999
1  2.09e+06  0.2575957535 68330.416 1.03599999999999999999
1  2.19e+06  0.2595327249 68330.416 1.03599999999999999999
1  2.29e+06  0.2613269265 68330.416 1.03599999999999999999
1  2.40e+06  0.2629809196 68330.416 1.03599999999999999999
1  2.51e+06  0.2644991326 68330.416 1.03599999999999999999
1  2.63e+06  0.265887328 68330.416 1.03599999999999999999
1  2.75e+06  0.2671521724 68330.416 1.03599999999999999999
1  2.88e+06  0.2683008931 68330.416 1.03599999999999999999
1  3.02e+06  0.269341008 68330.416 1.03599999999999999999
1  3.16e+06  0.2702801175 68330.416 1.03599999999999999999
1  3.31e+06  0.2711257452 68330.416 1.03599999999999999999
1  3.47e+06  0.271885221 68330.416 1.03599999999999999999
1  3.63e+06  0.2725482068 68330.416 1.03599999999999999999
1  3.80e+06  0.2731577123 68330.416 1.03599999999999999999
1  3.98e+06  0.2737010601 68330.416 1.03599999999999999999
1  4.17e+06  0.2741842048 68330.416 1.03599999999999999999
1  4.37e+06  0.2746126996 68330.416 1.03599999999999999999
1  4.57e+06  0.2749916975 68330.416 1.03599999999999999999
1  4.79e+06  0.2753259598 68330.416 1.03599999999999999999
1  5.01e+06  0.2756198689 68330.416 1.03599999999999999999
1  5.25e+06  0.275877446 68330.416 1.03599999999999999999
1  5.50e+06  0.2761023696 68330.416 1.03599999999999999999
1  5.75e+06  0.2762979964 68330.416 1.03599999999999999999
1  6.03e+06  0.2764673826 68330.416 1.03599999999999999999
1  6.31e+06  0.2766133047 68330.416 1.03599999999999999999
1  6.61e+06  0.2767382808 68330.416 1.03599999999999999999
1  6.92e+06  0.2768445905 68330.416 1.03599999999999999999
1  7.24e+06  0.276930174 68330.416 1.03599999999999999999
1  7.59e+06  0.2770055222 68330.416 1.03599999999999999999
1  7.94e+06  0.2770677646 68330.416 1.03599999999999999999
1  8.32e+06  0.2771184133 68330.416 1.03599999999999999999
1  8.71e+06  0.2771588283 68330.416 1.03599999999999999999
1  9.12e+06  0.2771902305 68330.416 1.03599999999999999999
1  9.55e+06  0.2772137155 68330.416 1.03599999999999999999
1  1.00e+07  0.2772302647 68330.416 1.03599999999999999999
