1  1.00e-03  0.4493672089  1.520528e-01 0.99399999999999999998
1  1.05e-03  0.4493672136  1.520528e-01 0.99399999999999999998
1  1.10e-03  0.4493672098  1.520528e-01 0.99399999999999999998
1  1.15e-03  0.4493672143  1.520528e-01 0.99399999999999999998
1  1.20e-03  0.4493672121  1.520528e-01 0.99399999999999999998
1  1.26e-03  0.4493672139  1.520528e-01 0.99399999999999999998
1  1.32e-03  0.4493672137  1.520528e-01 0.99399999999999999998
1  1.38e-03  0.4493672113  1.520528e-01 0.99399999999999999998
1  1.45e-03  0.4493672082  1.520528e-01 0.99399999999999999998
1  1.51e-03  0.4493672131  1.520528e-01 0.99399999999999999998
1  1.58e-03  0.4493672122  1.520528e-01 0.99399999999999999998
1  1.66e-03  0.4493672158  1.520528e-01 0.99399999999999999998
1  1.74e-03  0.4493672087  1.520528e-01 0.99399999999999999998
1  1.82e-03  0.4493672158  1.520528e-01 0.99399999999999999998
1  1.91e-03  0.4493672112  1.520528e-01 0.99399999999999999998
1  2.00e-03  0.4493672092  1.520528e-01 0.99399999999999999998
1  2.09e-03  0.4493672133  1.520528e-01 0.99399999999999999998
1  2.19e-03  0.4493672134  1.520528e-01 0.99399999999999999998
1  2.29e-03  0.4493672063  1.520528e-01 0.99399999999999999998
1  2.40e-03  0.4493672121  1.520528e-01 0.99399999999999999998
1  2.51e-03  0.4493672114  1.520528e-01 0.99399999999999999998
1  2.63e-03  0.4493672099  1.520528e-01 0.99399999999999999998
1  2.75e-03  0.449367213  1.520528e-01 0.99399999999999999998
1  2.88e-03  0.4493672015  1.520528e-01 0.99399999999999999998
1  3.02e-03  0.449367214  1.520528e-01 0.99399999999999999998
1  3.16e-03  0.449367213  1.520528e-01 0.99399999999999999998
1  3.31e-03  0.4493672104  1.520528e-01 0.99399999999999999998
1  3.47e-03  0.4493672125  1.520528e-01 0.99399999999999999998
1  3.63e-03  0.4493672111  1.520528e-01 0.99399999999999999998
1  3.80e-03  0.4493672106  1.520528e-01 0.99399999999999999998
1  3.98e-03  0.4493672134  1.520528e-01 0.99399999999999999998
1  4.17e-03  0.449367206  1.520528e-01 0.99399999999999999998
1  4.37e-03  0.44936721  1.520528e-01 0.99399999999999999998
1  4.57e-03  0.4493672116  1.520528e-01 0.99399999999999999998
1  4.79e-03  0.4493672103  1.520528e-01 0.99399999999999999998
1  5.01e-03  0.4493672112  1.520528e-01 0.99399999999999999998
1  5.25e-03  0.4493672086  1.520528e-01 0.99399999999999999998
1  5.50e-03  0.4493671971  1.520528e-01 0.99399999999999999998
1  5.75e-03  0.4493672083  1.520528e-01 0.99399999999999999998
1  6.03e-03  0.4493672068  1.520528e-01 0.99399999999999999998
1  6.31e-03  0.4493672098  1.520528e-01 0.99399999999999999998
1  6.61e-03  0.449367209  1.520528e-01 0.99399999999999999998
1  6.92e-03  0.449367205  1.520528e-01 0.99399999999999999998
1  7.24e-03  0.4493672056  1.520528e-01 0.99399999999999999998
1  7.59e-03  0.4493672028  1.520528e-01 0.99399999999999999998
1  7.94e-03  0.4493672065  1.520528e-01 0.99399999999999999998
1  8.32e-03  0.4493672006  1.520528e-01 0.99399999999999999998
1  8.71e-03  0.449367208  1.520528e-01 0.99399999999999999998
1  9.12e-03  0.4493671941  1.520528e-01 0.99399999999999999998
1  9.55e-03  0.4493671966  1.520528e-01 0.99399999999999999998
1  1.00e-02  0.4493672031  1.520528e-01 0.99399999999999999998
1  1.05e-02  0.4493672006  1.520528e-01 0.99399999999999999998
1  1.10e-02  0.4493671969  1.520528e-01 0.99399999999999999998
1  1.15e-02  0.4493672112  1.520528e-01 0.99399999999999999998
1  1.20e-02  0.4493672059  1.520528e-01 0.99399999999999999998
1  1.26e-02  0.4493671975  1.520528e-01 0.99399999999999999998
1  1.32e-02  0.4493672021  1.520528e-01 0.99399999999999999998
1  1.38e-02  0.449367265  1.520528e-01 0.99399999999999999998
1  1.45e-02  0.4493672046  1.520528e-01 0.99399999999999999998
1  1.51e-02  0.4493672029  1.520528e-01 0.99399999999999999998
1  1.58e-02  0.4493672048  1.520528e-01 0.99399999999999999998
1  1.66e-02  0.4493672004  1.520528e-01 0.99399999999999999998
1  1.74e-02  0.4493671964  1.520528e-01 0.99399999999999999998
1  1.82e-02  0.4493671934  1.520528e-01 0.99399999999999999998
1  1.91e-02  0.4493671883  1.520528e-01 0.99399999999999999998
1  2.00e-02  0.4493671755  1.520528e-01 0.99399999999999999998
1  2.09e-02  0.449367204  1.520528e-01 0.99399999999999999998
1  2.19e-02  0.4493671877  1.520528e-01 0.99399999999999999998
1  2.29e-02  0.4493671883  1.520528e-01 0.99399999999999999998
1  2.40e-02  0.4493391678  1.520528e-01 0.99399999999999999998
1  2.51e-02  0.4493671931  1.520528e-01 0.99399999999999999998
1  2.63e-02  0.4493671933  1.520528e-01 0.99399999999999999998
1  2.75e-02  0.449367139  1.520528e-01 0.99399999999999999998
1  2.88e-02  0.4493671589  1.520528e-01 0.99399999999999999998
1  3.02e-02  0.4493670988  1.520528e-01 0.99399999999999999998
1  3.16e-02  0.4493672119  1.520528e-01 0.99399999999999999998
1  3.31e-02  0.4493674264  1.520528e-01 0.99399999999999999998
1  3.47e-02  0.4493671685  1.520528e-01 0.99399999999999999998
1  3.63e-02  0.4493671539  1.520528e-01 0.99399999999999999998
1  3.80e-02  0.4493671467  1.520528e-01 0.99399999999999999998
1  3.98e-02  0.449367211  1.520528e-01 0.99399999999999999998
1  4.17e-02  0.4493671818  1.520528e-01 0.99399999999999999998
1  4.37e-02  0.4493670953  1.520528e-01 0.99399999999999999998
1  4.57e-02  0.4493671188  1.520528e-01 0.99399999999999999998
1  4.79e-02  0.4493665113  1.520528e-01 0.99399999999999999998
1  5.01e-02  0.4493671026  1.520528e-01 0.99399999999999999998
1  5.25e-02  0.4493671308  1.520528e-01 0.99399999999999999998
1  5.50e-02  0.449367144  1.520528e-01 0.99399999999999999998
1  5.75e-02  0.4493671195  1.520528e-01 0.99399999999999999998
1  6.03e-02  0.4493670843  1.520528e-01 0.99399999999999999998
1  6.31e-02  0.4493671492  1.520528e-01 0.99399999999999999998
1  6.61e-02  0.4493671255  1.520528e-01 0.99399999999999999998
1  6.92e-02  0.4493670943  1.520528e-01 0.99399999999999999998
1  7.24e-02  0.4493671505  1.520528e-01 0.99399999999999999998
1  7.59e-02  0.4493846914  1.520528e-01 0.99399999999999999998
1  7.94e-02  0.4493671676  1.520528e-01 0.99399999999999999998
1  8.32e-02  0.4493669367  1.520528e-01 0.99399999999999999998
1  8.71e-02  0.4493670186  1.520528e-01 0.99399999999999999998
1  9.12e-02  0.449367057  1.520528e-01 0.99399999999999999998
1  9.55e-02  0.4493669895  1.520528e-01 0.99399999999999999998
1  1.00e-01  0.4493673242  1.520528e-01 0.99399999999999999998
1  1.05e-01  0.4493670613  1.520528e-01 0.99399999999999999998
1  1.10e-01  0.4493670732  1.520528e-01 0.99399999999999999998
1  1.15e-01  0.4493670735  1.520528e-01 0.99399999999999999998
1  1.20e-01  0.449366971  1.520528e-01 0.99399999999999999998
1  1.26e-01  0.4493670857  1.520528e-01 0.99399999999999999998
1  1.32e-01  0.4493671036  1.520528e-01 0.99399999999999999998
1  1.38e-01  0.4493671324  1.520528e-01 0.99399999999999999998
1  1.45e-01  0.4493670231  1.520528e-01 0.99399999999999999998
1  1.51e-01  0.4493669879  1.520528e-01 0.99399999999999999998
1  1.58e-01  0.4493668878  1.520528e-01 0.99399999999999999998
1  1.66e-01  0.4493654626  1.520528e-01 0.99399999999999999998
1  1.74e-01  0.4493671499  1.520528e-01 0.99399999999999999998
1  1.82e-01  0.4493666159  1.520528e-01 0.99399999999999999998
1  1.91e-01  0.4493668871  1.520528e-01 0.99399999999999999998
1  2.00e-01  0.4493668247  1.520528e-01 0.99399999999999999998
1  2.09e-01  0.4493671545  1.520528e-01 0.99399999999999999998
1  2.19e-01  0.4493670544  1.520528e-01 0.99399999999999999998
1  2.29e-01  0.4493669376  1.520528e-01 0.99399999999999999998
1  2.40e-01  0.4493669762  1.520528e-01 0.99399999999999999998
1  2.51e-01  0.4493670144  1.520528e-01 0.99399999999999999998
1  2.63e-01  0.4493668988  1.520528e-01 0.99399999999999999998
1  2.75e-01  0.4493669393  1.520528e-01 0.99399999999999999998
1  2.88e-01  0.4493666396  1.520528e-01 0.99399999999999999998
1  3.02e-01  0.4493668109  1.520528e-01 0.99399999999999999998
1  3.16e-01  0.4493667018  1.520528e-01 0.99399999999999999998
1  3.31e-01  0.4493671452  1.520528e-01 0.99399999999999999998
1  3.47e-01  0.4493668107  1.520528e-01 0.99399999999999999998
1  3.63e-01  0.4493669359  1.520528e-01 0.99399999999999999998
1  3.80e-01  0.449366656  1.520528e-01 0.99399999999999999998
1  3.98e-01  0.4493667133  1.520528e-01 0.99399999999999999998
1  4.17e-01  0.4493670009  1.520528e-01 0.99399999999999999998
1  4.37e-01  0.4493668493  1.520528e-01 0.99399999999999999998
1  4.57e-01  0.4493671145  1.520528e-01 0.99399999999999999998
1  4.79e-01  0.449367199  1.520528e-01 0.99399999999999999998
1  5.01e-01  0.4493670947  1.520528e-01 0.99399999999999999998
1  5.25e-01  0.4493670152  1.520528e-01 0.99399999999999999998
1  5.50e-01  0.4493670951  1.520528e-01 0.99399999999999999998
1  5.75e-01  0.4493639822  1.520528e-01 0.99399999999999999998
1  6.03e-01  0.4493664091  1.520528e-01 0.99399999999999999998
1  6.31e-01  0.4493655254  1.520528e-01 0.99399999999999999998
1  6.61e-01  0.4493665099  1.520528e-01 0.99399999999999999998
1  6.92e-01  0.4493670019  1.520528e-01 0.99399999999999999998
1  7.24e-01  0.4493663889  1.520528e-01 0.99399999999999999998
1  7.59e-01  0.4493660638  1.520528e-01 0.99399999999999999998
1  7.94e-01  0.4493637585  1.520528e-01 0.99399999999999999998
1  8.32e-01  0.4493671455  1.520528e-01 0.99399999999999999998
1  8.71e-01  0.4493661869  1.520528e-01 0.99399999999999999998
1  9.12e-01  0.4493659837  1.520528e-01 0.99399999999999999998
1  9.55e-01  0.4493668879  1.520528e-01 0.99399999999999999998
1  1.00e+00  0.4493662397  1.520528e-01 0.99399999999999999998
1  1.05e+00  0.4493668622  1.520528e-01 0.99399999999999999998
1  1.10e+00  0.4493666485  1.520528e-01 0.99399999999999999998
1  1.15e+00  0.4493657867  1.520528e-01 0.99399999999999999998
1  1.20e+00  0.4493666108  1.520528e-01 0.99399999999999999998
1  1.26e+00  0.449366931  1.520528e-01 0.99399999999999999998
1  1.32e+00  0.4493655247  1.520528e-01 0.99399999999999999998
1  1.38e+00  0.4493667831  1.520528e-01 0.99399999999999999998
1  1.45e+00  0.449366484  1.520528e-01 0.99399999999999999998
1  1.51e+00  0.4493664543  1.520528e-01 0.99399999999999999998
1  1.58e+00  0.4493651371  1.520528e-01 0.99399999999999999998
1  1.66e+00  0.4493658831  1.520528e-01 0.99399999999999999998
1  1.74e+00  0.4493650393  1.520528e-01 0.99399999999999999998
1  1.82e+00  0.4493672264  1.520528e-01 0.99399999999999999998
1  1.91e+00  0.4493664948  1.520528e-01 0.99399999999999999998
1  2.00e+00  0.4493662467  1.520528e-01 0.99399999999999999998
1  2.09e+00  0.4493670756  1.520528e-01 0.99399999999999999998
1  2.19e+00  0.4493672795  1.520528e-01 0.99399999999999999998
1  2.29e+00  0.4493648619  1.520528e-01 0.99399999999999999998
1  2.40e+00  0.4493637486  1.520528e-01 0.99399999999999999998
1  2.51e+00  0.4493640721  1.520528e-01 0.99399999999999999998
1  2.63e+00  0.4493649029  1.520528e-01 0.99399999999999999998
1  2.75e+00  0.4493651949  1.520528e-01 0.99399999999999999998
1  2.88e+00  0.4493646313  1.520528e-01 0.99399999999999999998
1  3.02e+00  0.4493811139  1.520528e-01 0.99399999999999999998
1  3.16e+00  0.4493655341  1.520528e-01 0.99399999999999999998
1  3.31e+00  0.4492716398  1.520528e-01 0.99399999999999999998
1  3.47e+00  0.4493593468  1.520528e-01 0.99399999999999999998
1  3.63e+00  0.4493654125  1.520528e-01 0.99399999999999999998
1  3.80e+00  0.449366372  1.520528e-01 0.99399999999999999998
1  3.98e+00  0.4493626564  1.520528e-01 0.99399999999999999998
1  4.17e+00  0.4493629473  1.520528e-01 0.99399999999999999998
1  4.37e+00  0.4493665645  1.520528e-01 0.99399999999999999998
1  4.57e+00  0.4493654132  1.520528e-01 0.99399999999999999998
1  4.79e+00  0.4493643301  1.520528e-01 0.99399999999999999998
1  5.01e+00  0.4493658346  1.520528e-01 0.99399999999999999998
1  5.25e+00  0.44936138  1.520528e-01 0.99399999999999999998
1  5.50e+00  0.4493678476  1.520528e-01 0.99399999999999999998
1  5.75e+00  0.449363608  1.520528e-01 0.99399999999999999998
1  6.03e+00  0.4493627142  1.520528e-01 0.99399999999999999998
1  6.31e+00  0.4493726869  1.520528e-01 0.99399999999999999998
1  6.61e+00  0.4493663981  1.520528e-01 0.99399999999999999998
1  6.92e+00  0.4493658852  1.520528e-01 0.99399999999999999998
1  7.24e+00  0.4493593071  1.520528e-01 0.99399999999999999998
1  7.59e+00  0.4493430698  1.520528e-01 0.99399999999999999998
1  7.94e+00  0.4493390702  1.520528e-01 0.99399999999999999998
1  8.32e+00  0.4493453768  1.520528e-01 0.99399999999999999998
1  8.71e+00  0.4493436019  1.520528e-01 0.99399999999999999998
1  9.12e+00  0.4493757278  1.520528e-01 0.99399999999999999998
1  9.55e+00  0.4494304464  1.520528e-01 0.99399999999999999998
1  1.00e+01  0.4493591935  1.520528e-01 0.99399999999999999998
1  1.05e+01  0.4494828641  1.520528e-01 0.99399999999999999998
1  1.10e+01  0.4493694066  1.520528e-01 0.99399999999999999998
1  1.15e+01  0.4493697796  1.520528e-01 0.99399999999999999998
1  1.20e+01  0.4493563358  1.520528e-01 0.99399999999999999998
1  1.26e+01  0.4493569447  1.520528e-01 0.99399999999999999998
1  1.32e+01  0.4493692208  1.520528e-01 0.99399999999999999998
1  1.38e+01  0.4493516797  1.520528e-01 0.99399999999999999998
1  1.45e+01  0.4493624634  1.520528e-01 0.99399999999999999998
1  1.51e+01  0.4493555469  1.520528e-01 0.99399999999999999998
1  1.58e+01  0.4493525125  1.520528e-01 0.99399999999999999998
1  1.66e+01  0.4492432036  1.520528e-01 0.99399999999999999998
1  1.74e+01  0.4489265021  1.520528e-01 0.99399999999999999998
1  1.82e+01  0.4489221824  1.520528e-01 0.99399999999999999998
1  1.91e+01  0.4493486865  1.520528e-01 0.99399999999999999998
1  2.00e+01  0.4493288033  1.520528e-01 0.99399999999999999998
1  2.09e+01  0.4500206215  1.520528e-01 0.99399999999999999998
1  2.19e+01  0.4494970143  1.520528e-01 0.99399999999999999998
1  2.29e+01  0.449362637  1.520528e-01 0.99399999999999999998
1  2.40e+01  0.44971661  1.520528e-01 0.99399999999999999998
1  2.51e+01  0.4490590564  1.520528e-01 0.99399999999999999998
1  2.63e+01  0.4500608641  1.520528e-01 0.99399999999999999998
1  2.75e+01  0.448956168  1.520528e-01 0.99399999999999999998
1  2.88e+01  0.4489320543  1.520528e-01 0.99399999999999999998
1  3.02e+01  0.4496917756  1.520528e-01 0.99399999999999999998
1  3.16e+01  0.4496204513  1.520528e-01 0.99399999999999999998
1  3.31e+01  0.4491137299  1.520528e-01 0.99399999999999999998
1  3.47e+01  0.4498334793  1.520528e-01 0.99399999999999999998
1  3.63e+01  0.4498632142  1.520528e-01 0.99399999999999999998
1  3.80e+01  0.4497559257  1.520528e-01 0.99399999999999999998
1  3.98e+01  0.4493726591  1.520528e-01 0.99399999999999999998
1  4.17e+01  0.449499289  1.520528e-01 0.99399999999999999998
1  4.37e+01  0.4494020841  1.520528e-01 0.99399999999999999998
1  4.57e+01  0.4489205233  1.520528e-01 0.99399999999999999998
1  4.79e+01  0.4488084664  1.520528e-01 0.99399999999999999998
1  5.01e+01  0.4493367292  1.520528e-01 0.99399999999999999998
1  5.25e+01  0.4493493775  1.520528e-01 0.99399999999999999998
1  5.50e+01  0.4496064324  1.520528e-01 0.99399999999999999998
1  5.75e+01  0.4493922675  1.520528e-01 0.99399999999999999998
1  6.03e+01  0.4489508865  1.520528e-01 0.99399999999999999998
1  6.31e+01  0.4497574456  1.520528e-01 0.99399999999999999998
1  6.61e+01  0.4493349291  1.520528e-01 0.99399999999999999998
1  6.92e+01  0.4492923686  1.520528e-01 0.99399999999999999998
1  7.24e+01  0.449210425  1.520528e-01 0.99399999999999999998
1  7.59e+01  0.4492813098  1.520528e-01 0.99399999999999999998
1  7.94e+01  0.4496185223  1.520528e-01 0.99399999999999999998
1  8.32e+01  0.4492455107  1.520528e-01 0.99399999999999999998
1  8.71e+01  0.4492671365  1.520528e-01 0.99399999999999999998
1  9.12e+01  0.4493894707  1.520528e-01 0.99399999999999999998
1  9.55e+01  0.4500171348  1.520528e-01 0.99399999999999999998
1  1.00e+02  0.4498703417  1.520528e-01 0.99399999999999999998
1  1.05e+02  0.4492123911  1.520528e-01 0.99399999999999999998
1  1.10e+02  0.4493107327  1.520528e-01 0.99399999999999999998
1  1.15e+02  0.4493286321  1.520528e-01 0.99399999999999999998
1  1.20e+02  0.4493402946  1.520528e-01 0.99399999999999999998
1  1.26e+02  0.4488242329  1.520528e-01 0.99399999999999999998
1  1.32e+02  0.4492815985  1.520528e-01 0.99399999999999999998
1  1.38e+02  0.4491387135  1.520528e-01 0.99399999999999999998
1  1.45e+02  0.4493928032  1.520528e-01 0.99399999999999999998
1  1.51e+02  0.4491308837  1.520528e-01 0.99399999999999999998
1  1.58e+02  0.4489924005  1.520528e-01 0.99399999999999999998
1  1.66e+02  0.4492495196  1.520528e-01 0.99399999999999999998
1  1.74e+02  0.4494384036  1.520528e-01 0.99399999999999999998
1  1.82e+02  0.449219445  1.520528e-01 0.99399999999999999998
1  1.91e+02  0.4494375652  1.520528e-01 0.99399999999999999998
1  2.00e+02  0.4492121859  1.520528e-01 0.99399999999999999998
1  2.09e+02  0.4491831158  1.520528e-01 0.99399999999999999998
1  2.19e+02  0.4491674059  1.520528e-01 0.99399999999999999998
1  2.29e+02  0.4491629886  1.520528e-01 0.99399999999999999998
1  2.40e+02  0.4493468349  1.520528e-01 0.99399999999999999998
1  2.51e+02  0.4493200855  1.520528e-01 0.99399999999999999998
1  2.63e+02  0.4492095143  1.520528e-01 0.99399999999999999998
1  2.75e+02  0.4491807371  1.520528e-01 0.99399999999999999998
1  2.88e+02  0.4490212853  1.520528e-01 0.99399999999999999998
1  3.02e+02  0.4489878603  1.520528e-01 0.99399999999999999998
1  3.16e+02  0.4492047153  1.520528e-01 0.99399999999999999998
1  3.31e+02  0.4492425352  1.520528e-01 0.99399999999999999998
1  3.47e+02  0.4493458603  1.520528e-01 0.99399999999999999998
1  3.63e+02  0.4493419349  1.520528e-01 0.99399999999999999998
1  3.80e+02  0.448911781  1.520528e-01 0.99399999999999999998
1  3.98e+02  0.4493511208  1.520528e-01 0.99399999999999999998
1  4.17e+02  0.4493429706  1.520528e-01 0.99399999999999999998
1  4.37e+02  0.4493979649  1.520528e-01 0.99399999999999999998
1  4.57e+02  0.4488629221  1.520528e-01 0.99399999999999999998
1  4.79e+02  0.4491522787  1.520528e-01 0.99399999999999999998
1  5.01e+02  0.4492394228  1.520528e-01 0.99399999999999999998
1  5.25e+02  0.4488506152  1.520528e-01 0.99399999999999999998
1  5.50e+02  0.4491849373  1.520528e-01 0.99399999999999999998
1  5.75e+02  0.4492883175  1.520528e-01 0.99399999999999999998
1  6.03e+02  0.4491291343  1.520528e-01 0.99399999999999999998
1  6.31e+02  0.4493086129  1.520528e-01 0.99399999999999999998
1  6.61e+02  0.4486696388  1.520528e-01 0.99399999999999999998
1  6.92e+02  0.4484306235  1.520528e-01 0.99399999999999999998
1  7.24e+02  0.4485021409  1.520528e-01 0.99399999999999999998
1  7.59e+02  0.4492124143  1.520528e-01 0.99399999999999999998
1  7.94e+02  0.448522493  1.520528e-01 0.99399999999999999998
1  8.32e+02  0.4489199939  1.520528e-01 0.99399999999999999998
1  8.71e+02  0.4487092781  1.520528e-01 0.99399999999999999998
1  9.12e+02  0.4474671748  1.520528e-01 0.99399999999999999998
1  9.55e+02  0.4490837386  1.520528e-01 0.99399999999999999998
1  1.00e+03  0.4492485861  1.520528e-01 0.99399999999999999998
1  1.05e+03  0.4484174342  1.520528e-01 0.99399999999999999998
1  1.10e+03  0.4478900913  1.520528e-01 0.99399999999999999998
1  1.15e+03  0.4492169715  1.520528e-01 0.99399999999999999998
1  1.20e+03  0.4479361728  1.520528e-01 0.99399999999999999998
1  1.26e+03  0.4478005794  1.520528e-01 0.99399999999999999998
1  1.32e+03  0.4500990923  1.520528e-01 0.99399999999999999998
1  1.38e+03  0.4511890333  1.520528e-01 0.99399999999999999998
1  1.45e+03  0.4461886994  1.520528e-01 0.99399999999999999998
1  1.51e+03  0.4495026296  1.520528e-01 0.99399999999999999998
1  1.58e+03  0.4473090702  1.520528e-01 0.99399999999999999998
1  1.66e+03  0.4455124491  1.520528e-01 0.99399999999999999998
1  1.74e+03  0.4496490338  1.520528e-01 0.99399999999999999998
1  1.82e+03  0.4529472453  1.520528e-01 0.99399999999999999998
1  1.91e+03  0.4484309378  1.520528e-01 0.99399999999999999998
1  2.00e+03  0.4587288006  1.520528e-01 0.99399999999999999998
1  2.09e+03  0.4543967921  1.520528e-01 0.99399999999999999998
1  2.19e+03  0.4448881136  1.520528e-01 0.99399999999999999998
1  2.29e+03  0.4375079473  1.520528e-01 0.99399999999999999998
1  2.40e+03  0.4342798515  1.520528e-01 0.99399999999999999998
1  2.51e+03  0.4468632414  1.520528e-01 0.99399999999999999998
1  2.63e+03  0.4396804849  1.520528e-01 0.99399999999999999998
1  2.75e+03  0.4236408861  1.520528e-01 0.99399999999999999998
1  2.88e+03  0.4295070767  1.520528e-01 0.99399999999999999998
1  3.02e+03  0.4507015107  1.520528e-01 0.99399999999999999998
1  3.16e+03  0.4347552524  1.520528e-01 0.99399999999999999998
1  3.31e+03  0.4326295783  1.520528e-01 0.99399999999999999998
1  3.47e+03  0.4485816697  1.520528e-01 0.99399999999999999998
1  3.63e+03  0.4544028309  1.520528e-01 0.99399999999999999998
1  3.80e+03  0.4687114539  1.520528e-01 0.99399999999999999998
1  3.98e+03  0.446871355  1.520528e-01 0.99399999999999999998
1  4.17e+03  0.4605793713  1.520528e-01 0.99399999999999999998
1  4.37e+03  0.4583269632  1.520528e-01 0.99399999999999999998
1  4.57e+03  0.4596300289  1.520528e-01 0.99399999999999999998
1  4.79e+03  0.4733017617  1.520528e-01 0.99399999999999999998
1  5.01e+03  0.4493009344  1.520528e-01 0.99399999999999999998
1  5.25e+03  0.4681897964  1.520528e-01 0.99399999999999999998
1  5.50e+03  0.4620783459  1.520528e-01 0.99399999999999999998
1  5.75e+03  0.449626309  1.520528e-01 0.99399999999999999998
1  6.03e+03  0.4584254455  1.520528e-01 0.99399999999999999998
1  6.31e+03  0.485632549  1.520528e-01 0.99399999999999999998
1  6.61e+03  0.4276618821  1.520528e-01 0.99399999999999999998
1  6.92e+03  0.3501537688  1.520528e-01 0.99399999999999999998
1  7.24e+03  0.4314763972  1.520528e-01 0.99399999999999999998
1  7.59e+03  0.4498671679  1.520528e-01 0.99399999999999999998
1  7.94e+03  0.4248379788  1.520528e-01 0.99399999999999999998
1  8.32e+03  0.4435915783  1.520528e-01 0.99399999999999999998
1  8.71e+03  0.369791894  1.520528e-01 0.99399999999999999998
1  9.12e+03  0.3742618217  1.520528e-01 0.99399999999999999998
1  9.55e+03  0.4213056145  1.520528e-01 0.99399999999999999998
1  1.00e+04  0.3442763212  1.520528e-01 0.99399999999999999998
1  1.05e+04  0.466951644  1.520528e-01 0.99399999999999999998
1  1.10e+04  0.4303383839  1.520528e-01 0.99399999999999999998
1  1.15e+04  0.4436424962  1.520528e-01 0.99399999999999999998
1  1.20e+04  0.4144103557  1.520528e-01 0.99399999999999999998
1  1.26e+04  0.2736538467  1.520528e-01 0.99399999999999999998
1  1.32e+04  0.4195024418  1.520528e-01 0.99399999999999999998
1  1.38e+04  0.2492773406  1.520528e-01 0.99399999999999999998
1  1.45e+04  0.4085008462  1.520528e-01 0.99399999999999999998
1  1.51e+04  0.3118824302  1.520528e-01 0.99399999999999999998
1  1.58e+04  0.4041903966  1.520528e-01 0.99399999999999999998
1  1.66e+04  0.4598036932  1.520528e-01 0.99399999999999999998
1  1.74e+04  0.3921485335  1.520528e-01 0.99399999999999999998
1  1.82e+04  0.2870642979  1.520528e-01 0.99399999999999999998
1  1.91e+04  0.1725701101  1.520528e-01 0.99399999999999999998
1  2.00e+04  0.4102912073  1.520528e-01 0.99399999999999999998
1  2.09e+04  0.3585275178  1.520528e-01 0.99399999999999999998
1  2.19e+04  0.1550439921  1.520528e-01 0.99399999999999999998
1  2.29e+04  0.4096844076  1.520528e-01 0.99399999999999999998
1  2.40e+04  0.3098746186  1.520528e-01 0.99399999999999999998
1  2.51e+04  0.1071464332  1.520528e-01 0.99399999999999999998
1  2.63e+04  0.4183780902  1.520528e-01 0.99399999999999999998
1  2.75e+04  0.3729425738  1.520528e-01 0.99399999999999999998
1  2.88e+04  0.4292205477  1.520528e-01 0.99399999999999999998
1  3.02e+04  0.1952288387  1.520528e-01 0.99399999999999999998
1  3.16e+04  0.2687340283  1.520528e-01 0.99399999999999999998
1  3.31e+04  0.3488113354  1.520528e-01 0.99399999999999999998
1  3.47e+04  0.4044855132  1.520528e-01 0.99399999999999999998
1  3.63e+04  0.3065783255  1.520528e-01 0.99399999999999999998
1  3.80e+04  0.3925195903  1.520528e-01 0.99399999999999999998
1  3.98e+04  0.1125489948  1.520528e-01 0.99399999999999999998
1  4.17e+04  0.4001869124  1.520528e-01 0.99399999999999999998
1  4.37e+04  0.2223740398  1.520528e-01 0.99399999999999999998
1  4.57e+04  0.3511830303  1.520528e-01 0.99399999999999999998
1  4.79e+04  0.3994234222  1.520528e-01 0.99399999999999999998
1  5.01e+04  0.4390009041  1.520528e-01 0.99399999999999999998
1  5.25e+04  0.2465125377  1.520528e-01 0.99399999999999999998
1  5.50e+04  0.3581874607  1.520528e-01 0.99399999999999999998
1  5.75e+04  0.3117527115  1.520528e-01 0.99399999999999999998
1  6.03e+04  0.09749572306  1.520528e-01 0.99399999999999999998
1  6.31e+04  0.3700486445  1.520528e-01 0.99399999999999999998
1  6.61e+04  0.3258883269  1.520528e-01 0.99399999999999999998
1  6.92e+04  0.1627995195  1.520528e-01 0.99399999999999999998
1  7.24e+04  0.3544000753  1.520528e-01 0.99399999999999999998
1  7.59e+04  0.4486353015  1.520528e-01 0.99399999999999999998
1  7.94e+04  0.3775449164  1.520528e-01 0.99399999999999999998
1  8.32e+04  0.3938176273  1.520528e-01 0.99399999999999999998
1  8.71e+04  0.4053208212  1.520528e-01 0.99399999999999999998
1  9.12e+04  0.3531908351  1.520528e-01 0.99399999999999999998
1  9.55e+04  0.3746430038  1.520528e-01 0.99399999999999999998
1  1.00e+05  0.44759581  1.520528e-01 0.99399999999999999998
1  1.05e+05  0.4111894593  1.520528e-01 0.99399999999999999998
1  1.10e+05  0.2757536996  1.520528e-01 0.99399999999999999998
1  1.15e+05  0.2122885002  1.520528e-01 0.99399999999999999998
1  1.20e+05  0.2902118442  1.520528e-01 0.99399999999999999998
1  1.26e+05  0.3960011059  1.520528e-01 0.99399999999999999998
1  1.32e+05  0.3975187864  1.520528e-01 0.99399999999999999998
1  1.38e+05  0.2932595473  1.520528e-01 0.99399999999999999998
1  1.45e+05  0.1878801553  1.520528e-01 0.99399999999999999998
1  1.51e+05  0.171861284  1.520528e-01 0.99399999999999999998
1  1.58e+05  0.2474837214  1.520528e-01 0.99399999999999999998
1  1.66e+05  0.3486417102  1.520528e-01 0.99399999999999999998
1  1.74e+05  0.4061261805  1.520528e-01 0.99399999999999999998
1  1.82e+05  0.3943894166  1.520528e-01 0.99399999999999999998
1  1.91e+05  0.3349544032  1.520528e-01 0.99399999999999999998
1  2.00e+05  0.2706007135  1.520528e-01 0.99399999999999999998
1  2.09e+05  0.2365529167  1.520528e-01 0.99399999999999999998
1  2.19e+05  0.2454848891  1.520528e-01 0.99399999999999999998
1  2.29e+05  0.2885254606  1.520528e-01 0.99399999999999999998
1  2.40e+05  0.3454788983  1.520528e-01 0.99399999999999999998
1  2.51e+05  0.3961023332  1.520528e-01 0.99399999999999999998
1  2.63e+05  0.4273838602  1.520528e-01 0.99399999999999999998
1  2.75e+05  0.4356291149  1.520528e-01 0.99399999999999999998
1  2.88e+05  0.4246926069  1.520528e-01 0.99399999999999999998
1  3.02e+05  0.4024992401  1.520528e-01 0.99399999999999999998
1  3.16e+05  0.3776392429  1.520528e-01 0.99399999999999999998
1  3.31e+05  0.3570117583  1.520528e-01 0.99399999999999999998
1  3.47e+05  0.3447479493  1.520528e-01 0.99399999999999999998
1  3.63e+05  0.3421801625  1.520528e-01 0.99399999999999999998
1  3.80e+05  0.3484459321  1.520528e-01 0.99399999999999999998
1  3.98e+05  0.3613345865  1.520528e-01 0.99399999999999999998
1  4.17e+05  0.3780966825  1.520528e-01 0.99399999999999999998
1  4.37e+05  0.396065789  1.520528e-01 0.99399999999999999998
1  4.57e+05  0.4130468364  1.520528e-01 0.99399999999999999998
1  4.79e+05  0.4274918909  1.520528e-01 0.99399999999999999998
1  5.01e+05  0.438515925  1.520528e-01 0.99399999999999999998
1  5.25e+05  0.4458118795  1.520528e-01 0.99399999999999999998
1  5.50e+05  0.449516688  1.520528e-01 0.99399999999999999998
1  5.75e+05  0.4500663614  1.520528e-01 0.99399999999999999998
1  6.03e+05  0.4480641413  1.520528e-01 0.99399999999999999998
1  6.31e+05  0.4441739341  1.520528e-01 0.99399999999999999998
1  6.61e+05  0.4388214917  1.520528e-01 0.99399999999999999998
1  6.92e+05  0.4326773313  1.520528e-01 0.99399999999999999998
1  7.24e+05  0.4263229635  1.520528e-01 0.99399999999999999998
1  7.59e+05  0.420386926  1.520528e-01 0.99399999999999999998
1  7.94e+05  0.4151559672  1.520528e-01 0.99399999999999999998
1  8.32e+05  0.4106989059  1.520528e-01 0.99399999999999999998
1  8.71e+05  0.4071787672  1.520528e-01 0.99399999999999999998
1  9.12e+05  0.404612496  1.520528e-01 0.99399999999999999998
1  9.55e+05  0.4029611211  1.520528e-01 0.99399999999999999998
1  1.00e+06  0.4021484083  1.520528e-01 0.99399999999999999998
1  1.05e+06  0.4020760555  1.520528e-01 0.99399999999999999998
1  1.10e+06  0.4026354526  1.520528e-01 0.99399999999999999998
1  1.15e+06  0.4037163288  1.520528e-01 0.99399999999999999998
1  1.20e+06  0.4052127527  1.520528e-01 0.99399999999999999998
1  1.26e+06  0.407026993  1.520528e-01 0.99399999999999999998
1  1.32e+06  0.4090717187  1.520528e-01 0.99399999999999999998
1  1.38e+06  0.4112709693  1.520528e-01 0.99399999999999999998
1  1.45e+06  0.4135602515  1.520528e-01 0.99399999999999999998
1  1.51e+06  0.4158860502  1.520528e-01 0.99399999999999999998
1  1.58e+06  0.418204975  1.520528e-01 0.99399999999999999998
1  1.66e+06  0.420482709  1.520528e-01 0.99399999999999999998
1  1.74e+06  0.4226252343  1.520528e-01 0.99399999999999999998
1  1.82e+06  0.4247516994  1.520528e-01 0.99399999999999999998
1  1.91e+06  0.4267773819  1.520528e-01 0.99399999999999999998
1  2.00e+06  0.4286931228  1.520528e-01 0.99399999999999999998
1  2.09e+06  0.4304936517  1.520528e-01 0.99399999999999999998
1  2.19e+06  0.4321768101  1.520528e-01 0.99399999999999999998
1  2.29e+06  0.433742883  1.520528e-01 0.99399999999999999998
1  2.40e+06  0.4351940318  1.520528e-01 0.99399999999999999998
1  2.51e+06  0.4365338194  1.520528e-01 0.99399999999999999998
1  2.63e+06  0.4377668193  1.520528e-01 0.99399999999999999998
1  2.75e+06  0.4388982963  1.520528e-01 0.99399999999999999998
1  2.88e+06  0.4399339499  1.520528e-01 0.99399999999999999998
1  3.02e+06  0.4408797114  1.520528e-01 0.99399999999999999998
1  3.16e+06  0.4417415847  1.520528e-01 0.99399999999999999998
1  3.31e+06  0.4425255251  1.520528e-01 0.99399999999999999998
1  3.47e+06  0.4432156706  1.520528e-01 0.99399999999999999998
1  3.63e+06  0.4438628693  1.520528e-01 0.99399999999999999998
1  3.80e+06  0.4444487699  1.520528e-01 0.99399999999999999998
1  3.98e+06  0.444978456  1.520528e-01 0.99399999999999999998
1  4.17e+06  0.4454567114  1.520528e-01 0.99399999999999999998
1  4.37e+06  0.4458880121  1.520528e-01 0.99399999999999999998
1  4.57e+06  0.4462765251  1.520528e-01 0.99399999999999999998
1  4.79e+06  0.446626114  1.520528e-01 0.99399999999999999998
1  5.01e+06  0.4469403478  1.520528e-01 0.99399999999999999998
1  5.25e+06  0.4472225131  1.520528e-01 0.99399999999999999998
1  5.50e+06  0.447475628  1.520528e-01 0.99399999999999999998
1  5.75e+06  0.4477024574  1.520528e-01 0.99399999999999999998
1  6.03e+06  0.4479055287  1.520528e-01 0.99399999999999999998
1  6.31e+06  0.4480871478  1.520528e-01 0.99399999999999999998
1  6.61e+06  0.4482494152  1.520528e-01 0.99399999999999999998
1  6.92e+06  0.4483890029  1.520528e-01 0.99399999999999999998
1  7.24e+06  0.4485186078  1.520528e-01 0.99399999999999999998
1  7.59e+06  0.4486340352  1.520528e-01 0.99399999999999999998
1  7.94e+06  0.4487367148  1.520528e-01 0.99399999999999999998
1  8.32e+06  0.4488279407  1.520528e-01 0.99399999999999999998
1  8.71e+06  0.4489088835  1.520528e-01 0.99399999999999999998
1  9.12e+06  0.4489806005  1.520528e-01 0.99399999999999999998
1  9.55e+06  0.4490440467  1.520528e-01 0.99399999999999999998
1  1.00e+07  0.4491000834  1.520528e-01 0.99399999999999999998
