1  1.00e-03  0.1758963795 -10.634859999999998 1.00899999999999999997
1  1.05e-03  0.1758963827 -10.634859999999998 1.00899999999999999997
1  1.10e-03  0.1758963827 -10.634859999999998 1.00899999999999999997
1  1.15e-03  0.1758963802 -10.634859999999998 1.00899999999999999997
1  1.20e-03  0.1758963835 -10.634859999999998 1.00899999999999999997
1  1.26e-03  0.1758963823 -10.634859999999998 1.00899999999999999997
1  1.32e-03  0.1758963839 -10.634859999999998 1.00899999999999999997
1  1.38e-03  0.1758963854 -10.634859999999998 1.00899999999999999997
1  1.45e-03  0.1758963849 -10.634859999999998 1.00899999999999999997
1  1.51e-03  0.1758963855 -10.634859999999998 1.00899999999999999997
1  1.58e-03  0.1758963824 -10.634859999999998 1.00899999999999999997
1  1.66e-03  0.1758963873 -10.634859999999998 1.00899999999999999997
1  1.74e-03  0.1758963861 -10.634859999999998 1.00899999999999999997
1  1.82e-03  0.1758963851 -10.634859999999998 1.00899999999999999997
1  1.91e-03  0.1758963844 -10.634859999999998 1.00899999999999999997
1  2.00e-03  0.1758963821 -10.634859999999998 1.00899999999999999997
1  2.09e-03  0.1758963824 -10.634859999999998 1.00899999999999999997
1  2.19e-03  0.1758963822 -10.634859999999998 1.00899999999999999997
1  2.29e-03  0.1758963822 -10.634859999999998 1.00899999999999999997
1  2.40e-03  0.1758963836 -10.634859999999998 1.00899999999999999997
1  2.51e-03  0.175896385 -10.634859999999998 1.00899999999999999997
1  2.63e-03  0.1758963858 -10.634859999999998 1.00899999999999999997
1  2.75e-03  0.1758963852 -10.634859999999998 1.00899999999999999997
1  2.88e-03  0.1758963855 -10.634859999999998 1.00899999999999999997
1  3.02e-03  0.1758963885 -10.634859999999998 1.00899999999999999997
1  3.16e-03  0.1758963881 -10.634859999999998 1.00899999999999999997
1  3.31e-03  0.1758963831 -10.634859999999998 1.00899999999999999997
1  3.47e-03  0.175896385 -10.634859999999998 1.00899999999999999997
1  3.63e-03  0.175896385 -10.634859999999998 1.00899999999999999997
1  3.80e-03  0.1758963842 -10.634859999999998 1.00899999999999999997
1  3.98e-03  0.1758963889 -10.634859999999998 1.00899999999999999997
1  4.17e-03  0.1758963846 -10.634859999999998 1.00899999999999999997
1  4.37e-03  0.1758963865 -10.634859999999998 1.00899999999999999997
1  4.57e-03  0.1758963894 -10.634859999999998 1.00899999999999999997
1  4.79e-03  0.1758963871 -10.634859999999998 1.00899999999999999997
1  5.01e-03  0.1758963931 -10.634859999999998 1.00899999999999999997
1  5.25e-03  0.1758963879 -10.634859999999998 1.00899999999999999997
1  5.50e-03  0.1758963846 -10.634859999999998 1.00899999999999999997
1  5.75e-03  0.1758963889 -10.634859999999998 1.00899999999999999997
1  6.03e-03  0.1758963913 -10.634859999999998 1.00899999999999999997
1  6.31e-03  0.1758963954 -10.634859999999998 1.00899999999999999997
1  6.61e-03  0.1758963914 -10.634859999999998 1.00899999999999999997
1  6.92e-03  0.1758964971 -10.634859999999998 1.00899999999999999997
1  7.24e-03  0.1758963909 -10.634859999999998 1.00899999999999999997
1  7.59e-03  0.1758963907 -10.634859999999998 1.00899999999999999997
1  7.94e-03  0.175896396 -10.634859999999998 1.00899999999999999997
1  8.32e-03  0.1758963893 -10.634859999999998 1.00899999999999999997
1  8.71e-03  0.1758963973 -10.634859999999998 1.00899999999999999997
1  9.12e-03  0.1758963892 -10.634859999999998 1.00899999999999999997
1  9.55e-03  0.1758963937 -10.634859999999998 1.00899999999999999997
1  1.00e-02  0.1758963991 -10.634859999999998 1.00899999999999999997
1  1.05e-02  0.1758964154 -10.634859999999998 1.00899999999999999997
1  1.10e-02  0.1758963947 -10.634859999999998 1.00899999999999999997
1  1.15e-02  0.1758964103 -10.634859999999998 1.00899999999999999997
1  1.20e-02  0.1758964179 -10.634859999999998 1.00899999999999999997
1  1.26e-02  0.1758963942 -10.634859999999998 1.00899999999999999997
1  1.32e-02  0.175896403 -10.634859999999998 1.00899999999999999997
1  1.38e-02  0.1758964084 -10.634859999999998 1.00899999999999999997
1  1.45e-02  0.1758963139 -10.634859999999998 1.00899999999999999997
1  1.51e-02  0.175896405 -10.634859999999998 1.00899999999999999997
1  1.58e-02  0.1758964149 -10.634859999999998 1.00899999999999999997
1  1.66e-02  0.1758965595 -10.634859999999998 1.00899999999999999997
1  1.74e-02  0.1758964013 -10.634859999999998 1.00899999999999999997
1  1.82e-02  0.1758964149 -10.634859999999998 1.00899999999999999997
1  1.91e-02  0.175896399 -10.634859999999998 1.00899999999999999997
1  2.00e-02  0.1758964 -10.634859999999998 1.00899999999999999997
1  2.09e-02  0.1758964263 -10.634859999999998 1.00899999999999999997
1  2.19e-02  0.1758964086 -10.634859999999998 1.00899999999999999997
1  2.29e-02  0.1758963785 -10.634859999999998 1.00899999999999999997
1  2.40e-02  0.1758963261 -10.634859999999998 1.00899999999999999997
1  2.51e-02  0.175896587 -10.634859999999998 1.00899999999999999997
1  2.63e-02  0.1758964831 -10.634859999999998 1.00899999999999999997
1  2.75e-02  0.1758964996 -10.634859999999998 1.00899999999999999997
1  2.88e-02  0.1758965193 -10.634859999999998 1.00899999999999999997
1  3.02e-02  0.1758964386 -10.634859999999998 1.00899999999999999997
1  3.16e-02  0.1758964834 -10.634859999999998 1.00899999999999999997
1  3.31e-02  0.1758964525 -10.634859999999998 1.00899999999999999997
1  3.47e-02  0.1758964687 -10.634859999999998 1.00899999999999999997
1  3.63e-02  0.1758964336 -10.634859999999998 1.00899999999999999997
1  3.80e-02  0.1758964135 -10.634859999999998 1.00899999999999999997
1  3.98e-02  0.1758964627 -10.634859999999998 1.00899999999999999997
1  4.17e-02  0.1758964269 -10.634859999999998 1.00899999999999999997
1  4.37e-02  0.175897 -10.634859999999998 1.00899999999999999997
1  4.57e-02  0.1758966212 -10.634859999999998 1.00899999999999999997
1  4.79e-02  0.1758965048 -10.634859999999998 1.00899999999999999997
1  5.01e-02  0.1758528672 -10.634859999999998 1.00899999999999999997
1  5.25e-02  0.1758965601 -10.634859999999998 1.00899999999999999997
1  5.50e-02  0.1758965385 -10.634859999999998 1.00899999999999999997
1  5.75e-02  0.1758965634 -10.634859999999998 1.00899999999999999997
1  6.03e-02  0.1758964786 -10.634859999999998 1.00899999999999999997
1  6.31e-02  0.1758965256 -10.634859999999998 1.00899999999999999997
1  6.61e-02  0.1758965463 -10.634859999999998 1.00899999999999999997
1  6.92e-02  0.1758965111 -10.634859999999998 1.00899999999999999997
1  7.24e-02  0.1758965663 -10.634859999999998 1.00899999999999999997
1  7.59e-02  0.1758965045 -10.634859999999998 1.00899999999999999997
1  7.94e-02  0.1758965719 -10.634859999999998 1.00899999999999999997
1  8.32e-02  0.1758964274 -10.634859999999998 1.00899999999999999997
1  8.71e-02  0.1758966317 -10.634859999999998 1.00899999999999999997
1  9.12e-02  0.175896449 -10.634859999999998 1.00899999999999999997
1  9.55e-02  0.1758972452 -10.634859999999998 1.00899999999999999997
1  1.00e-01  0.1758967418 -10.634859999999998 1.00899999999999999997
1  1.05e-01  0.1758968277 -10.634859999999998 1.00899999999999999997
1  1.10e-01  0.1758965498 -10.634859999999998 1.00899999999999999997
1  1.15e-01  0.1758966762 -10.634859999999998 1.00899999999999999997
1  1.20e-01  0.1758965233 -10.634859999999998 1.00899999999999999997
1  1.26e-01  0.1758966007 -10.634859999999998 1.00899999999999999997
1  1.32e-01  0.1758966592 -10.634859999999998 1.00899999999999999997
1  1.38e-01  0.1758966249 -10.634859999999998 1.00899999999999999997
1  1.45e-01  0.1758941933 -10.634859999999998 1.00899999999999999997
1  1.51e-01  0.1758965141 -10.634859999999998 1.00899999999999999997
1  1.58e-01  0.1758965457 -10.634859999999998 1.00899999999999999997
1  1.66e-01  0.1758966547 -10.634859999999998 1.00899999999999999997
1  1.74e-01  0.1758964628 -10.634859999999998 1.00899999999999999997
1  1.82e-01  0.1758962947 -10.634859999999998 1.00899999999999999997
1  1.91e-01  0.1758965635 -10.634859999999998 1.00899999999999999997
1  2.00e-01  0.1759236034 -10.634859999999998 1.00899999999999999997
1  2.09e-01  0.1758967879 -10.634859999999998 1.00899999999999999997
1  2.19e-01  0.175896765 -10.634859999999998 1.00899999999999999997
1  2.29e-01  0.1758966831 -10.634859999999998 1.00899999999999999997
1  2.40e-01  0.1758965697 -10.634859999999998 1.00899999999999999997
1  2.51e-01  0.1758967405 -10.634859999999998 1.00899999999999999997
1  2.63e-01  0.175896514 -10.634859999999998 1.00899999999999999997
1  2.75e-01  0.1758965151 -10.634859999999998 1.00899999999999999997
1  2.88e-01  0.1758966163 -10.634859999999998 1.00899999999999999997
1  3.02e-01  0.1758966019 -10.634859999999998 1.00899999999999999997
1  3.16e-01  0.1758996992 -10.634859999999998 1.00899999999999999997
1  3.31e-01  0.1758993596 -10.634859999999998 1.00899999999999999997
1  3.47e-01  0.1758965584 -10.634859999999998 1.00899999999999999997
1  3.63e-01  0.1758970307 -10.634859999999998 1.00899999999999999997
1  3.80e-01  0.1758969967 -10.634859999999998 1.00899999999999999997
1  3.98e-01  0.1758957578 -10.634859999999998 1.00899999999999999997
1  4.17e-01  0.1758972431 -10.634859999999998 1.00899999999999999997
1  4.37e-01  0.1758965144 -10.634859999999998 1.00899999999999999997
1  4.57e-01  0.1758969048 -10.634859999999998 1.00899999999999999997
1  4.79e-01  0.1758964879 -10.634859999999998 1.00899999999999999997
1  5.01e-01  0.1758968157 -10.634859999999998 1.00899999999999999997
1  5.25e-01  0.1758967587 -10.634859999999998 1.00899999999999999997
1  5.50e-01  0.1758970319 -10.634859999999998 1.00899999999999999997
1  5.75e-01  0.1759077619 -10.634859999999998 1.00899999999999999997
1  6.03e-01  0.1758972988 -10.634859999999998 1.00899999999999999997
1  6.31e-01  0.1758928131 -10.634859999999998 1.00899999999999999997
1  6.61e-01  0.1758971422 -10.634859999999998 1.00899999999999999997
1  6.92e-01  0.1758977246 -10.634859999999998 1.00899999999999999997
1  7.24e-01  0.1758972681 -10.634859999999998 1.00899999999999999997
1  7.59e-01  0.175902551 -10.634859999999998 1.00899999999999999997
1  7.94e-01  0.1758976098 -10.634859999999998 1.00899999999999999997
1  8.32e-01  0.1758934663 -10.634859999999998 1.00899999999999999997
1  8.71e-01  0.1758971666 -10.634859999999998 1.00899999999999999997
1  9.12e-01  0.1758892871 -10.634859999999998 1.00899999999999999997
1  9.55e-01  0.1758988003 -10.634859999999998 1.00899999999999999997
1  1.00e+00  0.1758975226 -10.634859999999998 1.00899999999999999997
1  1.05e+00  0.1758978876 -10.634859999999998 1.00899999999999999997
1  1.10e+00  0.1758965732 -10.634859999999998 1.00899999999999999997
1  1.15e+00  0.1758975077 -10.634859999999998 1.00899999999999999997
1  1.20e+00  0.1758967542 -10.634859999999998 1.00899999999999999997
1  1.26e+00  0.1758969729 -10.634859999999998 1.00899999999999999997
1  1.32e+00  0.1758980334 -10.634859999999998 1.00899999999999999997
1  1.38e+00  0.1758936533 -10.634859999999998 1.00899999999999999997
1  1.45e+00  0.1758729713 -10.634859999999998 1.00899999999999999997
1  1.51e+00  0.1759004675 -10.634859999999998 1.00899999999999999997
1  1.58e+00  0.1759101955 -10.634859999999998 1.00899999999999999997
1  1.66e+00  0.1758980554 -10.634859999999998 1.00899999999999999997
1  1.74e+00  0.1758981555 -10.634859999999998 1.00899999999999999997
1  1.82e+00  0.1759146161 -10.634859999999998 1.00899999999999999997
1  1.91e+00  0.1758965199 -10.634859999999998 1.00899999999999999997
1  2.00e+00  0.1758987561 -10.634859999999998 1.00899999999999999997
1  2.09e+00  0.1758985436 -10.634859999999998 1.00899999999999999997
1  2.19e+00  0.1758987881 -10.634859999999998 1.00899999999999999997
1  2.29e+00  0.1758981154 -10.634859999999998 1.00899999999999999997
1  2.40e+00  0.1758909632 -10.634859999999998 1.00899999999999999997
1  2.51e+00  0.1758978487 -10.634859999999998 1.00899999999999999997
1  2.63e+00  0.1758972138 -10.634859999999998 1.00899999999999999997
1  2.75e+00  0.1758945411 -10.634859999999998 1.00899999999999999997
1  2.88e+00  0.1758978671 -10.634859999999998 1.00899999999999999997
1  3.02e+00  0.1758856687 -10.634859999999998 1.00899999999999999997
1  3.16e+00  0.1759295278 -10.634859999999998 1.00899999999999999997
1  3.31e+00  0.1759062215 -10.634859999999998 1.00899999999999999997
1  3.47e+00  0.1758977738 -10.634859999999998 1.00899999999999999997
1  3.63e+00  0.1758948371 -10.634859999999998 1.00899999999999999997
1  3.80e+00  0.1758898942 -10.634859999999998 1.00899999999999999997
1  3.98e+00  0.1758969399 -10.634859999999998 1.00899999999999999997
1  4.17e+00  0.1758982001 -10.634859999999998 1.00899999999999999997
1  4.37e+00  0.1759031843 -10.634859999999998 1.00899999999999999997
1  4.57e+00  0.1759018632 -10.634859999999998 1.00899999999999999997
1  4.79e+00  0.1759018327 -10.634859999999998 1.00899999999999999997
1  5.01e+00  0.175897915 -10.634859999999998 1.00899999999999999997
1  5.25e+00  0.1759051647 -10.634859999999998 1.00899999999999999997
1  5.50e+00  0.1759054923 -10.634859999999998 1.00899999999999999997
1  5.75e+00  0.1757756407 -10.634859999999998 1.00899999999999999997
1  6.03e+00  0.1759599866 -10.634859999999998 1.00899999999999999997
1  6.31e+00  0.1759437141 -10.634859999999998 1.00899999999999999997
1  6.61e+00  0.1759134515 -10.634859999999998 1.00899999999999999997
1  6.92e+00  0.1758984778 -10.634859999999998 1.00899999999999999997
1  7.24e+00  0.1759109228 -10.634859999999998 1.00899999999999999997
1  7.59e+00  0.175908577 -10.634859999999998 1.00899999999999999997
1  7.94e+00  0.1759007435 -10.634859999999998 1.00899999999999999997
1  8.32e+00  0.1759062981 -10.634859999999998 1.00899999999999999997
1  8.71e+00  0.1758988545 -10.634859999999998 1.00899999999999999997
1  9.12e+00  0.1759143282 -10.634859999999998 1.00899999999999999997
1  9.55e+00  0.1759109293 -10.634859999999998 1.00899999999999999997
1  1.00e+01  0.1759026655 -10.634859999999998 1.00899999999999999997
1  1.05e+01  0.1758984277 -10.634859999999998 1.00899999999999999997
1  1.10e+01  0.1759263584 -10.634859999999998 1.00899999999999999997
1  1.15e+01  0.1760795261 -10.634859999999998 1.00899999999999999997
1  1.20e+01  0.1758045977 -10.634859999999998 1.00899999999999999997
1  1.26e+01  0.175909348 -10.634859999999998 1.00899999999999999997
1  1.32e+01  0.1759711565 -10.634859999999998 1.00899999999999999997
1  1.38e+01  0.1759107253 -10.634859999999998 1.00899999999999999997
1  1.45e+01  0.1759183294 -10.634859999999998 1.00899999999999999997
1  1.51e+01  0.1758968371 -10.634859999999998 1.00899999999999999997
1  1.58e+01  0.1758956491 -10.634859999999998 1.00899999999999999997
1  1.66e+01  0.1758754869 -10.634859999999998 1.00899999999999999997
1  1.74e+01  0.1764682867 -10.634859999999998 1.00899999999999999997
1  1.82e+01  0.1759334213 -10.634859999999998 1.00899999999999999997
1  1.91e+01  0.175898157 -10.634859999999998 1.00899999999999999997
1  2.00e+01  0.1757903515 -10.634859999999998 1.00899999999999999997
1  2.09e+01  0.1769688277 -10.634859999999998 1.00899999999999999997
1  2.19e+01  0.1761175411 -10.634859999999998 1.00899999999999999997
1  2.29e+01  0.1760729934 -10.634859999999998 1.00899999999999999997
1  2.40e+01  0.1756842843 -10.634859999999998 1.00899999999999999997
1  2.51e+01  0.176345774 -10.634859999999998 1.00899999999999999997
1  2.63e+01  0.1767467546 -10.634859999999998 1.00899999999999999997
1  2.75e+01  0.1765216725 -10.634859999999998 1.00899999999999999997
1  2.88e+01  0.1763663685 -10.634859999999998 1.00899999999999999997
1  3.02e+01  0.1756959075 -10.634859999999998 1.00899999999999999997
1  3.16e+01  0.1755591764 -10.634859999999998 1.00899999999999999997
1  3.31e+01  0.176311512 -10.634859999999998 1.00899999999999999997
1  3.47e+01  0.1768785864 -10.634859999999998 1.00899999999999999997
1  3.63e+01  0.1752406116 -10.634859999999998 1.00899999999999999997
1  3.80e+01  0.1760188769 -10.634859999999998 1.00899999999999999997
1  3.98e+01  0.1760031334 -10.634859999999998 1.00899999999999999997
1  4.17e+01  0.1756469936 -10.634859999999998 1.00899999999999999997
1  4.37e+01  0.175999251 -10.634859999999998 1.00899999999999999997
1  4.57e+01  0.1753174733 -10.634859999999998 1.00899999999999999997
1  4.79e+01  0.1765911711 -10.634859999999998 1.00899999999999999997
1  5.01e+01  0.1760241682 -10.634859999999998 1.00899999999999999997
1  5.25e+01  0.1759919301 -10.634859999999998 1.00899999999999999997
1  5.50e+01  0.1759796995 -10.634859999999998 1.00899999999999999997
1  5.75e+01  0.1755565921 -10.634859999999998 1.00899999999999999997
1  6.03e+01  0.17572833 -10.634859999999998 1.00899999999999999997
1  6.31e+01  0.1765644242 -10.634859999999998 1.00899999999999999997
1  6.61e+01  0.1759524569 -10.634859999999998 1.00899999999999999997
1  6.92e+01  0.1762059179 -10.634859999999998 1.00899999999999999997
1  7.24e+01  0.1758863345 -10.634859999999998 1.00899999999999999997
1  7.59e+01  0.1751629768 -10.634859999999998 1.00899999999999999997
1  7.94e+01  0.1751449247 -10.634859999999998 1.00899999999999999997
1  8.32e+01  0.1758757146 -10.634859999999998 1.00899999999999999997
1  8.71e+01  0.1759464898 -10.634859999999998 1.00899999999999999997
1  9.12e+01  0.1759957883 -10.634859999999998 1.00899999999999999997
1  9.55e+01  0.1760337417 -10.634859999999998 1.00899999999999999997
1  1.00e+02  0.1765336217 -10.634859999999998 1.00899999999999999997
1  1.05e+02  0.176091328 -10.634859999999998 1.00899999999999999997
1  1.10e+02  0.1761936245 -10.634859999999998 1.00899999999999999997
1  1.15e+02  0.1759344248 -10.634859999999998 1.00899999999999999997
1  1.20e+02  0.1760645507 -10.634859999999998 1.00899999999999999997
1  1.26e+02  0.1761006741 -10.634859999999998 1.00899999999999999997
1  1.32e+02  0.1761308719 -10.634859999999998 1.00899999999999999997
1  1.38e+02  0.1761080724 -10.634859999999998 1.00899999999999999997
1  1.45e+02  0.1760619927 -10.634859999999998 1.00899999999999999997
1  1.51e+02  0.175990373 -10.634859999999998 1.00899999999999999997
1  1.58e+02  0.1760330486 -10.634859999999998 1.00899999999999999997
1  1.66e+02  0.1760875401 -10.634859999999998 1.00899999999999999997
1  1.74e+02  0.1759939729 -10.634859999999998 1.00899999999999999997
1  1.82e+02  0.1759528529 -10.634859999999998 1.00899999999999999997
1  1.91e+02  0.175815377 -10.634859999999998 1.00899999999999999997
1  2.00e+02  0.1760075037 -10.634859999999998 1.00899999999999999997
1  2.09e+02  0.1764234119 -10.634859999999998 1.00899999999999999997
1  2.19e+02  0.175866236 -10.634859999999998 1.00899999999999999997
1  2.29e+02  0.1762205197 -10.634859999999998 1.00899999999999999997
1  2.40e+02  0.176094117 -10.634859999999998 1.00899999999999999997
1  2.51e+02  0.1761046694 -10.634859999999998 1.00899999999999999997
1  2.63e+02  0.1762012029 -10.634859999999998 1.00899999999999999997
1  2.75e+02  0.1760941987 -10.634859999999998 1.00899999999999999997
1  2.88e+02  0.1762380158 -10.634859999999998 1.00899999999999999997
1  3.02e+02  0.176315688 -10.634859999999998 1.00899999999999999997
1  3.16e+02  0.1760662739 -10.634859999999998 1.00899999999999999997
1  3.31e+02  0.1758083341 -10.634859999999998 1.00899999999999999997
1  3.47e+02  0.1763969485 -10.634859999999998 1.00899999999999999997
1  3.63e+02  0.17640432 -10.634859999999998 1.00899999999999999997
1  3.80e+02  0.175859472 -10.634859999999998 1.00899999999999999997
1  3.98e+02  0.176223195 -10.634859999999998 1.00899999999999999997
1  4.17e+02  0.1763344692 -10.634859999999998 1.00899999999999999997
1  4.37e+02  0.1759807712 -10.634859999999998 1.00899999999999999997
1  4.57e+02  0.1764645923 -10.634859999999998 1.00899999999999999997
1  4.79e+02  0.1762363197 -10.634859999999998 1.00899999999999999997
1  5.01e+02  0.1761583446 -10.634859999999998 1.00899999999999999997
1  5.25e+02  0.1769519614 -10.634859999999998 1.00899999999999999997
1  5.50e+02  0.1760308785 -10.634859999999998 1.00899999999999999997
1  5.75e+02  0.1760140419 -10.634859999999998 1.00899999999999999997
1  6.03e+02  0.1762190944 -10.634859999999998 1.00899999999999999997
1  6.31e+02  0.1765864185 -10.634859999999998 1.00899999999999999997
1  6.61e+02  0.1764754005 -10.634859999999998 1.00899999999999999997
1  6.92e+02  0.1757993643 -10.634859999999998 1.00899999999999999997
1  7.24e+02  0.1765429282 -10.634859999999998 1.00899999999999999997
1  7.59e+02  0.1771974012 -10.634859999999998 1.00899999999999999997
1  7.94e+02  0.1771262123 -10.634859999999998 1.00899999999999999997
1  8.32e+02  0.1762229308 -10.634859999999998 1.00899999999999999997
1  8.71e+02  0.1758784969 -10.634859999999998 1.00899999999999999997
1  9.12e+02  0.1775421293 -10.634859999999998 1.00899999999999999997
1  9.55e+02  0.1765897661 -10.634859999999998 1.00899999999999999997
1  1.00e+03  0.1759066233 -10.634859999999998 1.00899999999999999997
1  1.05e+03  0.1758944007 -10.634859999999998 1.00899999999999999997
1  1.10e+03  0.1756215306 -10.634859999999998 1.00899999999999999997
1  1.15e+03  0.1796383449 -10.634859999999998 1.00899999999999999997
1  1.20e+03  0.176429498 -10.634859999999998 1.00899999999999999997
1  1.26e+03  0.1750472636 -10.634859999999998 1.00899999999999999997
1  1.32e+03  0.1745165926 -10.634859999999998 1.00899999999999999997
1  1.38e+03  0.1762316896 -10.634859999999998 1.00899999999999999997
1  1.45e+03  0.1736922325 -10.634859999999998 1.00899999999999999997
1  1.51e+03  0.179374918 -10.634859999999998 1.00899999999999999997
1  1.58e+03  0.1863526381 -10.634859999999998 1.00899999999999999997
1  1.66e+03  0.1874163724 -10.634859999999998 1.00899999999999999997
1  1.74e+03  0.1845250579 -10.634859999999998 1.00899999999999999997
1  1.82e+03  0.1714899065 -10.634859999999998 1.00899999999999999997
1  1.91e+03  0.1767880953 -10.634859999999998 1.00899999999999999997
1  2.00e+03  0.1640436459 -10.634859999999998 1.00899999999999999997
1  2.09e+03  0.1715068975 -10.634859999999998 1.00899999999999999997
1  2.19e+03  0.1816453287 -10.634859999999998 1.00899999999999999997
1  2.29e+03  0.1874144578 -10.634859999999998 1.00899999999999999997
1  2.40e+03  0.1883180284 -10.634859999999998 1.00899999999999999997
1  2.51e+03  0.1720571454 -10.634859999999998 1.00899999999999999997
1  2.63e+03  0.2023504498 -10.634859999999998 1.00899999999999999997
1  2.75e+03  0.1881003717 -10.634859999999998 1.00899999999999999997
1  2.88e+03  0.2180974376 -10.634859999999998 1.00899999999999999997
1  3.02e+03  0.1838742731 -10.634859999999998 1.00899999999999999997
1  3.16e+03  0.1693232064 -10.634859999999998 1.00899999999999999997
1  3.31e+03  0.165950545 -10.634859999999998 1.00899999999999999997
1  3.47e+03  0.1635654795 -10.634859999999998 1.00899999999999999997
1  3.63e+03  0.1627861916 -10.634859999999998 1.00899999999999999997
1  3.80e+03  0.2160779709 -10.634859999999998 1.00899999999999999997
1  3.98e+03  0.160883256 -10.634859999999998 1.00899999999999999997
1  4.17e+03  0.148940875 -10.634859999999998 1.00899999999999999997
1  4.37e+03  0.1633496899 -10.634859999999998 1.00899999999999999997
1  4.57e+03  0.1410227355 -10.634859999999998 1.00899999999999999997
1  4.79e+03  0.1742778387 -10.634859999999998 1.00899999999999999997
1  5.01e+03  0.1739432615 -10.634859999999998 1.00899999999999999997
1  5.25e+03  0.1924494134 -10.634859999999998 1.00899999999999999997
1  5.50e+03  0.1651403791 -10.634859999999998 1.00899999999999999997
1  5.75e+03  0.211726651 -10.634859999999998 1.00899999999999999997
1  6.03e+03  0.2027895329 -10.634859999999998 1.00899999999999999997
1  6.31e+03  0.2354630095 -10.634859999999998 1.00899999999999999997
1  6.61e+03  0.1440486255 -10.634859999999998 1.00899999999999999997
1  6.92e+03  0.2151066476 -10.634859999999998 1.00899999999999999997
1  7.24e+03  0.2301399238 -10.634859999999998 1.00899999999999999997
1  7.59e+03  0.3233889886 -10.634859999999998 1.00899999999999999997
1  7.94e+03  0.1673928266 -10.634859999999998 1.00899999999999999997
1  8.32e+03  0.35745935 -10.634859999999998 1.00899999999999999997
1  8.71e+03  0.2266776286 -10.634859999999998 1.00899999999999999997
1  9.12e+03  0.2276439545 -10.634859999999998 1.00899999999999999997
1  9.55e+03  0.2590075338 -10.634859999999998 1.00899999999999999997
1  1.00e+04  0.1872533491 -10.634859999999998 1.00899999999999999997
1  1.05e+04  0.2459164049 -10.634859999999998 1.00899999999999999997
1  1.10e+04  0.2812487282 -10.634859999999998 1.00899999999999999997
1  1.15e+04  0.2328818869 -10.634859999999998 1.00899999999999999997
1  1.20e+04  0.3687961159 -10.634859999999998 1.00899999999999999997
1  1.26e+04  0.2910165436 -10.634859999999998 1.00899999999999999997
1  1.32e+04  0.2592683604 -10.634859999999998 1.00899999999999999997
1  1.38e+04  0.2875808616 -10.634859999999998 1.00899999999999999997
1  1.45e+04  0.2873145704 -10.634859999999998 1.00899999999999999997
1  1.51e+04  0.2703836324 -10.634859999999998 1.00899999999999999997
1  1.58e+04  0.4590593737 -10.634859999999998 1.00899999999999999997
1  1.66e+04  0.1648370956 -10.634859999999998 1.00899999999999999997
1  1.74e+04  0.4538218764 -10.634859999999998 1.00899999999999999997
1  1.82e+04  0.3258817782 -10.634859999999998 1.00899999999999999997
1  1.91e+04  0.2680836827 -10.634859999999998 1.00899999999999999997
1  2.00e+04  0.5183406963 -10.634859999999998 1.00899999999999999997
1  2.09e+04  0.3459093596 -10.634859999999998 1.00899999999999999997
1  2.19e+04  0.2917029448 -10.634859999999998 1.00899999999999999997
1  2.29e+04  0.4387865054 -10.634859999999998 1.00899999999999999997
1  2.40e+04  0.5069627292 -10.634859999999998 1.00899999999999999997
1  2.51e+04  0.3171681853 -10.634859999999998 1.00899999999999999997
1  2.63e+04  0.3442234183 -10.634859999999998 1.00899999999999999997
1  2.75e+04  0.243136295 -10.634859999999998 1.00899999999999999997
1  2.88e+04  0.4196968834 -10.634859999999998 1.00899999999999999997
1  3.02e+04  0.4419994445 -10.634859999999998 1.00899999999999999997
1  3.16e+04  0.1879862798 -10.634859999999998 1.00899999999999999997
1  3.31e+04  0.2807718674 -10.634859999999998 1.00899999999999999997
1  3.47e+04  0.5010702302 -10.634859999999998 1.00899999999999999997
1  3.63e+04  0.319452834 -10.634859999999998 1.00899999999999999997
1  3.80e+04  0.4674472882 -10.634859999999998 1.00899999999999999997
1  3.98e+04  0.2877253917 -10.634859999999998 1.00899999999999999997
1  4.17e+04  0.3190524113 -10.634859999999998 1.00899999999999999997
1  4.37e+04  0.2342444091 -10.634859999999998 1.00899999999999999997
1  4.57e+04  0.2264188065 -10.634859999999998 1.00899999999999999997
1  4.79e+04  0.5774049803 -10.634859999999998 1.00899999999999999997
1  5.01e+04  0.2648463538 -10.634859999999998 1.00899999999999999997
1  5.25e+04  0.4036276251 -10.634859999999998 1.00899999999999999997
1  5.50e+04  0.5577258736 -10.634859999999998 1.00899999999999999997
1  5.75e+04  0.2034354929 -10.634859999999998 1.00899999999999999997
1  6.03e+04  0.3534745017 -10.634859999999998 1.00899999999999999997
1  6.31e+04  0.3488542227 -10.634859999999998 1.00899999999999999997
1  6.61e+04  0.2026231419 -10.634859999999998 1.00899999999999999997
1  6.92e+04  0.2064893021 -10.634859999999998 1.00899999999999999997
1  7.24e+04  0.2297135564 -10.634859999999998 1.00899999999999999997
1  7.59e+04  0.3516000304 -10.634859999999998 1.00899999999999999997
1  7.94e+04  0.3989128866 -10.634859999999998 1.00899999999999999997
1  8.32e+04  0.23593351 -10.634859999999998 1.00899999999999999997
1  8.71e+04  0.1969949891 -10.634859999999998 1.00899999999999999997
1  9.12e+04  0.4165851761 -10.634859999999998 1.00899999999999999997
1  9.55e+04  0.5493937136 -10.634859999999998 1.00899999999999999997
1  1.00e+05  0.4026566522 -10.634859999999998 1.00899999999999999997
1  1.05e+05  0.2168801194 -10.634859999999998 1.00899999999999999997
1  1.10e+05  0.2377702166 -10.634859999999998 1.00899999999999999997
1  1.15e+05  0.3934131076 -10.634859999999998 1.00899999999999999997
1  1.20e+05  0.4672411677 -10.634859999999998 1.00899999999999999997
1  1.26e+05  0.3846219937 -10.634859999999998 1.00899999999999999997
1  1.32e+05  0.2477001483 -10.634859999999998 1.00899999999999999997
1  1.38e+05  0.1797389408 -10.634859999999998 1.00899999999999999997
1  1.45e+05  0.2075738868 -10.634859999999998 1.00899999999999999997
1  1.51e+05  0.2737753694 -10.634859999999998 1.00899999999999999997
1  1.58e+05  0.3124295735 -10.634859999999998 1.00899999999999999997
1  1.66e+05  0.30011531 -10.634859999999998 1.00899999999999999997
1  1.74e+05  0.2550632843 -10.634859999999998 1.00899999999999999997
1  1.82e+05  0.2088071766 -10.634859999999998 1.00899999999999999997
1  1.91e+05  0.1819208861 -10.634859999999998 1.00899999999999999997
1  2.00e+05  0.1771260487 -10.634859999999998 1.00899999999999999997
1  2.09e+05  0.1855960429 -10.634859999999998 1.00899999999999999997
1  2.19e+05  0.1965643901 -10.634859999999998 1.00899999999999999997
1  2.29e+05  0.2034662812 -10.634859999999998 1.00899999999999999997
1  2.40e+05  0.2051179386 -10.634859999999998 1.00899999999999999997
1  2.51e+05  0.2037379235 -10.634859999999998 1.00899999999999999997
1  2.63e+05  0.2022634124 -10.634859999999998 1.00899999999999999997
1  2.75e+05  0.2025305805 -10.634859999999998 1.00899999999999999997
1  2.88e+05  0.2047319143 -10.634859999999998 1.00899999999999999997
1  3.02e+05  0.2078152961 -10.634859999999998 1.00899999999999999997
1  3.16e+05  0.2102609575 -10.634859999999998 1.00899999999999999997
1  3.31e+05  0.2107840014 -10.634859999999998 1.00899999999999999997
1  3.47e+05  0.2087396541 -10.634859999999998 1.00899999999999999997
1  3.63e+05  0.204207977 -10.634859999999998 1.00899999999999999997
1  3.80e+05  0.1978480726 -10.634859999999998 1.00899999999999999997
1  3.98e+05  0.1906437646 -10.634859999999998 1.00899999999999999997
1  4.17e+05  0.1836434461 -10.634859999999998 1.00899999999999999997
1  4.37e+05  0.1777572348 -10.634859999999998 1.00899999999999999997
1  4.57e+05  0.1736358642 -10.634859999999998 1.00899999999999999997
1  4.79e+05  0.1716279221 -10.634859999999998 1.00899999999999999997
1  5.01e+05  0.1717970472 -10.634859999999998 1.00899999999999999997
1  5.25e+05  0.1739761114 -10.634859999999998 1.00899999999999999997
1  5.50e+05  0.1778374687 -10.634859999999998 1.00899999999999999997
1  5.75e+05  0.1829635515 -10.634859999999998 1.00899999999999999997
1  6.03e+05  0.188907965 -10.634859999999998 1.00899999999999999997
1  6.31e+05  0.1952423429 -10.634859999999998 1.00899999999999999997
1  6.61e+05  0.2028289951 -10.634859999999998 1.00899999999999999997
1  6.92e+05  0.2100455061 -10.634859999999998 1.00899999999999999997
1  7.24e+05  0.2165219252 -10.634859999999998 1.00899999999999999997
1  7.59e+05  0.2220157115 -10.634859999999998 1.00899999999999999997
1  7.94e+05  0.2263973876 -10.634859999999998 1.00899999999999999997
1  8.32e+05  0.2294470695 -10.634859999999998 1.00899999999999999997
1  8.71e+05  0.2316003367 -10.634859999999998 1.00899999999999999997
1  9.12e+05  0.2327192355 -10.634859999999998 1.00899999999999999997
1  9.55e+05  0.2329165787 -10.634859999999998 1.00899999999999999997
1  1.00e+06  0.2323217435 -10.634859999999998 1.00899999999999999997
1  1.05e+06  0.231069157 -10.634859999999998 1.00899999999999999997
1  1.10e+06  0.2292899866 -10.634859999999998 1.00899999999999999997
1  1.15e+06  0.2271065665 -10.634859999999998 1.00899999999999999997
1  1.20e+06  0.2246290347 -10.634859999999998 1.00899999999999999997
1  1.26e+06  0.2219868746 -10.634859999999998 1.00899999999999999997
1  1.32e+06  0.2192037185 -10.634859999999998 1.00899999999999999997
1  1.38e+06  0.2163705162 -10.634859999999998 1.00899999999999999997
1  1.45e+06  0.21354281 -10.634859999999998 1.00899999999999999997
1  1.51e+06  0.2107644902 -10.634859999999998 1.00899999999999999997
1  1.58e+06  0.2080692124 -10.634859999999998 1.00899999999999999997
1  1.66e+06  0.2054818411 -10.634859999999998 1.00899999999999999997
1  1.74e+06  0.2030198375 -10.634859999999998 1.00899999999999999997
1  1.82e+06  0.2006945443 -10.634859999999998 1.00899999999999999997
1  1.91e+06  0.1985123386 -10.634859999999998 1.00899999999999999997
1  2.00e+06  0.1965232308 -10.634859999999998 1.00899999999999999997
1  2.09e+06  0.194628912 -10.634859999999998 1.00899999999999999997
1  2.19e+06  0.1928763129 -10.634859999999998 1.00899999999999999997
1  2.29e+06  0.1912607622 -10.634859999999998 1.00899999999999999997
1  2.40e+06  0.1897763415 -10.634859999999998 1.00899999999999999997
1  2.51e+06  0.188416296 -10.634859999999998 1.00899999999999999997
1  2.63e+06  0.1871733608 -10.634859999999998 1.00899999999999999997
1  2.75e+06  0.186040019 -10.634859999999998 1.00899999999999999997
1  2.88e+06  0.1850087 -10.634859999999998 1.00899999999999999997
1  3.02e+06  0.1840719303 -10.634859999999998 1.00899999999999999997
1  3.16e+06  0.1832455706 -10.634859999999998 1.00899999999999999997
1  3.31e+06  0.1824744606 -10.634859999999998 1.00899999999999999997
1  3.47e+06  0.1817771481 -10.634859999999998 1.00899999999999999997
1  3.63e+06  0.1811473668 -10.634859999999998 1.00899999999999999997
1  3.80e+06  0.1805792412 -10.634859999999998 1.00899999999999999997
1  3.98e+06  0.1800672932 -10.634859999999998 1.00899999999999999997
1  4.17e+06  0.1796064397 -10.634859999999998 1.00899999999999999997
1  4.37e+06  0.179191983 -10.634859999999998 1.00899999999999999997
1  4.57e+06  0.178819597 -10.634859999999998 1.00899999999999999997
1  4.79e+06  0.1784853099 -10.634859999999998 1.00899999999999999997
1  5.01e+06  0.1781946904 -10.634859999999998 1.00899999999999999997
1  5.25e+06  0.1779251554 -10.634859999999998 1.00899999999999999997
1  5.50e+06  0.177683804 -10.634859999999998 1.00899999999999999997
1  5.75e+06  0.1774678727 -10.634859999999998 1.00899999999999999997
1  6.03e+06  0.1772748503 -10.634859999999998 1.00899999999999999997
1  6.31e+06  0.1771024578 -10.634859999999998 1.00899999999999999997
1  6.61e+06  0.1769486294 -10.634859999999998 1.00899999999999999997
1  6.92e+06  0.1768114948 -10.634859999999998 1.00899999999999999997
1  7.24e+06  0.1766893623 -10.634859999999998 1.00899999999999999997
1  7.59e+06  0.1765845123 -10.634859999999998 1.00899999999999999997
1  7.94e+06  0.1764875844 -10.634859999999998 1.00899999999999999997
1  8.32e+06  0.1764015375 -10.634859999999998 1.00899999999999999997
1  8.71e+06  0.1763252455 -10.634859999999998 1.00899999999999999997
1  9.12e+06  0.1762576937 -10.634859999999998 1.00899999999999999997
1  9.55e+06  0.1761979679 -10.634859999999998 1.00899999999999999997
1  1.00e+07  0.1761452456 -10.634859999999998 1.00899999999999999997
