1  1.00e-03  0.1758963839 68858.064 1.04399999999999999994
1  1.05e-03  0.1758963848 68858.064 1.04399999999999999994
1  1.10e-03  0.1758963805 68858.064 1.04399999999999999994
1  1.15e-03  0.1758963849 68858.064 1.04399999999999999994
1  1.20e-03  0.1758963858 68858.064 1.04399999999999999994
1  1.26e-03  0.175896382 68858.064 1.04399999999999999994
1  1.32e-03  0.1758963878 68858.064 1.04399999999999999994
1  1.38e-03  0.1758963865 68858.064 1.04399999999999999994
1  1.45e-03  0.1758963814 68858.064 1.04399999999999999994
1  1.51e-03  0.1758963862 68858.064 1.04399999999999999994
1  1.58e-03  0.1758963852 68858.064 1.04399999999999999994
1  1.66e-03  0.1758963816 68858.064 1.04399999999999999994
1  1.74e-03  0.1758963818 68858.064 1.04399999999999999994
1  1.82e-03  0.1758963823 68858.064 1.04399999999999999994
1  1.91e-03  0.1758963858 68858.064 1.04399999999999999994
1  2.00e-03  0.1758963883 68858.064 1.04399999999999999994
1  2.09e-03  0.1758963885 68858.064 1.04399999999999999994
1  2.19e-03  0.1758963873 68858.064 1.04399999999999999994
1  2.29e-03  0.1758963898 68858.064 1.04399999999999999994
1  2.40e-03  0.1758963817 68858.064 1.04399999999999999994
1  2.51e-03  0.1758963854 68858.064 1.04399999999999999994
1  2.63e-03  0.1758963907 68858.064 1.04399999999999999994
1  2.75e-03  0.1758964007 68858.064 1.04399999999999999994
1  2.88e-03  0.1758963931 68858.064 1.04399999999999999994
1  3.02e-03  0.1758963955 68858.064 1.04399999999999999994
1  3.16e-03  0.1758963929 68858.064 1.04399999999999999994
1  3.31e-03  0.1758963921 68858.064 1.04399999999999999994
1  3.47e-03  0.1758963897 68858.064 1.04399999999999999994
1  3.63e-03  0.1758963887 68858.064 1.04399999999999999994
1  3.80e-03  0.1758963938 68858.064 1.04399999999999999994
1  3.98e-03  0.1758963818 68858.064 1.04399999999999999994
1  4.17e-03  0.1758963901 68858.064 1.04399999999999999994
1  4.37e-03  0.175896378 68858.064 1.04399999999999999994
1  4.57e-03  0.1758963777 68858.064 1.04399999999999999994
1  4.79e-03  0.1758963952 68858.064 1.04399999999999999994
1  5.01e-03  0.1758963804 68858.064 1.04399999999999999994
1  5.25e-03  0.1758963745 68858.064 1.04399999999999999994
1  5.50e-03  0.1758963949 68858.064 1.04399999999999999994
1  5.75e-03  0.1758964028 68858.064 1.04399999999999999994
1  6.03e-03  0.1758963864 68858.064 1.04399999999999999994
1  6.31e-03  0.1758963964 68858.064 1.04399999999999999994
1  6.61e-03  0.1758963876 68858.064 1.04399999999999999994
1  6.92e-03  0.1758963957 68858.064 1.04399999999999999994
1  7.24e-03  0.1758963993 68858.064 1.04399999999999999994
1  7.59e-03  0.1758963839 68858.064 1.04399999999999999994
1  7.94e-03  0.1758963861 68858.064 1.04399999999999999994
1  8.32e-03  0.1758963821 68858.064 1.04399999999999999994
1  8.71e-03  0.1758961411 68858.064 1.04399999999999999994
1  9.12e-03  0.1758963955 68858.064 1.04399999999999999994
1  9.55e-03  0.1758963072 68858.064 1.04399999999999999994
1  1.00e-02  0.1758963662 68858.064 1.04399999999999999994
1  1.05e-02  0.1758963804 68858.064 1.04399999999999999994
1  1.10e-02  0.1758964053 68858.064 1.04399999999999999994
1  1.15e-02  0.1758963783 68858.064 1.04399999999999999994
1  1.20e-02  0.1758963762 68858.064 1.04399999999999999994
1  1.26e-02  0.1758963901 68858.064 1.04399999999999999994
1  1.32e-02  0.1758963803 68858.064 1.04399999999999999994
1  1.38e-02  0.1758963702 68858.064 1.04399999999999999994
1  1.45e-02  0.1758963768 68858.064 1.04399999999999999994
1  1.51e-02  0.1758963873 68858.064 1.04399999999999999994
1  1.58e-02  0.1758963665 68858.064 1.04399999999999999994
1  1.66e-02  0.1758963322 68858.064 1.04399999999999999994
1  1.74e-02  0.1758963472 68858.064 1.04399999999999999994
1  1.82e-02  0.1758963262 68858.064 1.04399999999999999994
1  1.91e-02  0.1758964277 68858.064 1.04399999999999999994
1  2.00e-02  0.1758964394 68858.064 1.04399999999999999994
1  2.09e-02  0.175896355 68858.064 1.04399999999999999994
1  2.19e-02  0.1758964312 68858.064 1.04399999999999999994
1  2.29e-02  0.1758963957 68858.064 1.04399999999999999994
1  2.40e-02  0.1758964353 68858.064 1.04399999999999999994
1  2.51e-02  0.1758962227 68858.064 1.04399999999999999994
1  2.63e-02  0.1758960281 68858.064 1.04399999999999999994
1  2.75e-02  0.1758963223 68858.064 1.04399999999999999994
1  2.88e-02  0.1758963969 68858.064 1.04399999999999999994
1  3.02e-02  0.1758965318 68858.064 1.04399999999999999994
1  3.16e-02  0.1758967529 68858.064 1.04399999999999999994
1  3.31e-02  0.1758963609 68858.064 1.04399999999999999994
1  3.47e-02  0.175896562 68858.064 1.04399999999999999994
1  3.63e-02  0.1758965951 68858.064 1.04399999999999999994
1  3.80e-02  0.1758963938 68858.064 1.04399999999999999994
1  3.98e-02  0.1758964188 68858.064 1.04399999999999999994
1  4.17e-02  0.1758964114 68858.064 1.04399999999999999994
1  4.37e-02  0.1758962015 68858.064 1.04399999999999999994
1  4.57e-02  0.1758961963 68858.064 1.04399999999999999994
1  4.79e-02  0.1758962278 68858.064 1.04399999999999999994
1  5.01e-02  0.1758962938 68858.064 1.04399999999999999994
1  5.25e-02  0.1758964271 68858.064 1.04399999999999999994
1  5.50e-02  0.1758963798 68858.064 1.04399999999999999994
1  5.75e-02  0.1758964226 68858.064 1.04399999999999999994
1  6.03e-02  0.1758964327 68858.064 1.04399999999999999994
1  6.31e-02  0.1758963565 68858.064 1.04399999999999999994
1  6.61e-02  0.1758965351 68858.064 1.04399999999999999994
1  6.92e-02  0.1758956807 68858.064 1.04399999999999999994
1  7.24e-02  0.1758961204 68858.064 1.04399999999999999994
1  7.59e-02  0.1758964744 68858.064 1.04399999999999999994
1  7.94e-02  0.175896484 68858.064 1.04399999999999999994
1  8.32e-02  0.1758950513 68858.064 1.04399999999999999994
1  8.71e-02  0.1758960574 68858.064 1.04399999999999999994
1  9.12e-02  0.1758963269 68858.064 1.04399999999999999994
1  9.55e-02  0.1758963273 68858.064 1.04399999999999999994
1  1.00e-01  0.1758964649 68858.064 1.04399999999999999994
1  1.05e-01  0.1758965767 68858.064 1.04399999999999999994
1  1.10e-01  0.1758965552 68858.064 1.04399999999999999994
1  1.15e-01  0.1758961867 68858.064 1.04399999999999999994
1  1.20e-01  0.1758965474 68858.064 1.04399999999999999994
1  1.26e-01  0.1758957838 68858.064 1.04399999999999999994
1  1.32e-01  0.1758962091 68858.064 1.04399999999999999994
1  1.38e-01  0.1758961846 68858.064 1.04399999999999999994
1  1.45e-01  0.1758967772 68858.064 1.04399999999999999994
1  1.51e-01  0.175896557 68858.064 1.04399999999999999994
1  1.58e-01  0.1758967648 68858.064 1.04399999999999999994
1  1.66e-01  0.1758961337 68858.064 1.04399999999999999994
1  1.74e-01  0.1758961278 68858.064 1.04399999999999999994
1  1.82e-01  0.1758961512 68858.064 1.04399999999999999994
1  1.91e-01  0.1758961493 68858.064 1.04399999999999999994
1  2.00e-01  0.1758962604 68858.064 1.04399999999999999994
1  2.09e-01  0.175896464 68858.064 1.04399999999999999994
1  2.19e-01  0.1758965412 68858.064 1.04399999999999999994
1  2.29e-01  0.1758969531 68858.064 1.04399999999999999994
1  2.40e-01  0.1758968313 68858.064 1.04399999999999999994
1  2.51e-01  0.1758967188 68858.064 1.04399999999999999994
1  2.63e-01  0.1758964653 68858.064 1.04399999999999999994
1  2.75e-01  0.1758955301 68858.064 1.04399999999999999994
1  2.88e-01  0.1758963119 68858.064 1.04399999999999999994
1  3.02e-01  0.1758961219 68858.064 1.04399999999999999994
1  3.16e-01  0.1758959741 68858.064 1.04399999999999999994
1  3.31e-01  0.1758967737 68858.064 1.04399999999999999994
1  3.47e-01  0.1758971968 68858.064 1.04399999999999999994
1  3.63e-01  0.1758962156 68858.064 1.04399999999999999994
1  3.80e-01  0.1758964233 68858.064 1.04399999999999999994
1  3.98e-01  0.1758961972 68858.064 1.04399999999999999994
1  4.17e-01  0.1758967496 68858.064 1.04399999999999999994
1  4.37e-01  0.1758976518 68858.064 1.04399999999999999994
1  4.57e-01  0.175896186 68858.064 1.04399999999999999994
1  4.79e-01  0.1758964504 68858.064 1.04399999999999999994
1  5.01e-01  0.1758976826 68858.064 1.04399999999999999994
1  5.25e-01  0.1758972338 68858.064 1.04399999999999999994
1  5.50e-01  0.1758965386 68858.064 1.04399999999999999994
1  5.75e-01  0.175897726 68858.064 1.04399999999999999994
1  6.03e-01  0.1758965918 68858.064 1.04399999999999999994
1  6.31e-01  0.1758849005 68858.064 1.04399999999999999994
1  6.61e-01  0.1758983871 68858.064 1.04399999999999999994
1  6.92e-01  0.1758985137 68858.064 1.04399999999999999994
1  7.24e-01  0.1758964538 68858.064 1.04399999999999999994
1  7.59e-01  0.1758981095 68858.064 1.04399999999999999994
1  7.94e-01  0.1758970789 68858.064 1.04399999999999999994
1  8.32e-01  0.1758968459 68858.064 1.04399999999999999994
1  8.71e-01  0.1758978179 68858.064 1.04399999999999999994
1  9.12e-01  0.1758979162 68858.064 1.04399999999999999994
1  9.55e-01  0.1758989563 68858.064 1.04399999999999999994
1  1.00e+00  0.1758957663 68858.064 1.04399999999999999994
1  1.05e+00  0.1758966791 68858.064 1.04399999999999999994
1  1.10e+00  0.1759009713 68858.064 1.04399999999999999994
1  1.15e+00  0.1758983591 68858.064 1.04399999999999999994
1  1.20e+00  0.1758995807 68858.064 1.04399999999999999994
1  1.26e+00  0.1758991313 68858.064 1.04399999999999999994
1  1.32e+00  0.1758992421 68858.064 1.04399999999999999994
1  1.38e+00  0.1759006007 68858.064 1.04399999999999999994
1  1.45e+00  0.1758969226 68858.064 1.04399999999999999994
1  1.51e+00  0.1758968493 68858.064 1.04399999999999999994
1  1.58e+00  0.1758970549 68858.064 1.04399999999999999994
1  1.66e+00  0.1758967244 68858.064 1.04399999999999999994
1  1.74e+00  0.1758997825 68858.064 1.04399999999999999994
1  1.82e+00  0.1758964387 68858.064 1.04399999999999999994
1  1.91e+00  0.1759032633 68858.064 1.04399999999999999994
1  2.00e+00  0.175899458 68858.064 1.04399999999999999994
1  2.09e+00  0.1759010372 68858.064 1.04399999999999999994
1  2.19e+00  0.1758946546 68858.064 1.04399999999999999994
1  2.29e+00  0.1759023098 68858.064 1.04399999999999999994
1  2.40e+00  0.1759011542 68858.064 1.04399999999999999994
1  2.51e+00  0.1758955036 68858.064 1.04399999999999999994
1  2.63e+00  0.1759022821 68858.064 1.04399999999999999994
1  2.75e+00  0.1759126874 68858.064 1.04399999999999999994
1  2.88e+00  0.1758976228 68858.064 1.04399999999999999994
1  3.02e+00  0.1759046414 68858.064 1.04399999999999999994
1  3.16e+00  0.1758986268 68858.064 1.04399999999999999994
1  3.31e+00  0.1758908464 68858.064 1.04399999999999999994
1  3.47e+00  0.1759081966 68858.064 1.04399999999999999994
1  3.63e+00  0.1759037082 68858.064 1.04399999999999999994
1  3.80e+00  0.1759048804 68858.064 1.04399999999999999994
1  3.98e+00  0.1758964832 68858.064 1.04399999999999999994
1  4.17e+00  0.1759060555 68858.064 1.04399999999999999994
1  4.37e+00  0.1758995945 68858.064 1.04399999999999999994
1  4.57e+00  0.1759072538 68858.064 1.04399999999999999994
1  4.79e+00  0.1759118363 68858.064 1.04399999999999999994
1  5.01e+00  0.1758960154 68858.064 1.04399999999999999994
1  5.25e+00  0.1758768625 68858.064 1.04399999999999999994
1  5.50e+00  0.175906548 68858.064 1.04399999999999999994
1  5.75e+00  0.1759090279 68858.064 1.04399999999999999994
1  6.03e+00  0.1758851995 68858.064 1.04399999999999999994
1  6.31e+00  0.175909126 68858.064 1.04399999999999999994
1  6.61e+00  0.1759149021 68858.064 1.04399999999999999994
1  6.92e+00  0.1759086189 68858.064 1.04399999999999999994
1  7.24e+00  0.175931653 68858.064 1.04399999999999999994
1  7.59e+00  0.1758918145 68858.064 1.04399999999999999994
1  7.94e+00  0.1759118995 68858.064 1.04399999999999999994
1  8.32e+00  0.1759007212 68858.064 1.04399999999999999994
1  8.71e+00  0.1759203488 68858.064 1.04399999999999999994
1  9.12e+00  0.1759322587 68858.064 1.04399999999999999994
1  9.55e+00  0.1758832063 68858.064 1.04399999999999999994
1  1.00e+01  0.1759138637 68858.064 1.04399999999999999994
1  1.05e+01  0.1759303663 68858.064 1.04399999999999999994
1  1.10e+01  0.1759174149 68858.064 1.04399999999999999994
1  1.15e+01  0.1759331405 68858.064 1.04399999999999999994
1  1.20e+01  0.1759075828 68858.064 1.04399999999999999994
1  1.26e+01  0.1758995323 68858.064 1.04399999999999999994
1  1.32e+01  0.1759343448 68858.064 1.04399999999999999994
1  1.38e+01  0.1759104092 68858.064 1.04399999999999999994
1  1.45e+01  0.1759396956 68858.064 1.04399999999999999994
1  1.51e+01  0.1759355973 68858.064 1.04399999999999999994
1  1.58e+01  0.1759428114 68858.064 1.04399999999999999994
1  1.66e+01  0.1759029953 68858.064 1.04399999999999999994
1  1.74e+01  0.1759533631 68858.064 1.04399999999999999994
1  1.82e+01  0.175942111 68858.064 1.04399999999999999994
1  1.91e+01  0.175896731 68858.064 1.04399999999999999994
1  2.00e+01  0.1759716606 68858.064 1.04399999999999999994
1  2.09e+01  0.1758047828 68858.064 1.04399999999999999994
1  2.19e+01  0.1759687725 68858.064 1.04399999999999999994
1  2.29e+01  0.1760579629 68858.064 1.04399999999999999994
1  2.40e+01  0.1763099016 68858.064 1.04399999999999999994
1  2.51e+01  0.1757151978 68858.064 1.04399999999999999994
1  2.63e+01  0.1759683042 68858.064 1.04399999999999999994
1  2.75e+01  0.1759935656 68858.064 1.04399999999999999994
1  2.88e+01  0.1759358625 68858.064 1.04399999999999999994
1  3.02e+01  0.175835644 68858.064 1.04399999999999999994
1  3.16e+01  0.1759255853 68858.064 1.04399999999999999994
1  3.31e+01  0.1760515235 68858.064 1.04399999999999999994
1  3.47e+01  0.176030648 68858.064 1.04399999999999999994
1  3.63e+01  0.1759816047 68858.064 1.04399999999999999994
1  3.80e+01  0.1759582204 68858.064 1.04399999999999999994
1  3.98e+01  0.1759636173 68858.064 1.04399999999999999994
1  4.17e+01  0.1760005089 68858.064 1.04399999999999999994
1  4.37e+01  0.1758186594 68858.064 1.04399999999999999994
1  4.57e+01  0.1760718791 68858.064 1.04399999999999999994
1  4.79e+01  0.176039526 68858.064 1.04399999999999999994
1  5.01e+01  0.1759885228 68858.064 1.04399999999999999994
1  5.25e+01  0.1760711855 68858.064 1.04399999999999999994
1  5.50e+01  0.1759978701 68858.064 1.04399999999999999994
1  5.75e+01  0.1757029437 68858.064 1.04399999999999999994
1  6.03e+01  0.1760404237 68858.064 1.04399999999999999994
1  6.31e+01  0.1759066556 68858.064 1.04399999999999999994
1  6.61e+01  0.1760033337 68858.064 1.04399999999999999994
1  6.92e+01  0.1759023364 68858.064 1.04399999999999999994
1  7.24e+01  0.1759604356 68858.064 1.04399999999999999994
1  7.59e+01  0.1758121692 68858.064 1.04399999999999999994
1  7.94e+01  0.1761375574 68858.064 1.04399999999999999994
1  8.32e+01  0.1759396015 68858.064 1.04399999999999999994
1  8.71e+01  0.1757320589 68858.064 1.04399999999999999994
1  9.12e+01  0.1761537097 68858.064 1.04399999999999999994
1  9.55e+01  0.1762521642 68858.064 1.04399999999999999994
1  1.00e+02  0.1762903015 68858.064 1.04399999999999999994
1  1.05e+02  0.1758052694 68858.064 1.04399999999999999994
1  1.10e+02  0.1761029783 68858.064 1.04399999999999999994
1  1.15e+02  0.1762988813 68858.064 1.04399999999999999994
1  1.20e+02  0.1763468008 68858.064 1.04399999999999999994
1  1.26e+02  0.1763456997 68858.064 1.04399999999999999994
1  1.32e+02  0.1760185439 68858.064 1.04399999999999999994
1  1.38e+02  0.1759091145 68858.064 1.04399999999999999994
1  1.45e+02  0.1762030181 68858.064 1.04399999999999999994
1  1.51e+02  0.1764459423 68858.064 1.04399999999999999994
1  1.58e+02  0.1764169382 68858.064 1.04399999999999999994
1  1.66e+02  0.176313537 68858.064 1.04399999999999999994
1  1.74e+02  0.1764316647 68858.064 1.04399999999999999994
1  1.82e+02  0.1764212424 68858.064 1.04399999999999999994
1  1.91e+02  0.1759541094 68858.064 1.04399999999999999994
1  2.00e+02  0.1766549868 68858.064 1.04399999999999999994
1  2.09e+02  0.1758892056 68858.064 1.04399999999999999994
1  2.19e+02  0.1758595361 68858.064 1.04399999999999999994
1  2.29e+02  0.1760530533 68858.064 1.04399999999999999994
1  2.40e+02  0.1767017146 68858.064 1.04399999999999999994
1  2.51e+02  0.1759585075 68858.064 1.04399999999999999994
1  2.63e+02  0.1759418772 68858.064 1.04399999999999999994
1  2.75e+02  0.1759126071 68858.064 1.04399999999999999994
1  2.88e+02  0.17669402 68858.064 1.04399999999999999994
1  3.02e+02  0.1758836818 68858.064 1.04399999999999999994
1  3.16e+02  0.1759931207 68858.064 1.04399999999999999994
1  3.31e+02  0.1760531163 68858.064 1.04399999999999999994
1  3.47e+02  0.1770091218 68858.064 1.04399999999999999994
1  3.63e+02  0.1767825787 68858.064 1.04399999999999999994
1  3.80e+02  0.1771161608 68858.064 1.04399999999999999994
1  3.98e+02  0.1766779105 68858.064 1.04399999999999999994
1  4.17e+02  0.1770874327 68858.064 1.04399999999999999994
1  4.37e+02  0.1766832521 68858.064 1.04399999999999999994
1  4.57e+02  0.1773643801 68858.064 1.04399999999999999994
1  4.79e+02  0.1759269965 68858.064 1.04399999999999999994
1  5.01e+02  0.1770700239 68858.064 1.04399999999999999994
1  5.25e+02  0.1768293198 68858.064 1.04399999999999999994
1  5.50e+02  0.1760255048 68858.064 1.04399999999999999994
1  5.75e+02  0.1773573493 68858.064 1.04399999999999999994
1  6.03e+02  0.1778603409 68858.064 1.04399999999999999994
1  6.31e+02  0.1774264493 68858.064 1.04399999999999999994
1  6.61e+02  0.1761282338 68858.064 1.04399999999999999994
1  6.92e+02  0.1769629216 68858.064 1.04399999999999999994
1  7.24e+02  0.1776943824 68858.064 1.04399999999999999994
1  7.59e+02  0.1763636361 68858.064 1.04399999999999999994
1  7.94e+02  0.1776913505 68858.064 1.04399999999999999994
1  8.32e+02  0.1759641678 68858.064 1.04399999999999999994
1  8.71e+02  0.1767458027 68858.064 1.04399999999999999994
1  9.12e+02  0.1759980363 68858.064 1.04399999999999999994
1  9.55e+02  0.1792882541 68858.064 1.04399999999999999994
1  1.00e+03  0.1759697848 68858.064 1.04399999999999999994
1  1.05e+03  0.1776648644 68858.064 1.04399999999999999994
1  1.10e+03  0.1787770574 68858.064 1.04399999999999999994
1  1.15e+03  0.1763066135 68858.064 1.04399999999999999994
1  1.20e+03  0.1819152834 68858.064 1.04399999999999999994
1  1.26e+03  0.1785726205 68858.064 1.04399999999999999994
1  1.32e+03  0.1758236931 68858.064 1.04399999999999999994
1  1.38e+03  0.1741097334 68858.064 1.04399999999999999994
1  1.45e+03  0.1730665948 68858.064 1.04399999999999999994
1  1.51e+03  0.1916816026 68858.064 1.04399999999999999994
1  1.58e+03  0.1894543816 68858.064 1.04399999999999999994
1  1.66e+03  0.1781604934 68858.064 1.04399999999999999994
1  1.74e+03  0.1744191289 68858.064 1.04399999999999999994
1  1.82e+03  0.1799173152 68858.064 1.04399999999999999994
1  1.91e+03  0.1678274083 68858.064 1.04399999999999999994
1  2.00e+03  0.1605977817 68858.064 1.04399999999999999994
1  2.09e+03  0.1523389651 68858.064 1.04399999999999999994
1  2.19e+03  0.1847347816 68858.064 1.04399999999999999994
1  2.29e+03  0.2074148806 68858.064 1.04399999999999999994
1  2.40e+03  0.2205336527 68858.064 1.04399999999999999994
1  2.51e+03  0.2011922422 68858.064 1.04399999999999999994
1  2.63e+03  0.1790939444 68858.064 1.04399999999999999994
1  2.75e+03  0.2627638433 68858.064 1.04399999999999999994
1  2.88e+03  0.1745497429 68858.064 1.04399999999999999994
1  3.02e+03  0.2256504733 68858.064 1.04399999999999999994
1  3.16e+03  0.2550064337 68858.064 1.04399999999999999994
1  3.31e+03  0.2323119387 68858.064 1.04399999999999999994
1  3.47e+03  0.2187368497 68858.064 1.04399999999999999994
1  3.63e+03  0.2196545365 68858.064 1.04399999999999999994
1  3.80e+03  0.1802514592 68858.064 1.04399999999999999994
1  3.98e+03  0.09678319531 68858.064 1.04399999999999999994
1  4.17e+03  0.166269222 68858.064 1.04399999999999999994
1  4.37e+03  0.114358216 68858.064 1.04399999999999999994
1  4.57e+03  0.1581117217 68858.064 1.04399999999999999994
1  4.79e+03  0.0841610015 68858.064 1.04399999999999999994
1  5.01e+03  0.1549768455 68858.064 1.04399999999999999994
1  5.25e+03  0.1926271774 68858.064 1.04399999999999999994
1  5.50e+03  0.1757212337 68858.064 1.04399999999999999994
1  5.75e+03  0.1746635091 68858.064 1.04399999999999999994
1  6.03e+03  0.1926954309 68858.064 1.04399999999999999994
1  6.31e+03  0.2440173061 68858.064 1.04399999999999999994
1  6.61e+03  0.2720750542 68858.064 1.04399999999999999994
1  6.92e+03  0.1677469999 68858.064 1.04399999999999999994
1  7.24e+03  0.1277828987 68858.064 1.04399999999999999994
1  7.59e+03  0.3248657796 68858.064 1.04399999999999999994
1  7.94e+03  0.1459829288 68858.064 1.04399999999999999994
1  8.32e+03  0.3052532543 68858.064 1.04399999999999999994
1  8.71e+03  0.1709232173 68858.064 1.04399999999999999994
1  9.12e+03  0.3744329284 68858.064 1.04399999999999999994
1  9.55e+03  0.1563639858 68858.064 1.04399999999999999994
1  1.00e+04  0.2284326068 68858.064 1.04399999999999999994
1  1.05e+04  0.3764651516 68858.064 1.04399999999999999994
1  1.10e+04  0.3393784439 68858.064 1.04399999999999999994
1  1.15e+04  0.1687714763 68858.064 1.04399999999999999994
1  1.20e+04  0.2102961005 68858.064 1.04399999999999999994
1  1.26e+04  0.217364345 68858.064 1.04399999999999999994
1  1.32e+04  0.2442960663 68858.064 1.04399999999999999994
1  1.38e+04  0.2662533877 68858.064 1.04399999999999999994
1  1.45e+04  0.2510095806 68858.064 1.04399999999999999994
1  1.51e+04  0.2627008979 68858.064 1.04399999999999999994
1  1.58e+04  0.2753181684 68858.064 1.04399999999999999994
1  1.66e+04  0.3164709721 68858.064 1.04399999999999999994
1  1.74e+04  0.4002459888 68858.064 1.04399999999999999994
1  1.82e+04  0.3730762774 68858.064 1.04399999999999999994
1  1.91e+04  0.3006824039 68858.064 1.04399999999999999994
1  2.00e+04  0.3646388355 68858.064 1.04399999999999999994
1  2.09e+04  0.3831988404 68858.064 1.04399999999999999994
1  2.19e+04  0.378221896 68858.064 1.04399999999999999994
1  2.29e+04  0.3497311244 68858.064 1.04399999999999999994
1  2.40e+04  0.423696498 68858.064 1.04399999999999999994
1  2.51e+04  0.3278468869 68858.064 1.04399999999999999994
1  2.63e+04  0.3992647478 68858.064 1.04399999999999999994
1  2.75e+04  0.387567675 68858.064 1.04399999999999999994
1  2.88e+04  0.3521786159 68858.064 1.04399999999999999994
1  3.02e+04  0.4618595198 68858.064 1.04399999999999999994
1  3.16e+04  0.2598174457 68858.064 1.04399999999999999994
1  3.31e+04  0.5072694217 68858.064 1.04399999999999999994
1  3.47e+04  0.3485141964 68858.064 1.04399999999999999994
1  3.63e+04  0.3847431476 68858.064 1.04399999999999999994
1  3.80e+04  0.4220803571 68858.064 1.04399999999999999994
1  3.98e+04  0.3276500136 68858.064 1.04399999999999999994
1  4.17e+04  0.5034864589 68858.064 1.04399999999999999994
1  4.37e+04  0.2321108505 68858.064 1.04399999999999999994
1  4.57e+04  0.4668176723 68858.064 1.04399999999999999994
1  4.79e+04  0.4539498041 68858.064 1.04399999999999999994
1  5.01e+04  0.2277882404 68858.064 1.04399999999999999994
1  5.25e+04  0.4507820795 68858.064 1.04399999999999999994
1  5.50e+04  0.4726455404 68858.064 1.04399999999999999994
1  5.75e+04  0.2254312263 68858.064 1.04399999999999999994
1  6.03e+04  0.4512075179 68858.064 1.04399999999999999994
1  6.31e+04  0.489384347 68858.064 1.04399999999999999994
1  6.61e+04  0.2321128979 68858.064 1.04399999999999999994
1  6.92e+04  0.2957362589 68858.064 1.04399999999999999994
1  7.24e+04  0.4691847273 68858.064 1.04399999999999999994
1  7.59e+04  0.403522266 68858.064 1.04399999999999999994
1  7.94e+04  0.2482201985 68858.064 1.04399999999999999994
1  8.32e+04  0.2207189701 68858.064 1.04399999999999999994
1  8.71e+04  0.3326670975 68858.064 1.04399999999999999994
1  9.12e+04  0.4375071339 68858.064 1.04399999999999999994
1  9.55e+04  0.3957984828 68858.064 1.04399999999999999994
1  1.00e+05  0.2546566267 68858.064 1.04399999999999999994
1  1.05e+05  0.1975627593 68858.064 1.04399999999999999994
1  1.10e+05  0.3001303255 68858.064 1.04399999999999999994
1  1.15e+05  0.4386511125 68858.064 1.04399999999999999994
1  1.20e+05  0.4570786344 68858.064 1.04399999999999999994
1  1.26e+05  0.3452516192 68858.064 1.04399999999999999994
1  1.32e+05  0.2240848595 68858.064 1.04399999999999999994
1  1.38e+05  0.2032153213 68858.064 1.04399999999999999994
1  1.45e+05  0.2854355496 68858.064 1.04399999999999999994
1  1.51e+05  0.3897324827 68858.064 1.04399999999999999994
1  1.58e+05  0.4346492192 68858.064 1.04399999999999999994
1  1.66e+05  0.3964075956 68858.064 1.04399999999999999994
1  1.74e+05  0.3088152334 68858.064 1.04399999999999999994
1  1.82e+05  0.2263528031 68858.064 1.04399999999999999994
1  1.91e+05  0.1874786912 68858.064 1.04399999999999999994
1  2.00e+05  0.1994219982 68858.064 1.04399999999999999994
1  2.09e+05  0.2443049705 68858.064 1.04399999999999999994
1  2.19e+05  0.2950156631 68858.064 1.04399999999999999994
1  2.29e+05  0.3294100362 68858.064 1.04399999999999999994
1  2.40e+05  0.337257947 68858.064 1.04399999999999999994
1  2.51e+05  0.3200429661 68858.064 1.04399999999999999994
1  2.63e+05  0.2866412562 68858.064 1.04399999999999999994
1  2.75e+05  0.2481489839 68858.064 1.04399999999999999994
1  2.88e+05  0.2139636983 68858.064 1.04399999999999999994
1  3.02e+05  0.1898407847 68858.064 1.04399999999999999994
1  3.16e+05  0.1776789787 68858.064 1.04399999999999999994
1  3.31e+05  0.1763719271 68858.064 1.04399999999999999994
1  3.47e+05  0.1830556809 68858.064 1.04399999999999999994
1  3.63e+05  0.1942773294 68858.064 1.04399999999999999994
1  3.80e+05  0.2068446058 68858.064 1.04399999999999999994
1  3.98e+05  0.2183020581 68858.064 1.04399999999999999994
1  4.17e+05  0.227089789 68858.064 1.04399999999999999994
1  4.37e+05  0.2324849556 68858.064 1.04399999999999999994
1  4.57e+05  0.2344265048 68858.064 1.04399999999999999994
1  4.79e+05  0.2333019602 68858.064 1.04399999999999999994
1  5.01e+05  0.2297473482 68858.064 1.04399999999999999994
1  5.25e+05  0.2244865784 68858.064 1.04399999999999999994
1  5.50e+05  0.2182184471 68858.064 1.04399999999999999994
1  5.75e+05  0.2115482358 68858.064 1.04399999999999999994
1  6.03e+05  0.2049553643 68858.064 1.04399999999999999994
1  6.31e+05  0.1987892577 68858.064 1.04399999999999999994
1  6.61e+05  0.1932698565 68858.064 1.04399999999999999994
1  6.92e+05  0.1885194079 68858.064 1.04399999999999999994
1  7.24e+05  0.1845799205 68858.064 1.04399999999999999994
1  7.59e+05  0.1814317547 68858.064 1.04399999999999999994
1  7.94e+05  0.1790175366 68858.064 1.04399999999999999994
1  8.32e+05  0.1772555862 68858.064 1.04399999999999999994
1  8.71e+05  0.176052932 68858.064 1.04399999999999999994
1  9.12e+05  0.1753144108 68858.064 1.04399999999999999994
1  9.55e+05  0.1749488771 68858.064 1.04399999999999999994
1  1.00e+06  0.1748730761 68858.064 1.04399999999999999994
1  1.05e+06  0.1750137278 68858.064 1.04399999999999999994
1  1.10e+06  0.1753083091 68858.064 1.04399999999999999994
1  1.15e+06  0.1757049424 68858.064 1.04399999999999999994
1  1.20e+06  0.1761617126 68858.064 1.04399999999999999994
1  1.26e+06  0.176645658 68858.064 1.04399999999999999994
1  1.32e+06  0.1771316107 68858.064 1.04399999999999999994
1  1.38e+06  0.1776010085 68858.064 1.04399999999999999994
1  1.45e+06  0.1780416399 68858.064 1.04399999999999999994
1  1.51e+06  0.1784430022 68858.064 1.04399999999999999994
1  1.58e+06  0.1788008887 68858.064 1.04399999999999999994
1  1.66e+06  0.1791128511 68858.064 1.04399999999999999994
1  1.74e+06  0.1793784875 68858.064 1.04399999999999999994
1  1.82e+06  0.1795988928 68858.064 1.04399999999999999994
1  1.91e+06  0.1797762141 68858.064 1.04399999999999999994
1  2.00e+06  0.1799132965 68858.064 1.04399999999999999994
1  2.09e+06  0.180013408 68858.064 1.04399999999999999994
1  2.19e+06  0.1800800283 68858.064 1.04399999999999999994
1  2.29e+06  0.1801166915 68858.064 1.04399999999999999994
1  2.40e+06  0.1801268714 68858.064 1.04399999999999999994
1  2.51e+06  0.1801139014 68858.064 1.04399999999999999994
1  2.63e+06  0.1800809211 68858.064 1.04399999999999999994
1  2.75e+06  0.1800308439 68858.064 1.04399999999999999994
1  2.88e+06  0.1799665504 68858.064 1.04399999999999999994
1  3.02e+06  0.1798900187 68858.064 1.04399999999999999994
1  3.16e+06  0.1798036578 68858.064 1.04399999999999999994
1  3.31e+06  0.1797094056 68858.064 1.04399999999999999994
1  3.47e+06  0.1796089762 68858.064 1.04399999999999999994
1  3.63e+06  0.1795038745 68858.064 1.04399999999999999994
1  3.80e+06  0.1793954129 68858.064 1.04399999999999999994
1  3.98e+06  0.1792847284 68858.064 1.04399999999999999994
1  4.17e+06  0.1791727993 68858.064 1.04399999999999999994
1  4.37e+06  0.1790604611 68858.064 1.04399999999999999994
1  4.57e+06  0.1789484225 68858.064 1.04399999999999999994
1  4.79e+06  0.178837279 68858.064 1.04399999999999999994
1  5.01e+06  0.1787275269 68858.064 1.04399999999999999994
1  5.25e+06  0.1786195749 68858.064 1.04399999999999999994
1  5.50e+06  0.1785137555 68858.064 1.04399999999999999994
1  5.75e+06  0.1784103768 68858.064 1.04399999999999999994
1  6.03e+06  0.1783095586 68858.064 1.04399999999999999994
1  6.31e+06  0.1782115065 68858.064 1.04399999999999999994
1  6.61e+06  0.1781163368 68858.064 1.04399999999999999994
1  6.92e+06  0.1780241291 68858.064 1.04399999999999999994
1  7.24e+06  0.1779349322 68858.064 1.04399999999999999994
1  7.59e+06  0.1778487687 68858.064 1.04399999999999999994
1  7.94e+06  0.1777656392 68858.064 1.04399999999999999994
1  8.32e+06  0.1776855261 68858.064 1.04399999999999999994
1  8.71e+06  0.1776083963 68858.064 1.04399999999999999994
1  9.12e+06  0.1775342047 68858.064 1.04399999999999999994
1  9.55e+06  0.1774628958 68858.064 1.04399999999999999994
1  1.00e+07  0.1773944062 68858.064 1.04399999999999999994
