1  1.00e-03  0.3716509754  1.682676e-01 1.09999999999999999991
1  1.05e-03  0.3716509689  1.682676e-01 1.09999999999999999991
1  1.10e-03  0.3716509725  1.682676e-01 1.09999999999999999991
1  1.15e-03  0.3716509793  1.682676e-01 1.09999999999999999991
1  1.20e-03  0.3716509782  1.682676e-01 1.09999999999999999991
1  1.26e-03  0.3716509728  1.682676e-01 1.09999999999999999991
1  1.32e-03  0.3716509768  1.682676e-01 1.09999999999999999991
1  1.38e-03  0.3716509762  1.682676e-01 1.09999999999999999991
1  1.45e-03  0.3716509733  1.682676e-01 1.09999999999999999991
1  1.51e-03  0.3716509779  1.682676e-01 1.09999999999999999991
1  1.58e-03  0.3716509718  1.682676e-01 1.09999999999999999991
1  1.66e-03  0.3716509756  1.682676e-01 1.09999999999999999991
1  1.74e-03  0.3716509764  1.682676e-01 1.09999999999999999991
1  1.82e-03  0.3716509742  1.682676e-01 1.09999999999999999991
1  1.91e-03  0.3716509757  1.682676e-01 1.09999999999999999991
1  2.00e-03  0.3716509728  1.682676e-01 1.09999999999999999991
1  2.09e-03  0.3716509778  1.682676e-01 1.09999999999999999991
1  2.19e-03  0.3716509756  1.682676e-01 1.09999999999999999991
1  2.29e-03  0.371650979  1.682676e-01 1.09999999999999999991
1  2.40e-03  0.3716509728  1.682676e-01 1.09999999999999999991
1  2.51e-03  0.3716509778  1.682676e-01 1.09999999999999999991
1  2.63e-03  0.3716509699  1.682676e-01 1.09999999999999999991
1  2.75e-03  0.371650976  1.682676e-01 1.09999999999999999991
1  2.88e-03  0.3716509784  1.682676e-01 1.09999999999999999991
1  3.02e-03  0.3716509747  1.682676e-01 1.09999999999999999991
1  3.16e-03  0.3716509741  1.682676e-01 1.09999999999999999991
1  3.31e-03  0.3716509728  1.682676e-01 1.09999999999999999991
1  3.47e-03  0.371650978  1.682676e-01 1.09999999999999999991
1  3.63e-03  0.3716509781  1.682676e-01 1.09999999999999999991
1  3.80e-03  0.3716509765  1.682676e-01 1.09999999999999999991
1  3.98e-03  0.3716509729  1.682676e-01 1.09999999999999999991
1  4.17e-03  0.3716509666  1.682676e-01 1.09999999999999999991
1  4.37e-03  0.3716509666  1.682676e-01 1.09999999999999999991
1  4.57e-03  0.3716509671  1.682676e-01 1.09999999999999999991
1  4.79e-03  0.3716509714  1.682676e-01 1.09999999999999999991
1  5.01e-03  0.3716509668  1.682676e-01 1.09999999999999999991
1  5.25e-03  0.3716509627  1.682676e-01 1.09999999999999999991
1  5.50e-03  0.3716509726  1.682676e-01 1.09999999999999999991
1  5.75e-03  0.3716509682  1.682676e-01 1.09999999999999999991
1  6.03e-03  0.3716509488  1.682676e-01 1.09999999999999999991
1  6.31e-03  0.3716509694  1.682676e-01 1.09999999999999999991
1  6.61e-03  0.3716509602  1.682676e-01 1.09999999999999999991
1  6.92e-03  0.3716509746  1.682676e-01 1.09999999999999999991
1  7.24e-03  0.3716509714  1.682676e-01 1.09999999999999999991
1  7.59e-03  0.3716509559  1.682676e-01 1.09999999999999999991
1  7.94e-03  0.3716509825  1.682676e-01 1.09999999999999999991
1  8.32e-03  0.3716509545  1.682676e-01 1.09999999999999999991
1  8.71e-03  0.3716509533  1.682676e-01 1.09999999999999999991
1  9.12e-03  0.3716509576  1.682676e-01 1.09999999999999999991
1  9.55e-03  0.371650969  1.682676e-01 1.09999999999999999991
1  1.00e-02  0.3716509453  1.682676e-01 1.09999999999999999991
1  1.05e-02  0.3716509643  1.682676e-01 1.09999999999999999991
1  1.10e-02  0.3716509597  1.682676e-01 1.09999999999999999991
1  1.15e-02  0.3716509603  1.682676e-01 1.09999999999999999991
1  1.20e-02  0.3716509529  1.682676e-01 1.09999999999999999991
1  1.26e-02  0.3716509428  1.682676e-01 1.09999999999999999991
1  1.32e-02  0.3716509626  1.682676e-01 1.09999999999999999991
1  1.38e-02  0.3716509486  1.682676e-01 1.09999999999999999991
1  1.45e-02  0.3716509577  1.682676e-01 1.09999999999999999991
1  1.51e-02  0.3716509658  1.682676e-01 1.09999999999999999991
1  1.58e-02  0.3716509152  1.682676e-01 1.09999999999999999991
1  1.66e-02  0.371650911  1.682676e-01 1.09999999999999999991
1  1.74e-02  0.371650974  1.682676e-01 1.09999999999999999991
1  1.82e-02  0.3716509225  1.682676e-01 1.09999999999999999991
1  1.91e-02  0.3716509643  1.682676e-01 1.09999999999999999991
1  2.00e-02  0.3716509469  1.682676e-01 1.09999999999999999991
1  2.09e-02  0.3716509416  1.682676e-01 1.09999999999999999991
1  2.19e-02  0.3716509218  1.682676e-01 1.09999999999999999991
1  2.29e-02  0.3716512001  1.682676e-01 1.09999999999999999991
1  2.40e-02  0.3716503272  1.682676e-01 1.09999999999999999991
1  2.51e-02  0.3716508417  1.682676e-01 1.09999999999999999991
1  2.63e-02  0.3716509183  1.682676e-01 1.09999999999999999991
1  2.75e-02  0.3716508499  1.682676e-01 1.09999999999999999991
1  2.88e-02  0.3716508494  1.682676e-01 1.09999999999999999991
1  3.02e-02  0.3716510018  1.682676e-01 1.09999999999999999991
1  3.16e-02  0.3716509209  1.682676e-01 1.09999999999999999991
1  3.31e-02  0.371650887  1.682676e-01 1.09999999999999999991
1  3.47e-02  0.371650845  1.682676e-01 1.09999999999999999991
1  3.63e-02  0.3716509168  1.682676e-01 1.09999999999999999991
1  3.80e-02  0.371650565  1.682676e-01 1.09999999999999999991
1  3.98e-02  0.3716509165  1.682676e-01 1.09999999999999999991
1  4.17e-02  0.3716508749  1.682676e-01 1.09999999999999999991
1  4.37e-02  0.37165084  1.682676e-01 1.09999999999999999991
1  4.57e-02  0.371650818  1.682676e-01 1.09999999999999999991
1  4.79e-02  0.3716478875  1.682676e-01 1.09999999999999999991
1  5.01e-02  0.3716507748  1.682676e-01 1.09999999999999999991
1  5.25e-02  0.371650791  1.682676e-01 1.09999999999999999991
1  5.50e-02  0.3716508189  1.682676e-01 1.09999999999999999991
1  5.75e-02  0.3716507425  1.682676e-01 1.09999999999999999991
1  6.03e-02  0.3716508337  1.682676e-01 1.09999999999999999991
1  6.31e-02  0.3716507928  1.682676e-01 1.09999999999999999991
1  6.61e-02  0.3716507737  1.682676e-01 1.09999999999999999991
1  6.92e-02  0.3716508727  1.682676e-01 1.09999999999999999991
1  7.24e-02  0.3716507437  1.682676e-01 1.09999999999999999991
1  7.59e-02  0.3716506584  1.682676e-01 1.09999999999999999991
1  7.94e-02  0.3716504684  1.682676e-01 1.09999999999999999991
1  8.32e-02  0.3716505168  1.682676e-01 1.09999999999999999991
1  8.71e-02  0.3716508182  1.682676e-01 1.09999999999999999991
1  9.12e-02  0.3716514001  1.682676e-01 1.09999999999999999991
1  9.55e-02  0.3716508068  1.682676e-01 1.09999999999999999991
1  1.00e-01  0.3716508293  1.682676e-01 1.09999999999999999991
1  1.05e-01  0.3716507398  1.682676e-01 1.09999999999999999991
1  1.10e-01  0.3716508843  1.682676e-01 1.09999999999999999991
1  1.15e-01  0.3716506505  1.682676e-01 1.09999999999999999991
1  1.20e-01  0.3716506121  1.682676e-01 1.09999999999999999991
1  1.26e-01  0.371650879  1.682676e-01 1.09999999999999999991
1  1.32e-01  0.3716507217  1.682676e-01 1.09999999999999999991
1  1.38e-01  0.3716496581  1.682676e-01 1.09999999999999999991
1  1.45e-01  0.3716505773  1.682676e-01 1.09999999999999999991
1  1.51e-01  0.371650585  1.682676e-01 1.09999999999999999991
1  1.58e-01  0.3716502765  1.682676e-01 1.09999999999999999991
1  1.66e-01  0.3716504055  1.682676e-01 1.09999999999999999991
1  1.74e-01  0.3716503437  1.682676e-01 1.09999999999999999991
1  1.82e-01  0.3716505013  1.682676e-01 1.09999999999999999991
1  1.91e-01  0.3716505534  1.682676e-01 1.09999999999999999991
1  2.00e-01  0.3716503781  1.682676e-01 1.09999999999999999991
1  2.09e-01  0.3716506351  1.682676e-01 1.09999999999999999991
1  2.19e-01  0.3716510882  1.682676e-01 1.09999999999999999991
1  2.29e-01  0.3716506971  1.682676e-01 1.09999999999999999991
1  2.40e-01  0.3716507949  1.682676e-01 1.09999999999999999991
1  2.51e-01  0.3716504184  1.682676e-01 1.09999999999999999991
1  2.63e-01  0.3716506514  1.682676e-01 1.09999999999999999991
1  2.75e-01  0.3716479691  1.682676e-01 1.09999999999999999991
1  2.88e-01  0.3716502119  1.682676e-01 1.09999999999999999991
1  3.02e-01  0.3716508491  1.682676e-01 1.09999999999999999991
1  3.16e-01  0.3716503538  1.682676e-01 1.09999999999999999991
1  3.31e-01  0.3716429949  1.682676e-01 1.09999999999999999991
1  3.47e-01  0.3716505306  1.682676e-01 1.09999999999999999991
1  3.63e-01  0.3716507002  1.682676e-01 1.09999999999999999991
1  3.80e-01  0.3716501685  1.682676e-01 1.09999999999999999991
1  3.98e-01  0.3716502983  1.682676e-01 1.09999999999999999991
1  4.17e-01  0.3716505314  1.682676e-01 1.09999999999999999991
1  4.37e-01  0.3716504785  1.682676e-01 1.09999999999999999991
1  4.57e-01  0.3716508257  1.682676e-01 1.09999999999999999991
1  4.79e-01  0.3716502349  1.682676e-01 1.09999999999999999991
1  5.01e-01  0.371651348  1.682676e-01 1.09999999999999999991
1  5.25e-01  0.371650779  1.682676e-01 1.09999999999999999991
1  5.50e-01  0.3716511629  1.682676e-01 1.09999999999999999991
1  5.75e-01  0.3716495939  1.682676e-01 1.09999999999999999991
1  6.03e-01  0.3716498019  1.682676e-01 1.09999999999999999991
1  6.31e-01  0.3716539884  1.682676e-01 1.09999999999999999991
1  6.61e-01  0.3716505684  1.682676e-01 1.09999999999999999991
1  6.92e-01  0.3716508024  1.682676e-01 1.09999999999999999991
1  7.24e-01  0.3716449772  1.682676e-01 1.09999999999999999991
1  7.59e-01  0.3716486298  1.682676e-01 1.09999999999999999991
1  7.94e-01  0.3716503218  1.682676e-01 1.09999999999999999991
1  8.32e-01  0.3716505748  1.682676e-01 1.09999999999999999991
1  8.71e-01  0.3716495592  1.682676e-01 1.09999999999999999991
1  9.12e-01  0.3716492726  1.682676e-01 1.09999999999999999991
1  9.55e-01  0.3716503471  1.682676e-01 1.09999999999999999991
1  1.00e+00  0.3716498162  1.682676e-01 1.09999999999999999991
1  1.05e+00  0.3716505024  1.682676e-01 1.09999999999999999991
1  1.10e+00  0.371648372  1.682676e-01 1.09999999999999999991
1  1.15e+00  0.3716499895  1.682676e-01 1.09999999999999999991
1  1.20e+00  0.3716428093  1.682676e-01 1.09999999999999999991
1  1.26e+00  0.3716509341  1.682676e-01 1.09999999999999999991
1  1.32e+00  0.3716506367  1.682676e-01 1.09999999999999999991
1  1.38e+00  0.3716487962  1.682676e-01 1.09999999999999999991
1  1.45e+00  0.3716490736  1.682676e-01 1.09999999999999999991
1  1.51e+00  0.3716485401  1.682676e-01 1.09999999999999999991
1  1.58e+00  0.3716529692  1.682676e-01 1.09999999999999999991
1  1.66e+00  0.37165077  1.682676e-01 1.09999999999999999991
1  1.74e+00  0.371650076  1.682676e-01 1.09999999999999999991
1  1.82e+00  0.3716487163  1.682676e-01 1.09999999999999999991
1  1.91e+00  0.3716453837  1.682676e-01 1.09999999999999999991
1  2.00e+00  0.3716492047  1.682676e-01 1.09999999999999999991
1  2.09e+00  0.3716509651  1.682676e-01 1.09999999999999999991
1  2.19e+00  0.3716486631  1.682676e-01 1.09999999999999999991
1  2.29e+00  0.3716363917  1.682676e-01 1.09999999999999999991
1  2.40e+00  0.3716081787  1.682676e-01 1.09999999999999999991
1  2.51e+00  0.3716557147  1.682676e-01 1.09999999999999999991
1  2.63e+00  0.3716454176  1.682676e-01 1.09999999999999999991
1  2.75e+00  0.3716335  1.682676e-01 1.09999999999999999991
1  2.88e+00  0.3716452319  1.682676e-01 1.09999999999999999991
1  3.02e+00  0.3716448675  1.682676e-01 1.09999999999999999991
1  3.16e+00  0.3716455094  1.682676e-01 1.09999999999999999991
1  3.31e+00  0.3716442485  1.682676e-01 1.09999999999999999991
1  3.47e+00  0.3717112056  1.682676e-01 1.09999999999999999991
1  3.63e+00  0.3716460265  1.682676e-01 1.09999999999999999991
1  3.80e+00  0.3716501747  1.682676e-01 1.09999999999999999991
1  3.98e+00  0.3716427586  1.682676e-01 1.09999999999999999991
1  4.17e+00  0.371643271  1.682676e-01 1.09999999999999999991
1  4.37e+00  0.371652349  1.682676e-01 1.09999999999999999991
1  4.57e+00  0.3716523478  1.682676e-01 1.09999999999999999991
1  4.79e+00  0.3716503071  1.682676e-01 1.09999999999999999991
1  5.01e+00  0.3716418741  1.682676e-01 1.09999999999999999991
1  5.25e+00  0.3716485327  1.682676e-01 1.09999999999999999991
1  5.50e+00  0.3717395865  1.682676e-01 1.09999999999999999991
1  5.75e+00  0.3716851195  1.682676e-01 1.09999999999999999991
1  6.03e+00  0.3716211903  1.682676e-01 1.09999999999999999991
1  6.31e+00  0.3716440888  1.682676e-01 1.09999999999999999991
1  6.61e+00  0.3716542223  1.682676e-01 1.09999999999999999991
1  6.92e+00  0.3717087645  1.682676e-01 1.09999999999999999991
1  7.24e+00  0.3717448071  1.682676e-01 1.09999999999999999991
1  7.59e+00  0.3716616054  1.682676e-01 1.09999999999999999991
1  7.94e+00  0.3716080641  1.682676e-01 1.09999999999999999991
1  8.32e+00  0.3715240558  1.682676e-01 1.09999999999999999991
1  8.71e+00  0.3715908194  1.682676e-01 1.09999999999999999991
1  9.12e+00  0.3717569733  1.682676e-01 1.09999999999999999991
1  9.55e+00  0.3714995293  1.682676e-01 1.09999999999999999991
1  1.00e+01  0.3716120046  1.682676e-01 1.09999999999999999991
1  1.05e+01  0.3716217156  1.682676e-01 1.09999999999999999991
1  1.10e+01  0.3717048182  1.682676e-01 1.09999999999999999991
1  1.15e+01  0.371629617  1.682676e-01 1.09999999999999999991
1  1.20e+01  0.3716280298  1.682676e-01 1.09999999999999999991
1  1.26e+01  0.3716454798  1.682676e-01 1.09999999999999999991
1  1.32e+01  0.3716378834  1.682676e-01 1.09999999999999999991
1  1.38e+01  0.3716244671  1.682676e-01 1.09999999999999999991
1  1.45e+01  0.3716388499  1.682676e-01 1.09999999999999999991
1  1.51e+01  0.371622028  1.682676e-01 1.09999999999999999991
1  1.58e+01  0.3716360313  1.682676e-01 1.09999999999999999991
1  1.66e+01  0.3716538439  1.682676e-01 1.09999999999999999991
1  1.74e+01  0.3715455423  1.682676e-01 1.09999999999999999991
1  1.82e+01  0.3716172302  1.682676e-01 1.09999999999999999991
1  1.91e+01  0.3716436876  1.682676e-01 1.09999999999999999991
1  2.00e+01  0.3718032546  1.682676e-01 1.09999999999999999991
1  2.09e+01  0.3720878971  1.682676e-01 1.09999999999999999991
1  2.19e+01  0.370854337  1.682676e-01 1.09999999999999999991
1  2.29e+01  0.3715774231  1.682676e-01 1.09999999999999999991
1  2.40e+01  0.3716464202  1.682676e-01 1.09999999999999999991
1  2.51e+01  0.3713547346  1.682676e-01 1.09999999999999999991
1  2.63e+01  0.3718969897  1.682676e-01 1.09999999999999999991
1  2.75e+01  0.372158807  1.682676e-01 1.09999999999999999991
1  2.88e+01  0.3714239111  1.682676e-01 1.09999999999999999991
1  3.02e+01  0.3717499699  1.682676e-01 1.09999999999999999991
1  3.16e+01  0.3714749825  1.682676e-01 1.09999999999999999991
1  3.31e+01  0.3714511376  1.682676e-01 1.09999999999999999991
1  3.47e+01  0.3718282919  1.682676e-01 1.09999999999999999991
1  3.63e+01  0.3716109689  1.682676e-01 1.09999999999999999991
1  3.80e+01  0.3716881335  1.682676e-01 1.09999999999999999991
1  3.98e+01  0.3716070437  1.682676e-01 1.09999999999999999991
1  4.17e+01  0.3714489316  1.682676e-01 1.09999999999999999991
1  4.37e+01  0.3710596292  1.682676e-01 1.09999999999999999991
1  4.57e+01  0.3712256412  1.682676e-01 1.09999999999999999991
1  4.79e+01  0.3716351399  1.682676e-01 1.09999999999999999991
1  5.01e+01  0.3715914948  1.682676e-01 1.09999999999999999991
1  5.25e+01  0.3715500421  1.682676e-01 1.09999999999999999991
1  5.50e+01  0.3712635581  1.682676e-01 1.09999999999999999991
1  5.75e+01  0.3712726603  1.682676e-01 1.09999999999999999991
1  6.03e+01  0.3716167472  1.682676e-01 1.09999999999999999991
1  6.31e+01  0.371936158  1.682676e-01 1.09999999999999999991
1  6.61e+01  0.3714922057  1.682676e-01 1.09999999999999999991
1  6.92e+01  0.3716098526  1.682676e-01 1.09999999999999999991
1  7.24e+01  0.3715661762  1.682676e-01 1.09999999999999999991
1  7.59e+01  0.3714727434  1.682676e-01 1.09999999999999999991
1  7.94e+01  0.3719223918  1.682676e-01 1.09999999999999999991
1  8.32e+01  0.3716063002  1.682676e-01 1.09999999999999999991
1  8.71e+01  0.3716634056  1.682676e-01 1.09999999999999999991
1  9.12e+01  0.3714450232  1.682676e-01 1.09999999999999999991
1  9.55e+01  0.3715052034  1.682676e-01 1.09999999999999999991
1  1.00e+02  0.3719896778  1.682676e-01 1.09999999999999999991
1  1.05e+02  0.3714518496  1.682676e-01 1.09999999999999999991
1  1.10e+02  0.371558759  1.682676e-01 1.09999999999999999991
1  1.15e+02  0.3716756919  1.682676e-01 1.09999999999999999991
1  1.20e+02  0.3715714402  1.682676e-01 1.09999999999999999991
1  1.26e+02  0.3720106745  1.682676e-01 1.09999999999999999991
1  1.32e+02  0.3713988903  1.682676e-01 1.09999999999999999991
1  1.38e+02  0.3714828357  1.682676e-01 1.09999999999999999991
1  1.45e+02  0.3716421201  1.682676e-01 1.09999999999999999991
1  1.51e+02  0.3714366776  1.682676e-01 1.09999999999999999991
1  1.58e+02  0.3711503816  1.682676e-01 1.09999999999999999991
1  1.66e+02  0.3714696504  1.682676e-01 1.09999999999999999991
1  1.74e+02  0.3715735722  1.682676e-01 1.09999999999999999991
1  1.82e+02  0.3714716853  1.682676e-01 1.09999999999999999991
1  1.91e+02  0.3715051945  1.682676e-01 1.09999999999999999991
1  2.00e+02  0.3711308123  1.682676e-01 1.09999999999999999991
1  2.09e+02  0.371411951  1.682676e-01 1.09999999999999999991
1  2.19e+02  0.3712522489  1.682676e-01 1.09999999999999999991
1  2.29e+02  0.3715517728  1.682676e-01 1.09999999999999999991
1  2.40e+02  0.3714559848  1.682676e-01 1.09999999999999999991
1  2.51e+02  0.3712729347  1.682676e-01 1.09999999999999999991
1  2.63e+02  0.371799402  1.682676e-01 1.09999999999999999991
1  2.75e+02  0.3710205396  1.682676e-01 1.09999999999999999991
1  2.88e+02  0.3710065595  1.682676e-01 1.09999999999999999991
1  3.02e+02  0.371030799  1.682676e-01 1.09999999999999999991
1  3.16e+02  0.3715434832  1.682676e-01 1.09999999999999999991
1  3.31e+02  0.370987525  1.682676e-01 1.09999999999999999991
1  3.47e+02  0.3711368582  1.682676e-01 1.09999999999999999991
1  3.63e+02  0.3714015696  1.682676e-01 1.09999999999999999991
1  3.80e+02  0.3711984798  1.682676e-01 1.09999999999999999991
1  3.98e+02  0.371519391  1.682676e-01 1.09999999999999999991
1  4.17e+02  0.3716368744  1.682676e-01 1.09999999999999999991
1  4.37e+02  0.370980618  1.682676e-01 1.09999999999999999991
1  4.57e+02  0.3716326826  1.682676e-01 1.09999999999999999991
1  4.79e+02  0.3710713983  1.682676e-01 1.09999999999999999991
1  5.01e+02  0.3714148774  1.682676e-01 1.09999999999999999991
1  5.25e+02  0.3711703567  1.682676e-01 1.09999999999999999991
1  5.50e+02  0.3716141185  1.682676e-01 1.09999999999999999991
1  5.75e+02  0.370902485  1.682676e-01 1.09999999999999999991
1  6.03e+02  0.3715518564  1.682676e-01 1.09999999999999999991
1  6.31e+02  0.3704488905  1.682676e-01 1.09999999999999999991
1  6.61e+02  0.3716219739  1.682676e-01 1.09999999999999999991
1  6.92e+02  0.3715328329  1.682676e-01 1.09999999999999999991
1  7.24e+02  0.371822363  1.682676e-01 1.09999999999999999991
1  7.59e+02  0.3696116911  1.682676e-01 1.09999999999999999991
1  7.94e+02  0.371494511  1.682676e-01 1.09999999999999999991
1  8.32e+02  0.3716340411  1.682676e-01 1.09999999999999999991
1  8.71e+02  0.371402493  1.682676e-01 1.09999999999999999991
1  9.12e+02  0.3689723952  1.682676e-01 1.09999999999999999991
1  9.55e+02  0.3714999411  1.682676e-01 1.09999999999999999991
1  1.00e+03  0.3717878584  1.682676e-01 1.09999999999999999991
1  1.05e+03  0.3708176574  1.682676e-01 1.09999999999999999991
1  1.10e+03  0.3717290894  1.682676e-01 1.09999999999999999991
1  1.15e+03  0.3668030118  1.682676e-01 1.09999999999999999991
1  1.20e+03  0.3714817395  1.682676e-01 1.09999999999999999991
1  1.26e+03  0.3727814289  1.682676e-01 1.09999999999999999991
1  1.32e+03  0.3729416865  1.682676e-01 1.09999999999999999991
1  1.38e+03  0.3715073635  1.682676e-01 1.09999999999999999991
1  1.45e+03  0.3739089947  1.682676e-01 1.09999999999999999991
1  1.51e+03  0.3671190945  1.682676e-01 1.09999999999999999991
1  1.58e+03  0.3578237  1.682676e-01 1.09999999999999999991
1  1.66e+03  0.3563408147  1.682676e-01 1.09999999999999999991
1  1.74e+03  0.3630116464  1.682676e-01 1.09999999999999999991
1  1.82e+03  0.3800731543  1.682676e-01 1.09999999999999999991
1  1.91e+03  0.3707976246  1.682676e-01 1.09999999999999999991
1  2.00e+03  0.3905601363  1.682676e-01 1.09999999999999999991
1  2.09e+03  0.3813206092  1.682676e-01 1.09999999999999999991
1  2.19e+03  0.3672017062  1.682676e-01 1.09999999999999999991
1  2.29e+03  0.3578597166  1.682676e-01 1.09999999999999999991
1  2.40e+03  0.3621436325  1.682676e-01 1.09999999999999999991
1  2.51e+03  0.3770888892  1.682676e-01 1.09999999999999999991
1  2.63e+03  0.3321219295  1.682676e-01 1.09999999999999999991
1  2.75e+03  0.3626968447  1.682676e-01 1.09999999999999999991
1  2.88e+03  0.317606336  1.682676e-01 1.09999999999999999991
1  3.02e+03  0.3565950723  1.682676e-01 1.09999999999999999991
1  3.16e+03  0.383797572  1.682676e-01 1.09999999999999999991
1  3.31e+03  0.3940171144  1.682676e-01 1.09999999999999999991
1  3.47e+03  0.403375994  1.682676e-01 1.09999999999999999991
1  3.63e+03  0.3909163995  1.682676e-01 1.09999999999999999991
1  3.80e+03  0.3531034646  1.682676e-01 1.09999999999999999991
1  3.98e+03  0.4046308417  1.682676e-01 1.09999999999999999991
1  4.17e+03  0.4034824391  1.682676e-01 1.09999999999999999991
1  4.37e+03  0.4058647262  1.682676e-01 1.09999999999999999991
1  4.57e+03  0.3828762686  1.682676e-01 1.09999999999999999991
1  4.79e+03  0.4474848669  1.682676e-01 1.09999999999999999991
1  5.01e+03  0.420374754  1.682676e-01 1.09999999999999999991
1  5.25e+03  0.3781963478  1.682676e-01 1.09999999999999999991
1  5.50e+03  0.351449974  1.682676e-01 1.09999999999999999991
1  5.75e+03  0.3569130569  1.682676e-01 1.09999999999999999991
1  6.03e+03  0.34518936  1.682676e-01 1.09999999999999999991
1  6.31e+03  0.3623689563  1.682676e-01 1.09999999999999999991
1  6.61e+03  0.4344792107  1.682676e-01 1.09999999999999999991
1  6.92e+03  0.4290710154  1.682676e-01 1.09999999999999999991
1  7.24e+03  0.3012613885  1.682676e-01 1.09999999999999999991
1  7.59e+03  0.4417736967  1.682676e-01 1.09999999999999999991
1  7.94e+03  0.310329647  1.682676e-01 1.09999999999999999991
1  8.32e+03  0.4263589282  1.682676e-01 1.09999999999999999991
1  8.71e+03  0.2904708464  1.682676e-01 1.09999999999999999991
1  9.12e+03  0.4523477384  1.682676e-01 1.09999999999999999991
1  9.55e+03  0.2612663742  1.682676e-01 1.09999999999999999991
1  1.00e+04  0.335468061  1.682676e-01 1.09999999999999999991
1  1.05e+04  0.3926108532  1.682676e-01 1.09999999999999999991
1  1.10e+04  0.4271363028  1.682676e-01 1.09999999999999999991
1  1.15e+04  0.2385027914  1.682676e-01 1.09999999999999999991
1  1.20e+04  0.3282594089  1.682676e-01 1.09999999999999999991
1  1.26e+04  0.2747937557  1.682676e-01 1.09999999999999999991
1  1.32e+04  0.2588314865  1.682676e-01 1.09999999999999999991
1  1.38e+04  0.3141561754  1.682676e-01 1.09999999999999999991
1  1.45e+04  0.2337805609  1.682676e-01 1.09999999999999999991
1  1.51e+04  0.3331034728  1.682676e-01 1.09999999999999999991
1  1.58e+04  0.2866636402  1.682676e-01 1.09999999999999999991
1  1.66e+04  0.283557873  1.682676e-01 1.09999999999999999991
1  1.74e+04  0.3825802724  1.682676e-01 1.09999999999999999991
1  1.82e+04  0.4046395468  1.682676e-01 1.09999999999999999991
1  1.91e+04  0.3527268039  1.682676e-01 1.09999999999999999991
1  2.00e+04  0.3438790726  1.682676e-01 1.09999999999999999991
1  2.09e+04  0.3262309084  1.682676e-01 1.09999999999999999991
1  2.19e+04  0.3378705019  1.682676e-01 1.09999999999999999991
1  2.29e+04  0.3861936882  1.682676e-01 1.09999999999999999991
1  2.40e+04  0.3751665945  1.682676e-01 1.09999999999999999991
1  2.51e+04  0.3233354901  1.682676e-01 1.09999999999999999991
1  2.63e+04  0.3284397852  1.682676e-01 1.09999999999999999991
1  2.75e+04  0.3597010384  1.682676e-01 1.09999999999999999991
1  2.88e+04  0.1860251996  1.682676e-01 1.09999999999999999991
1  3.02e+04  0.3713990276  1.682676e-01 1.09999999999999999991
1  3.16e+04  0.253920102  1.682676e-01 1.09999999999999999991
1  3.31e+04  0.3049053031  1.682676e-01 1.09999999999999999991
1  3.47e+04  0.3810449818  1.682676e-01 1.09999999999999999991
1  3.63e+04  0.3875549346  1.682676e-01 1.09999999999999999991
1  3.80e+04  0.1665089556  1.682676e-01 1.09999999999999999991
1  3.98e+04  0.3141286703  1.682676e-01 1.09999999999999999991
1  4.17e+04  0.1855987363  1.682676e-01 1.09999999999999999991
1  4.37e+04  0.3659140208  1.682676e-01 1.09999999999999999991
1  4.57e+04  0.3498369287  1.682676e-01 1.09999999999999999991
1  4.79e+04  0.3843332435  1.682676e-01 1.09999999999999999991
1  5.01e+04  0.287234693  1.682676e-01 1.09999999999999999991
1  5.25e+04  0.4070464215  1.682676e-01 1.09999999999999999991
1  5.50e+04  0.2364576721  1.682676e-01 1.09999999999999999991
1  5.75e+04  0.1344901404  1.682676e-01 1.09999999999999999991
1  6.03e+04  0.3704178177  1.682676e-01 1.09999999999999999991
1  6.31e+04  0.1880246565  1.682676e-01 1.09999999999999999991
1  6.61e+04  0.2046498117  1.682676e-01 1.09999999999999999991
1  6.92e+04  0.4109733386  1.682676e-01 1.09999999999999999991
1  7.24e+04  0.3450120858  1.682676e-01 1.09999999999999999991
1  7.59e+04  0.3183076525  1.682676e-01 1.09999999999999999991
1  7.94e+04  0.3977255837  1.682676e-01 1.09999999999999999991
1  8.32e+04  0.375708626  1.682676e-01 1.09999999999999999991
1  8.71e+04  0.362697252  1.682676e-01 1.09999999999999999991
1  9.12e+04  0.4216361514  1.682676e-01 1.09999999999999999991
1  9.55e+04  0.3856593766  1.682676e-01 1.09999999999999999991
1  1.00e+05  0.2502144914  1.682676e-01 1.09999999999999999991
1  1.05e+05  0.2105996324  1.682676e-01 1.09999999999999999991
1  1.10e+05  0.3146006657  1.682676e-01 1.09999999999999999991
1  1.15e+05  0.3939994065  1.682676e-01 1.09999999999999999991
1  1.20e+05  0.3276611891  1.682676e-01 1.09999999999999999991
1  1.26e+05  0.1915710169  1.682676e-01 1.09999999999999999991
1  1.32e+05  0.1345120594  1.682676e-01 1.09999999999999999991
1  1.38e+05  0.2027467556  1.682676e-01 1.09999999999999999991
1  1.45e+05  0.31703442  1.682676e-01 1.09999999999999999991
1  1.51e+05  0.3751065819  1.682676e-01 1.09999999999999999991
1  1.58e+05  0.3434251727  1.682676e-01 1.09999999999999999991
1  1.66e+05  0.2644902194  1.682676e-01 1.09999999999999999991
1  1.74e+05  0.2046998244  1.682676e-01 1.09999999999999999991
1  1.82e+05  0.202905143  1.682676e-01 1.09999999999999999991
1  1.91e+05  0.2542600114  1.682676e-01 1.09999999999999999991
1  2.00e+05  0.3259295323  1.682676e-01 1.09999999999999999991
1  2.09e+05  0.3829653093  1.682676e-01 1.09999999999999999991
1  2.19e+05  0.4061472553  1.682676e-01 1.09999999999999999991
1  2.29e+05  0.3958661478  1.682676e-01 1.09999999999999999991
1  2.40e+05  0.3657879285  1.682676e-01 1.09999999999999999991
1  2.51e+05  0.3332417936  1.682676e-01 1.09999999999999999991
1  2.63e+05  0.3116656179  1.682676e-01 1.09999999999999999991
1  2.75e+05  0.3072239261  1.682676e-01 1.09999999999999999991
1  2.88e+05  0.3191423805  1.682676e-01 1.09999999999999999991
1  3.02e+05  0.3421368567  1.682676e-01 1.09999999999999999991
1  3.16e+05  0.369307924  1.682676e-01 1.09999999999999999991
1  3.31e+05  0.3944395506  1.682676e-01 1.09999999999999999991
1  3.47e+05  0.4132910542  1.682676e-01 1.09999999999999999991
1  3.63e+05  0.4239426949  1.682676e-01 1.09999999999999999991
1  3.80e+05  0.4264867159  1.682676e-01 1.09999999999999999991
1  3.98e+05  0.4223967965  1.682676e-01 1.09999999999999999991
1  4.17e+05  0.4138426169  1.682676e-01 1.09999999999999999991
1  4.37e+05  0.4031138459  1.682676e-01 1.09999999999999999991
1  4.57e+05  0.3922237327  1.682676e-01 1.09999999999999999991
1  4.79e+05  0.3826957839  1.682676e-01 1.09999999999999999991
1  5.01e+05  0.37550003  1.682676e-01 1.09999999999999999991
1  5.25e+05  0.3710919984  1.682676e-01 1.09999999999999999991
1  5.50e+05  0.3695092183  1.682676e-01 1.09999999999999999991
1  5.75e+05  0.3704893177  1.682676e-01 1.09999999999999999991
1  6.03e+05  0.373585187  1.682676e-01 1.09999999999999999991
1  6.31e+05  0.3782631401  1.682676e-01 1.09999999999999999991
1  6.61e+05  0.3851575677  1.682676e-01 1.09999999999999999991
1  6.92e+05  0.3924758049  1.682676e-01 1.09999999999999999991
1  7.24e+05  0.399676806  1.682676e-01 1.09999999999999999991
1  7.59e+05  0.4063521582  1.682676e-01 1.09999999999999999991
1  7.94e+05  0.4122222306  1.682676e-01 1.09999999999999999991
1  8.32e+05  0.4171213164  1.682676e-01 1.09999999999999999991
1  8.71e+05  0.4209774946  1.682676e-01 1.09999999999999999991
1  9.12e+05  0.4237912029  1.682676e-01 1.09999999999999999991
1  9.55e+05  0.4256150342  1.682676e-01 1.09999999999999999991
1  1.00e+06  0.4265361333  1.682676e-01 1.09999999999999999991
1  1.05e+06  0.4266617624  1.682676e-01 1.09999999999999999991
1  1.10e+06  0.4261080788  1.682676e-01 1.09999999999999999991
1  1.15e+06  0.424991859  1.682676e-01 1.09999999999999999991
1  1.20e+06  0.4234247483  1.682676e-01 1.09999999999999999991
1  1.26e+06  0.4215537065  1.682676e-01 1.09999999999999999991
1  1.32e+06  0.4193890379  1.682676e-01 1.09999999999999999991
1  1.38e+06  0.4170461852  1.682676e-01 1.09999999999999999991
1  1.45e+06  0.414593713  1.682676e-01 1.09999999999999999991
1  1.51e+06  0.4120888156  1.682676e-01 1.09999999999999999991
1  1.58e+06  0.4095781898  1.682676e-01 1.09999999999999999991
1  1.66e+06  0.4070991048  1.682676e-01 1.09999999999999999991
1  1.74e+06  0.4046805528  1.682676e-01 1.09999999999999999991
1  1.82e+06  0.4023443979  1.682676e-01 1.09999999999999999991
1  1.91e+06  0.4001064714  1.682676e-01 1.09999999999999999991
1  2.00e+06  0.3979775806  1.682676e-01 1.09999999999999999991
1  2.09e+06  0.3959644139  1.682676e-01 1.09999999999999999991
1  2.19e+06  0.3940703379  1.682676e-01 1.09999999999999999991
1  2.29e+06  0.3922960852  1.682676e-01 1.09999999999999999991
1  2.40e+06  0.3906403411  1.682676e-01 1.09999999999999999991
1  2.51e+06  0.3891363704  1.682676e-01 1.09999999999999999991
1  2.63e+06  0.3877052011  1.682676e-01 1.09999999999999999991
1  2.75e+06  0.3863809491  1.682676e-01 1.09999999999999999991
1  2.88e+06  0.385158262  1.682676e-01 1.09999999999999999991
1  3.02e+06  0.3840314598  1.682676e-01 1.09999999999999999991
1  3.16e+06  0.3829947074  1.682676e-01 1.09999999999999999991
1  3.31e+06  0.3820421481  1.682676e-01 1.09999999999999999991
1  3.47e+06  0.3811680055  1.682676e-01 1.09999999999999999991
1  3.63e+06  0.3803666595  1.682676e-01 1.09999999999999999991
1  3.80e+06  0.3796327007  1.682676e-01 1.09999999999999999991
1  3.98e+06  0.3789609679  1.682676e-01 1.09999999999999999991
1  4.17e+06  0.3783465727  1.682676e-01 1.09999999999999999991
1  4.37e+06  0.3777849123  1.682676e-01 1.09999999999999999991
1  4.57e+06  0.3772716754  1.682676e-01 1.09999999999999999991
1  4.79e+06  0.3768133281  1.682676e-01 1.09999999999999999991
1  5.01e+06  0.3763841992  1.682676e-01 1.09999999999999999991
1  5.25e+06  0.3759923582  1.682676e-01 1.09999999999999999991
1  5.50e+06  0.375634601  1.682676e-01 1.09999999999999999991
1  5.75e+06  0.375307975  1.682676e-01 1.09999999999999999991
1  6.03e+06  0.3750097644  1.682676e-01 1.09999999999999999991
1  6.31e+06  0.3747374759  1.682676e-01 1.09999999999999999991
1  6.61e+06  0.3744888239  1.682676e-01 1.09999999999999999991
1  6.92e+06  0.3742617163  1.682676e-01 1.09999999999999999991
1  7.24e+06  0.3740542404  1.682676e-01 1.09999999999999999991
1  7.59e+06  0.3738646487  1.682676e-01 1.09999999999999999991
1  7.94e+06  0.373691347  1.682676e-01 1.09999999999999999991
1  8.32e+06  0.3735328813  1.682676e-01 1.09999999999999999991
1  8.71e+06  0.3733879268  1.682676e-01 1.09999999999999999991
1  9.12e+06  0.3732552768  1.682676e-01 1.09999999999999999991
1  9.55e+06  0.3731362335  1.682676e-01 1.09999999999999999991
1  1.00e+07  0.3730247678  1.682676e-01 1.09999999999999999991
