1  1.00e-03  0.5454957412  5.577524e-01 1.00500000000000000000
1  1.05e-03  0.5454957401  5.577524e-01 1.00500000000000000000
1  1.10e-03  0.5454957384  5.577524e-01 1.00500000000000000000
1  1.15e-03  0.5454957509  5.577524e-01 1.00500000000000000000
1  1.20e-03  0.5454957436  5.577524e-01 1.00500000000000000000
1  1.26e-03  0.5454957443  5.577524e-01 1.00500000000000000000
1  1.32e-03  0.5454957512  5.577524e-01 1.00500000000000000000
1  1.38e-03  0.5454957489  5.577524e-01 1.00500000000000000000
1  1.45e-03  0.5454957455  5.577524e-01 1.00500000000000000000
1  1.51e-03  0.5454957384  5.577524e-01 1.00500000000000000000
1  1.58e-03  0.5454957343  5.577524e-01 1.00500000000000000000
1  1.66e-03  0.5454957331  5.577524e-01 1.00500000000000000000
1  1.74e-03  0.5454957342  5.577524e-01 1.00500000000000000000
1  1.82e-03  0.5454957356  5.577524e-01 1.00500000000000000000
1  1.91e-03  0.5454957359  5.577524e-01 1.00500000000000000000
1  2.00e-03  0.545495739  5.577524e-01 1.00500000000000000000
1  2.09e-03  0.545495743  5.577524e-01 1.00500000000000000000
1  2.19e-03  0.5454957423  5.577524e-01 1.00500000000000000000
1  2.29e-03  0.5454957485  5.577524e-01 1.00500000000000000000
1  2.40e-03  0.5454957419  5.577524e-01 1.00500000000000000000
1  2.51e-03  0.5454957384  5.577524e-01 1.00500000000000000000
1  2.63e-03  0.5454957568  5.577524e-01 1.00500000000000000000
1  2.75e-03  0.5454957643  5.577524e-01 1.00500000000000000000
1  2.88e-03  0.5454957453  5.577524e-01 1.00500000000000000000
1  3.02e-03  0.5454957412  5.577524e-01 1.00500000000000000000
1  3.16e-03  0.5454957478  5.577524e-01 1.00500000000000000000
1  3.31e-03  0.5454957376  5.577524e-01 1.00500000000000000000
1  3.47e-03  0.5454957532  5.577524e-01 1.00500000000000000000
1  3.63e-03  0.5454957452  5.577524e-01 1.00500000000000000000
1  3.80e-03  0.5454957452  5.577524e-01 1.00500000000000000000
1  3.98e-03  0.5454957437  5.577524e-01 1.00500000000000000000
1  4.17e-03  0.5454957307  5.577524e-01 1.00500000000000000000
1  4.37e-03  0.5454957348  5.577524e-01 1.00500000000000000000
1  4.57e-03  0.5454957347  5.577524e-01 1.00500000000000000000
1  4.79e-03  0.545495749  5.577524e-01 1.00500000000000000000
1  5.01e-03  0.5454957501  5.577524e-01 1.00500000000000000000
1  5.25e-03  0.5454957302  5.577524e-01 1.00500000000000000000
1  5.50e-03  0.545495743  5.577524e-01 1.00500000000000000000
1  5.75e-03  0.5454957109  5.577524e-01 1.00500000000000000000
1  6.03e-03  0.5454957266  5.577524e-01 1.00500000000000000000
1  6.31e-03  0.5454957514  5.577524e-01 1.00500000000000000000
1  6.61e-03  0.5454957221  5.577524e-01 1.00500000000000000000
1  6.92e-03  0.5454957591  5.577524e-01 1.00500000000000000000
1  7.24e-03  0.5454957497  5.577524e-01 1.00500000000000000000
1  7.59e-03  0.5454957278  5.577524e-01 1.00500000000000000000
1  7.94e-03  0.5454957679  5.577524e-01 1.00500000000000000000
1  8.32e-03  0.5454957392  5.577524e-01 1.00500000000000000000
1  8.71e-03  0.5454957411  5.577524e-01 1.00500000000000000000
1  9.12e-03  0.5454957481  5.577524e-01 1.00500000000000000000
1  9.55e-03  0.5454957627  5.577524e-01 1.00500000000000000000
1  1.00e-02  0.5454957272  5.577524e-01 1.00500000000000000000
1  1.05e-02  0.545487178  5.577524e-01 1.00500000000000000000
1  1.10e-02  0.5454957504  5.577524e-01 1.00500000000000000000
1  1.15e-02  0.545495766  5.577524e-01 1.00500000000000000000
1  1.20e-02  0.5454957545  5.577524e-01 1.00500000000000000000
1  1.26e-02  0.5454957126  5.577524e-01 1.00500000000000000000
1  1.32e-02  0.545495776  5.577524e-01 1.00500000000000000000
1  1.38e-02  0.5454957474  5.577524e-01 1.00500000000000000000
1  1.45e-02  0.5454957661  5.577524e-01 1.00500000000000000000
1  1.51e-02  0.5454957725  5.577524e-01 1.00500000000000000000
1  1.58e-02  0.5454957652  5.577524e-01 1.00500000000000000000
1  1.66e-02  0.5454957247  5.577524e-01 1.00500000000000000000
1  1.74e-02  0.5454957805  5.577524e-01 1.00500000000000000000
1  1.82e-02  0.5454957145  5.577524e-01 1.00500000000000000000
1  1.91e-02  0.5454957566  5.577524e-01 1.00500000000000000000
1  2.00e-02  0.5454957062  5.577524e-01 1.00500000000000000000
1  2.09e-02  0.5454957374  5.577524e-01 1.00500000000000000000
1  2.19e-02  0.5454956731  5.577524e-01 1.00500000000000000000
1  2.29e-02  0.5454956823  5.577524e-01 1.00500000000000000000
1  2.40e-02  0.5454957529  5.577524e-01 1.00500000000000000000
1  2.51e-02  0.5454961284  5.577524e-01 1.00500000000000000000
1  2.63e-02  0.5454500187  5.577524e-01 1.00500000000000000000
1  2.75e-02  0.5454958143  5.577524e-01 1.00500000000000000000
1  2.88e-02  0.5454956941  5.577524e-01 1.00500000000000000000
1  3.02e-02  0.5454956743  5.577524e-01 1.00500000000000000000
1  3.16e-02  0.545495562  5.577524e-01 1.00500000000000000000
1  3.31e-02  0.5454960497  5.577524e-01 1.00500000000000000000
1  3.47e-02  0.5454956677  5.577524e-01 1.00500000000000000000
1  3.63e-02  0.5454956213  5.577524e-01 1.00500000000000000000
1  3.80e-02  0.5454957536  5.577524e-01 1.00500000000000000000
1  3.98e-02  0.5454958615  5.577524e-01 1.00500000000000000000
1  4.17e-02  0.5454964781  5.577524e-01 1.00500000000000000000
1  4.37e-02  0.5454959632  5.577524e-01 1.00500000000000000000
1  4.57e-02  0.545496159  5.577524e-01 1.00500000000000000000
1  4.79e-02  0.5454959027  5.577524e-01 1.00500000000000000000
1  5.01e-02  0.5454958753  5.577524e-01 1.00500000000000000000
1  5.25e-02  0.5454957489  5.577524e-01 1.00500000000000000000
1  5.50e-02  0.5454958051  5.577524e-01 1.00500000000000000000
1  5.75e-02  0.5454956802  5.577524e-01 1.00500000000000000000
1  6.03e-02  0.5454957006  5.577524e-01 1.00500000000000000000
1  6.31e-02  0.545495841  5.577524e-01 1.00500000000000000000
1  6.61e-02  0.5454956501  5.577524e-01 1.00500000000000000000
1  6.92e-02  0.5454954081  5.577524e-01 1.00500000000000000000
1  7.24e-02  0.5454973024  5.577524e-01 1.00500000000000000000
1  7.59e-02  0.5454956706  5.577524e-01 1.00500000000000000000
1  7.94e-02  0.5454964518  5.577524e-01 1.00500000000000000000
1  8.32e-02  0.5454955424  5.577524e-01 1.00500000000000000000
1  8.71e-02  0.5454963163  5.577524e-01 1.00500000000000000000
1  9.12e-02  0.5454959722  5.577524e-01 1.00500000000000000000
1  9.55e-02  0.5454960891  5.577524e-01 1.00500000000000000000
1  1.00e-01  0.5454960629  5.577524e-01 1.00500000000000000000
1  1.05e-01  0.5454959411  5.577524e-01 1.00500000000000000000
1  1.10e-01  0.5454959863  5.577524e-01 1.00500000000000000000
1  1.15e-01  0.5454964622  5.577524e-01 1.00500000000000000000
1  1.20e-01  0.5454956049  5.577524e-01 1.00500000000000000000
1  1.26e-01  0.5454958151  5.577524e-01 1.00500000000000000000
1  1.32e-01  0.545495126  5.577524e-01 1.00500000000000000000
1  1.38e-01  0.5454959481  5.577524e-01 1.00500000000000000000
1  1.45e-01  0.5454954973  5.577524e-01 1.00500000000000000000
1  1.51e-01  0.5454960142  5.577524e-01 1.00500000000000000000
1  1.58e-01  0.5454953586  5.577524e-01 1.00500000000000000000
1  1.66e-01  0.5454953109  5.577524e-01 1.00500000000000000000
1  1.74e-01  0.545496037  5.577524e-01 1.00500000000000000000
1  1.82e-01  0.545495843  5.577524e-01 1.00500000000000000000
1  1.91e-01  0.5454958815  5.577524e-01 1.00500000000000000000
1  2.00e-01  0.5454958341  5.577524e-01 1.00500000000000000000
1  2.09e-01  0.5454950861  5.577524e-01 1.00500000000000000000
1  2.19e-01  0.5454951827  5.577524e-01 1.00500000000000000000
1  2.29e-01  0.5454959892  5.577524e-01 1.00500000000000000000
1  2.40e-01  0.5454958246  5.577524e-01 1.00500000000000000000
1  2.51e-01  0.5454950722  5.577524e-01 1.00500000000000000000
1  2.63e-01  0.5454958639  5.577524e-01 1.00500000000000000000
1  2.75e-01  0.5454961433  5.577524e-01 1.00500000000000000000
1  2.88e-01  0.5454959429  5.577524e-01 1.00500000000000000000
1  3.02e-01  0.54549604  5.577524e-01 1.00500000000000000000
1  3.16e-01  0.5454967626  5.577524e-01 1.00500000000000000000
1  3.31e-01  0.5454949637  5.577524e-01 1.00500000000000000000
1  3.47e-01  0.5454960883  5.577524e-01 1.00500000000000000000
1  3.63e-01  0.5454947116  5.577524e-01 1.00500000000000000000
1  3.80e-01  0.5454959493  5.577524e-01 1.00500000000000000000
1  3.98e-01  0.5454959081  5.577524e-01 1.00500000000000000000
1  4.17e-01  0.5454944998  5.577524e-01 1.00500000000000000000
1  4.37e-01  0.5454952333  5.577524e-01 1.00500000000000000000
1  4.57e-01  0.5454940833  5.577524e-01 1.00500000000000000000
1  4.79e-01  0.5454952348  5.577524e-01 1.00500000000000000000
1  5.01e-01  0.5454902545  5.577524e-01 1.00500000000000000000
1  5.25e-01  0.5454957433  5.577524e-01 1.00500000000000000000
1  5.50e-01  0.5454937409  5.577524e-01 1.00500000000000000000
1  5.75e-01  0.5454952769  5.577524e-01 1.00500000000000000000
1  6.03e-01  0.545495433  5.577524e-01 1.00500000000000000000
1  6.31e-01  0.5454940489  5.577524e-01 1.00500000000000000000
1  6.61e-01  0.5454960564  5.577524e-01 1.00500000000000000000
1  6.92e-01  0.5454933914  5.577524e-01 1.00500000000000000000
1  7.24e-01  0.5454958809  5.577524e-01 1.00500000000000000000
1  7.59e-01  0.5455051745  5.577524e-01 1.00500000000000000000
1  7.94e-01  0.5454956796  5.577524e-01 1.00500000000000000000
1  8.32e-01  0.5454937249  5.577524e-01 1.00500000000000000000
1  8.71e-01  0.5454946987  5.577524e-01 1.00500000000000000000
1  9.12e-01  0.5455030782  5.577524e-01 1.00500000000000000000
1  9.55e-01  0.5454956143  5.577524e-01 1.00500000000000000000
1  1.00e+00  0.5454953355  5.577524e-01 1.00500000000000000000
1  1.05e+00  0.5454982067  5.577524e-01 1.00500000000000000000
1  1.10e+00  0.5454921326  5.577524e-01 1.00500000000000000000
1  1.15e+00  0.5454920821  5.577524e-01 1.00500000000000000000
1  1.20e+00  0.5454962478  5.577524e-01 1.00500000000000000000
1  1.26e+00  0.5454929324  5.577524e-01 1.00500000000000000000
1  1.32e+00  0.5454903683  5.577524e-01 1.00500000000000000000
1  1.38e+00  0.5454921175  5.577524e-01 1.00500000000000000000
1  1.45e+00  0.5454929202  5.577524e-01 1.00500000000000000000
1  1.51e+00  0.5454958875  5.577524e-01 1.00500000000000000000
1  1.58e+00  0.5454926069  5.577524e-01 1.00500000000000000000
1  1.66e+00  0.545489941  5.577524e-01 1.00500000000000000000
1  1.74e+00  0.5454889317  5.577524e-01 1.00500000000000000000
1  1.82e+00  0.5454958001  5.577524e-01 1.00500000000000000000
1  1.91e+00  0.5454959256  5.577524e-01 1.00500000000000000000
1  2.00e+00  0.5454888812  5.577524e-01 1.00500000000000000000
1  2.09e+00  0.5454962255  5.577524e-01 1.00500000000000000000
1  2.19e+00  0.5454927423  5.577524e-01 1.00500000000000000000
1  2.29e+00  0.5454806253  5.577524e-01 1.00500000000000000000
1  2.40e+00  0.5454929122  5.577524e-01 1.00500000000000000000
1  2.51e+00  0.5454963283  5.577524e-01 1.00500000000000000000
1  2.63e+00  0.5454974351  5.577524e-01 1.00500000000000000000
1  2.75e+00  0.5454846152  5.577524e-01 1.00500000000000000000
1  2.88e+00  0.5454849134  5.577524e-01 1.00500000000000000000
1  3.02e+00  0.5454692207  5.577524e-01 1.00500000000000000000
1  3.16e+00  0.5454883043  5.577524e-01 1.00500000000000000000
1  3.31e+00  0.5454880837  5.577524e-01 1.00500000000000000000
1  3.47e+00  0.5454907463  5.577524e-01 1.00500000000000000000
1  3.63e+00  0.5454806036  5.577524e-01 1.00500000000000000000
1  3.80e+00  0.5454902597  5.577524e-01 1.00500000000000000000
1  3.98e+00  0.5454445564  5.577524e-01 1.00500000000000000000
1  4.17e+00  0.5454793329  5.577524e-01 1.00500000000000000000
1  4.37e+00  0.5454925515  5.577524e-01 1.00500000000000000000
1  4.57e+00  0.5454907082  5.577524e-01 1.00500000000000000000
1  4.79e+00  0.5454924081  5.577524e-01 1.00500000000000000000
1  5.01e+00  0.5454838269  5.577524e-01 1.00500000000000000000
1  5.25e+00  0.5455023648  5.577524e-01 1.00500000000000000000
1  5.50e+00  0.5454740756  5.577524e-01 1.00500000000000000000
1  5.75e+00  0.5454608521  5.577524e-01 1.00500000000000000000
1  6.03e+00  0.545494417  5.577524e-01 1.00500000000000000000
1  6.31e+00  0.5454719665  5.577524e-01 1.00500000000000000000
1  6.61e+00  0.5454849099  5.577524e-01 1.00500000000000000000
1  6.92e+00  0.5454951027  5.577524e-01 1.00500000000000000000
1  7.24e+00  0.5454734102  5.577524e-01 1.00500000000000000000
1  7.59e+00  0.54550634  5.577524e-01 1.00500000000000000000
1  7.94e+00  0.5455264985  5.577524e-01 1.00500000000000000000
1  8.32e+00  0.545470458  5.577524e-01 1.00500000000000000000
1  8.71e+00  0.5454400902  5.577524e-01 1.00500000000000000000
1  9.12e+00  0.5454741061  5.577524e-01 1.00500000000000000000
1  9.55e+00  0.5454533563  5.577524e-01 1.00500000000000000000
1  1.00e+01  0.5454726465  5.577524e-01 1.00500000000000000000
1  1.05e+01  0.545492692  5.577524e-01 1.00500000000000000000
1  1.10e+01  0.5454512292  5.577524e-01 1.00500000000000000000
1  1.15e+01  0.5454639606  5.577524e-01 1.00500000000000000000
1  1.20e+01  0.5454475988  5.577524e-01 1.00500000000000000000
1  1.26e+01  0.5454766354  5.577524e-01 1.00500000000000000000
1  1.32e+01  0.545499319  5.577524e-01 1.00500000000000000000
1  1.38e+01  0.5454672007  5.577524e-01 1.00500000000000000000
1  1.45e+01  0.5454867372  5.577524e-01 1.00500000000000000000
1  1.51e+01  0.5454577797  5.577524e-01 1.00500000000000000000
1  1.58e+01  0.5454589521  5.577524e-01 1.00500000000000000000
1  1.66e+01  0.5454589953  5.577524e-01 1.00500000000000000000
1  1.74e+01  0.5454905025  5.577524e-01 1.00500000000000000000
1  1.82e+01  0.5454348315  5.577524e-01 1.00500000000000000000
1  1.91e+01  0.5454604526  5.577524e-01 1.00500000000000000000
1  2.00e+01  0.5454285555  5.577524e-01 1.00500000000000000000
1  2.09e+01  0.5452245179  5.577524e-01 1.00500000000000000000
1  2.19e+01  0.5454824119  5.577524e-01 1.00500000000000000000
1  2.29e+01  0.5455750114  5.577524e-01 1.00500000000000000000
1  2.40e+01  0.5454745684  5.577524e-01 1.00500000000000000000
1  2.51e+01  0.5456997705  5.577524e-01 1.00500000000000000000
1  2.63e+01  0.5454780102  5.577524e-01 1.00500000000000000000
1  2.75e+01  0.5453601102  5.577524e-01 1.00500000000000000000
1  2.88e+01  0.5454524583  5.577524e-01 1.00500000000000000000
1  3.02e+01  0.5454503948  5.577524e-01 1.00500000000000000000
1  3.16e+01  0.5456979677  5.577524e-01 1.00500000000000000000
1  3.31e+01  0.5454466071  5.577524e-01 1.00500000000000000000
1  3.47e+01  0.5452151178  5.577524e-01 1.00500000000000000000
1  3.63e+01  0.5453578321  5.577524e-01 1.00500000000000000000
1  3.80e+01  0.5454093175  5.577524e-01 1.00500000000000000000
1  3.98e+01  0.5454424855  5.577524e-01 1.00500000000000000000
1  4.17e+01  0.5452252504  5.577524e-01 1.00500000000000000000
1  4.37e+01  0.5451792031  5.577524e-01 1.00500000000000000000
1  4.57e+01  0.5453759315  5.577524e-01 1.00500000000000000000
1  4.79e+01  0.5454180553  5.577524e-01 1.00500000000000000000
1  5.01e+01  0.5455004777  5.577524e-01 1.00500000000000000000
1  5.25e+01  0.5456176732  5.577524e-01 1.00500000000000000000
1  5.50e+01  0.5454516115  5.577524e-01 1.00500000000000000000
1  5.75e+01  0.5452005834  5.577524e-01 1.00500000000000000000
1  6.03e+01  0.545216815  5.577524e-01 1.00500000000000000000
1  6.31e+01  0.5452436351  5.577524e-01 1.00500000000000000000
1  6.61e+01  0.5452632743  5.577524e-01 1.00500000000000000000
1  6.92e+01  0.5454459236  5.577524e-01 1.00500000000000000000
1  7.24e+01  0.545124315  5.577524e-01 1.00500000000000000000
1  7.59e+01  0.5452776479  5.577524e-01 1.00500000000000000000
1  7.94e+01  0.545141651  5.577524e-01 1.00500000000000000000
1  8.32e+01  0.5453278765  5.577524e-01 1.00500000000000000000
1  8.71e+01  0.5450480495  5.577524e-01 1.00500000000000000000
1  9.12e+01  0.5454436659  5.577524e-01 1.00500000000000000000
1  9.55e+01  0.5450933561  5.577524e-01 1.00500000000000000000
1  1.00e+02  0.5452655538  5.577524e-01 1.00500000000000000000
1  1.05e+02  0.5451508724  5.577524e-01 1.00500000000000000000
1  1.10e+02  0.5455581723  5.577524e-01 1.00500000000000000000
1  1.15e+02  0.5455094075  5.577524e-01 1.00500000000000000000
1  1.20e+02  0.5452558185  5.577524e-01 1.00500000000000000000
1  1.26e+02  0.5449653803  5.577524e-01 1.00500000000000000000
1  1.32e+02  0.5453953254  5.577524e-01 1.00500000000000000000
1  1.38e+02  0.5449417753  5.577524e-01 1.00500000000000000000
1  1.45e+02  0.5454037901  5.577524e-01 1.00500000000000000000
1  1.51e+02  0.5450203644  5.577524e-01 1.00500000000000000000
1  1.58e+02  0.545567025  5.577524e-01 1.00500000000000000000
1  1.66e+02  0.5449768304  5.577524e-01 1.00500000000000000000
1  1.74e+02  0.5449441765  5.577524e-01 1.00500000000000000000
1  1.82e+02  0.5453793665  5.577524e-01 1.00500000000000000000
1  1.91e+02  0.5454264822  5.577524e-01 1.00500000000000000000
1  2.00e+02  0.545601073  5.577524e-01 1.00500000000000000000
1  2.09e+02  0.5450628811  5.577524e-01 1.00500000000000000000
1  2.19e+02  0.5448093709  5.577524e-01 1.00500000000000000000
1  2.29e+02  0.5452240556  5.577524e-01 1.00500000000000000000
1  2.40e+02  0.5455212771  5.577524e-01 1.00500000000000000000
1  2.51e+02  0.5453916671  5.577524e-01 1.00500000000000000000
1  2.63e+02  0.5450140271  5.577524e-01 1.00500000000000000000
1  2.75e+02  0.5448011557  5.577524e-01 1.00500000000000000000
1  2.88e+02  0.5443178144  5.577524e-01 1.00500000000000000000
1  3.02e+02  0.5443847499  5.577524e-01 1.00500000000000000000
1  3.16e+02  0.5446349172  5.577524e-01 1.00500000000000000000
1  3.31e+02  0.5451225495  5.577524e-01 1.00500000000000000000
1  3.47e+02  0.5453139022  5.577524e-01 1.00500000000000000000
1  3.63e+02  0.5457341439  5.577524e-01 1.00500000000000000000
1  3.80e+02  0.54430607  5.577524e-01 1.00500000000000000000
1  3.98e+02  0.5454615372  5.577524e-01 1.00500000000000000000
1  4.17e+02  0.5451117841  5.577524e-01 1.00500000000000000000
1  4.37e+02  0.5456450114  5.577524e-01 1.00500000000000000000
1  4.57e+02  0.5437718081  5.577524e-01 1.00500000000000000000
1  4.79e+02  0.5450825753  5.577524e-01 1.00500000000000000000
1  5.01e+02  0.545175465  5.577524e-01 1.00500000000000000000
1  5.25e+02  0.5434463011  5.577524e-01 1.00500000000000000000
1  5.50e+02  0.5452157052  5.577524e-01 1.00500000000000000000
1  5.75e+02  0.5439383895  5.577524e-01 1.00500000000000000000
1  6.03e+02  0.5443048498  5.577524e-01 1.00500000000000000000
1  6.31e+02  0.5455348771  5.577524e-01 1.00500000000000000000
1  6.61e+02  0.5431465663  5.577524e-01 1.00500000000000000000
1  6.92e+02  0.5429167394  5.577524e-01 1.00500000000000000000
1  7.24e+02  0.5427570736  5.577524e-01 1.00500000000000000000
1  7.59e+02  0.5447178473  5.577524e-01 1.00500000000000000000
1  7.94e+02  0.5422406452  5.577524e-01 1.00500000000000000000
1  8.32e+02  0.5447112106  5.577524e-01 1.00500000000000000000
1  8.71e+02  0.544575194  5.577524e-01 1.00500000000000000000
1  9.12e+02  0.5403650205  5.577524e-01 1.00500000000000000000
1  9.55e+02  0.5454642318  5.577524e-01 1.00500000000000000000
1  1.00e+03  0.5447658579  5.577524e-01 1.00500000000000000000
1  1.05e+03  0.5435179228  5.577524e-01 1.00500000000000000000
1  1.10e+03  0.5405398064  5.577524e-01 1.00500000000000000000
1  1.15e+03  0.5450948601  5.577524e-01 1.00500000000000000000
1  1.20e+03  0.5396139838  5.577524e-01 1.00500000000000000000
1  1.26e+03  0.5411298181  5.577524e-01 1.00500000000000000000
1  1.32e+03  0.5474100942  5.577524e-01 1.00500000000000000000
1  1.38e+03  0.5519177381  5.577524e-01 1.00500000000000000000
1  1.45e+03  0.5354370543  5.577524e-01 1.00500000000000000000
1  1.51e+03  0.5470467182  5.577524e-01 1.00500000000000000000
1  1.58e+03  0.5379185851  5.577524e-01 1.00500000000000000000
1  1.66e+03  0.5309609416  5.577524e-01 1.00500000000000000000
1  1.74e+03  0.5441350375  5.577524e-01 1.00500000000000000000
1  1.82e+03  0.5593278441  5.577524e-01 1.00500000000000000000
1  1.91e+03  0.5421319235  5.577524e-01 1.00500000000000000000
1  2.00e+03  0.5770875871  5.577524e-01 1.00500000000000000000
1  2.09e+03  0.5617639119  5.577524e-01 1.00500000000000000000
1  2.19e+03  0.5318647019  5.577524e-01 1.00500000000000000000
1  2.29e+03  0.5112410567  5.577524e-01 1.00500000000000000000
1  2.40e+03  0.5006274576  5.577524e-01 1.00500000000000000000
1  2.51e+03  0.5363578859  5.577524e-01 1.00500000000000000000
1  2.63e+03  0.5183081049  5.577524e-01 1.00500000000000000000
1  2.75e+03  0.4641267001  5.577524e-01 1.00500000000000000000
1  2.88e+03  0.4963507633  5.577524e-01 1.00500000000000000000
1  3.02e+03  0.5514610355  5.577524e-01 1.00500000000000000000
1  3.16e+03  0.5068952776  5.577524e-01 1.00500000000000000000
1  3.31e+03  0.4898266979  5.577524e-01 1.00500000000000000000
1  3.47e+03  0.5180486735  5.577524e-01 1.00500000000000000000
1  3.63e+03  0.5832898305  5.577524e-01 1.00500000000000000000
1  3.80e+03  0.625032718  5.577524e-01 1.00500000000000000000
1  3.98e+03  0.535386165  5.577524e-01 1.00500000000000000000
1  4.17e+03  0.6024347868  5.577524e-01 1.00500000000000000000
1  4.37e+03  0.5887644737  5.577524e-01 1.00500000000000000000
1  4.57e+03  0.632818012  5.577524e-01 1.00500000000000000000
1  4.79e+03  0.5445255666  5.577524e-01 1.00500000000000000000
1  5.01e+03  0.6019236731  5.577524e-01 1.00500000000000000000
1  5.25e+03  0.6584278242  5.577524e-01 1.00500000000000000000
1  5.50e+03  0.6455421789  5.577524e-01 1.00500000000000000000
1  5.75e+03  0.6363755144  5.577524e-01 1.00500000000000000000
1  6.03e+03  0.6368848793  5.577524e-01 1.00500000000000000000
1  6.31e+03  0.6639552048  5.577524e-01 1.00500000000000000000
1  6.61e+03  0.5709946815  5.577524e-01 1.00500000000000000000
1  6.92e+03  0.4013617184  5.577524e-01 1.00500000000000000000
1  7.24e+03  0.5288227171  5.577524e-01 1.00500000000000000000
1  7.59e+03  0.5550981337  5.577524e-01 1.00500000000000000000
1  7.94e+03  0.3666570958  5.577524e-01 1.00500000000000000000
1  8.32e+03  0.5731246724  5.577524e-01 1.00500000000000000000
1  8.71e+03  0.3542220193  5.577524e-01 1.00500000000000000000
1  9.12e+03  0.4758604057  5.577524e-01 1.00500000000000000000
1  9.55e+03  0.5603922488  5.577524e-01 1.00500000000000000000
1  1.00e+04  0.3052391748  5.577524e-01 1.00500000000000000000
1  1.05e+04  0.3755631745  5.577524e-01 1.00500000000000000000
1  1.10e+04  0.5026877663  5.577524e-01 1.00500000000000000000
1  1.15e+04  0.5649972365  5.577524e-01 1.00500000000000000000
1  1.20e+04  0.4153541776  5.577524e-01 1.00500000000000000000
1  1.26e+04  0.3839014564  5.577524e-01 1.00500000000000000000
1  1.32e+04  0.3491392736  5.577524e-01 1.00500000000000000000
1  1.38e+04  0.344747573  5.577524e-01 1.00500000000000000000
1  1.45e+04  0.3624059049  5.577524e-01 1.00500000000000000000
1  1.51e+04  0.4131493273  5.577524e-01 1.00500000000000000000
1  1.58e+04  0.3826643142  5.577524e-01 1.00500000000000000000
1  1.66e+04  0.4540074565  5.577524e-01 1.00500000000000000000
1  1.74e+04  0.2240452314  5.577524e-01 1.00500000000000000000
1  1.82e+04  0.299402691  5.577524e-01 1.00500000000000000000
1  1.91e+04  0.3129343876  5.577524e-01 1.00500000000000000000
1  2.00e+04  0.3392026174  5.577524e-01 1.00500000000000000000
1  2.09e+04  0.297251958  5.577524e-01 1.00500000000000000000
1  2.19e+04  0.1923930633  5.577524e-01 1.00500000000000000000
1  2.29e+04  0.3823840946  5.577524e-01 1.00500000000000000000
1  2.40e+04  0.1887690535  5.577524e-01 1.00500000000000000000
1  2.51e+04  0.2832608654  5.577524e-01 1.00500000000000000000
1  2.63e+04  0.3462747892  5.577524e-01 1.00500000000000000000
1  2.75e+04  0.159634683  5.577524e-01 1.00500000000000000000
1  2.88e+04  0.3642846399  5.577524e-01 1.00500000000000000000
1  3.02e+04  0.1288791363  5.577524e-01 1.00500000000000000000
1  3.16e+04  0.455094799  5.577524e-01 1.00500000000000000000
1  3.31e+04  0.04540591136  5.577524e-01 1.00500000000000000000
1  3.47e+04  0.3877428262  5.577524e-01 1.00500000000000000000
1  3.63e+04  0.1848879416  5.577524e-01 1.00500000000000000000
1  3.80e+04  0.2598709128  5.577524e-01 1.00500000000000000000
1  3.98e+04  0.29090193  5.577524e-01 1.00500000000000000000
1  4.17e+04  0.1385563675  5.577524e-01 1.00500000000000000000
1  4.37e+04  0.4666355639  5.577524e-01 1.00500000000000000000
1  4.57e+04  0.09189806215  5.577524e-01 1.00500000000000000000
1  4.79e+04  0.2238189707  5.577524e-01 1.00500000000000000000
1  5.01e+04  0.4766634129  5.577524e-01 1.00500000000000000000
1  5.25e+04  0.1237767211  5.577524e-01 1.00500000000000000000
1  5.50e+04  0.1739383892  5.577524e-01 1.00500000000000000000
1  5.75e+04  0.4827430075  5.577524e-01 1.00500000000000000000
1  6.03e+04  0.1318545934  5.577524e-01 1.00500000000000000000
1  6.31e+04  0.1357314497  5.577524e-01 1.00500000000000000000
1  6.61e+04  0.4877124917  5.577524e-01 1.00500000000000000000
1  6.92e+04  0.3477241549  5.577524e-01 1.00500000000000000000
1  7.24e+04  0.1212061643  5.577524e-01 1.00500000000000000000
1  7.59e+04  0.2564404302  5.577524e-01 1.00500000000000000000
1  7.94e+04  0.4696871931  5.577524e-01 1.00500000000000000000
1  8.32e+04  0.4738783001  5.577524e-01 1.00500000000000000000
1  8.71e+04  0.3074296569  5.577524e-01 1.00500000000000000000
1  9.12e+04  0.1836179954  5.577524e-01 1.00500000000000000000
1  9.55e+04  0.2628833444  5.577524e-01 1.00500000000000000000
1  1.00e+05  0.4553906034  5.577524e-01 1.00500000000000000000
1  1.05e+05  0.5161445192  5.577524e-01 1.00500000000000000000
1  1.10e+05  0.3630893553  5.577524e-01 1.00500000000000000000
1  1.15e+05  0.1761328382  5.577524e-01 1.00500000000000000000
1  1.20e+05  0.1619454332  5.577524e-01 1.00500000000000000000
1  1.26e+05  0.322450843  5.577524e-01 1.00500000000000000000
1  1.32e+05  0.4868106427  5.577524e-01 1.00500000000000000000
1  1.38e+05  0.5081182408  5.577524e-01 1.00500000000000000000
1  1.45e+05  0.3887861987  5.577524e-01 1.00500000000000000000
1  1.51e+05  0.24361785  5.577524e-01 1.00500000000000000000
1  1.58e+05  0.1841969214  5.577524e-01 1.00500000000000000000
1  1.66e+05  0.2407144369  5.577524e-01 1.00500000000000000000
1  1.74e+05  0.3642973269  5.577524e-01 1.00500000000000000000
1  1.82e+05  0.4788428617  5.577524e-01 1.00500000000000000000
1  1.91e+05  0.531516948  5.577524e-01 1.00500000000000000000
1  2.00e+05  0.5131475816  5.577524e-01 1.00500000000000000000
1  2.09e+05  0.4492446642  5.577524e-01 1.00500000000000000000
1  2.19e+05  0.3778089086  5.577524e-01 1.00500000000000000000
1  2.29e+05  0.3296636399  5.577524e-01 1.00500000000000000000
1  2.40e+05  0.3189233888  5.577524e-01 1.00500000000000000000
1  2.51e+05  0.3433674658  5.577524e-01 1.00500000000000000000
1  2.63e+05  0.3904980499  5.577524e-01 1.00500000000000000000
1  2.75e+05  0.4447518753  5.577524e-01 1.00500000000000000000
1  2.88e+05  0.4929553446  5.577524e-01 1.00500000000000000000
1  3.02e+05  0.5270297841  5.577524e-01 1.00500000000000000000
1  3.16e+05  0.5442910751  5.577524e-01 1.00500000000000000000
1  3.31e+05  0.5462646118  5.577524e-01 1.00500000000000000000
1  3.47e+05  0.5369464852  5.577524e-01 1.00500000000000000000
1  3.63e+05  0.5211714675  5.577524e-01 1.00500000000000000000
1  3.80e+05  0.503423141  5.577524e-01 1.00500000000000000000
1  3.98e+05  0.4871635058  5.577524e-01 1.00500000000000000000
1  4.17e+05  0.4746055221  5.577524e-01 1.00500000000000000000
1  4.37e+05  0.4667899707  5.577524e-01 1.00500000000000000000
1  4.57e+05  0.463826996  5.577524e-01 1.00500000000000000000
1  4.79e+05  0.4651923781  5.577524e-01 1.00500000000000000000
1  5.01e+05  0.4700069194  5.577524e-01 1.00500000000000000000
1  5.25e+05  0.4772617494  5.577524e-01 1.00500000000000000000
1  5.50e+05  0.4859776772  5.577524e-01 1.00500000000000000000
1  5.75e+05  0.4953024298  5.577524e-01 1.00500000000000000000
1  6.03e+05  0.5045574305  5.577524e-01 1.00500000000000000000
1  6.31e+05  0.5132481145  5.577524e-01 1.00500000000000000000
1  6.61e+05  0.521051279  5.577524e-01 1.00500000000000000000
1  6.92e+05  0.5277914588  5.577524e-01 1.00500000000000000000
1  7.24e+05  0.5334028652  5.577524e-01 1.00500000000000000000
1  7.59e+05  0.5379055164  5.577524e-01 1.00500000000000000000
1  7.94e+05  0.5413760811  5.577524e-01 1.00500000000000000000
1  8.32e+05  0.5439257278  5.577524e-01 1.00500000000000000000
1  8.71e+05  0.5456805093  5.577524e-01 1.00500000000000000000
1  9.12e+05  0.5467765563  5.577524e-01 1.00500000000000000000
1  9.55e+05  0.547339106  5.577524e-01 1.00500000000000000000
1  1.00e+06  0.5474848821  5.577524e-01 1.00500000000000000000
1  1.05e+06  0.5473170563  5.577524e-01 1.00500000000000000000
1  1.10e+06  0.5469240161  5.577524e-01 1.00500000000000000000
1  1.15e+06  0.5463794099  5.577524e-01 1.00500000000000000000
1  1.20e+06  0.5457430148  5.577524e-01 1.00500000000000000000
1  1.26e+06  0.5450620845  5.577524e-01 1.00500000000000000000
1  1.32e+06  0.5443729245  5.577524e-01 1.00500000000000000000
1  1.38e+06  0.5437025243  5.577524e-01 1.00500000000000000000
1  1.45e+06  0.5430701305  5.577524e-01 1.00500000000000000000
1  1.51e+06  0.5424886947  5.577524e-01 1.00500000000000000000
1  1.58e+06  0.5419661591  5.577524e-01 1.00500000000000000000
1  1.66e+06  0.5415065679  5.577524e-01 1.00500000000000000000
1  1.74e+06  0.5411110061  5.577524e-01 1.00500000000000000000
1  1.82e+06  0.5407775895  5.577524e-01 1.00500000000000000000
1  1.91e+06  0.5405053119  5.577524e-01 1.00500000000000000000
1  2.00e+06  0.5402896166  5.577524e-01 1.00500000000000000000
1  2.09e+06  0.5401261551  5.577524e-01 1.00500000000000000000
1  2.19e+06  0.5400102306  5.577524e-01 1.00500000000000000000
1  2.29e+06  0.5399370256  5.577524e-01 1.00500000000000000000
1  2.40e+06  0.5399017698  5.577524e-01 1.00500000000000000000
1  2.51e+06  0.5398998585  5.577524e-01 1.00500000000000000000
1  2.63e+06  0.539926933  5.577524e-01 1.00500000000000000000
1  2.75e+06  0.5399789311  5.577524e-01 1.00500000000000000000
1  2.88e+06  0.5400521152  5.577524e-01 1.00500000000000000000
1  3.02e+06  0.5401430832  5.577524e-01 1.00500000000000000000
1  3.16e+06  0.5402487675  5.577524e-01 1.00500000000000000000
1  3.31e+06  0.5403664246  5.577524e-01 1.00500000000000000000
1  3.47e+06  0.5404936199  5.577524e-01 1.00500000000000000000
1  3.63e+06  0.5406280295  5.577524e-01 1.00500000000000000000
1  3.80e+06  0.540768148  5.577524e-01 1.00500000000000000000
1  3.98e+06  0.5409121442  5.577524e-01 1.00500000000000000000
1  4.17e+06  0.5410586062  5.577524e-01 1.00500000000000000000
1  4.37e+06  0.5412063219  5.577524e-01 1.00500000000000000000
1  4.57e+06  0.5413542581  5.577524e-01 1.00500000000000000000
1  4.79e+06  0.5415015408  5.577524e-01 1.00500000000000000000
1  5.01e+06  0.5416474368  5.577524e-01 1.00500000000000000000
1  5.25e+06  0.5417913368  5.577524e-01 1.00500000000000000000
1  5.50e+06  0.5419327404  5.577524e-01 1.00500000000000000000
1  5.75e+06  0.542071242  5.577524e-01 1.00500000000000000000
1  6.03e+06  0.5422065185  5.577524e-01 1.00500000000000000000
1  6.31e+06  0.542338318  5.577524e-01 1.00500000000000000000
1  6.61e+06  0.5424664504  5.577524e-01 1.00500000000000000000
1  6.92e+06  0.542590778  5.577524e-01 1.00500000000000000000
1  7.24e+06  0.5427111721  5.577524e-01 1.00500000000000000000
1  7.59e+06  0.542827655  5.577524e-01 1.00500000000000000000
1  7.94e+06  0.5429401643  5.577524e-01 1.00500000000000000000
1  8.32e+06  0.5430487053  5.577524e-01 1.00500000000000000000
1  8.71e+06  0.5431533061  5.577524e-01 1.00500000000000000000
1  9.12e+06  0.5432540132  5.577524e-01 1.00500000000000000000
1  9.55e+06  0.5433508888  5.577524e-01 1.00500000000000000000
1  1.00e+07  0.543444007  5.577524e-01 1.00500000000000000000
