1  1.00e-03  0.2728056426  1.405800e-01 0.91899999999999999999
1  1.05e-03  0.2728056402  1.405800e-01 0.91899999999999999999
1  1.10e-03  0.2728056486  1.405800e-01 0.91899999999999999999
1  1.15e-03  0.272805647  1.405800e-01 0.91899999999999999999
1  1.20e-03  0.2728056429  1.405800e-01 0.91899999999999999999
1  1.26e-03  0.2728056465  1.405800e-01 0.91899999999999999999
1  1.32e-03  0.2728056471  1.405800e-01 0.91899999999999999999
1  1.38e-03  0.2728056473  1.405800e-01 0.91899999999999999999
1  1.45e-03  0.2728056493  1.405800e-01 0.91899999999999999999
1  1.51e-03  0.2728056428  1.405800e-01 0.91899999999999999999
1  1.58e-03  0.2728056448  1.405800e-01 0.91899999999999999999
1  1.66e-03  0.2728056437  1.405800e-01 0.91899999999999999999
1  1.74e-03  0.2728056446  1.405800e-01 0.91899999999999999999
1  1.82e-03  0.2728056447  1.405800e-01 0.91899999999999999999
1  1.91e-03  0.2728056432  1.405800e-01 0.91899999999999999999
1  2.00e-03  0.2728056445  1.405800e-01 0.91899999999999999999
1  2.09e-03  0.2728056458  1.405800e-01 0.91899999999999999999
1  2.19e-03  0.27280565  1.405800e-01 0.91899999999999999999
1  2.29e-03  0.2728056492  1.405800e-01 0.91899999999999999999
1  2.40e-03  0.2728056475  1.405800e-01 0.91899999999999999999
1  2.51e-03  0.2728056467  1.405800e-01 0.91899999999999999999
1  2.63e-03  0.2728056492  1.405800e-01 0.91899999999999999999
1  2.75e-03  0.2728056474  1.405800e-01 0.91899999999999999999
1  2.88e-03  0.2728056562  1.405800e-01 0.91899999999999999999
1  3.02e-03  0.2728056475  1.405800e-01 0.91899999999999999999
1  3.16e-03  0.2728056504  1.405800e-01 0.91899999999999999999
1  3.31e-03  0.2728056086  1.405800e-01 0.91899999999999999999
1  3.47e-03  0.2728056473  1.405800e-01 0.91899999999999999999
1  3.63e-03  0.2728056448  1.405800e-01 0.91899999999999999999
1  3.80e-03  0.2728056511  1.405800e-01 0.91899999999999999999
1  3.98e-03  0.2728056463  1.405800e-01 0.91899999999999999999
1  4.17e-03  0.2728056249  1.405800e-01 0.91899999999999999999
1  4.37e-03  0.2728056484  1.405800e-01 0.91899999999999999999
1  4.57e-03  0.2728056478  1.405800e-01 0.91899999999999999999
1  4.79e-03  0.272805646  1.405800e-01 0.91899999999999999999
1  5.01e-03  0.2728056481  1.405800e-01 0.91899999999999999999
1  5.25e-03  0.2728056499  1.405800e-01 0.91899999999999999999
1  5.50e-03  0.2728056449  1.405800e-01 0.91899999999999999999
1  5.75e-03  0.2728056463  1.405800e-01 0.91899999999999999999
1  6.03e-03  0.2728056524  1.405800e-01 0.91899999999999999999
1  6.31e-03  0.2728056466  1.405800e-01 0.91899999999999999999
1  6.61e-03  0.2728056526  1.405800e-01 0.91899999999999999999
1  6.92e-03  0.2728056467  1.405800e-01 0.91899999999999999999
1  7.24e-03  0.2728056488  1.405800e-01 0.91899999999999999999
1  7.59e-03  0.2728056533  1.405800e-01 0.91899999999999999999
1  7.94e-03  0.2728056466  1.405800e-01 0.91899999999999999999
1  8.32e-03  0.2728056487  1.405800e-01 0.91899999999999999999
1  8.71e-03  0.2728056484  1.405800e-01 0.91899999999999999999
1  9.12e-03  0.2728056476  1.405800e-01 0.91899999999999999999
1  9.55e-03  0.2727954324  1.405800e-01 0.91899999999999999999
1  1.00e-02  0.2728056478  1.405800e-01 0.91899999999999999999
1  1.05e-02  0.2728056421  1.405800e-01 0.91899999999999999999
1  1.10e-02  0.272805654  1.405800e-01 0.91899999999999999999
1  1.15e-02  0.2728056443  1.405800e-01 0.91899999999999999999
1  1.20e-02  0.2728056462  1.405800e-01 0.91899999999999999999
1  1.26e-02  0.272805651  1.405800e-01 0.91899999999999999999
1  1.32e-02  0.2728056417  1.405800e-01 0.91899999999999999999
1  1.38e-02  0.2728056469  1.405800e-01 0.91899999999999999999
1  1.45e-02  0.2728056427  1.405800e-01 0.91899999999999999999
1  1.51e-02  0.2728056413  1.405800e-01 0.91899999999999999999
1  1.58e-02  0.2728056437  1.405800e-01 0.91899999999999999999
1  1.66e-02  0.2728056548  1.405800e-01 0.91899999999999999999
1  1.74e-02  0.2728056412  1.405800e-01 0.91899999999999999999
1  1.82e-02  0.2728056545  1.405800e-01 0.91899999999999999999
1  1.91e-02  0.272805646  1.405800e-01 0.91899999999999999999
1  2.00e-02  0.2728056583  1.405800e-01 0.91899999999999999999
1  2.09e-02  0.2728056461  1.405800e-01 0.91899999999999999999
1  2.19e-02  0.2728056648  1.405800e-01 0.91899999999999999999
1  2.29e-02  0.2728056643  1.405800e-01 0.91899999999999999999
1  2.40e-02  0.2728056479  1.405800e-01 0.91899999999999999999
1  2.51e-02  0.2728057891  1.405800e-01 0.91899999999999999999
1  2.63e-02  0.2728057055  1.405800e-01 0.91899999999999999999
1  2.75e-02  0.2728056299  1.405800e-01 0.91899999999999999999
1  2.88e-02  0.2728056596  1.405800e-01 0.91899999999999999999
1  3.02e-02  0.2728056557  1.405800e-01 0.91899999999999999999
1  3.16e-02  0.2728056763  1.405800e-01 0.91899999999999999999
1  3.31e-02  0.2728056439  1.405800e-01 0.91899999999999999999
1  3.47e-02  0.2728056535  1.405800e-01 0.91899999999999999999
1  3.63e-02  0.2728056607  1.405800e-01 0.91899999999999999999
1  3.80e-02  0.2728056404  1.405800e-01 0.91899999999999999999
1  3.98e-02  0.2728056422  1.405800e-01 0.91899999999999999999
1  4.17e-02  0.2728056901  1.405800e-01 0.91899999999999999999
1  4.37e-02  0.2728055817  1.405800e-01 0.91899999999999999999
1  4.57e-02  0.2728047713  1.405800e-01 0.91899999999999999999
1  4.79e-02  0.2728055998  1.405800e-01 0.91899999999999999999
1  5.01e-02  0.2728056044  1.405800e-01 0.91899999999999999999
1  5.25e-02  0.2728056355  1.405800e-01 0.91899999999999999999
1  5.50e-02  0.2728056232  1.405800e-01 0.91899999999999999999
1  5.75e-02  0.272805644  1.405800e-01 0.91899999999999999999
1  6.03e-02  0.272805644  1.405800e-01 0.91899999999999999999
1  6.31e-02  0.2728056082  1.405800e-01 0.91899999999999999999
1  6.61e-02  0.2728056569  1.405800e-01 0.91899999999999999999
1  6.92e-02  0.2728056506  1.405800e-01 0.91899999999999999999
1  7.24e-02  0.2728056482  1.405800e-01 0.91899999999999999999
1  7.59e-02  0.2728056829  1.405800e-01 0.91899999999999999999
1  7.94e-02  0.2728056751  1.405800e-01 0.91899999999999999999
1  8.32e-02  0.2728056802  1.405800e-01 0.91899999999999999999
1  8.71e-02  0.2728056482  1.405800e-01 0.91899999999999999999
1  9.12e-02  0.2728055856  1.405800e-01 0.91899999999999999999
1  9.55e-02  0.2728053928  1.405800e-01 0.91899999999999999999
1  1.00e-01  0.2728055745  1.405800e-01 0.91899999999999999999
1  1.05e-01  0.2728055829  1.405800e-01 0.91899999999999999999
1  1.10e-01  0.2728055701  1.405800e-01 0.91899999999999999999
1  1.15e-01  0.2728056698  1.405800e-01 0.91899999999999999999
1  1.20e-01  0.2728056675  1.405800e-01 0.91899999999999999999
1  1.26e-01  0.2728056096  1.405800e-01 0.91899999999999999999
1  1.32e-01  0.2728056718  1.405800e-01 0.91899999999999999999
1  1.38e-01  0.2728055587  1.405800e-01 0.91899999999999999999
1  1.45e-01  0.2728057149  1.405800e-01 0.91899999999999999999
1  1.51e-01  0.2728057261  1.405800e-01 0.91899999999999999999
1  1.58e-01  0.2728057283  1.405800e-01 0.91899999999999999999
1  1.66e-01  0.2728057611  1.405800e-01 0.91899999999999999999
1  1.74e-01  0.2728055542  1.405800e-01 0.91899999999999999999
1  1.82e-01  0.2728055836  1.405800e-01 0.91899999999999999999
1  1.91e-01  0.2728055918  1.405800e-01 0.91899999999999999999
1  2.00e-01  0.2728056446  1.405800e-01 0.91899999999999999999
1  2.09e-01  0.2728057571  1.405800e-01 0.91899999999999999999
1  2.19e-01  0.2728057387  1.405800e-01 0.91899999999999999999
1  2.29e-01  0.2728055949  1.405800e-01 0.91899999999999999999
1  2.40e-01  0.2728055916  1.405800e-01 0.91899999999999999999
1  2.51e-01  0.2728058379  1.405800e-01 0.91899999999999999999
1  2.63e-01  0.2728056036  1.405800e-01 0.91899999999999999999
1  2.75e-01  0.2728056171  1.405800e-01 0.91899999999999999999
1  2.88e-01  0.2728056272  1.405800e-01 0.91899999999999999999
1  3.02e-01  0.2728055406  1.405800e-01 0.91899999999999999999
1  3.16e-01  0.2728055148  1.405800e-01 0.91899999999999999999
1  3.31e-01  0.2728057191  1.405800e-01 0.91899999999999999999
1  3.47e-01  0.2728047945  1.405800e-01 0.91899999999999999999
1  3.63e-01  0.2728057588  1.405800e-01 0.91899999999999999999
1  3.80e-01  0.2728055793  1.405800e-01 0.91899999999999999999
1  3.98e-01  0.2728055924  1.405800e-01 0.91899999999999999999
1  4.17e-01  0.2728060878  1.405800e-01 0.91899999999999999999
1  4.37e-01  0.272805621  1.405800e-01 0.91899999999999999999
1  4.57e-01  0.2728059022  1.405800e-01 0.91899999999999999999
1  4.79e-01  0.2728056166  1.405800e-01 0.91899999999999999999
1  5.01e-01  0.272807334  1.405800e-01 0.91899999999999999999
1  5.25e-01  0.2728058661  1.405800e-01 0.91899999999999999999
1  5.50e-01  0.272805981  1.405800e-01 0.91899999999999999999
1  5.75e-01  0.272805452  1.405800e-01 0.91899999999999999999
1  6.03e-01  0.2728055798  1.405800e-01 0.91899999999999999999
1  6.31e-01  0.2728060817  1.405800e-01 0.91899999999999999999
1  6.61e-01  0.2728058165  1.405800e-01 0.91899999999999999999
1  6.92e-01  0.2728062825  1.405800e-01 0.91899999999999999999
1  7.24e-01  0.2728057595  1.405800e-01 0.91899999999999999999
1  7.59e-01  0.2728054887  1.405800e-01 0.91899999999999999999
1  7.94e-01  0.2728071887  1.405800e-01 0.91899999999999999999
1  8.32e-01  0.2728062471  1.405800e-01 0.91899999999999999999
1  8.71e-01  0.2728056033  1.405800e-01 0.91899999999999999999
1  9.12e-01  0.2728054274  1.405800e-01 0.91899999999999999999
1  9.55e-01  0.272806028  1.405800e-01 0.91899999999999999999
1  1.00e+00  0.2728056776  1.405800e-01 0.91899999999999999999
1  1.05e+00  0.2728087087  1.405800e-01 0.91899999999999999999
1  1.10e+00  0.2728064298  1.405800e-01 0.91899999999999999999
1  1.15e+00  0.2728058435  1.405800e-01 0.91899999999999999999
1  1.20e+00  0.2728066174  1.405800e-01 0.91899999999999999999
1  1.26e+00  0.2728067286  1.405800e-01 0.91899999999999999999
1  1.32e+00  0.2728056065  1.405800e-01 0.91899999999999999999
1  1.38e+00  0.2728067564  1.405800e-01 0.91899999999999999999
1  1.45e+00  0.2728068762  1.405800e-01 0.91899999999999999999
1  1.51e+00  0.2728056788  1.405800e-01 0.91899999999999999999
1  1.58e+00  0.2728065825  1.405800e-01 0.91899999999999999999
1  1.66e+00  0.2728071233  1.405800e-01 0.91899999999999999999
1  1.74e+00  0.2728071107  1.405800e-01 0.91899999999999999999
1  1.82e+00  0.2728056856  1.405800e-01 0.91899999999999999999
1  1.91e+00  0.2728056558  1.405800e-01 0.91899999999999999999
1  2.00e+00  0.2728068344  1.405800e-01 0.91899999999999999999
1  2.09e+00  0.2728056022  1.405800e-01 0.91899999999999999999
1  2.19e+00  0.2728056501  1.405800e-01 0.91899999999999999999
1  2.29e+00  0.2728076585  1.405800e-01 0.91899999999999999999
1  2.40e+00  0.2728107015  1.405800e-01 0.91899999999999999999
1  2.51e+00  0.2728077242  1.405800e-01 0.91899999999999999999
1  2.63e+00  0.2728063638  1.405800e-01 0.91899999999999999999
1  2.75e+00  0.2728055272  1.405800e-01 0.91899999999999999999
1  2.88e+00  0.2728057586  1.405800e-01 0.91899999999999999999
1  3.02e+00  0.2728083384  1.405800e-01 0.91899999999999999999
1  3.16e+00  0.2728083743  1.405800e-01 0.91899999999999999999
1  3.31e+00  0.2728051354  1.405800e-01 0.91899999999999999999
1  3.47e+00  0.2728066316  1.405800e-01 0.91899999999999999999
1  3.63e+00  0.2728078595  1.405800e-01 0.91899999999999999999
1  3.80e+00  0.2728069881  1.405800e-01 0.91899999999999999999
1  3.98e+00  0.2728059809  1.405800e-01 0.91899999999999999999
1  4.17e+00  0.2728057838  1.405800e-01 0.91899999999999999999
1  4.37e+00  0.2728066905  1.405800e-01 0.91899999999999999999
1  4.57e+00  0.2728005039  1.405800e-01 0.91899999999999999999
1  4.79e+00  0.2728057965  1.405800e-01 0.91899999999999999999
1  5.01e+00  0.2728060694  1.405800e-01 0.91899999999999999999
1  5.25e+00  0.2728093484  1.405800e-01 0.91899999999999999999
1  5.50e+00  0.2728013114  1.405800e-01 0.91899999999999999999
1  5.75e+00  0.2728094042  1.405800e-01 0.91899999999999999999
1  6.03e+00  0.2728105039  1.405800e-01 0.91899999999999999999
1  6.31e+00  0.2728070434  1.405800e-01 0.91899999999999999999
1  6.61e+00  0.272805766  1.405800e-01 0.91899999999999999999
1  6.92e+00  0.2728183656  1.405800e-01 0.91899999999999999999
1  7.24e+00  0.2728079906  1.405800e-01 0.91899999999999999999
1  7.59e+00  0.2727991324  1.405800e-01 0.91899999999999999999
1  7.94e+00  0.2728130017  1.405800e-01 0.91899999999999999999
1  8.32e+00  0.2728073383  1.405800e-01 0.91899999999999999999
1  8.71e+00  0.2727914  1.405800e-01 0.91899999999999999999
1  9.12e+00  0.2728147922  1.405800e-01 0.91899999999999999999
1  9.55e+00  0.2728045978  1.405800e-01 0.91899999999999999999
1  1.00e+01  0.2728164562  1.405800e-01 0.91899999999999999999
1  1.05e+01  0.2728089259  1.405800e-01 0.91899999999999999999
1  1.10e+01  0.2728099294  1.405800e-01 0.91899999999999999999
1  1.15e+01  0.2728122486  1.405800e-01 0.91899999999999999999
1  1.20e+01  0.2728045353  1.405800e-01 0.91899999999999999999
1  1.26e+01  0.2728160354  1.405800e-01 0.91899999999999999999
1  1.32e+01  0.272807395  1.405800e-01 0.91899999999999999999
1  1.38e+01  0.272807488  1.405800e-01 0.91899999999999999999
1  1.45e+01  0.2728077944  1.405800e-01 0.91899999999999999999
1  1.51e+01  0.2728158672  1.405800e-01 0.91899999999999999999
1  1.58e+01  0.2728242935  1.405800e-01 0.91899999999999999999
1  1.66e+01  0.2728009775  1.405800e-01 0.91899999999999999999
1  1.74e+01  0.2728178534  1.405800e-01 0.91899999999999999999
1  1.82e+01  0.2728238023  1.405800e-01 0.91899999999999999999
1  1.91e+01  0.2728224877  1.405800e-01 0.91899999999999999999
1  2.00e+01  0.2728447939  1.405800e-01 0.91899999999999999999
1  2.09e+01  0.2728065745  1.405800e-01 0.91899999999999999999
1  2.19e+01  0.2728080042  1.405800e-01 0.91899999999999999999
1  2.29e+01  0.2728229031  1.405800e-01 0.91899999999999999999
1  2.40e+01  0.2728889583  1.405800e-01 0.91899999999999999999
1  2.51e+01  0.2727269067  1.405800e-01 0.91899999999999999999
1  2.63e+01  0.2727327521  1.405800e-01 0.91899999999999999999
1  2.75e+01  0.272870376  1.405800e-01 0.91899999999999999999
1  2.88e+01  0.2727624143  1.405800e-01 0.91899999999999999999
1  3.02e+01  0.2729332225  1.405800e-01 0.91899999999999999999
1  3.16e+01  0.2727882341  1.405800e-01 0.91899999999999999999
1  3.31e+01  0.272843617  1.405800e-01 0.91899999999999999999
1  3.47e+01  0.2728061648  1.405800e-01 0.91899999999999999999
1  3.63e+01  0.2728186636  1.405800e-01 0.91899999999999999999
1  3.80e+01  0.2728581702  1.405800e-01 0.91899999999999999999
1  3.98e+01  0.2727934143  1.405800e-01 0.91899999999999999999
1  4.17e+01  0.2729229144  1.405800e-01 0.91899999999999999999
1  4.37e+01  0.2728009417  1.405800e-01 0.91899999999999999999
1  4.57e+01  0.272740342  1.405800e-01 0.91899999999999999999
1  4.79e+01  0.2728585933  1.405800e-01 0.91899999999999999999
1  5.01e+01  0.272813525  1.405800e-01 0.91899999999999999999
1  5.25e+01  0.2728683152  1.405800e-01 0.91899999999999999999
1  5.50e+01  0.2729231862  1.405800e-01 0.91899999999999999999
1  5.75e+01  0.272901171  1.405800e-01 0.91899999999999999999
1  6.03e+01  0.2728542399  1.405800e-01 0.91899999999999999999
1  6.31e+01  0.2728101209  1.405800e-01 0.91899999999999999999
1  6.61e+01  0.2728023945  1.405800e-01 0.91899999999999999999
1  6.92e+01  0.2728817407  1.405800e-01 0.91899999999999999999
1  7.24e+01  0.2727617174  1.405800e-01 0.91899999999999999999
1  7.59e+01  0.2729486064  1.405800e-01 0.91899999999999999999
1  7.94e+01  0.2727869764  1.405800e-01 0.91899999999999999999
1  8.32e+01  0.2728309668  1.405800e-01 0.91899999999999999999
1  8.71e+01  0.2728766691  1.405800e-01 0.91899999999999999999
1  9.12e+01  0.2729314773  1.405800e-01 0.91899999999999999999
1  9.55e+01  0.2728308334  1.405800e-01 0.91899999999999999999
1  1.00e+02  0.2728888479  1.405800e-01 0.91899999999999999999
1  1.05e+02  0.2728392939  1.405800e-01 0.91899999999999999999
1  1.10e+02  0.2729214436  1.405800e-01 0.91899999999999999999
1  1.15e+02  0.2728447194  1.405800e-01 0.91899999999999999999
1  1.20e+02  0.272885389  1.405800e-01 0.91899999999999999999
1  1.26e+02  0.272823995  1.405800e-01 0.91899999999999999999
1  1.32e+02  0.2728961235  1.405800e-01 0.91899999999999999999
1  1.38e+02  0.2728176137  1.405800e-01 0.91899999999999999999
1  1.45e+02  0.2729417431  1.405800e-01 0.91899999999999999999
1  1.51e+02  0.2728125522  1.405800e-01 0.91899999999999999999
1  1.58e+02  0.2728386502  1.405800e-01 0.91899999999999999999
1  1.66e+02  0.2729381389  1.405800e-01 0.91899999999999999999
1  1.74e+02  0.2728399252  1.405800e-01 0.91899999999999999999
1  1.82e+02  0.2728585785  1.405800e-01 0.91899999999999999999
1  1.91e+02  0.2730168862  1.405800e-01 0.91899999999999999999
1  2.00e+02  0.272933091  1.405800e-01 0.91899999999999999999
1  2.09e+02  0.272967891  1.405800e-01 0.91899999999999999999
1  2.19e+02  0.2728881051  1.405800e-01 0.91899999999999999999
1  2.29e+02  0.2729334576  1.405800e-01 0.91899999999999999999
1  2.40e+02  0.2728467691  1.405800e-01 0.91899999999999999999
1  2.51e+02  0.2729095332  1.405800e-01 0.91899999999999999999
1  2.63e+02  0.2728299076  1.405800e-01 0.91899999999999999999
1  2.75e+02  0.2729792743  1.405800e-01 0.91899999999999999999
1  2.88e+02  0.2728539996  1.405800e-01 0.91899999999999999999
1  3.02e+02  0.27291922  1.405800e-01 0.91899999999999999999
1  3.16e+02  0.2728122523  1.405800e-01 0.91899999999999999999
1  3.31e+02  0.273019604  1.405800e-01 0.91899999999999999999
1  3.47e+02  0.2727449222  1.405800e-01 0.91899999999999999999
1  3.63e+02  0.2728152111  1.405800e-01 0.91899999999999999999
1  3.80e+02  0.2728336594  1.405800e-01 0.91899999999999999999
1  3.98e+02  0.2730504405  1.405800e-01 0.91899999999999999999
1  4.17e+02  0.2731638222  1.405800e-01 0.91899999999999999999
1  4.37e+02  0.2732105605  1.405800e-01 0.91899999999999999999
1  4.57e+02  0.2728897549  1.405800e-01 0.91899999999999999999
1  4.79e+02  0.2732162535  1.405800e-01 0.91899999999999999999
1  5.01e+02  0.2732313313  1.405800e-01 0.91899999999999999999
1  5.25e+02  0.2731786872  1.405800e-01 0.91899999999999999999
1  5.50e+02  0.272841057  1.405800e-01 0.91899999999999999999
1  5.75e+02  0.2730920233  1.405800e-01 0.91899999999999999999
1  6.03e+02  0.2731524466  1.405800e-01 0.91899999999999999999
1  6.31e+02  0.2728470592  1.405800e-01 0.91899999999999999999
1  6.61e+02  0.2734196021  1.405800e-01 0.91899999999999999999
1  6.92e+02  0.2730155846  1.405800e-01 0.91899999999999999999
1  7.24e+02  0.2730181874  1.405800e-01 0.91899999999999999999
1  7.59e+02  0.2735932807  1.405800e-01 0.91899999999999999999
1  7.94e+02  0.2727428653  1.405800e-01 0.91899999999999999999
1  8.32e+02  0.2731580051  1.405800e-01 0.91899999999999999999
1  8.71e+02  0.2734932379  1.405800e-01 0.91899999999999999999
1  9.12e+02  0.2729516164  1.405800e-01 0.91899999999999999999
1  9.55e+02  0.2737389742  1.405800e-01 0.91899999999999999999
1  1.00e+03  0.2727628876  1.405800e-01 0.91899999999999999999
1  1.05e+03  0.2730967638  1.405800e-01 0.91899999999999999999
1  1.10e+03  0.2729787892  1.405800e-01 0.91899999999999999999
1  1.15e+03  0.2738043296  1.405800e-01 0.91899999999999999999
1  1.20e+03  0.2733124813  1.405800e-01 0.91899999999999999999
1  1.26e+03  0.273519821  1.405800e-01 0.91899999999999999999
1  1.32e+03  0.2721648005  1.405800e-01 0.91899999999999999999
1  1.38e+03  0.2712701501  1.405800e-01 0.91899999999999999999
1  1.45e+03  0.275158157  1.405800e-01 0.91899999999999999999
1  1.51e+03  0.2721983722  1.405800e-01 0.91899999999999999999
1  1.58e+03  0.2768060568  1.405800e-01 0.91899999999999999999
1  1.66e+03  0.2787608337  1.405800e-01 0.91899999999999999999
1  1.74e+03  0.2766066639  1.405800e-01 0.91899999999999999999
1  1.82e+03  0.2700937719  1.405800e-01 0.91899999999999999999
1  1.91e+03  0.2703473919  1.405800e-01 0.91899999999999999999
1  2.00e+03  0.2680068886  1.405800e-01 0.91899999999999999999
1  2.09e+03  0.2737303831  1.405800e-01 0.91899999999999999999
1  2.19e+03  0.271094063  1.405800e-01 0.91899999999999999999
1  2.29e+03  0.2709768569  1.405800e-01 0.91899999999999999999
1  2.40e+03  0.2772977407  1.405800e-01 0.91899999999999999999
1  2.51e+03  0.2900750133  1.405800e-01 0.91899999999999999999
1  2.63e+03  0.2820183708  1.405800e-01 0.91899999999999999999
1  2.75e+03  0.2816363647  1.405800e-01 0.91899999999999999999
1  2.88e+03  0.283498926  1.405800e-01 0.91899999999999999999
1  3.02e+03  0.2971542568  1.405800e-01 0.91899999999999999999
1  3.16e+03  0.2816522924  1.405800e-01 0.91899999999999999999
1  3.31e+03  0.2699597745  1.405800e-01 0.91899999999999999999
1  3.47e+03  0.2667324463  1.405800e-01 0.91899999999999999999
1  3.63e+03  0.2741857908  1.405800e-01 0.91899999999999999999
1  3.80e+03  0.2817711816  1.405800e-01 0.91899999999999999999
1  3.98e+03  0.2632841734  1.405800e-01 0.91899999999999999999
1  4.17e+03  0.2558301255  1.405800e-01 0.91899999999999999999
1  4.37e+03  0.2697741089  1.405800e-01 0.91899999999999999999
1  4.57e+03  0.2553552442  1.405800e-01 0.91899999999999999999
1  4.79e+03  0.254128316  1.405800e-01 0.91899999999999999999
1  5.01e+03  0.2732439773  1.405800e-01 0.91899999999999999999
1  5.25e+03  0.2700933334  1.405800e-01 0.91899999999999999999
1  5.50e+03  0.2605045648  1.405800e-01 0.91899999999999999999
1  5.75e+03  0.2566991653  1.405800e-01 0.91899999999999999999
1  6.03e+03  0.2659431887  1.405800e-01 0.91899999999999999999
1  6.31e+03  0.2755359612  1.405800e-01 0.91899999999999999999
1  6.61e+03  0.3026875393  1.405800e-01 0.91899999999999999999
1  6.92e+03  0.2853405004  1.405800e-01 0.91899999999999999999
1  7.24e+03  0.2576922576  1.405800e-01 0.91899999999999999999
1  7.59e+03  0.3117675771  1.405800e-01 0.91899999999999999999
1  7.94e+03  0.2770586963  1.405800e-01 0.91899999999999999999
1  8.32e+03  0.3078469128  1.405800e-01 0.91899999999999999999
1  8.71e+03  0.2783409577  1.405800e-01 0.91899999999999999999
1  9.12e+03  0.3359590523  1.405800e-01 0.91899999999999999999
1  9.55e+03  0.2530679015  1.405800e-01 0.91899999999999999999
1  1.00e+04  0.3027105557  1.405800e-01 0.91899999999999999999
1  1.05e+04  0.3411790342  1.405800e-01 0.91899999999999999999
1  1.10e+04  0.322958613  1.405800e-01 0.91899999999999999999
1  1.15e+04  0.2646822308  1.405800e-01 0.91899999999999999999
1  1.20e+04  0.2816734192  1.405800e-01 0.91899999999999999999
1  1.26e+04  0.2793770205  1.405800e-01 0.91899999999999999999
1  1.32e+04  0.2899824568  1.405800e-01 0.91899999999999999999
1  1.38e+04  0.2965675992  1.405800e-01 0.91899999999999999999
1  1.45e+04  0.288480001  1.405800e-01 0.91899999999999999999
1  1.51e+04  0.2781969696  1.405800e-01 0.91899999999999999999
1  1.58e+04  0.2926686273  1.405800e-01 0.91899999999999999999
1  1.66e+04  0.2900115325  1.405800e-01 0.91899999999999999999
1  1.74e+04  0.3823947799  1.405800e-01 0.91899999999999999999
1  1.82e+04  0.3759618007  1.405800e-01 0.91899999999999999999
1  1.91e+04  0.3441161206  1.405800e-01 0.91899999999999999999
1  2.00e+04  0.2895270738  1.405800e-01 0.91899999999999999999
1  2.09e+04  0.3482155456  1.405800e-01 0.91899999999999999999
1  2.19e+04  0.4045136103  1.405800e-01 0.91899999999999999999
1  2.29e+04  0.2837737947  1.405800e-01 0.91899999999999999999
1  2.40e+04  0.3728567626  1.405800e-01 0.91899999999999999999
1  2.51e+04  0.3856369894  1.405800e-01 0.91899999999999999999
1  2.63e+04  0.280744814  1.405800e-01 0.91899999999999999999
1  2.75e+04  0.4187577633  1.405800e-01 0.91899999999999999999
1  2.88e+04  0.2806718869  1.405800e-01 0.91899999999999999999
1  3.02e+04  0.4066776106  1.405800e-01 0.91899999999999999999
1  3.16e+04  0.2994885078  1.405800e-01 0.91899999999999999999
1  3.31e+04  0.4046073843  1.405800e-01 0.91899999999999999999
1  3.47e+04  0.2813248219  1.405800e-01 0.91899999999999999999
1  3.63e+04  0.4216037344  1.405800e-01 0.91899999999999999999
1  3.80e+04  0.2870287888  1.405800e-01 0.91899999999999999999
1  3.98e+04  0.4074082196  1.405800e-01 0.91899999999999999999
1  4.17e+04  0.3157422612  1.405800e-01 0.91899999999999999999
1  4.37e+04  0.3314670838  1.405800e-01 0.91899999999999999999
1  4.57e+04  0.4014326094  1.405800e-01 0.91899999999999999999
1  4.79e+04  0.2911656206  1.405800e-01 0.91899999999999999999
1  5.01e+04  0.328917854  1.405800e-01 0.91899999999999999999
1  5.25e+04  0.4116496603  1.405800e-01 0.91899999999999999999
1  5.50e+04  0.2956285642  1.405800e-01 0.91899999999999999999
1  5.75e+04  0.3320435122  1.405800e-01 0.91899999999999999999
1  6.03e+04  0.4167660618  1.405800e-01 0.91899999999999999999
1  6.31e+04  0.3060000511  1.405800e-01 0.91899999999999999999
1  6.61e+04  0.2954764352  1.405800e-01 0.91899999999999999999
1  6.92e+04  0.3855762069  1.405800e-01 0.91899999999999999999
1  7.24e+04  0.3610987769  1.405800e-01 0.91899999999999999999
1  7.59e+04  0.2870952515  1.405800e-01 0.91899999999999999999
1  7.94e+04  0.2847250891  1.405800e-01 0.91899999999999999999
1  8.32e+04  0.3343049652  1.405800e-01 0.91899999999999999999
1  8.71e+04  0.3638888579  1.405800e-01 0.91899999999999999999
1  9.12e+04  0.3370558351  1.405800e-01 0.91899999999999999999
1  9.55e+04  0.2860863222  1.405800e-01 0.91899999999999999999
1  1.00e+05  0.2778305555  1.405800e-01 0.91899999999999999999
1  1.05e+05  0.3267571487  1.405800e-01 0.91899999999999999999
1  1.10e+05  0.373930919  1.405800e-01 0.91899999999999999999
1  1.15e+05  0.3644420151  1.405800e-01 0.91899999999999999999
1  1.20e+05  0.3124868621  1.405800e-01 0.91899999999999999999
1  1.26e+05  0.2760302054  1.405800e-01 0.91899999999999999999
1  1.32e+05  0.2891956706  1.405800e-01 0.91899999999999999999
1  1.38e+05  0.3340615118  1.405800e-01 0.91899999999999999999
1  1.45e+05  0.3681316857  1.405800e-01 0.91899999999999999999
1  1.51e+05  0.3654468967  1.405800e-01 0.91899999999999999999
1  1.58e+05  0.3323804711  1.405800e-01 0.91899999999999999999
1  1.66e+05  0.2945349382  1.405800e-01 0.91899999999999999999
1  1.74e+05  0.2745767438  1.405800e-01 0.91899999999999999999
1  1.82e+05  0.2792882927  1.405800e-01 0.91899999999999999999
1  1.91e+05  0.3004627997  1.405800e-01 0.91899999999999999999
1  2.00e+05  0.3237613147  1.405800e-01 0.91899999999999999999
1  2.09e+05  0.3375748194  1.405800e-01 0.91899999999999999999
1  2.19e+05  0.3373905339  1.405800e-01 0.91899999999999999999
1  2.29e+05  0.3254120919  1.405800e-01 0.91899999999999999999
1  2.40e+05  0.3075405815  1.405800e-01 0.91899999999999999999
1  2.51e+05  0.2900525577  1.405800e-01 0.91899999999999999999
1  2.63e+05  0.2773869444  1.405800e-01 0.91899999999999999999
1  2.75e+05  0.2713815809  1.405800e-01 0.91899999999999999999
1  2.88e+05  0.2716130433  1.405800e-01 0.91899999999999999999
1  3.02e+05  0.276269164  1.405800e-01 0.91899999999999999999
1  3.16e+05  0.28306957  1.405800e-01 0.91899999999999999999
1  3.31e+05  0.2899551664  1.405800e-01 0.91899999999999999999
1  3.47e+05  0.2954611819  1.405800e-01 0.91899999999999999999
1  3.63e+05  0.2988136233  1.405800e-01 0.91899999999999999999
1  3.80e+05  0.2998423768  1.405800e-01 0.91899999999999999999
1  3.98e+05  0.2988068612  1.405800e-01 0.91899999999999999999
1  4.17e+05  0.2962071607  1.405800e-01 0.91899999999999999999
1  4.37e+05  0.2926240155  1.405800e-01 0.91899999999999999999
1  4.57e+05  0.2886056577  1.405800e-01 0.91899999999999999999
1  4.79e+05  0.284602235  1.405800e-01 0.91899999999999999999
1  5.01e+05  0.2809393193  1.405800e-01 0.91899999999999999999
1  5.25e+05  0.27781878  1.405800e-01 0.91899999999999999999
1  5.50e+05  0.2753357988  1.405800e-01 0.91899999999999999999
1  5.75e+05  0.2735030841  1.405800e-01 0.91899999999999999999
1  6.03e+05  0.2722761043  1.405800e-01 0.91899999999999999999
1  6.31e+05  0.2715756654  1.405800e-01 0.91899999999999999999
1  6.61e+05  0.2713110123  1.405800e-01 0.91899999999999999999
1  6.92e+05  0.2713999196  1.405800e-01 0.91899999999999999999
1  7.24e+05  0.2717150685  1.405800e-01 0.91899999999999999999
1  7.59e+05  0.2721849122  1.405800e-01 0.91899999999999999999
1  7.94e+05  0.2727416432  1.405800e-01 0.91899999999999999999
1  8.32e+05  0.2733314921  1.405800e-01 0.91899999999999999999
1  8.71e+05  0.2739139316  1.405800e-01 0.91899999999999999999
1  9.12e+05  0.274460153  1.405800e-01 0.91899999999999999999
1  9.55e+05  0.2749512125  1.405800e-01 0.91899999999999999999
1  1.00e+06  0.2753761213  1.405800e-01 0.91899999999999999999
1  1.05e+06  0.2757300459  1.405800e-01 0.91899999999999999999
1  1.10e+06  0.2760127156  1.405800e-01 0.91899999999999999999
1  1.15e+06  0.2762270752  1.405800e-01 0.91899999999999999999
1  1.20e+06  0.2763781891  1.405800e-01 0.91899999999999999999
1  1.26e+06  0.2764723806  1.405800e-01 0.91899999999999999999
1  1.32e+06  0.276516579  1.405800e-01 0.91899999999999999999
1  1.38e+06  0.2765167896  1.405800e-01 0.91899999999999999999
1  1.45e+06  0.2764820654  1.405800e-01 0.91899999999999999999
1  1.51e+06  0.2764176806  1.405800e-01 0.91899999999999999999
1  1.58e+06  0.2763295088  1.405800e-01 0.91899999999999999999
1  1.66e+06  0.2762227998  1.405800e-01 0.91899999999999999999
1  1.74e+06  0.2761021596  1.405800e-01 0.91899999999999999999
1  1.82e+06  0.2759715636  1.405800e-01 0.91899999999999999999
1  1.91e+06  0.2758343904  1.405800e-01 0.91899999999999999999
1  2.00e+06  0.2756934692  1.405800e-01 0.91899999999999999999
1  2.09e+06  0.275551134  1.405800e-01 0.91899999999999999999
1  2.19e+06  0.2754092796  1.405800e-01 0.91899999999999999999
1  2.29e+06  0.2752694177  1.405800e-01 0.91899999999999999999
1  2.40e+06  0.2751327294  1.405800e-01 0.91899999999999999999
1  2.51e+06  0.2750001143  1.405800e-01 0.91899999999999999999
1  2.63e+06  0.2748722351  1.405800e-01 0.91899999999999999999
1  2.75e+06  0.2747495566  1.405800e-01 0.91899999999999999999
1  2.88e+06  0.2746321377  1.405800e-01 0.91899999999999999999
1  3.02e+06  0.2745206556  1.405800e-01 0.91899999999999999999
1  3.16e+06  0.2744149065  1.405800e-01 0.91899999999999999999
1  3.31e+06  0.2743148686  1.405800e-01 0.91899999999999999999
1  3.47e+06  0.274220454  1.405800e-01 0.91899999999999999999
1  3.63e+06  0.2741315242  1.405800e-01 0.91899999999999999999
1  3.80e+06  0.274047903  1.405800e-01 0.91899999999999999999
1  3.98e+06  0.2739693873  1.405800e-01 0.91899999999999999999
1  4.17e+06  0.2738957557  1.405800e-01 0.91899999999999999999
1  4.37e+06  0.2738267757  1.405800e-01 0.91899999999999999999
1  4.57e+06  0.2737622087  1.405800e-01 0.91899999999999999999
1  4.79e+06  0.2737018151  1.405800e-01 0.91899999999999999999
1  5.01e+06  0.2736453575  1.405800e-01 0.91899999999999999999
1  5.25e+06  0.2735926031  1.405800e-01 0.91899999999999999999
1  5.50e+06  0.2735433261  1.405800e-01 0.91899999999999999999
1  5.75e+06  0.2734972465  1.405800e-01 0.91899999999999999999
1  6.03e+06  0.2734542856  1.405800e-01 0.91899999999999999999
1  6.31e+06  0.2734141766  1.405800e-01 0.91899999999999999999
1  6.61e+06  0.2733767309  1.405800e-01 0.91899999999999999999
1  6.92e+06  0.2733417705  1.405800e-01 0.91899999999999999999
1  7.24e+06  0.2733091273  1.405800e-01 0.91899999999999999999
1  7.59e+06  0.2732786434  1.405800e-01 0.91899999999999999999
1  7.94e+06  0.2732501708  1.405800e-01 0.91899999999999999999
1  8.32e+06  0.273223571  1.405800e-01 0.91899999999999999999
1  8.71e+06  0.2731987143  1.405800e-01 0.91899999999999999999
1  9.12e+06  0.2731754801  1.405800e-01 0.91899999999999999999
1  9.55e+06  0.2731537555  1.405800e-01 0.91899999999999999999
1  1.00e+07  0.2731334358  1.405800e-01 0.91899999999999999999
