1  1.00e-03  0.5477392296 70506.964 1.06899999999999999992
1  1.05e-03  0.5477392301 70506.964 1.06899999999999999992
1  1.10e-03  0.5477392213 70506.964 1.06899999999999999992
1  1.15e-03  0.5477392331 70506.964 1.06899999999999999992
1  1.20e-03  0.547739234 70506.964 1.06899999999999999992
1  1.26e-03  0.5477392239 70506.964 1.06899999999999999992
1  1.32e-03  0.5477392323 70506.964 1.06899999999999999992
1  1.38e-03  0.547739228 70506.964 1.06899999999999999992
1  1.45e-03  0.5477392232 70506.964 1.06899999999999999992
1  1.51e-03  0.5477392225 70506.964 1.06899999999999999992
1  1.58e-03  0.5477392185 70506.964 1.06899999999999999992
1  1.66e-03  0.5477392221 70506.964 1.06899999999999999992
1  1.74e-03  0.5477392267 70506.964 1.06899999999999999992
1  1.82e-03  0.5477392285 70506.964 1.06899999999999999992
1  1.91e-03  0.5477392227 70506.964 1.06899999999999999992
1  2.00e-03  0.5477392219 70506.964 1.06899999999999999992
1  2.09e-03  0.5477392359 70506.964 1.06899999999999999992
1  2.19e-03  0.5477392233 70506.964 1.06899999999999999992
1  2.29e-03  0.5477392324 70506.964 1.06899999999999999992
1  2.40e-03  0.5477392248 70506.964 1.06899999999999999992
1  2.51e-03  0.5477392289 70506.964 1.06899999999999999992
1  2.63e-03  0.5477392292 70506.964 1.06899999999999999992
1  2.75e-03  0.5477392312 70506.964 1.06899999999999999992
1  2.88e-03  0.5477392297 70506.964 1.06899999999999999992
1  3.02e-03  0.5477392343 70506.964 1.06899999999999999992
1  3.16e-03  0.5477392329 70506.964 1.06899999999999999992
1  3.31e-03  0.5477392223 70506.964 1.06899999999999999992
1  3.47e-03  0.5477392603 70506.964 1.06899999999999999992
1  3.63e-03  0.5477392318 70506.964 1.06899999999999999992
1  3.80e-03  0.5477392324 70506.964 1.06899999999999999992
1  3.98e-03  0.5477392281 70506.964 1.06899999999999999992
1  4.17e-03  0.5477392196 70506.964 1.06899999999999999992
1  4.37e-03  0.5477392191 70506.964 1.06899999999999999992
1  4.57e-03  0.5477392217 70506.964 1.06899999999999999992
1  4.79e-03  0.5477392344 70506.964 1.06899999999999999992
1  5.01e-03  0.5477392296 70506.964 1.06899999999999999992
1  5.25e-03  0.5477392157 70506.964 1.06899999999999999992
1  5.50e-03  0.5477392365 70506.964 1.06899999999999999992
1  5.75e-03  0.5477392236 70506.964 1.06899999999999999992
1  6.03e-03  0.5477392132 70506.964 1.06899999999999999992
1  6.31e-03  0.5477392405 70506.964 1.06899999999999999992
1  6.61e-03  0.5477392105 70506.964 1.06899999999999999992
1  6.92e-03  0.5477392338 70506.964 1.06899999999999999992
1  7.24e-03  0.5477392458 70506.964 1.06899999999999999992
1  7.59e-03  0.5477392149 70506.964 1.06899999999999999992
1  7.94e-03  0.5477392461 70506.964 1.06899999999999999992
1  8.32e-03  0.5477392268 70506.964 1.06899999999999999992
1  8.71e-03  0.5477392168 70506.964 1.06899999999999999992
1  9.12e-03  0.5477392369 70506.964 1.06899999999999999992
1  9.55e-03  0.5477392357 70506.964 1.06899999999999999992
1  1.00e-02  0.5477392325 70506.964 1.06899999999999999992
1  1.05e-02  0.5477392572 70506.964 1.06899999999999999992
1  1.10e-02  0.547739243 70506.964 1.06899999999999999992
1  1.15e-02  0.5477392385 70506.964 1.06899999999999999992
1  1.20e-02  0.5477392285 70506.964 1.06899999999999999992
1  1.26e-02  0.5477392096 70506.964 1.06899999999999999992
1  1.32e-02  0.5477392538 70506.964 1.06899999999999999992
1  1.38e-02  0.5477392185 70506.964 1.06899999999999999992
1  1.45e-02  0.5477392345 70506.964 1.06899999999999999992
1  1.51e-02  0.5477392519 70506.964 1.06899999999999999992
1  1.58e-02  0.5477392319 70506.964 1.06899999999999999992
1  1.66e-02  0.5477392144 70506.964 1.06899999999999999992
1  1.74e-02  0.5477392602 70506.964 1.06899999999999999992
1  1.82e-02  0.547739184 70506.964 1.06899999999999999992
1  1.91e-02  0.5477392472 70506.964 1.06899999999999999992
1  2.00e-02  0.5477392261 70506.964 1.06899999999999999992
1  2.09e-02  0.5477391538 70506.964 1.06899999999999999992
1  2.19e-02  0.5477391721 70506.964 1.06899999999999999992
1  2.29e-02  0.5477391714 70506.964 1.06899999999999999992
1  2.40e-02  0.5477392431 70506.964 1.06899999999999999992
1  2.51e-02  0.5477394052 70506.964 1.06899999999999999992
1  2.63e-02  0.5477394914 70506.964 1.06899999999999999992
1  2.75e-02  0.5477391769 70506.964 1.06899999999999999992
1  2.88e-02  0.5477390923 70506.964 1.06899999999999999992
1  3.02e-02  0.5477388859 70506.964 1.06899999999999999992
1  3.16e-02  0.547738092 70506.964 1.06899999999999999992
1  3.31e-02  0.5477391449 70506.964 1.06899999999999999992
1  3.47e-02  0.5477392063 70506.964 1.06899999999999999992
1  3.63e-02  0.5475924784 70506.964 1.06899999999999999992
1  3.80e-02  0.5477393689 70506.964 1.06899999999999999992
1  3.98e-02  0.5478219632 70506.964 1.06899999999999999992
1  4.17e-02  0.5477395513 70506.964 1.06899999999999999992
1  4.37e-02  0.5477393139 70506.964 1.06899999999999999992
1  4.57e-02  0.5477394217 70506.964 1.06899999999999999992
1  4.79e-02  0.5477393115 70506.964 1.06899999999999999992
1  5.01e-02  0.5477393282 70506.964 1.06899999999999999992
1  5.25e-02  0.5477397713 70506.964 1.06899999999999999992
1  5.50e-02  0.5477394183 70506.964 1.06899999999999999992
1  5.75e-02  0.5477393425 70506.964 1.06899999999999999992
1  6.03e-02  0.5477392386 70506.964 1.06899999999999999992
1  6.31e-02  0.5477394742 70506.964 1.06899999999999999992
1  6.61e-02  0.5477392305 70506.964 1.06899999999999999992
1  6.92e-02  0.5477397947 70506.964 1.06899999999999999992
1  7.24e-02  0.5477395916 70506.964 1.06899999999999999992
1  7.59e-02  0.5477418782 70506.964 1.06899999999999999992
1  7.94e-02  0.5477420176 70506.964 1.06899999999999999992
1  8.32e-02  0.547739733 70506.964 1.06899999999999999992
1  8.71e-02  0.5477395828 70506.964 1.06899999999999999992
1  9.12e-02  0.5477394818 70506.964 1.06899999999999999992
1  9.55e-02  0.5477395296 70506.964 1.06899999999999999992
1  1.00e-01  0.547739387 70506.964 1.06899999999999999992
1  1.05e-01  0.5477390919 70506.964 1.06899999999999999992
1  1.10e-01  0.5477391758 70506.964 1.06899999999999999992
1  1.15e-01  0.5477393342 70506.964 1.06899999999999999992
1  1.20e-01  0.5477396826 70506.964 1.06899999999999999992
1  1.26e-01  0.5477389999 70506.964 1.06899999999999999992
1  1.32e-01  0.547739454 70506.964 1.06899999999999999992
1  1.38e-01  0.5477393656 70506.964 1.06899999999999999992
1  1.45e-01  0.5477388218 70506.964 1.06899999999999999992
1  1.51e-01  0.54773675 70506.964 1.06899999999999999992
1  1.58e-01  0.5477377811 70506.964 1.06899999999999999992
1  1.66e-01  0.5477401017 70506.964 1.06899999999999999992
1  1.74e-01  0.5477394813 70506.964 1.06899999999999999992
1  1.82e-01  0.5477395248 70506.964 1.06899999999999999992
1  1.91e-01  0.5477394253 70506.964 1.06899999999999999992
1  2.00e-01  0.5477389153 70506.964 1.06899999999999999992
1  2.09e-01  0.5477393694 70506.964 1.06899999999999999992
1  2.19e-01  0.547739451 70506.964 1.06899999999999999992
1  2.29e-01  0.5477391839 70506.964 1.06899999999999999992
1  2.40e-01  0.5477392109 70506.964 1.06899999999999999992
1  2.51e-01  0.5477396925 70506.964 1.06899999999999999992
1  2.63e-01  0.5477396916 70506.964 1.06899999999999999992
1  2.75e-01  0.5477386568 70506.964 1.06899999999999999992
1  2.88e-01  0.5477381975 70506.964 1.06899999999999999992
1  3.02e-01  0.5477385527 70506.964 1.06899999999999999992
1  3.16e-01  0.5477386332 70506.964 1.06899999999999999992
1  3.31e-01  0.5477380464 70506.964 1.06899999999999999992
1  3.47e-01  0.5477381561 70506.964 1.06899999999999999992
1  3.63e-01  0.5477394465 70506.964 1.06899999999999999992
1  3.80e-01  0.5477390878 70506.964 1.06899999999999999992
1  3.98e-01  0.5477392043 70506.964 1.06899999999999999992
1  4.17e-01  0.5477399922 70506.964 1.06899999999999999992
1  4.37e-01  0.5477371713 70506.964 1.06899999999999999992
1  4.57e-01  0.5477379932 70506.964 1.06899999999999999992
1  4.79e-01  0.5477375731 70506.964 1.06899999999999999992
1  5.01e-01  0.5477390839 70506.964 1.06899999999999999992
1  5.25e-01  0.5477379319 70506.964 1.06899999999999999992
1  5.50e-01  0.5477375934 70506.964 1.06899999999999999992
1  5.75e-01  0.547738338 70506.964 1.06899999999999999992
1  6.03e-01  0.547738541 70506.964 1.06899999999999999992
1  6.31e-01  0.5477400171 70506.964 1.06899999999999999992
1  6.61e-01  0.5477380704 70506.964 1.06899999999999999992
1  6.92e-01  0.5477400601 70506.964 1.06899999999999999992
1  7.24e-01  0.5477376196 70506.964 1.06899999999999999992
1  7.59e-01  0.5477362823 70506.964 1.06899999999999999992
1  7.94e-01  0.5477378001 70506.964 1.06899999999999999992
1  8.32e-01  0.5477394613 70506.964 1.06899999999999999992
1  8.71e-01  0.5477388118 70506.964 1.06899999999999999992
1  9.12e-01  0.5477385874 70506.964 1.06899999999999999992
1  9.55e-01  0.5477395646 70506.964 1.06899999999999999992
1  1.00e+00  0.5477577293 70506.964 1.06899999999999999992
1  1.05e+00  0.5477360003 70506.964 1.06899999999999999992
1  1.10e+00  0.5477390738 70506.964 1.06899999999999999992
1  1.15e+00  0.5477359564 70506.964 1.06899999999999999992
1  1.20e+00  0.5477348204 70506.964 1.06899999999999999992
1  1.26e+00  0.5477349378 70506.964 1.06899999999999999992
1  1.32e+00  0.5477389561 70506.964 1.06899999999999999992
1  1.38e+00  0.5477353337 70506.964 1.06899999999999999992
1  1.45e+00  0.5477371365 70506.964 1.06899999999999999992
1  1.51e+00  0.5477345829 70506.964 1.06899999999999999992
1  1.58e+00  0.5477397269 70506.964 1.06899999999999999992
1  1.66e+00  0.5477342067 70506.964 1.06899999999999999992
1  1.74e+00  0.547733998 70506.964 1.06899999999999999992
1  1.82e+00  0.5477393431 70506.964 1.06899999999999999992
1  1.91e+00  0.5477367741 70506.964 1.06899999999999999992
1  2.00e+00  0.5477434123 70506.964 1.06899999999999999992
1  2.09e+00  0.5477306718 70506.964 1.06899999999999999992
1  2.19e+00  0.5477324602 70506.964 1.06899999999999999992
1  2.29e+00  0.5477322177 70506.964 1.06899999999999999992
1  2.40e+00  0.5477326283 70506.964 1.06899999999999999992
1  2.51e+00  0.5477349564 70506.964 1.06899999999999999992
1  2.63e+00  0.5477279296 70506.964 1.06899999999999999992
1  2.75e+00  0.5477634309 70506.964 1.06899999999999999992
1  2.88e+00  0.5477340196 70506.964 1.06899999999999999992
1  3.02e+00  0.5477379298 70506.964 1.06899999999999999992
1  3.16e+00  0.5477399213 70506.964 1.06899999999999999992
1  3.31e+00  0.547737808 70506.964 1.06899999999999999992
1  3.47e+00  0.5477280106 70506.964 1.06899999999999999992
1  3.63e+00  0.5477393966 70506.964 1.06899999999999999992
1  3.80e+00  0.5477388777 70506.964 1.06899999999999999992
1  3.98e+00  0.5477198517 70506.964 1.06899999999999999992
1  4.17e+00  0.5477367835 70506.964 1.06899999999999999992
1  4.37e+00  0.5477267471 70506.964 1.06899999999999999992
1  4.57e+00  0.5477390429 70506.964 1.06899999999999999992
1  4.79e+00  0.5477373829 70506.964 1.06899999999999999992
1  5.01e+00  0.5477189018 70506.964 1.06899999999999999992
1  5.25e+00  0.5477273015 70506.964 1.06899999999999999992
1  5.50e+00  0.547738376 70506.964 1.06899999999999999992
1  5.75e+00  0.5477295083 70506.964 1.06899999999999999992
1  6.03e+00  0.5477017721 70506.964 1.06899999999999999992
1  6.31e+00  0.5477395246 70506.964 1.06899999999999999992
1  6.61e+00  0.5478013394 70506.964 1.06899999999999999992
1  6.92e+00  0.5477136077 70506.964 1.06899999999999999992
1  7.24e+00  0.547672643 70506.964 1.06899999999999999992
1  7.59e+00  0.5477105531 70506.964 1.06899999999999999992
1  7.94e+00  0.5477140036 70506.964 1.06899999999999999992
1  8.32e+00  0.5476802643 70506.964 1.06899999999999999992
1  8.71e+00  0.5477243045 70506.964 1.06899999999999999992
1  9.12e+00  0.5477155522 70506.964 1.06899999999999999992
1  9.55e+00  0.5477401903 70506.964 1.06899999999999999992
1  1.00e+01  0.5476981766 70506.964 1.06899999999999999992
1  1.05e+01  0.5476893076 70506.964 1.06899999999999999992
1  1.10e+01  0.5477299265 70506.964 1.06899999999999999992
1  1.15e+01  0.5476987219 70506.964 1.06899999999999999992
1  1.20e+01  0.5476866728 70506.964 1.06899999999999999992
1  1.26e+01  0.5476940481 70506.964 1.06899999999999999992
1  1.32e+01  0.5477090505 70506.964 1.06899999999999999992
1  1.38e+01  0.5477382395 70506.964 1.06899999999999999992
1  1.45e+01  0.5476857579 70506.964 1.06899999999999999992
1  1.51e+01  0.5476763715 70506.964 1.06899999999999999992
1  1.58e+01  0.5476879821 70506.964 1.06899999999999999992
1  1.66e+01  0.5476927798 70506.964 1.06899999999999999992
1  1.74e+01  0.5477299158 70506.964 1.06899999999999999992
1  1.82e+01  0.5477360093 70506.964 1.06899999999999999992
1  1.91e+01  0.5477184062 70506.964 1.06899999999999999992
1  2.00e+01  0.5476255194 70506.964 1.06899999999999999992
1  2.09e+01  0.547954527 70506.964 1.06899999999999999992
1  2.19e+01  0.5478651136 70506.964 1.06899999999999999992
1  2.29e+01  0.5477640125 70506.964 1.06899999999999999992
1  2.40e+01  0.5474192979 70506.964 1.06899999999999999992
1  2.51e+01  0.5476643229 70506.964 1.06899999999999999992
1  2.63e+01  0.54761301 70506.964 1.06899999999999999992
1  2.75e+01  0.5475200618 70506.964 1.06899999999999999992
1  2.88e+01  0.5478788297 70506.964 1.06899999999999999992
1  3.02e+01  0.5474989898 70506.964 1.06899999999999999992
1  3.16e+01  0.5478785827 70506.964 1.06899999999999999992
1  3.31e+01  0.547408265 70506.964 1.06899999999999999992
1  3.47e+01  0.5478677947 70506.964 1.06899999999999999992
1  3.63e+01  0.5475570187 70506.964 1.06899999999999999992
1  3.80e+01  0.5475156612 70506.964 1.06899999999999999992
1  3.98e+01  0.5475969344 70506.964 1.06899999999999999992
1  4.17e+01  0.547657483 70506.964 1.06899999999999999992
1  4.37e+01  0.5474475835 70506.964 1.06899999999999999992
1  4.57e+01  0.5477913807 70506.964 1.06899999999999999992
1  4.79e+01  0.5476733801 70506.964 1.06899999999999999992
1  5.01e+01  0.5476587394 70506.964 1.06899999999999999992
1  5.25e+01  0.5475770885 70506.964 1.06899999999999999992
1  5.50e+01  0.5480191519 70506.964 1.06899999999999999992
1  5.75e+01  0.5478636758 70506.964 1.06899999999999999992
1  6.03e+01  0.5476012036 70506.964 1.06899999999999999992
1  6.31e+01  0.5475801675 70506.964 1.06899999999999999992
1  6.61e+01  0.5475016475 70506.964 1.06899999999999999992
1  6.92e+01  0.547753435 70506.964 1.06899999999999999992
1  7.24e+01  0.5474320077 70506.964 1.06899999999999999992
1  7.59e+01  0.5479236299 70506.964 1.06899999999999999992
1  7.94e+01  0.5476811201 70506.964 1.06899999999999999992
1  8.32e+01  0.5478455759 70506.964 1.06899999999999999992
1  8.71e+01  0.5471954296 70506.964 1.06899999999999999992
1  9.12e+01  0.5475078175 70506.964 1.06899999999999999992
1  9.55e+01  0.5477851812 70506.964 1.06899999999999999992
1  1.00e+02  0.5474014996 70506.964 1.06899999999999999992
1  1.05e+02  0.5474415172 70506.964 1.06899999999999999992
1  1.10e+02  0.5472353462 70506.964 1.06899999999999999992
1  1.15e+02  0.5476687464 70506.964 1.06899999999999999992
1  1.20e+02  0.5477765947 70506.964 1.06899999999999999992
1  1.26e+02  0.5474272335 70506.964 1.06899999999999999992
1  1.32e+02  0.5472401218 70506.964 1.06899999999999999992
1  1.38e+02  0.5477987389 70506.964 1.06899999999999999992
1  1.45e+02  0.5472077191 70506.964 1.06899999999999999992
1  1.51e+02  0.5477523926 70506.964 1.06899999999999999992
1  1.58e+02  0.5475048388 70506.964 1.06899999999999999992
1  1.66e+02  0.5476814943 70506.964 1.06899999999999999992
1  1.74e+02  0.5469972814 70506.964 1.06899999999999999992
1  1.82e+02  0.5470319949 70506.964 1.06899999999999999992
1  1.91e+02  0.5468608719 70506.964 1.06899999999999999992
1  2.00e+02  0.5473329678 70506.964 1.06899999999999999992
1  2.09e+02  0.5475384219 70506.964 1.06899999999999999992
1  2.19e+02  0.5474345476 70506.964 1.06899999999999999992
1  2.29e+02  0.5470155148 70506.964 1.06899999999999999992
1  2.40e+02  0.5472379729 70506.964 1.06899999999999999992
1  2.51e+02  0.5476083949 70506.964 1.06899999999999999992
1  2.63e+02  0.5471820133 70506.964 1.06899999999999999992
1  2.75e+02  0.5466698503 70506.964 1.06899999999999999992
1  2.88e+02  0.5472707838 70506.964 1.06899999999999999992
1  3.02e+02  0.5472262477 70506.964 1.06899999999999999992
1  3.16e+02  0.5475092481 70506.964 1.06899999999999999992
1  3.31e+02  0.5477413402 70506.964 1.06899999999999999992
1  3.47e+02  0.546743012 70506.964 1.06899999999999999992
1  3.63e+02  0.5475613129 70506.964 1.06899999999999999992
1  3.80e+02  0.5467714584 70506.964 1.06899999999999999992
1  3.98e+02  0.5476739074 70506.964 1.06899999999999999992
1  4.17e+02  0.5459756878 70506.964 1.06899999999999999992
1  4.37e+02  0.5472249023 70506.964 1.06899999999999999992
1  4.57e+02  0.5467176428 70506.964 1.06899999999999999992
1  4.79e+02  0.5458435922 70506.964 1.06899999999999999992
1  5.01e+02  0.546670353 70506.964 1.06899999999999999992
1  5.25e+02  0.5469583444 70506.964 1.06899999999999999992
1  5.50e+02  0.5457567898 70506.964 1.06899999999999999992
1  5.75e+02  0.54768012 70506.964 1.06899999999999999992
1  6.03e+02  0.546035501 70506.964 1.06899999999999999992
1  6.31e+02  0.5460019987 70506.964 1.06899999999999999992
1  6.61e+02  0.5476148226 70506.964 1.06899999999999999992
1  6.92e+02  0.5453648073 70506.964 1.06899999999999999992
1  7.24e+02  0.5449564364 70506.964 1.06899999999999999992
1  7.59e+02  0.5440628746 70506.964 1.06899999999999999992
1  7.94e+02  0.5475159488 70506.964 1.06899999999999999992
1  8.32e+02  0.5451701925 70506.964 1.06899999999999999992
1  8.71e+02  0.5452754281 70506.964 1.06899999999999999992
1  9.12e+02  0.5423985775 70506.964 1.06899999999999999992
1  9.55e+02  0.546298917 70506.964 1.06899999999999999992
1  1.00e+03  0.5467352984 70506.964 1.06899999999999999992
1  1.05e+03  0.548142897 70506.964 1.06899999999999999992
1  1.10e+03  0.5478400125 70506.964 1.06899999999999999992
1  1.15e+03  0.5439497466 70506.964 1.06899999999999999992
1  1.20e+03  0.5428325522 70506.964 1.06899999999999999992
1  1.26e+03  0.5445675592 70506.964 1.06899999999999999992
1  1.32e+03  0.5477044936 70506.964 1.06899999999999999992
1  1.38e+03  0.5478134106 70506.964 1.06899999999999999992
1  1.45e+03  0.5528193006 70506.964 1.06899999999999999992
1  1.51e+03  0.525250534 70506.964 1.06899999999999999992
1  1.58e+03  0.5449455397 70506.964 1.06899999999999999992
1  1.66e+03  0.5483727171 70506.964 1.06899999999999999992
1  1.74e+03  0.5548686414 70506.964 1.06899999999999999992
1  1.82e+03  0.5644275382 70506.964 1.06899999999999999992
1  1.91e+03  0.5484217914 70506.964 1.06899999999999999992
1  2.00e+03  0.577412052 70506.964 1.06899999999999999992
1  2.09e+03  0.5393974567 70506.964 1.06899999999999999992
1  2.19e+03  0.5531944017 70506.964 1.06899999999999999992
1  2.29e+03  0.5618495204 70506.964 1.06899999999999999992
1  2.40e+03  0.5478806193 70506.964 1.06899999999999999992
1  2.51e+03  0.4975238231 70506.964 1.06899999999999999992
1  2.63e+03  0.4541559249 70506.964 1.06899999999999999992
1  2.75e+03  0.5479386064 70506.964 1.06899999999999999992
1  2.88e+03  0.4382646424 70506.964 1.06899999999999999992
1  3.02e+03  0.5380938402 70506.964 1.06899999999999999992
1  3.16e+03  0.5648419128 70506.964 1.06899999999999999992
1  3.31e+03  0.5387768245 70506.964 1.06899999999999999992
1  3.47e+03  0.5443905753 70506.964 1.06899999999999999992
1  3.63e+03  0.5956838319 70506.964 1.06899999999999999992
1  3.80e+03  0.6329884362 70506.964 1.06899999999999999992
1  3.98e+03  0.5687843266 70506.964 1.06899999999999999992
1  4.17e+03  0.5643713739 70506.964 1.06899999999999999992
1  4.37e+03  0.6467614599 70506.964 1.06899999999999999992
1  4.57e+03  0.5673247433 70506.964 1.06899999999999999992
1  4.79e+03  0.6014132946 70506.964 1.06899999999999999992
1  5.01e+03  0.657924827 70506.964 1.06899999999999999992
1  5.25e+03  0.5797205562 70506.964 1.06899999999999999992
1  5.50e+03  0.5111741787 70506.964 1.06899999999999999992
1  5.75e+03  0.4836873801 70506.964 1.06899999999999999992
1  6.03e+03  0.4622614709 70506.964 1.06899999999999999992
1  6.31e+03  0.4552458719 70506.964 1.06899999999999999992
1  6.61e+03  0.542101067 70506.964 1.06899999999999999992
1  6.92e+03  0.6655183492 70506.964 1.06899999999999999992
1  7.24e+03  0.4829000888 70506.964 1.06899999999999999992
1  7.59e+03  0.4062094465 70506.964 1.06899999999999999992
1  7.94e+03  0.655485526 70506.964 1.06899999999999999992
1  8.32e+03  0.3180737047 70506.964 1.06899999999999999992
1  8.71e+03  0.6548730928 70506.964 1.06899999999999999992
1  9.12e+03  0.3004524144 70506.964 1.06899999999999999992
1  9.55e+03  0.5164589394 70506.964 1.06899999999999999992
1  1.00e+04  0.5690838708 70506.964 1.06899999999999999992
1  1.05e+04  0.3278602021 70506.964 1.06899999999999999992
1  1.10e+04  0.2777582749 70506.964 1.06899999999999999992
1  1.15e+04  0.5363523153 70506.964 1.06899999999999999992
1  1.20e+04  0.6179537575 70506.964 1.06899999999999999992
1  1.26e+04  0.5862555358 70506.964 1.06899999999999999992
1  1.32e+04  0.5820423575 70506.964 1.06899999999999999992
1  1.38e+04  0.5150218948 70506.964 1.06899999999999999992
1  1.45e+04  0.563732029 70506.964 1.06899999999999999992
1  1.51e+04  0.5653905834 70506.964 1.06899999999999999992
1  1.58e+04  0.6120212075 70506.964 1.06899999999999999992
1  1.66e+04  0.5729071081 70506.964 1.06899999999999999992
1  1.74e+04  0.2762547018 70506.964 1.06899999999999999992
1  1.82e+04  0.1941918376 70506.964 1.06899999999999999992
1  1.91e+04  0.2057224342 70506.964 1.06899999999999999992
1  2.00e+04  0.6044383596 70506.964 1.06899999999999999992
1  2.09e+04  0.4828030984 70506.964 1.06899999999999999992
1  2.19e+04  0.08034134749 70506.964 1.06899999999999999992
1  2.29e+04  0.4968758981 70506.964 1.06899999999999999992
1  2.40e+04  0.4485309507 70506.964 1.06899999999999999992
1  2.51e+04  0.08059256178 70506.964 1.06899999999999999992
1  2.63e+04  0.5543745079 70506.964 1.06899999999999999992
1  2.75e+04  0.1001106594 70506.964 1.06899999999999999992
1  2.88e+04  0.4661661416 70506.964 1.06899999999999999992
1  3.02e+04  0.3339089666 70506.964 1.06899999999999999992
1  3.16e+04  0.2392746072 70506.964 1.06899999999999999992
1  3.31e+04  0.3265420235 70506.964 1.06899999999999999992
1  3.47e+04  0.4154763804 70506.964 1.06899999999999999992
1  3.63e+04  0.1269933035 70506.964 1.06899999999999999992
1  3.80e+04  0.5221848142 70506.964 1.06899999999999999992
1  3.98e+04  0.06147162912 70506.964 1.06899999999999999992
1  4.17e+04  0.5838195445 70506.964 1.06899999999999999992
1  4.37e+04  0.1146574982 70506.964 1.06899999999999999992
1  4.57e+04  0.3067079096 70506.964 1.06899999999999999992
1  4.79e+04  0.5522047485 70506.964 1.06899999999999999992
1  5.01e+04  0.1219640495 70506.964 1.06899999999999999992
1  5.25e+04  0.2761881889 70506.964 1.06899999999999999992
1  5.50e+04  0.5470361846 70506.964 1.06899999999999999992
1  5.75e+04  0.08332051609 70506.964 1.06899999999999999992
1  6.03e+04  0.2698747203 70506.964 1.06899999999999999992
1  6.31e+04  0.5643343102 70506.964 1.06899999999999999992
1  6.61e+04  0.2167488896 70506.964 1.06899999999999999992
1  6.92e+04  0.1538423697 70506.964 1.06899999999999999992
1  7.24e+04  0.4735099258 70506.964 1.06899999999999999992
1  7.59e+04  0.5467624927 70506.964 1.06899999999999999992
1  7.94e+04  0.3492302853 70506.964 1.06899999999999999992
1  8.32e+04  0.2162072273 70506.964 1.06899999999999999992
1  8.71e+04  0.3134112718 70506.964 1.06899999999999999992
1  9.12e+04  0.5140524529 70506.964 1.06899999999999999992
1  9.55e+04  0.5507671348 70506.964 1.06899999999999999992
1  1.00e+05  0.3583934256 70506.964 1.06899999999999999992
1  1.05e+05  0.1771149415 70506.964 1.06899999999999999992
1  1.10e+05  0.2301233838 70506.964 1.06899999999999999992
1  1.15e+05  0.4410012921 70506.964 1.06899999999999999992
1  1.20e+05  0.5592931404 70506.964 1.06899999999999999992
1  1.26e+05  0.4661161537 70506.964 1.06899999999999999992
1  1.32e+05  0.2740314073 70506.964 1.06899999999999999992
1  1.38e+05  0.1709252149 70506.964 1.06899999999999999992
1  1.45e+05  0.2348132882 70506.964 1.06899999999999999992
1  1.51e+05  0.3955413752 70506.964 1.06899999999999999992
1  1.58e+05  0.5266261548 70506.964 1.06899999999999999992
1  1.66e+05  0.5502715314 70506.964 1.06899999999999999992
1  1.74e+05  0.4748809465 70506.964 1.06899999999999999992
1  1.82e+05  0.3649539983 70506.964 1.06899999999999999992
1  1.91e+05  0.2879163338 70506.964 1.06899999999999999992
1  2.00e+05  0.2779045806 70506.964 1.06899999999999999992
1  2.09e+05  0.3294909563 70506.964 1.06899999999999999992
1  2.19e+05  0.4125387111 70506.964 1.06899999999999999992
1  2.29e+05  0.492599193 70506.964 1.06899999999999999992
1  2.40e+05  0.5455705233 70506.964 1.06899999999999999992
1  2.51e+05  0.5629272854 70506.964 1.06899999999999999992
1  2.63e+05  0.5494091788 70506.964 1.06899999999999999992
1  2.75e+05  0.5171457889 70506.964 1.06899999999999999992
1  2.88e+05  0.4796989747 70506.964 1.06899999999999999992
1  3.02e+05  0.447951796 70506.964 1.06899999999999999992
1  3.16e+05  0.4282962609 70506.964 1.06899999999999999992
1  3.31e+05  0.4226628089 70506.964 1.06899999999999999992
1  3.47e+05  0.4296102752 70506.964 1.06899999999999999992
1  3.63e+05  0.4457604415 70506.964 1.06899999999999999992
1  3.80e+05  0.4670966998 70506.964 1.06899999999999999992
1  3.98e+05  0.4898965099 70506.964 1.06899999999999999992
1  4.17e+05  0.5112555461 70506.964 1.06899999999999999992
1  4.37e+05  0.5292695943 70506.964 1.06899999999999999992
1  4.57e+05  0.5429817095 70506.964 1.06899999999999999992
1  4.79e+05  0.552200527 70506.964 1.06899999999999999992
1  5.01e+05  0.5572728494 70506.964 1.06899999999999999992
1  5.25e+05  0.5588651755 70506.964 1.06899999999999999992
1  5.50e+05  0.5577834085 70506.964 1.06899999999999999992
1  5.75e+05  0.5548411293 70506.964 1.06899999999999999992
1  6.03e+05  0.5507748911 70506.964 1.06899999999999999992
1  6.31e+05  0.5461478058 70506.964 1.06899999999999999992
1  6.61e+05  0.5415021927 70506.964 1.06899999999999999992
1  6.92e+05  0.537168187 70506.964 1.06899999999999999992
1  7.24e+05  0.533366853 70506.964 1.06899999999999999992
1  7.59e+05  0.5302204068 70506.964 1.06899999999999999992
1  7.94e+05  0.527774471 70506.964 1.06899999999999999992
1  8.32e+05  0.5260189561 70506.964 1.06899999999999999992
1  8.71e+05  0.5249061532 70506.964 1.06899999999999999992
1  9.12e+05  0.5243654807 70506.964 1.06899999999999999992
1  9.55e+05  0.5243148739 70506.964 1.06899999999999999992
1  1.00e+06  0.5246691319 70506.964 1.06899999999999999992
1  1.05e+06  0.5253456798 70506.964 1.06899999999999999992
1  1.10e+06  0.5262682531 70506.964 1.06899999999999999992
1  1.15e+06  0.5273689845 70506.964 1.06899999999999999992
1  1.20e+06  0.5285893175 70506.964 1.06899999999999999992
1  1.26e+06  0.5298801007 70506.964 1.06899999999999999992
1  1.32e+06  0.531201142 70506.964 1.06899999999999999992
1  1.38e+06  0.5325204377 70506.964 1.06899999999999999992
1  1.45e+06  0.533815966 70506.964 1.06899999999999999992
1  1.51e+06  0.5350635233 70506.964 1.06899999999999999992
1  1.58e+06  0.5362528579 70506.964 1.06899999999999999992
1  1.66e+06  0.5373750845 70506.964 1.06899999999999999992
1  1.74e+06  0.5384248392 70506.964 1.06899999999999999992
1  1.82e+06  0.5393995499 70506.964 1.06899999999999999992
1  1.91e+06  0.5402988099 70506.964 1.06899999999999999992
1  2.00e+06  0.5411238493 70506.964 1.06899999999999999992
1  2.09e+06  0.5418770978 70506.964 1.06899999999999999992
1  2.19e+06  0.5425618282 70506.964 1.06899999999999999992
1  2.29e+06  0.5431818704 70506.964 1.06899999999999999992
1  2.40e+06  0.5437413854 70506.964 1.06899999999999999992
1  2.51e+06  0.544244691 70506.964 1.06899999999999999992
1  2.63e+06  0.5446961288 70506.964 1.06899999999999999992
1  2.75e+06  0.5450999652 70506.964 1.06899999999999999992
1  2.88e+06  0.5454610073 70506.964 1.06899999999999999992
1  3.02e+06  0.5457817479 70506.964 1.06899999999999999992
1  3.16e+06  0.5460666417 70506.964 1.06899999999999999992
1  3.31e+06  0.5463191458 70506.964 1.06899999999999999992
1  3.47e+06  0.5465424662 70506.964 1.06899999999999999992
1  3.63e+06  0.5467395572 70506.964 1.06899999999999999992
1  3.80e+06  0.5469131273 70506.964 1.06899999999999999992
1  3.98e+06  0.5470656487 70506.964 1.06899999999999999992
1  4.17e+06  0.5471993683 70506.964 1.06899999999999999992
1  4.37e+06  0.5473163224 70506.964 1.06899999999999999992
1  4.57e+06  0.5474183505 70506.964 1.06899999999999999992
1  4.79e+06  0.5475071101 70506.964 1.06899999999999999992
1  5.01e+06  0.5475840914 70506.964 1.06899999999999999992
1  5.25e+06  0.5476506317 70506.964 1.06899999999999999992
1  5.50e+06  0.5477079289 70506.964 1.06899999999999999992
1  5.75e+06  0.5477572164 70506.964 1.06899999999999999992
1  6.03e+06  0.5477991111 70506.964 1.06899999999999999992
1  6.31e+06  0.5478346449 70506.964 1.06899999999999999992
1  6.61e+06  0.5478645779 70506.964 1.06899999999999999992
1  6.92e+06  0.5478895862 70506.964 1.06899999999999999992
1  7.24e+06  0.5479102712 70506.964 1.06899999999999999992
1  7.59e+06  0.547927167 70506.964 1.06899999999999999992
1  7.94e+06  0.5479407475 70506.964 1.06899999999999999992
1  8.32e+06  0.5479514331 70506.964 1.06899999999999999992
1  8.71e+06  0.5479595962 70506.964 1.06899999999999999992
1  9.12e+06  0.5479655664 70506.964 1.06899999999999999992
1  9.55e+06  0.5479696355 70506.964 1.06899999999999999992
1  1.00e+07  0.5479720612 70506.964 1.06899999999999999992
