1  1.00e-03  0.5477392206 59360.4 0.89999999999999999998
1  1.05e-03  0.547739214 59360.4 0.89999999999999999998
1  1.10e-03  0.547739239 59360.4 0.89999999999999999998
1  1.15e-03  0.5477392326 59360.4 0.89999999999999999998
1  1.20e-03  0.5477392198 59360.4 0.89999999999999999998
1  1.26e-03  0.5477392355 59360.4 0.89999999999999999998
1  1.32e-03  0.5477392296 59360.4 0.89999999999999999998
1  1.38e-03  0.547739229 59360.4 0.89999999999999999998
1  1.45e-03  0.5477392397 59360.4 0.89999999999999999998
1  1.51e-03  0.5477392219 59360.4 0.89999999999999999998
1  1.58e-03  0.5477392239 59360.4 0.89999999999999999998
1  1.66e-03  0.547739225 59360.4 0.89999999999999999998
1  1.74e-03  0.5477392255 59360.4 0.89999999999999999998
1  1.82e-03  0.547739226 59360.4 0.89999999999999999998
1  1.91e-03  0.5477392205 59360.4 0.89999999999999999998
1  2.00e-03  0.5477392224 59360.4 0.89999999999999999998
1  2.09e-03  0.5477392245 59360.4 0.89999999999999999998
1  2.19e-03  0.54773924 59360.4 0.89999999999999999998
1  2.29e-03  0.5477392314 59360.4 0.89999999999999999998
1  2.40e-03  0.5477392344 59360.4 0.89999999999999999998
1  2.51e-03  0.5477392317 59360.4 0.89999999999999999998
1  2.63e-03  0.5477392371 59360.4 0.89999999999999999998
1  2.75e-03  0.5477392287 59360.4 0.89999999999999999998
1  2.88e-03  0.5477392424 59360.4 0.89999999999999999998
1  3.02e-03  0.5477392296 59360.4 0.89999999999999999998
1  3.16e-03  0.5477392062 59360.4 0.89999999999999999998
1  3.31e-03  0.5477392458 59360.4 0.89999999999999999998
1  3.47e-03  0.5477392296 59360.4 0.89999999999999999998
1  3.63e-03  0.5477392252 59360.4 0.89999999999999999998
1  3.80e-03  0.5477392229 59360.4 0.89999999999999999998
1  3.98e-03  0.5477392288 59360.4 0.89999999999999999998
1  4.17e-03  0.5477392437 59360.4 0.89999999999999999998
1  4.37e-03  0.5477392376 59360.4 0.89999999999999999998
1  4.57e-03  0.5477392346 59360.4 0.89999999999999999998
1  4.79e-03  0.5477392216 59360.4 0.89999999999999999998
1  5.01e-03  0.5477392275 59360.4 0.89999999999999999998
1  5.25e-03  0.5477392383 59360.4 0.89999999999999999998
1  5.50e-03  0.5477392262 59360.4 0.89999999999999999998
1  5.75e-03  0.5477392252 59360.4 0.89999999999999999998
1  6.03e-03  0.5477392279 59360.4 0.89999999999999999998
1  6.31e-03  0.5477392157 59360.4 0.89999999999999999998
1  6.61e-03  0.5477392327 59360.4 0.89999999999999999998
1  6.92e-03  0.5477392254 59360.4 0.89999999999999999998
1  7.24e-03  0.5477392329 59360.4 0.89999999999999999998
1  7.59e-03  0.5477392408 59360.4 0.89999999999999999998
1  7.94e-03  0.5477392129 59360.4 0.89999999999999999998
1  8.32e-03  0.5477392518 59360.4 0.89999999999999999998
1  8.71e-03  0.5477392478 59360.4 0.89999999999999999998
1  9.12e-03  0.5477392465 59360.4 0.89999999999999999998
1  9.55e-03  0.547739241 59360.4 0.89999999999999999998
1  1.00e-02  0.5477392569 59360.4 0.89999999999999999998
1  1.05e-02  0.5477392227 59360.4 0.89999999999999999998
1  1.10e-02  0.5477392508 59360.4 0.89999999999999999998
1  1.15e-02  0.547739206 59360.4 0.89999999999999999998
1  1.20e-02  0.5477392007 59360.4 0.89999999999999999998
1  1.26e-02  0.5477392545 59360.4 0.89999999999999999998
1  1.32e-02  0.5477392134 59360.4 0.89999999999999999998
1  1.38e-02  0.5477392063 59360.4 0.89999999999999999998
1  1.45e-02  0.5477392064 59360.4 0.89999999999999999998
1  1.51e-02  0.5477392118 59360.4 0.89999999999999999998
1  1.58e-02  0.5477392151 59360.4 0.89999999999999999998
1  1.66e-02  0.5477392215 59360.4 0.89999999999999999998
1  1.74e-02  0.547739226 59360.4 0.89999999999999999998
1  1.82e-02  0.5477392033 59360.4 0.89999999999999999998
1  1.91e-02  0.5477392412 59360.4 0.89999999999999999998
1  2.00e-02  0.5477392513 59360.4 0.89999999999999999998
1  2.09e-02  0.5477391868 59360.4 0.89999999999999999998
1  2.19e-02  0.547739206 59360.4 0.89999999999999999998
1  2.29e-02  0.5477391656 59360.4 0.89999999999999999998
1  2.40e-02  0.547739253 59360.4 0.89999999999999999998
1  2.51e-02  0.5477389176 59360.4 0.89999999999999999998
1  2.63e-02  0.5477390602 59360.4 0.89999999999999999998
1  2.75e-02  0.5477393363 59360.4 0.89999999999999999998
1  2.88e-02  0.5477391744 59360.4 0.89999999999999999998
1  3.02e-02  0.5477392235 59360.4 0.89999999999999999998
1  3.16e-02  0.547739121 59360.4 0.89999999999999999998
1  3.31e-02  0.5477392812 59360.4 0.89999999999999999998
1  3.47e-02  0.5477392399 59360.4 0.89999999999999999998
1  3.63e-02  0.5477391913 59360.4 0.89999999999999999998
1  3.80e-02  0.5477392745 59360.4 0.89999999999999999998
1  3.98e-02  0.5477393291 59360.4 0.89999999999999999998
1  4.17e-02  0.5477391313 59360.4 0.89999999999999999998
1  4.37e-02  0.5477396403 59360.4 0.89999999999999999998
1  4.57e-02  0.5477389532 59360.4 0.89999999999999999998
1  4.79e-02  0.5477395138 59360.4 0.89999999999999999998
1  5.01e-02  0.5477394745 59360.4 0.89999999999999999998
1  5.25e-02  0.5477394183 59360.4 0.89999999999999999998
1  5.50e-02  0.5477394455 59360.4 0.89999999999999999998
1  5.75e-02  0.5477394764 59360.4 0.89999999999999999998
1  6.03e-02  0.5477393304 59360.4 0.89999999999999999998
1  6.31e-02  0.5477394965 59360.4 0.89999999999999999998
1  6.61e-02  0.5477393441 59360.4 0.89999999999999999998
1  6.92e-02  0.5477391856 59360.4 0.89999999999999999998
1  7.24e-02  0.5477391086 59360.4 0.89999999999999999998
1  7.59e-02  0.5477393129 59360.4 0.89999999999999999998
1  7.94e-02  0.5477391021 59360.4 0.89999999999999999998
1  8.32e-02  0.5477392955 59360.4 0.89999999999999999998
1  8.71e-02  0.5477392654 59360.4 0.89999999999999999998
1  9.12e-02  0.5477394818 59360.4 0.89999999999999999998
1  9.55e-02  0.5477399554 59360.4 0.89999999999999999998
1  1.00e-01  0.5477395164 59360.4 0.89999999999999999998
1  1.05e-01  0.5477393543 59360.4 0.89999999999999999998
1  1.10e-01  0.5477392265 59360.4 0.89999999999999999998
1  1.15e-01  0.547739511 59360.4 0.89999999999999999998
1  1.20e-01  0.5477393547 59360.4 0.89999999999999999998
1  1.26e-01  0.5477390252 59360.4 0.89999999999999999998
1  1.32e-01  0.5477390776 59360.4 0.89999999999999999998
1  1.38e-01  0.5477395153 59360.4 0.89999999999999999998
1  1.45e-01  0.5477383796 59360.4 0.89999999999999999998
1  1.51e-01  0.5477387666 59360.4 0.89999999999999999998
1  1.58e-01  0.5477389154 59360.4 0.89999999999999999998
1  1.66e-01  0.5477393048 59360.4 0.89999999999999999998
1  1.74e-01  0.5477392103 59360.4 0.89999999999999999998
1  1.82e-01  0.5477389263 59360.4 0.89999999999999999998
1  1.91e-01  0.5477419108 59360.4 0.89999999999999999998
1  2.00e-01  0.5477391306 59360.4 0.89999999999999999998
1  2.09e-01  0.5477392452 59360.4 0.89999999999999999998
1  2.19e-01  0.5477393521 59360.4 0.89999999999999999998
1  2.29e-01  0.5477389015 59360.4 0.89999999999999999998
1  2.40e-01  0.547739122 59360.4 0.89999999999999999998
1  2.51e-01  0.547738543 59360.4 0.89999999999999999998
1  2.63e-01  0.5477389783 59360.4 0.89999999999999999998
1  2.75e-01  0.5477384617 59360.4 0.89999999999999999998
1  2.88e-01  0.5477392536 59360.4 0.89999999999999999998
1  3.02e-01  0.5477488672 59360.4 0.89999999999999999998
1  3.16e-01  0.5477391306 59360.4 0.89999999999999999998
1  3.31e-01  0.5477389698 59360.4 0.89999999999999999998
1  3.47e-01  0.5477481345 59360.4 0.89999999999999999998
1  3.63e-01  0.5477394898 59360.4 0.89999999999999999998
1  3.80e-01  0.5477383303 59360.4 0.89999999999999999998
1  3.98e-01  0.5477394444 59360.4 0.89999999999999999998
1  4.17e-01  0.5477385531 59360.4 0.89999999999999999998
1  4.37e-01  0.5477379864 59360.4 0.89999999999999999998
1  4.57e-01  0.5477383324 59360.4 0.89999999999999999998
1  4.79e-01  0.5477378563 59360.4 0.89999999999999999998
1  5.01e-01  0.5477378294 59360.4 0.89999999999999999998
1  5.25e-01  0.5477390496 59360.4 0.89999999999999999998
1  5.50e-01  0.5477375287 59360.4 0.89999999999999999998
1  5.75e-01  0.5477385161 59360.4 0.89999999999999999998
1  6.03e-01  0.547740602 59360.4 0.89999999999999999998
1  6.31e-01  0.5477383299 59360.4 0.89999999999999999998
1  6.61e-01  0.5477371954 59360.4 0.89999999999999999998
1  6.92e-01  0.5477375052 59360.4 0.89999999999999999998
1  7.24e-01  0.5477379046 59360.4 0.89999999999999999998
1  7.59e-01  0.5477385281 59360.4 0.89999999999999999998
1  7.94e-01  0.5477376796 59360.4 0.89999999999999999998
1  8.32e-01  0.5477381217 59360.4 0.89999999999999999998
1  8.71e-01  0.5477370756 59360.4 0.89999999999999999998
1  9.12e-01  0.5477364194 59360.4 0.89999999999999999998
1  9.55e-01  0.5477373171 59360.4 0.89999999999999999998
1  1.00e+00  0.547735512 59360.4 0.89999999999999999998
1  1.05e+00  0.5477370553 59360.4 0.89999999999999999998
1  1.10e+00  0.5477390352 59360.4 0.89999999999999999998
1  1.15e+00  0.5477351712 59360.4 0.89999999999999999998
1  1.20e+00  0.5477353123 59360.4 0.89999999999999999998
1  1.26e+00  0.5477351393 59360.4 0.89999999999999999998
1  1.32e+00  0.5477371125 59360.4 0.89999999999999999998
1  1.38e+00  0.5477384975 59360.4 0.89999999999999999998
1  1.45e+00  0.5477340462 59360.4 0.89999999999999999998
1  1.51e+00  0.5477340192 59360.4 0.89999999999999999998
1  1.58e+00  0.5477354721 59360.4 0.89999999999999999998
1  1.66e+00  0.5477393885 59360.4 0.89999999999999999998
1  1.74e+00  0.5477353208 59360.4 0.89999999999999999998
1  1.82e+00  0.5477376034 59360.4 0.89999999999999999998
1  1.91e+00  0.5477326282 59360.4 0.89999999999999999998
1  2.00e+00  0.5477391939 59360.4 0.89999999999999999998
1  2.09e+00  0.5477393933 59360.4 0.89999999999999999998
1  2.19e+00  0.5477387683 59360.4 0.89999999999999999998
1  2.29e+00  0.5477477482 59360.4 0.89999999999999999998
1  2.40e+00  0.5477407868 59360.4 0.89999999999999999998
1  2.51e+00  0.5477399456 59360.4 0.89999999999999999998
1  2.63e+00  0.5477302399 59360.4 0.89999999999999999998
1  2.75e+00  0.5477225945 59360.4 0.89999999999999999998
1  2.88e+00  0.5477329307 59360.4 0.89999999999999999998
1  3.02e+00  0.5477368632 59360.4 0.89999999999999999998
1  3.16e+00  0.5477334229 59360.4 0.89999999999999999998
1  3.31e+00  0.5477279837 59360.4 0.89999999999999999998
1  3.47e+00  0.5477384875 59360.4 0.89999999999999999998
1  3.63e+00  0.5477263178 59360.4 0.89999999999999999998
1  3.80e+00  0.5476882342 59360.4 0.89999999999999999998
1  3.98e+00  0.5477369107 59360.4 0.89999999999999999998
1  4.17e+00  0.5477325309 59360.4 0.89999999999999999998
1  4.37e+00  0.5477365527 59360.4 0.89999999999999999998
1  4.57e+00  0.5477232613 59360.4 0.89999999999999999998
1  4.79e+00  0.5477356656 59360.4 0.89999999999999999998
1  5.01e+00  0.5477297528 59360.4 0.89999999999999999998
1  5.25e+00  0.5477567432 59360.4 0.89999999999999999998
1  5.50e+00  0.5477374667 59360.4 0.89999999999999999998
1  5.75e+00  0.5477383941 59360.4 0.89999999999999999998
1  6.03e+00  0.5477332029 59360.4 0.89999999999999999998
1  6.31e+00  0.5477309085 59360.4 0.89999999999999999998
1  6.61e+00  0.5477204897 59360.4 0.89999999999999999998
1  6.92e+00  0.5477349776 59360.4 0.89999999999999999998
1  7.24e+00  0.547713914 59360.4 0.89999999999999999998
1  7.59e+00  0.5476665884 59360.4 0.89999999999999999998
1  7.94e+00  0.5477039498 59360.4 0.89999999999999999998
1  8.32e+00  0.5477200217 59360.4 0.89999999999999999998
1  8.71e+00  0.5477066359 59360.4 0.89999999999999999998
1  9.12e+00  0.5477228977 59360.4 0.89999999999999999998
1  9.55e+00  0.5476880589 59360.4 0.89999999999999999998
1  1.00e+01  0.5477205278 59360.4 0.89999999999999999998
1  1.05e+01  0.5477113269 59360.4 0.89999999999999999998
1  1.10e+01  0.5477391995 59360.4 0.89999999999999999998
1  1.15e+01  0.5477397375 59360.4 0.89999999999999999998
1  1.20e+01  0.5477022127 59360.4 0.89999999999999999998
1  1.26e+01  0.5477355704 59360.4 0.89999999999999999998
1  1.32e+01  0.5476772252 59360.4 0.89999999999999999998
1  1.38e+01  0.5477370663 59360.4 0.89999999999999999998
1  1.45e+01  0.5477328978 59360.4 0.89999999999999999998
1  1.51e+01  0.5477436469 59360.4 0.89999999999999999998
1  1.58e+01  0.5477738157 59360.4 0.89999999999999999998
1  1.66e+01  0.5476960545 59360.4 0.89999999999999999998
1  1.74e+01  0.5476738996 59360.4 0.89999999999999999998
1  1.82e+01  0.547675081 59360.4 0.89999999999999999998
1  1.91e+01  0.547679811 59360.4 0.89999999999999999998
1  2.00e+01  0.5477097242 59360.4 0.89999999999999999998
1  2.09e+01  0.5478453795 59360.4 0.89999999999999999998
1  2.19e+01  0.5477165652 59360.4 0.89999999999999999998
1  2.29e+01  0.5477364687 59360.4 0.89999999999999999998
1  2.40e+01  0.5476353663 59360.4 0.89999999999999999998
1  2.51e+01  0.5476619082 59360.4 0.89999999999999999998
1  2.63e+01  0.548144193 59360.4 0.89999999999999999998
1  2.75e+01  0.5479774669 59360.4 0.89999999999999999998
1  2.88e+01  0.5476467088 59360.4 0.89999999999999999998
1  3.02e+01  0.5475368649 59360.4 0.89999999999999999998
1  3.16e+01  0.5478430599 59360.4 0.89999999999999999998
1  3.31e+01  0.5475708624 59360.4 0.89999999999999999998
1  3.47e+01  0.5478620253 59360.4 0.89999999999999999998
1  3.63e+01  0.5474791234 59360.4 0.89999999999999999998
1  3.80e+01  0.5476897332 59360.4 0.89999999999999999998
1  3.98e+01  0.5476707008 59360.4 0.89999999999999999998
1  4.17e+01  0.5476748836 59360.4 0.89999999999999999998
1  4.37e+01  0.5476691507 59360.4 0.89999999999999999998
1  4.57e+01  0.547654033 59360.4 0.89999999999999999998
1  4.79e+01  0.5477928267 59360.4 0.89999999999999999998
1  5.01e+01  0.5477382553 59360.4 0.89999999999999999998
1  5.25e+01  0.5475789792 59360.4 0.89999999999999999998
1  5.50e+01  0.547914472 59360.4 0.89999999999999999998
1  5.75e+01  0.5476871715 59360.4 0.89999999999999999998
1  6.03e+01  0.5476960209 59360.4 0.89999999999999999998
1  6.31e+01  0.5476893594 59360.4 0.89999999999999999998
1  6.61e+01  0.5475463358 59360.4 0.89999999999999999998
1  6.92e+01  0.5478296616 59360.4 0.89999999999999999998
1  7.24e+01  0.5474247307 59360.4 0.89999999999999999998
1  7.59e+01  0.548120223 59360.4 0.89999999999999999998
1  7.94e+01  0.5476760093 59360.4 0.89999999999999999998
1  8.32e+01  0.5474804497 59360.4 0.89999999999999999998
1  8.71e+01  0.54759454 59360.4 0.89999999999999999998
1  9.12e+01  0.5475398182 59360.4 0.89999999999999999998
1  9.55e+01  0.5477440529 59360.4 0.89999999999999999998
1  1.00e+02  0.5476187627 59360.4 0.89999999999999999998
1  1.05e+02  0.5477769335 59360.4 0.89999999999999999998
1  1.10e+02  0.5473438998 59360.4 0.89999999999999999998
1  1.15e+02  0.547330025 59360.4 0.89999999999999999998
1  1.20e+02  0.5471340507 59360.4 0.89999999999999999998
1  1.26e+02  0.5475910792 59360.4 0.89999999999999999998
1  1.32e+02  0.5475408971 59360.4 0.89999999999999999998
1  1.38e+02  0.5475653513 59360.4 0.89999999999999999998
1  1.45e+02  0.5471700393 59360.4 0.89999999999999999998
1  1.51e+02  0.5473909659 59360.4 0.89999999999999999998
1  1.58e+02  0.5474384274 59360.4 0.89999999999999999998
1  1.66e+02  0.5477068362 59360.4 0.89999999999999999998
1  1.74e+02  0.5475259763 59360.4 0.89999999999999999998
1  1.82e+02  0.547142348 59360.4 0.89999999999999999998
1  1.91e+02  0.5473765595 59360.4 0.89999999999999999998
1  2.00e+02  0.5475568413 59360.4 0.89999999999999999998
1  2.09e+02  0.5468958665 59360.4 0.89999999999999999998
1  2.19e+02  0.5473477948 59360.4 0.89999999999999999998
1  2.29e+02  0.5476968091 59360.4 0.89999999999999999998
1  2.40e+02  0.5475789295 59360.4 0.89999999999999999998
1  2.51e+02  0.5476846725 59360.4 0.89999999999999999998
1  2.63e+02  0.5473550261 59360.4 0.89999999999999999998
1  2.75e+02  0.5469484724 59360.4 0.89999999999999999998
1  2.88e+02  0.5469573337 59360.4 0.89999999999999999998
1  3.02e+02  0.5471981551 59360.4 0.89999999999999999998
1  3.16e+02  0.5467645952 59360.4 0.89999999999999999998
1  3.31e+02  0.5469289427 59360.4 0.89999999999999999998
1  3.47e+02  0.547117166 59360.4 0.89999999999999999998
1  3.63e+02  0.5476449368 59360.4 0.89999999999999999998
1  3.80e+02  0.5475715219 59360.4 0.89999999999999999998
1  3.98e+02  0.5464399633 59360.4 0.89999999999999999998
1  4.17e+02  0.547661578 59360.4 0.89999999999999999998
1  4.37e+02  0.5466819723 59360.4 0.89999999999999999998
1  4.57e+02  0.5468447344 59360.4 0.89999999999999999998
1  4.79e+02  0.5477101838 59360.4 0.89999999999999999998
1  5.01e+02  0.5459404961 59360.4 0.89999999999999999998
1  5.25e+02  0.5465965807 59360.4 0.89999999999999999998
1  5.50e+02  0.5463725046 59360.4 0.89999999999999999998
1  5.75e+02  0.5458451836 59360.4 0.89999999999999999998
1  6.03e+02  0.5475360542 59360.4 0.89999999999999999998
1  6.31e+02  0.5471663505 59360.4 0.89999999999999999998
1  6.61e+02  0.5467726098 59360.4 0.89999999999999999998
1  6.92e+02  0.5476872638 59360.4 0.89999999999999999998
1  7.24e+02  0.5454726737 59360.4 0.89999999999999999998
1  7.59e+02  0.5473250171 59360.4 0.89999999999999999998
1  7.94e+02  0.5474836147 59360.4 0.89999999999999999998
1  8.32e+02  0.5465648736 59360.4 0.89999999999999999998
1  8.71e+02  0.5455995306 59360.4 0.89999999999999999998
1  9.12e+02  0.5476158236 59360.4 0.89999999999999999998
1  9.55e+02  0.5473850442 59360.4 0.89999999999999999998
1  1.00e+03  0.5479506134 59360.4 0.89999999999999999998
1  1.05e+03  0.5480333511 59360.4 0.89999999999999999998
1  1.10e+03  0.5462305069 59360.4 0.89999999999999999998
1  1.15e+03  0.5479232914 59360.4 0.89999999999999999998
1  1.20e+03  0.5442774478 59360.4 0.89999999999999999998
1  1.26e+03  0.5483256305 59360.4 0.89999999999999999998
1  1.32e+03  0.5502064743 59360.4 0.89999999999999999998
1  1.38e+03  0.5516063526 59360.4 0.89999999999999999998
1  1.45e+03  0.5430767643 59360.4 0.89999999999999999998
1  1.51e+03  0.5474783686 59360.4 0.89999999999999999998
1  1.58e+03  0.5468807156 59360.4 0.89999999999999999998
1  1.66e+03  0.539572697 59360.4 0.89999999999999999998
1  1.74e+03  0.5222251888 59360.4 0.89999999999999999998
1  1.82e+03  0.5514978845 59360.4 0.89999999999999999998
1  1.91e+03  0.5437836462 59360.4 0.89999999999999999998
1  2.00e+03  0.5790252368 59360.4 0.89999999999999999998
1  2.09e+03  0.5840840912 59360.4 0.89999999999999999998
1  2.19e+03  0.5791483618 59360.4 0.89999999999999999998
1  2.29e+03  0.58086079 59360.4 0.89999999999999999998
1  2.40e+03  0.5574270093 59360.4 0.89999999999999999998
1  2.51e+03  0.4769662018 59360.4 0.89999999999999999998
1  2.63e+03  0.5497908944 59360.4 0.89999999999999999998
1  2.75e+03  0.4414998429 59360.4 0.89999999999999999998
1  2.88e+03  0.5126513978 59360.4 0.89999999999999999998
1  3.02e+03  0.5515724288 59360.4 0.89999999999999999998
1  3.16e+03  0.5440298116 59360.4 0.89999999999999999998
1  3.31e+03  0.5585575323 59360.4 0.89999999999999999998
1  3.47e+03  0.5948793627 59360.4 0.89999999999999999998
1  3.63e+03  0.5646521352 59360.4 0.89999999999999999998
1  3.80e+03  0.4909919889 59360.4 0.89999999999999999998
1  3.98e+03  0.6226742405 59360.4 0.89999999999999999998
1  4.17e+03  0.5423484753 59360.4 0.89999999999999999998
1  4.37e+03  0.6506273968 59360.4 0.89999999999999999998
1  4.57e+03  0.5476791406 59360.4 0.89999999999999999998
1  4.79e+03  0.5969135459 59360.4 0.89999999999999999998
1  5.01e+03  0.6555329259 59360.4 0.89999999999999999998
1  5.25e+03  0.6537541375 59360.4 0.89999999999999999998
1  5.50e+03  0.618810105 59360.4 0.89999999999999999998
1  5.75e+03  0.6338212096 59360.4 0.89999999999999999998
1  6.03e+03  0.6459327429 59360.4 0.89999999999999999998
1  6.31e+03  0.6462259604 59360.4 0.89999999999999999998
1  6.61e+03  0.4995242589 59360.4 0.89999999999999999998
1  6.92e+03  0.4360829892 59360.4 0.89999999999999999998
1  7.24e+03  0.6466210904 59360.4 0.89999999999999999998
1  7.59e+03  0.4411231129 59360.4 0.89999999999999999998
1  7.94e+03  0.5482798679 59360.4 0.89999999999999999998
1  8.32e+03  0.4272706396 59360.4 0.89999999999999999998
1  8.71e+03  0.6185069546 59360.4 0.89999999999999999998
1  9.12e+03  0.3158905023 59360.4 0.89999999999999999998
1  9.55e+03  0.495786166 59360.4 0.89999999999999999998
1  1.00e+04  0.6351211986 59360.4 0.89999999999999999998
1  1.05e+04  0.3651048935 59360.4 0.89999999999999999998
1  1.10e+04  0.268486391 59360.4 0.89999999999999999998
1  1.15e+04  0.2823613243 59360.4 0.89999999999999999998
1  1.20e+04  0.4151813713 59360.4 0.89999999999999999998
1  1.26e+04  0.5063388935 59360.4 0.89999999999999999998
1  1.32e+04  0.4684986535 59360.4 0.89999999999999999998
1  1.38e+04  0.5352340814 59360.4 0.89999999999999999998
1  1.45e+04  0.3563514272 59360.4 0.89999999999999999998
1  1.51e+04  0.3575959546 59360.4 0.89999999999999999998
1  1.58e+04  0.1430430654 59360.4 0.89999999999999999998
1  1.66e+04  0.2373728915 59360.4 0.89999999999999999998
1  1.74e+04  0.3841761077 59360.4 0.89999999999999999998
1  1.82e+04  0.5930609222 59360.4 0.89999999999999999998
1  1.91e+04  0.4654228605 59360.4 0.89999999999999999998
1  2.00e+04  0.08757967567 59360.4 0.89999999999999999998
1  2.09e+04  0.4779695734 59360.4 0.89999999999999999998
1  2.19e+04  0.5765089287 59360.4 0.89999999999999999998
1  2.29e+04  0.07358923173 59360.4 0.89999999999999999998
1  2.40e+04  0.5235281843 59360.4 0.89999999999999999998
1  2.51e+04  0.3721870926 59360.4 0.89999999999999999998
1  2.63e+04  0.1234758895 59360.4 0.89999999999999999998
1  2.75e+04  0.5367747186 59360.4 0.89999999999999999998
1  2.88e+04  0.098996908 59360.4 0.89999999999999999998
1  3.02e+04  0.5562377242 59360.4 0.89999999999999999998
1  3.16e+04  0.05809266973 59360.4 0.89999999999999999998
1  3.31e+04  0.5863188491 59360.4 0.89999999999999999998
1  3.47e+04  0.08429336775 59360.4 0.89999999999999999998
1  3.63e+04  0.4112857096 59360.4 0.89999999999999999998
1  3.80e+04  0.3212089086 59360.4 0.89999999999999999998
1  3.98e+04  0.196668885 59360.4 0.89999999999999999998
1  4.17e+04  0.4943536068 59360.4 0.89999999999999999998
1  4.37e+04  0.04135972163 59360.4 0.89999999999999999998
1  4.57e+04  0.5059269378 59360.4 0.89999999999999999998
1  4.79e+04  0.3920924229 59360.4 0.89999999999999999998
1  5.01e+04  0.08586516868 59360.4 0.89999999999999999998
1  5.25e+04  0.4144587426 59360.4 0.89999999999999999998
1  5.50e+04  0.4828669351 59360.4 0.89999999999999999998
1  5.75e+04  0.05296276445 59360.4 0.89999999999999999998
1  6.03e+04  0.3260879242 59360.4 0.89999999999999999998
1  6.31e+04  0.5323625478 59360.4 0.89999999999999999998
1  6.61e+04  0.1509227411 59360.4 0.89999999999999999998
1  6.92e+04  0.1663360546 59360.4 0.89999999999999999998
1  7.24e+04  0.5103860829 59360.4 0.89999999999999999998
1  7.59e+04  0.5135477039 59360.4 0.89999999999999999998
1  7.94e+04  0.289482728 59360.4 0.89999999999999999998
1  8.32e+04  0.2161741953 59360.4 0.89999999999999999998
1  8.71e+04  0.3492443947 59360.4 0.89999999999999999998
1  9.12e+04  0.5205380627 59360.4 0.89999999999999999998
1  9.55e+04  0.5380655814 59360.4 0.89999999999999999998
1  1.00e+05  0.3689901986 59360.4 0.89999999999999999998
1  1.05e+05  0.2000556242 59360.4 0.89999999999999999998
1  1.10e+05  0.2256143251 59360.4 0.89999999999999999998
1  1.15e+05  0.4121167953 59360.4 0.89999999999999999998
1  1.20e+05  0.5497071427 59360.4 0.89999999999999999998
1  1.26e+05  0.4989150145 59360.4 0.89999999999999999998
1  1.32e+05  0.3213320467 59360.4 0.89999999999999999998
1  1.38e+05  0.1859084285 59360.4 0.89999999999999999998
1  1.45e+05  0.1997040987 59360.4 0.89999999999999999998
1  1.51e+05  0.3351429682 59360.4 0.89999999999999999998
1  1.58e+05  0.4831763889 59360.4 0.89999999999999999998
1  1.66e+05  0.549818637 59360.4 0.89999999999999999998
1  1.74e+05  0.5124532156 59360.4 0.89999999999999999998
1  1.82e+05  0.4132606801 59360.4 0.89999999999999999998
1  1.91e+05  0.3171499561 59360.4 0.89999999999999999998
1  2.00e+05  0.2717593425 59360.4 0.89999999999999999998
1  2.09e+05  0.2900619113 59360.4 0.89999999999999999998
1  2.19e+05  0.3553301774 59360.4 0.89999999999999999998
1  2.29e+05  0.437233533 59360.4 0.89999999999999999998
1  2.40e+05  0.5075940936 59360.4 0.89999999999999999998
1  2.51e+05  0.5495491555 59360.4 0.89999999999999999998
1  2.63e+05  0.5593454398 59360.4 0.89999999999999999998
1  2.75e+05  0.5431648013 59360.4 0.89999999999999999998
1  2.88e+05  0.512096021 59360.4 0.89999999999999999998
1  3.02e+05  0.4775942376 59360.4 0.89999999999999999998
1  3.16e+05  0.4485576221 59360.4 0.89999999999999999998
1  3.31e+05  0.4301536823 59360.4 0.89999999999999999998
1  3.47e+05  0.4239703111 59360.4 0.89999999999999999998
1  3.63e+05  0.4289024892 59360.4 0.89999999999999999998
1  3.80e+05  0.4422639758 59360.4 0.89999999999999999998
1  3.98e+05  0.4607886366 59360.4 0.89999999999999999998
1  4.17e+05  0.4813613493 59360.4 0.89999999999999999998
1  4.37e+05  0.5014481556 59360.4 0.89999999999999999998
1  4.57e+05  0.5192703029 59360.4 0.89999999999999999998
1  4.79e+05  0.5337967674 59360.4 0.89999999999999999998
1  5.01e+05  0.5446304607 59360.4 0.89999999999999999998
1  5.25e+05  0.5518490063 59360.4 0.89999999999999999998
1  5.50e+05  0.5558420186 59360.4 0.89999999999999999998
1  5.75e+05  0.55716921 59360.4 0.89999999999999999998
1  6.03e+05  0.5564500303 59360.4 0.89999999999999999998
1  6.31e+05  0.5542864161 59360.4 0.89999999999999999998
1  6.61e+05  0.551215005 59360.4 0.89999999999999999998
1  6.92e+05  0.5476828347 59360.4 0.89999999999999999998
1  7.24e+05  0.5440401041 59360.4 0.89999999999999999998
1  7.59e+05  0.5404552862 59360.4 0.89999999999999999998
1  7.94e+05  0.537234613 59360.4 0.89999999999999999998
1  8.32e+05  0.5344511729 59360.4 0.89999999999999999998
1  8.71e+05  0.5321562003 59360.4 0.89999999999999999998
1  9.12e+05  0.5303602506 59360.4 0.89999999999999999998
1  9.55e+05  0.5290450416 59360.4 0.89999999999999999998
1  1.00e+06  0.5281732875 59360.4 0.89999999999999999998
1  1.05e+06  0.527696501 59360.4 0.89999999999999999998
1  1.10e+06  0.5275609184 59360.4 0.89999999999999999998
1  1.15e+06  0.5277118025 59360.4 0.89999999999999999998
1  1.20e+06  0.5280964021 59360.4 0.89999999999999999998
1  1.26e+06  0.5286658497 59360.4 0.89999999999999999998
1  1.32e+06  0.5293762461 59360.4 0.89999999999999999998
1  1.38e+06  0.5301891463 59360.4 0.89999999999999999998
1  1.45e+06  0.5310716251 59360.4 0.89999999999999999998
1  1.51e+06  0.5319960586 59360.4 0.89999999999999999998
1  1.58e+06  0.5329397303 59360.4 0.89999999999999999998
1  1.66e+06  0.5338843406 59360.4 0.89999999999999999998
1  1.74e+06  0.5348185217 59360.4 0.89999999999999999998
1  1.82e+06  0.5357248563 59360.4 0.89999999999999999998
1  1.91e+06  0.5365984607 59360.4 0.89999999999999999998
1  2.00e+06  0.5374334926 59360.4 0.89999999999999999998
1  2.09e+06  0.5382260638 59360.4 0.89999999999999999998
1  2.19e+06  0.538973869 59360.4 0.89999999999999999998
1  2.29e+06  0.5396758656 59360.4 0.89999999999999999998
1  2.40e+06  0.5403319991 59360.4 0.89999999999999999998
1  2.51e+06  0.5409429735 59360.4 0.89999999999999999998
1  2.63e+06  0.5415100599 59360.4 0.89999999999999999998
1  2.75e+06  0.5420349397 59360.4 0.89999999999999999998
1  2.88e+06  0.542519577 59360.4 0.89999999999999999998
1  3.02e+06  0.5429661166 59360.4 0.89999999999999999998
1  3.16e+06  0.5433768036 59360.4 0.89999999999999999998
1  3.31e+06  0.54375392 59360.4 0.89999999999999999998
1  3.47e+06  0.5440997371 59360.4 0.89999999999999999998
1  3.63e+06  0.5444171797 59360.4 0.89999999999999999998
1  3.80e+06  0.5447069352 59360.4 0.89999999999999999998
1  3.98e+06  0.5449718307 59360.4 0.89999999999999999998
1  4.17e+06  0.5452138208 59360.4 0.89999999999999999998
1  4.37e+06  0.5454347488 59360.4 0.89999999999999999998
1  4.57e+06  0.5456363432 59360.4 0.89999999999999999998
1  4.79e+06  0.5458202175 59360.4 0.89999999999999999998
1  5.01e+06  0.5459878713 59360.4 0.89999999999999999998
1  5.25e+06  0.5461406939 59360.4 0.89999999999999999998
1  5.50e+06  0.5462799685 59360.4 0.89999999999999999998
1  5.75e+06  0.5464068772 59360.4 0.89999999999999999998
1  6.03e+06  0.546522507 59360.4 0.89999999999999999998
1  6.31e+06  0.546627855 59360.4 0.89999999999999999998
1  6.61e+06  0.5467238349 59360.4 0.89999999999999999998
1  6.92e+06  0.5468112824 59360.4 0.89999999999999999998
1  7.24e+06  0.5468911351 59360.4 0.89999999999999999998
1  7.59e+06  0.546963727 59360.4 0.89999999999999999998
1  7.94e+06  0.5470298846 59360.4 0.89999999999999999998
1  8.32e+06  0.5470901872 59360.4 0.89999999999999999998
1  8.71e+06  0.5471451624 59360.4 0.89999999999999999998
1  9.12e+06  0.5471952904 59360.4 0.89999999999999999998
1  9.55e+06  0.5472410083 59360.4 0.89999999999999999998
1  1.00e+07  0.5472827135 59360.4 0.89999999999999999998
