1  1.00e-03  0.3494292308  5.510926e-01 0.99299999999999999996
1  1.05e-03  0.3494292298  5.510926e-01 0.99299999999999999996
1  1.10e-03  0.349429227  5.510926e-01 0.99299999999999999996
1  1.15e-03  0.3494292251  5.510926e-01 0.99299999999999999996
1  1.20e-03  0.3494292267  5.510926e-01 0.99299999999999999996
1  1.26e-03  0.3494292272  5.510926e-01 0.99299999999999999996
1  1.32e-03  0.3494292303  5.510926e-01 0.99299999999999999996
1  1.38e-03  0.3494292297  5.510926e-01 0.99299999999999999996
1  1.45e-03  0.3494292245  5.510926e-01 0.99299999999999999996
1  1.51e-03  0.3494292303  5.510926e-01 0.99299999999999999996
1  1.58e-03  0.3494292287  5.510926e-01 0.99299999999999999996
1  1.66e-03  0.3494292311  5.510926e-01 0.99299999999999999996
1  1.74e-03  0.3494292315  5.510926e-01 0.99299999999999999996
1  1.82e-03  0.3494292293  5.510926e-01 0.99299999999999999996
1  1.91e-03  0.3494292283  5.510926e-01 0.99299999999999999996
1  2.00e-03  0.3494292273  5.510926e-01 0.99299999999999999996
1  2.09e-03  0.3494292306  5.510926e-01 0.99299999999999999996
1  2.19e-03  0.3494292304  5.510926e-01 0.99299999999999999996
1  2.29e-03  0.3494292253  5.510926e-01 0.99299999999999999996
1  2.40e-03  0.3494292253  5.510926e-01 0.99299999999999999996
1  2.51e-03  0.3494292291  5.510926e-01 0.99299999999999999996
1  2.63e-03  0.34942923  5.510926e-01 0.99299999999999999996
1  2.75e-03  0.3494292274  5.510926e-01 0.99299999999999999996
1  2.88e-03  0.3494292278  5.510926e-01 0.99299999999999999996
1  3.02e-03  0.3494292298  5.510926e-01 0.99299999999999999996
1  3.16e-03  0.3494292301  5.510926e-01 0.99299999999999999996
1  3.31e-03  0.3494292289  5.510926e-01 0.99299999999999999996
1  3.47e-03  0.3494292304  5.510926e-01 0.99299999999999999996
1  3.63e-03  0.3494292267  5.510926e-01 0.99299999999999999996
1  3.80e-03  0.3494292287  5.510926e-01 0.99299999999999999996
1  3.98e-03  0.3494292321  5.510926e-01 0.99299999999999999996
1  4.17e-03  0.3494292277  5.510926e-01 0.99299999999999999996
1  4.37e-03  0.3494292299  5.510926e-01 0.99299999999999999996
1  4.57e-03  0.3494292306  5.510926e-01 0.99299999999999999996
1  4.79e-03  0.3494292261  5.510926e-01 0.99299999999999999996
1  5.01e-03  0.349429229  5.510926e-01 0.99299999999999999996
1  5.25e-03  0.3494292269  5.510926e-01 0.99299999999999999996
1  5.50e-03  0.3494292286  5.510926e-01 0.99299999999999999996
1  5.75e-03  0.3494292267  5.510926e-01 0.99299999999999999996
1  6.03e-03  0.3494292285  5.510926e-01 0.99299999999999999996
1  6.31e-03  0.3494292241  5.510926e-01 0.99299999999999999996
1  6.61e-03  0.3494292271  5.510926e-01 0.99299999999999999996
1  6.92e-03  0.3494292264  5.510926e-01 0.99299999999999999996
1  7.24e-03  0.3494292259  5.510926e-01 0.99299999999999999996
1  7.59e-03  0.3494292277  5.510926e-01 0.99299999999999999996
1  7.94e-03  0.3494292288  5.510926e-01 0.99299999999999999996
1  8.32e-03  0.3494292256  5.510926e-01 0.99299999999999999996
1  8.71e-03  0.3494292272  5.510926e-01 0.99299999999999999996
1  9.12e-03  0.3494292237  5.510926e-01 0.99299999999999999996
1  9.55e-03  0.3494292241  5.510926e-01 0.99299999999999999996
1  1.00e-02  0.3494292268  5.510926e-01 0.99299999999999999996
1  1.05e-02  0.349429224  5.510926e-01 0.99299999999999999996
1  1.10e-02  0.3494292228  5.510926e-01 0.99299999999999999996
1  1.15e-02  0.3494292256  5.510926e-01 0.99299999999999999996
1  1.20e-02  0.3494292223  5.510926e-01 0.99299999999999999996
1  1.26e-02  0.3494292231  5.510926e-01 0.99299999999999999996
1  1.32e-02  0.349429226  5.510926e-01 0.99299999999999999996
1  1.38e-02  0.3494292257  5.510926e-01 0.99299999999999999996
1  1.45e-02  0.3494292245  5.510926e-01 0.99299999999999999996
1  1.51e-02  0.3494292236  5.510926e-01 0.99299999999999999996
1  1.58e-02  0.3494292234  5.510926e-01 0.99299999999999999996
1  1.66e-02  0.349429226  5.510926e-01 0.99299999999999999996
1  1.74e-02  0.3494292216  5.510926e-01 0.99299999999999999996
1  1.82e-02  0.3494292285  5.510926e-01 0.99299999999999999996
1  1.91e-02  0.349429199  5.510926e-01 0.99299999999999999996
1  2.00e-02  0.3494292205  5.510926e-01 0.99299999999999999996
1  2.09e-02  0.3494292287  5.510926e-01 0.99299999999999999996
1  2.19e-02  0.3494292238  5.510926e-01 0.99299999999999999996
1  2.29e-02  0.3494292173  5.510926e-01 0.99299999999999999996
1  2.40e-02  0.3494292394  5.510926e-01 0.99299999999999999996
1  2.51e-02  0.3494292242  5.510926e-01 0.99299999999999999996
1  2.63e-02  0.3494292238  5.510926e-01 0.99299999999999999996
1  2.75e-02  0.3494292105  5.510926e-01 0.99299999999999999996
1  2.88e-02  0.3494291994  5.510926e-01 0.99299999999999999996
1  3.02e-02  0.3494292181  5.510926e-01 0.99299999999999999996
1  3.16e-02  0.3494292514  5.510926e-01 0.99299999999999999996
1  3.31e-02  0.3494292392  5.510926e-01 0.99299999999999999996
1  3.47e-02  0.3494292129  5.510926e-01 0.99299999999999999996
1  3.63e-02  0.3494291964  5.510926e-01 0.99299999999999999996
1  3.80e-02  0.3494292334  5.510926e-01 0.99299999999999999996
1  3.98e-02  0.3494292161  5.510926e-01 0.99299999999999999996
1  4.17e-02  0.3494292081  5.510926e-01 0.99299999999999999996
1  4.37e-02  0.3494291743  5.510926e-01 0.99299999999999999996
1  4.57e-02  0.3494291937  5.510926e-01 0.99299999999999999996
1  4.79e-02  0.3494292283  5.510926e-01 0.99299999999999999996
1  5.01e-02  0.349428985  5.510926e-01 0.99299999999999999996
1  5.25e-02  0.3494292084  5.510926e-01 0.99299999999999999996
1  5.50e-02  0.3494292129  5.510926e-01 0.99299999999999999996
1  5.75e-02  0.349429179  5.510926e-01 0.99299999999999999996
1  6.03e-02  0.3494291871  5.510926e-01 0.99299999999999999996
1  6.31e-02  0.3494292088  5.510926e-01 0.99299999999999999996
1  6.61e-02  0.3494292008  5.510926e-01 0.99299999999999999996
1  6.92e-02  0.3494291544  5.510926e-01 0.99299999999999999996
1  7.24e-02  0.3494291943  5.510926e-01 0.99299999999999999996
1  7.59e-02  0.3494291304  5.510926e-01 0.99299999999999999996
1  7.94e-02  0.3494285825  5.510926e-01 0.99299999999999999996
1  8.32e-02  0.3494291821  5.510926e-01 0.99299999999999999996
1  8.71e-02  0.3494291482  5.510926e-01 0.99299999999999999996
1  9.12e-02  0.3494291653  5.510926e-01 0.99299999999999999996
1  9.55e-02  0.349428821  5.510926e-01 0.99299999999999999996
1  1.00e-01  0.3494291204  5.510926e-01 0.99299999999999999996
1  1.05e-01  0.3494287719  5.510926e-01 0.99299999999999999996
1  1.10e-01  0.3494291457  5.510926e-01 0.99299999999999999996
1  1.15e-01  0.3494291853  5.510926e-01 0.99299999999999999996
1  1.20e-01  0.3494291479  5.510926e-01 0.99299999999999999996
1  1.26e-01  0.3494291249  5.510926e-01 0.99299999999999999996
1  1.32e-01  0.349429211  5.510926e-01 0.99299999999999999996
1  1.38e-01  0.3494291671  5.510926e-01 0.99299999999999999996
1  1.45e-01  0.3494291851  5.510926e-01 0.99299999999999999996
1  1.51e-01  0.3494291634  5.510926e-01 0.99299999999999999996
1  1.58e-01  0.3494291604  5.510926e-01 0.99299999999999999996
1  1.66e-01  0.3494263244  5.510926e-01 0.99299999999999999996
1  1.74e-01  0.3494291303  5.510926e-01 0.99299999999999999996
1  1.82e-01  0.3494290045  5.510926e-01 0.99299999999999999996
1  1.91e-01  0.349429134  5.510926e-01 0.99299999999999999996
1  2.00e-01  0.3494291094  5.510926e-01 0.99299999999999999996
1  2.09e-01  0.3494291631  5.510926e-01 0.99299999999999999996
1  2.19e-01  0.3494291357  5.510926e-01 0.99299999999999999996
1  2.29e-01  0.3494290885  5.510926e-01 0.99299999999999999996
1  2.40e-01  0.3494290701  5.510926e-01 0.99299999999999999996
1  2.51e-01  0.3494291973  5.510926e-01 0.99299999999999999996
1  2.63e-01  0.3494291055  5.510926e-01 0.99299999999999999996
1  2.75e-01  0.3494285006  5.510926e-01 0.99299999999999999996
1  2.88e-01  0.349429101  5.510926e-01 0.99299999999999999996
1  3.02e-01  0.3494291654  5.510926e-01 0.99299999999999999996
1  3.16e-01  0.349427853  5.510926e-01 0.99299999999999999996
1  3.31e-01  0.3494290461  5.510926e-01 0.99299999999999999996
1  3.47e-01  0.3494271542  5.510926e-01 0.99299999999999999996
1  3.63e-01  0.3494271141  5.510926e-01 0.99299999999999999996
1  3.80e-01  0.3494291036  5.510926e-01 0.99299999999999999996
1  3.98e-01  0.349429166  5.510926e-01 0.99299999999999999996
1  4.17e-01  0.3494290674  5.510926e-01 0.99299999999999999996
1  4.37e-01  0.3494290469  5.510926e-01 0.99299999999999999996
1  4.57e-01  0.3494290364  5.510926e-01 0.99299999999999999996
1  4.79e-01  0.349429129  5.510926e-01 0.99299999999999999996
1  5.01e-01  0.3494289786  5.510926e-01 0.99299999999999999996
1  5.25e-01  0.3494289992  5.510926e-01 0.99299999999999999996
1  5.50e-01  0.3494290199  5.510926e-01 0.99299999999999999996
1  5.75e-01  0.3494289019  5.510926e-01 0.99299999999999999996
1  6.03e-01  0.3494290937  5.510926e-01 0.99299999999999999996
1  6.31e-01  0.3494287153  5.510926e-01 0.99299999999999999996
1  6.61e-01  0.3494262145  5.510926e-01 0.99299999999999999996
1  6.92e-01  0.3494289539  5.510926e-01 0.99299999999999999996
1  7.24e-01  0.3494289468  5.510926e-01 0.99299999999999999996
1  7.59e-01  0.349429226  5.510926e-01 0.99299999999999999996
1  7.94e-01  0.3494287711  5.510926e-01 0.99299999999999999996
1  8.32e-01  0.3494290355  5.510926e-01 0.99299999999999999996
1  8.71e-01  0.3494288818  5.510926e-01 0.99299999999999999996
1  9.12e-01  0.349423355  5.510926e-01 0.99299999999999999996
1  9.55e-01  0.3494288459  5.510926e-01 0.99299999999999999996
1  1.00e+00  0.3494286896  5.510926e-01 0.99299999999999999996
1  1.05e+00  0.3494265426  5.510926e-01 0.99299999999999999996
1  1.10e+00  0.3494292116  5.510926e-01 0.99299999999999999996
1  1.15e+00  0.3494286181  5.510926e-01 0.99299999999999999996
1  1.20e+00  0.3494288877  5.510926e-01 0.99299999999999999996
1  1.26e+00  0.3494283759  5.510926e-01 0.99299999999999999996
1  1.32e+00  0.3494288184  5.510926e-01 0.99299999999999999996
1  1.38e+00  0.3494287232  5.510926e-01 0.99299999999999999996
1  1.45e+00  0.3494266532  5.510926e-01 0.99299999999999999996
1  1.51e+00  0.3494287551  5.510926e-01 0.99299999999999999996
1  1.58e+00  0.3494284641  5.510926e-01 0.99299999999999999996
1  1.66e+00  0.3494282885  5.510926e-01 0.99299999999999999996
1  1.74e+00  0.3494125055  5.510926e-01 0.99299999999999999996
1  1.82e+00  0.3494293338  5.510926e-01 0.99299999999999999996
1  1.91e+00  0.3494293146  5.510926e-01 0.99299999999999999996
1  2.00e+00  0.3494281426  5.510926e-01 0.99299999999999999996
1  2.09e+00  0.3494289233  5.510926e-01 0.99299999999999999996
1  2.19e+00  0.3494285638  5.510926e-01 0.99299999999999999996
1  2.29e+00  0.3494277487  5.510926e-01 0.99299999999999999996
1  2.40e+00  0.3494287674  5.510926e-01 0.99299999999999999996
1  2.51e+00  0.3494287252  5.510926e-01 0.99299999999999999996
1  2.63e+00  0.3494282994  5.510926e-01 0.99299999999999999996
1  2.75e+00  0.3494283636  5.510926e-01 0.99299999999999999996
1  2.88e+00  0.3494509581  5.510926e-01 0.99299999999999999996
1  3.02e+00  0.3494273346  5.510926e-01 0.99299999999999999996
1  3.16e+00  0.349431052  5.510926e-01 0.99299999999999999996
1  3.31e+00  0.3494044089  5.510926e-01 0.99299999999999999996
1  3.47e+00  0.3494289859  5.510926e-01 0.99299999999999999996
1  3.63e+00  0.3494040461  5.510926e-01 0.99299999999999999996
1  3.80e+00  0.3494279395  5.510926e-01 0.99299999999999999996
1  3.98e+00  0.3494285989  5.510926e-01 0.99299999999999999996
1  4.17e+00  0.3494289579  5.510926e-01 0.99299999999999999996
1  4.37e+00  0.3494291492  5.510926e-01 0.99299999999999999996
1  4.57e+00  0.3494289658  5.510926e-01 0.99299999999999999996
1  4.79e+00  0.3494286275  5.510926e-01 0.99299999999999999996
1  5.01e+00  0.3494286747  5.510926e-01 0.99299999999999999996
1  5.25e+00  0.349417258  5.510926e-01 0.99299999999999999996
1  5.50e+00  0.3494284613  5.510926e-01 0.99299999999999999996
1  5.75e+00  0.3494353009  5.510926e-01 0.99299999999999999996
1  6.03e+00  0.3494138994  5.510926e-01 0.99299999999999999996
1  6.31e+00  0.3494281511  5.510926e-01 0.99299999999999999996
1  6.61e+00  0.3494272798  5.510926e-01 0.99299999999999999996
1  6.92e+00  0.349426773  5.510926e-01 0.99299999999999999996
1  7.24e+00  0.3493964897  5.510926e-01 0.99299999999999999996
1  7.59e+00  0.3494900254  5.510926e-01 0.99299999999999999996
1  7.94e+00  0.3494685498  5.510926e-01 0.99299999999999999996
1  8.32e+00  0.3493702282  5.510926e-01 0.99299999999999999996
1  8.71e+00  0.3494268756  5.510926e-01 0.99299999999999999996
1  9.12e+00  0.3494238918  5.510926e-01 0.99299999999999999996
1  9.55e+00  0.3494257634  5.510926e-01 0.99299999999999999996
1  1.00e+01  0.3494237679  5.510926e-01 0.99299999999999999996
1  1.05e+01  0.3494207899  5.510926e-01 0.99299999999999999996
1  1.10e+01  0.349430849  5.510926e-01 0.99299999999999999996
1  1.15e+01  0.349493957  5.510926e-01 0.99299999999999999996
1  1.20e+01  0.3494196408  5.510926e-01 0.99299999999999999996
1  1.26e+01  0.3494351666  5.510926e-01 0.99299999999999999996
1  1.32e+01  0.3494681544  5.510926e-01 0.99299999999999999996
1  1.38e+01  0.3494252566  5.510926e-01 0.99299999999999999996
1  1.45e+01  0.3494250053  5.510926e-01 0.99299999999999999996
1  1.51e+01  0.349422548  5.510926e-01 0.99299999999999999996
1  1.58e+01  0.3494229862  5.510926e-01 0.99299999999999999996
1  1.66e+01  0.3494194894  5.510926e-01 0.99299999999999999996
1  1.74e+01  0.3494237281  5.510926e-01 0.99299999999999999996
1  1.82e+01  0.349423043  5.510926e-01 0.99299999999999999996
1  1.91e+01  0.349418519  5.510926e-01 0.99299999999999999996
1  2.00e+01  0.3494438372  5.510926e-01 0.99299999999999999996
1  2.09e+01  0.3497224501  5.510926e-01 0.99299999999999999996
1  2.19e+01  0.3494648969  5.510926e-01 0.99299999999999999996
1  2.29e+01  0.3492325573  5.510926e-01 0.99299999999999999996
1  2.40e+01  0.3495632667  5.510926e-01 0.99299999999999999996
1  2.51e+01  0.3494583715  5.510926e-01 0.99299999999999999996
1  2.63e+01  0.3492527719  5.510926e-01 0.99299999999999999996
1  2.75e+01  0.3488893255  5.510926e-01 0.99299999999999999996
1  2.88e+01  0.3496928193  5.510926e-01 0.99299999999999999996
1  3.02e+01  0.3495681485  5.510926e-01 0.99299999999999999996
1  3.16e+01  0.3494074831  5.510926e-01 0.99299999999999999996
1  3.31e+01  0.3494004422  5.510926e-01 0.99299999999999999996
1  3.47e+01  0.3495545177  5.510926e-01 0.99299999999999999996
1  3.63e+01  0.349680339  5.510926e-01 0.99299999999999999996
1  3.80e+01  0.3495894771  5.510926e-01 0.99299999999999999996
1  3.98e+01  0.3495253465  5.510926e-01 0.99299999999999999996
1  4.17e+01  0.3494110059  5.510926e-01 0.99299999999999999996
1  4.37e+01  0.3493978768  5.510926e-01 0.99299999999999999996
1  4.57e+01  0.3496297266  5.510926e-01 0.99299999999999999996
1  4.79e+01  0.3494293017  5.510926e-01 0.99299999999999999996
1  5.01e+01  0.3494282923  5.510926e-01 0.99299999999999999996
1  5.25e+01  0.3493834107  5.510926e-01 0.99299999999999999996
1  5.50e+01  0.349345575  5.510926e-01 0.99299999999999999996
1  5.75e+01  0.3496744094  5.510926e-01 0.99299999999999999996
1  6.03e+01  0.3495557958  5.510926e-01 0.99299999999999999996
1  6.31e+01  0.3491877381  5.510926e-01 0.99299999999999999996
1  6.61e+01  0.3493983658  5.510926e-01 0.99299999999999999996
1  6.92e+01  0.3494210403  5.510926e-01 0.99299999999999999996
1  7.24e+01  0.3493875158  5.510926e-01 0.99299999999999999996
1  7.59e+01  0.3491893545  5.510926e-01 0.99299999999999999996
1  7.94e+01  0.349436014  5.510926e-01 0.99299999999999999996
1  8.32e+01  0.3493810458  5.510926e-01 0.99299999999999999996
1  8.71e+01  0.3493749242  5.510926e-01 0.99299999999999999996
1  9.12e+01  0.3493926109  5.510926e-01 0.99299999999999999996
1  9.55e+01  0.3493770485  5.510926e-01 0.99299999999999999996
1  1.00e+02  0.3495357052  5.510926e-01 0.99299999999999999996
1  1.05e+02  0.3494322956  5.510926e-01 0.99299999999999999996
1  1.10e+02  0.3493210602  5.510926e-01 0.99299999999999999996
1  1.15e+02  0.349425998  5.510926e-01 0.99299999999999999996
1  1.20e+02  0.3492777334  5.510926e-01 0.99299999999999999996
1  1.26e+02  0.3491183454  5.510926e-01 0.99299999999999999996
1  1.32e+02  0.3494076038  5.510926e-01 0.99299999999999999996
1  1.38e+02  0.3493980703  5.510926e-01 0.99299999999999999996
1  1.45e+02  0.3494061354  5.510926e-01 0.99299999999999999996
1  1.51e+02  0.349277864  5.510926e-01 0.99299999999999999996
1  1.58e+02  0.3496798474  5.510926e-01 0.99299999999999999996
1  1.66e+02  0.3493802369  5.510926e-01 0.99299999999999999996
1  1.74e+02  0.3493651426  5.510926e-01 0.99299999999999999996
1  1.82e+02  0.3493751875  5.510926e-01 0.99299999999999999996
1  1.91e+02  0.3493823344  5.510926e-01 0.99299999999999999996
1  2.00e+02  0.3493092022  5.510926e-01 0.99299999999999999996
1  2.09e+02  0.3494561038  5.510926e-01 0.99299999999999999996
1  2.19e+02  0.3494215671  5.510926e-01 0.99299999999999999996
1  2.29e+02  0.349326832  5.510926e-01 0.99299999999999999996
1  2.40e+02  0.3493459902  5.510926e-01 0.99299999999999999996
1  2.51e+02  0.3492429148  5.510926e-01 0.99299999999999999996
1  2.63e+02  0.3491170806  5.510926e-01 0.99299999999999999996
1  2.75e+02  0.3493697247  5.510926e-01 0.99299999999999999996
1  2.88e+02  0.3493876202  5.510926e-01 0.99299999999999999996
1  3.02e+02  0.3494215781  5.510926e-01 0.99299999999999999996
1  3.16e+02  0.3494004251  5.510926e-01 0.99299999999999999996
1  3.31e+02  0.3493288767  5.510926e-01 0.99299999999999999996
1  3.47e+02  0.3493050437  5.510926e-01 0.99299999999999999996
1  3.63e+02  0.3492657845  5.510926e-01 0.99299999999999999996
1  3.80e+02  0.349392365  5.510926e-01 0.99299999999999999996
1  3.98e+02  0.3491831941  5.510926e-01 0.99299999999999999996
1  4.17e+02  0.3492780179  5.510926e-01 0.99299999999999999996
1  4.37e+02  0.3492813741  5.510926e-01 0.99299999999999999996
1  4.57e+02  0.3495218565  5.510926e-01 0.99299999999999999996
1  4.79e+02  0.3493107984  5.510926e-01 0.99299999999999999996
1  5.01e+02  0.3493263856  5.510926e-01 0.99299999999999999996
1  5.25e+02  0.3495922034  5.510926e-01 0.99299999999999999996
1  5.50e+02  0.3492145968  5.510926e-01 0.99299999999999999996
1  5.75e+02  0.34917888  5.510926e-01 0.99299999999999999996
1  6.03e+02  0.3490937542  5.510926e-01 0.99299999999999999996
1  6.31e+02  0.3493913682  5.510926e-01 0.99299999999999999996
1  6.61e+02  0.3492113447  5.510926e-01 0.99299999999999999996
1  6.92e+02  0.3493036979  5.510926e-01 0.99299999999999999996
1  7.24e+02  0.3492988236  5.510926e-01 0.99299999999999999996
1  7.59e+02  0.3490724318  5.510926e-01 0.99299999999999999996
1  7.94e+02  0.3492500833  5.510926e-01 0.99299999999999999996
1  8.32e+02  0.3494329983  5.510926e-01 0.99299999999999999996
1  8.71e+02  0.3493523528  5.510926e-01 0.99299999999999999996
1  9.12e+02  0.3489472294  5.510926e-01 0.99299999999999999996
1  9.55e+02  0.3492580356  5.510926e-01 0.99299999999999999996
1  1.00e+03  0.3493041254  5.510926e-01 0.99299999999999999996
1  1.05e+03  0.3493929547  5.510926e-01 0.99299999999999999996
1  1.10e+03  0.3484413854  5.510926e-01 0.99299999999999999996
1  1.15e+03  0.3492262578  5.510926e-01 0.99299999999999999996
1  1.20e+03  0.3483201252  5.510926e-01 0.99299999999999999996
1  1.26e+03  0.348923469  5.510926e-01 0.99299999999999999996
1  1.32e+03  0.3496041187  5.510926e-01 0.99299999999999999996
1  1.38e+03  0.3504877309  5.510926e-01 0.99299999999999999996
1  1.45e+03  0.348223295  5.510926e-01 0.99299999999999999996
1  1.51e+03  0.3497929632  5.510926e-01 0.99299999999999999996
1  1.58e+03  0.3472498052  5.510926e-01 0.99299999999999999996
1  1.66e+03  0.346341894  5.510926e-01 0.99299999999999999996
1  1.74e+03  0.3480590009  5.510926e-01 0.99299999999999999996
1  1.82e+03  0.3519260161  5.510926e-01 0.99299999999999999996
1  1.91e+03  0.349380739  5.510926e-01 0.99299999999999999996
1  2.00e+03  0.3539934944  5.510926e-01 0.99299999999999999996
1  2.09e+03  0.3505657956  5.510926e-01 0.99299999999999999996
1  2.19e+03  0.347097775  5.510926e-01 0.99299999999999999996
1  2.29e+03  0.3449695326  5.510926e-01 0.99299999999999999996
1  2.40e+03  0.3424897878  5.510926e-01 0.99299999999999999996
1  2.51e+03  0.3460534146  5.510926e-01 0.99299999999999999996
1  2.63e+03  0.3473733834  5.510926e-01 0.99299999999999999996
1  2.75e+03  0.3368760834  5.510926e-01 0.99299999999999999996
1  2.88e+03  0.3460753238  5.510926e-01 0.99299999999999999996
1  3.02e+03  0.3497673353  5.510926e-01 0.99299999999999999996
1  3.16e+03  0.3437881397  5.510926e-01 0.99299999999999999996
1  3.31e+03  0.3400017639  5.510926e-01 0.99299999999999999996
1  3.47e+03  0.3410818749  5.510926e-01 0.99299999999999999996
1  3.63e+03  0.3561336587  5.510926e-01 0.99299999999999999996
1  3.80e+03  0.3596699107  5.510926e-01 0.99299999999999999996
1  3.98e+03  0.349218175  5.510926e-01 0.99299999999999999996
1  4.17e+03  0.355765316  5.510926e-01 0.99299999999999999996
1  4.37e+03  0.3574546696  5.510926e-01 0.99299999999999999996
1  4.57e+03  0.3629368615  5.510926e-01 0.99299999999999999996
1  4.79e+03  0.3387800318  5.510926e-01 0.99299999999999999996
1  5.01e+03  0.365926165  5.510926e-01 0.99299999999999999996
1  5.25e+03  0.3692016377  5.510926e-01 0.99299999999999999996
1  5.50e+03  0.3637276096  5.510926e-01 0.99299999999999999996
1  5.75e+03  0.370242551  5.510926e-01 0.99299999999999999996
1  6.03e+03  0.3639921028  5.510926e-01 0.99299999999999999996
1  6.31e+03  0.3635746015  5.510926e-01 0.99299999999999999996
1  6.61e+03  0.3635433343  5.510926e-01 0.99299999999999999996
1  6.92e+03  0.3556042943  5.510926e-01 0.99299999999999999996
1  7.24e+03  0.3438586873  5.510926e-01 0.99299999999999999996
1  7.59e+03  0.3635017295  5.510926e-01 0.99299999999999999996
1  7.94e+03  0.3043041597  5.510926e-01 0.99299999999999999996
1  8.32e+03  0.3719189517  5.510926e-01 0.99299999999999999996
1  8.71e+03  0.3226457457  5.510926e-01 0.99299999999999999996
1  9.12e+03  0.3754322402  5.510926e-01 0.99299999999999999996
1  9.55e+03  0.3628004549  5.510926e-01 0.99299999999999999996
1  1.00e+04  0.3172933422  5.510926e-01 0.99299999999999999996
1  1.05e+04  0.3031615755  5.510926e-01 0.99299999999999999996
1  1.10e+04  0.3723038149  5.510926e-01 0.99299999999999999996
1  1.15e+04  0.3601192027  5.510926e-01 0.99299999999999999996
1  1.20e+04  0.3337830285  5.510926e-01 0.99299999999999999996
1  1.26e+04  0.3608552762  5.510926e-01 0.99299999999999999996
1  1.32e+04  0.3031283082  5.510926e-01 0.99299999999999999996
1  1.38e+04  0.3490692167  5.510926e-01 0.99299999999999999996
1  1.45e+04  0.3136244299  5.510926e-01 0.99299999999999999996
1  1.51e+04  0.3544347076  5.510926e-01 0.99299999999999999996
1  1.58e+04  0.3499700133  5.510926e-01 0.99299999999999999996
1  1.66e+04  0.3557318695  5.510926e-01 0.99299999999999999996
1  1.74e+04  0.3342659012  5.510926e-01 0.99299999999999999996
1  1.82e+04  0.3129529832  5.510926e-01 0.99299999999999999996
1  1.91e+04  0.3407099568  5.510926e-01 0.99299999999999999996
1  2.00e+04  0.342824855  5.510926e-01 0.99299999999999999996
1  2.09e+04  0.3437195863  5.510926e-01 0.99299999999999999996
1  2.19e+04  0.3336973602  5.510926e-01 0.99299999999999999996
1  2.29e+04  0.3250310598  5.510926e-01 0.99299999999999999996
1  2.40e+04  0.3387080154  5.510926e-01 0.99299999999999999996
1  2.51e+04  0.3404652197  5.510926e-01 0.99299999999999999996
1  2.63e+04  0.3572363179  5.510926e-01 0.99299999999999999996
1  2.75e+04  0.2648484614  5.510926e-01 0.99299999999999999996
1  2.88e+04  0.3350485589  5.510926e-01 0.99299999999999999996
1  3.02e+04  0.3283431777  5.510926e-01 0.99299999999999999996
1  3.16e+04  0.3555318037  5.510926e-01 0.99299999999999999996
1  3.31e+04  0.3019320155  5.510926e-01 0.99299999999999999996
1  3.47e+04  0.3378590488  5.510926e-01 0.99299999999999999996
1  3.63e+04  0.2701628158  5.510926e-01 0.99299999999999999996
1  3.80e+04  0.355820685  5.510926e-01 0.99299999999999999996
1  3.98e+04  0.3201755467  5.510926e-01 0.99299999999999999996
1  4.17e+04  0.3461219209  5.510926e-01 0.99299999999999999996
1  4.37e+04  0.3421603644  5.510926e-01 0.99299999999999999996
1  4.57e+04  0.2849095813  5.510926e-01 0.99299999999999999996
1  4.79e+04  0.3562106201  5.510926e-01 0.99299999999999999996
1  5.01e+04  0.2853771734  5.510926e-01 0.99299999999999999996
1  5.25e+04  0.2953037483  5.510926e-01 0.99299999999999999996
1  5.50e+04  0.3587979226  5.510926e-01 0.99299999999999999996
1  5.75e+04  0.3223707155  5.510926e-01 0.99299999999999999996
1  6.03e+04  0.3251456829  5.510926e-01 0.99299999999999999996
1  6.31e+04  0.3512454944  5.510926e-01 0.99299999999999999996
1  6.61e+04  0.3554549556  5.510926e-01 0.99299999999999999996
1  6.92e+04  0.3242484222  5.510926e-01 0.99299999999999999996
1  7.24e+04  0.3090787005  5.510926e-01 0.99299999999999999996
1  7.59e+04  0.3454341884  5.510926e-01 0.99299999999999999996
1  7.94e+04  0.3529759993  5.510926e-01 0.99299999999999999996
1  8.32e+04  0.3036511184  5.510926e-01 0.99299999999999999996
1  8.71e+04  0.283740375  5.510926e-01 0.99299999999999999996
1  9.12e+04  0.3247802468  5.510926e-01 0.99299999999999999996
1  9.55e+04  0.3578339789  5.510926e-01 0.99299999999999999996
1  1.00e+05  0.3395022129  5.510926e-01 0.99299999999999999996
1  1.05e+05  0.3064198152  5.510926e-01 0.99299999999999999996
1  1.10e+05  0.3048683435  5.510926e-01 0.99299999999999999996
1  1.15e+05  0.332213341  5.510926e-01 0.99299999999999999996
1  1.20e+05  0.3560818243  5.510926e-01 0.99299999999999999996
1  1.26e+05  0.3578467658  5.510926e-01 0.99299999999999999996
1  1.32e+05  0.3448020119  5.510926e-01 0.99299999999999999996
1  1.38e+05  0.3334618023  5.510926e-01 0.99299999999999999996
1  1.45e+05  0.3325710439  5.510926e-01 0.99299999999999999996
1  1.51e+05  0.3401519278  5.510926e-01 0.99299999999999999996
1  1.58e+05  0.3497448232  5.510926e-01 0.99299999999999999996
1  1.66e+05  0.3564541503  5.510926e-01 0.99299999999999999996
1  1.74e+05  0.3588039904  5.510926e-01 0.99299999999999999996
1  1.82e+05  0.3576338149  5.510926e-01 0.99299999999999999996
1  1.91e+05  0.3544893019  5.510926e-01 0.99299999999999999996
1  2.00e+05  0.3507490739  5.510926e-01 0.99299999999999999996
1  2.09e+05  0.3474463013  5.510926e-01 0.99299999999999999996
1  2.19e+05  0.3453210826  5.510926e-01 0.99299999999999999996
1  2.29e+05  0.3448188183  5.510926e-01 0.99299999999999999996
1  2.40e+05  0.3460240456  5.510926e-01 0.99299999999999999996
1  2.51e+05  0.348633503  5.510926e-01 0.99299999999999999996
1  2.63e+05  0.3520355148  5.510926e-01 0.99299999999999999996
1  2.75e+05  0.3554802407  5.510926e-01 0.99299999999999999996
1  2.88e+05  0.3582743759  5.510926e-01 0.99299999999999999996
1  3.02e+05  0.3599330081  5.510926e-01 0.99299999999999999996
1  3.16e+05  0.3602518326  5.510926e-01 0.99299999999999999996
1  3.31e+05  0.3592986781  5.510926e-01 0.99299999999999999996
1  3.47e+05  0.3573475894  5.510926e-01 0.99299999999999999996
1  3.63e+05  0.354787098  5.510926e-01 0.99299999999999999996
1  3.80e+05  0.3520304252  5.510926e-01 0.99299999999999999996
1  3.98e+05  0.349445439  5.510926e-01 0.99299999999999999996
1  4.17e+05  0.3473116006  5.510926e-01 0.99299999999999999996
1  4.37e+05  0.345802984  5.510926e-01 0.99299999999999999996
1  4.57e+05  0.3449917236  5.510926e-01 0.99299999999999999996
1  4.79e+05  0.3448645813  5.510926e-01 0.99299999999999999996
1  5.01e+05  0.3453457579  5.510926e-01 0.99299999999999999996
1  5.25e+05  0.3463206066  5.510926e-01 0.99299999999999999996
1  5.50e+05  0.3476567598  5.510926e-01 0.99299999999999999996
1  5.75e+05  0.3492208591  5.510926e-01 0.99299999999999999996
1  6.03e+05  0.3508903638  5.510926e-01 0.99299999999999999996
1  6.31e+05  0.3525607593  5.510926e-01 0.99299999999999999996
1  6.61e+05  0.3541790149  5.510926e-01 0.99299999999999999996
1  6.92e+05  0.3557145396  5.510926e-01 0.99299999999999999996
1  7.24e+05  0.3570406678  5.510926e-01 0.99299999999999999996
1  7.59e+05  0.3581297125  5.510926e-01 0.99299999999999999996
1  7.94e+05  0.3589633036  5.510926e-01 0.99299999999999999996
1  8.32e+05  0.3595422232  5.510926e-01 0.99299999999999999996
1  8.71e+05  0.3598811335  5.510926e-01 0.99299999999999999996
1  9.12e+05  0.3600038322  5.510926e-01 0.99299999999999999996
1  9.55e+05  0.3599392931  5.510926e-01 0.99299999999999999996
1  1.00e+06  0.3597185645  5.510926e-01 0.99299999999999999996
1  1.05e+06  0.3593724894  5.510926e-01 0.99299999999999999996
1  1.10e+06  0.3589301426  5.510926e-01 0.99299999999999999996
1  1.15e+06  0.3584178584  5.510926e-01 0.99299999999999999996
1  1.20e+06  0.3578587169  5.510926e-01 0.99299999999999999996
1  1.26e+06  0.3572723689  5.510926e-01 0.99299999999999999996
1  1.32e+06  0.356675098  5.510926e-01 0.99299999999999999996
1  1.38e+06  0.3560800364  5.510926e-01 0.99299999999999999996
1  1.45e+06  0.3554974707  5.510926e-01 0.99299999999999999996
1  1.51e+06  0.3549351912  5.510926e-01 0.99299999999999999996
1  1.58e+06  0.3543988508  5.510926e-01 0.99299999999999999996
1  1.66e+06  0.3538923116  5.510926e-01 0.99299999999999999996
1  1.74e+06  0.3534358789  5.510926e-01 0.99299999999999999996
1  1.82e+06  0.352994001  5.510926e-01 0.99299999999999999996
1  1.91e+06  0.3525857748  5.510926e-01 0.99299999999999999996
1  2.00e+06  0.35221079  5.510926e-01 0.99299999999999999996
1  2.09e+06  0.3518680985  5.510926e-01 0.99299999999999999996
1  2.19e+06  0.3515563644  5.510926e-01 0.99299999999999999996
1  2.29e+06  0.3512739869  5.510926e-01 0.99299999999999999996
1  2.40e+06  0.3510191975  5.510926e-01 0.99299999999999999996
1  2.51e+06  0.350790138  5.510926e-01 0.99299999999999999996
1  2.63e+06  0.3505849195  5.510926e-01 0.99299999999999999996
1  2.75e+06  0.3504016681  5.510926e-01 0.99299999999999999996
1  2.88e+06  0.350238558  5.510926e-01 0.99299999999999999996
1  3.02e+06  0.3500938357  5.510926e-01 0.99299999999999999996
1  3.16e+06  0.3499658357  5.510926e-01 0.99299999999999999996
1  3.31e+06  0.349852991  5.510926e-01 0.99299999999999999996
1  3.47e+06  0.3497538383  5.510926e-01 0.99299999999999999996
1  3.63e+06  0.3496722001  5.510926e-01 0.99299999999999999996
1  3.80e+06  0.3495960099  5.510926e-01 0.99299999999999999996
1  3.98e+06  0.3495297887  5.510926e-01 0.99299999999999999996
1  4.17e+06  0.349472483  5.510926e-01 0.99299999999999999996
1  4.37e+06  0.3494231321  5.510926e-01 0.99299999999999999996
1  4.57e+06  0.3493808638  5.510926e-01 0.99299999999999999996
1  4.79e+06  0.3493448876  5.510926e-01 0.99299999999999999996
1  5.01e+06  0.3493144896  5.510926e-01 0.99299999999999999996
1  5.25e+06  0.349289026  5.510926e-01 0.99299999999999999996
1  5.50e+06  0.3492679179  5.510926e-01 0.99299999999999999996
1  5.75e+06  0.3492506454  5.510926e-01 0.99299999999999999996
1  6.03e+06  0.3492367427  5.510926e-01 0.99299999999999999996
1  6.31e+06  0.3492257929  5.510926e-01 0.99299999999999999996
1  6.61e+06  0.3492174237  5.510926e-01 0.99299999999999999996
1  6.92e+06  0.3492113031  5.510926e-01 0.99299999999999999996
1  7.24e+06  0.3492083795  5.510926e-01 0.99299999999999999996
1  7.59e+06  0.3492057864  5.510926e-01 0.99299999999999999996
1  7.94e+06  0.3492046604  5.510926e-01 0.99299999999999999996
1  8.32e+06  0.3492047936  5.510926e-01 0.99299999999999999996
1  8.71e+06  0.349206002  5.510926e-01 0.99299999999999999996
1  9.12e+06  0.3492081228  5.510926e-01 0.99299999999999999996
1  9.55e+06  0.3492110124  5.510926e-01 0.99299999999999999996
1  1.00e+07  0.3492145442  5.510926e-01 0.99299999999999999996
