1  1.00e-03  0.3492561046  5.527576e-01 0.99599999999999999997
1  1.05e-03  0.3492561045  5.527576e-01 0.99599999999999999997
1  1.10e-03  0.3492561008  5.527576e-01 0.99599999999999999997
1  1.15e-03  0.3492560996  5.527576e-01 0.99599999999999999997
1  1.20e-03  0.3492561012  5.527576e-01 0.99599999999999999997
1  1.26e-03  0.3492561012  5.527576e-01 0.99599999999999999997
1  1.32e-03  0.3492561045  5.527576e-01 0.99599999999999999997
1  1.38e-03  0.349256104  5.527576e-01 0.99599999999999999997
1  1.45e-03  0.3492560981  5.527576e-01 0.99599999999999999997
1  1.51e-03  0.3492561055  5.527576e-01 0.99599999999999999997
1  1.58e-03  0.3492561041  5.527576e-01 0.99599999999999999997
1  1.66e-03  0.349256105  5.527576e-01 0.99599999999999999997
1  1.74e-03  0.3492561052  5.527576e-01 0.99599999999999999997
1  1.82e-03  0.3492561027  5.527576e-01 0.99599999999999999997
1  1.91e-03  0.3492561034  5.527576e-01 0.99599999999999999997
1  2.00e-03  0.3492561024  5.527576e-01 0.99599999999999999997
1  2.09e-03  0.3492561056  5.527576e-01 0.99599999999999999997
1  2.19e-03  0.3492561048  5.527576e-01 0.99599999999999999997
1  2.29e-03  0.3492561007  5.527576e-01 0.99599999999999999997
1  2.40e-03  0.3492560989  5.527576e-01 0.99599999999999999997
1  2.51e-03  0.3492561031  5.527576e-01 0.99599999999999999997
1  2.63e-03  0.3492561035  5.527576e-01 0.99599999999999999997
1  2.75e-03  0.349256102  5.527576e-01 0.99599999999999999997
1  2.88e-03  0.3492561031  5.527576e-01 0.99599999999999999997
1  3.02e-03  0.3492561046  5.527576e-01 0.99599999999999999997
1  3.16e-03  0.3492561043  5.527576e-01 0.99599999999999999997
1  3.31e-03  0.3492561037  5.527576e-01 0.99599999999999999997
1  3.47e-03  0.3492561054  5.527576e-01 0.99599999999999999997
1  3.63e-03  0.3492561022  5.527576e-01 0.99599999999999999997
1  3.80e-03  0.3492561041  5.527576e-01 0.99599999999999999997
1  3.98e-03  0.3492561058  5.527576e-01 0.99599999999999999997
1  4.17e-03  0.3492561027  5.527576e-01 0.99599999999999999997
1  4.37e-03  0.3492561029  5.527576e-01 0.99599999999999999997
1  4.57e-03  0.3492561034  5.527576e-01 0.99599999999999999997
1  4.79e-03  0.3492561025  5.527576e-01 0.99599999999999999997
1  5.01e-03  0.3492561025  5.527576e-01 0.99599999999999999997
1  5.25e-03  0.3492560997  5.527576e-01 0.99599999999999999997
1  5.50e-03  0.3492561039  5.527576e-01 0.99599999999999999997
1  5.75e-03  0.3492561024  5.527576e-01 0.99599999999999999997
1  6.03e-03  0.3492561018  5.527576e-01 0.99599999999999999997
1  6.31e-03  0.3492560958  5.527576e-01 0.99599999999999999997
1  6.61e-03  0.3492561002  5.527576e-01 0.99599999999999999997
1  6.92e-03  0.349256103  5.527576e-01 0.99599999999999999997
1  7.24e-03  0.3492561017  5.527576e-01 0.99599999999999999997
1  7.59e-03  0.3492561003  5.527576e-01 0.99599999999999999997
1  7.94e-03  0.3492561051  5.527576e-01 0.99599999999999999997
1  8.32e-03  0.3492560997  5.527576e-01 0.99599999999999999997
1  8.71e-03  0.3492560992  5.527576e-01 0.99599999999999999997
1  9.12e-03  0.3492560991  5.527576e-01 0.99599999999999999997
1  9.55e-03  0.3492560999  5.527576e-01 0.99599999999999999997
1  1.00e-02  0.349256098  5.527576e-01 0.99599999999999999997
1  1.05e-02  0.3492561024  5.527576e-01 0.99599999999999999997
1  1.10e-02  0.3492561083  5.527576e-01 0.99599999999999999997
1  1.15e-02  0.3492561014  5.527576e-01 0.99599999999999999997
1  1.20e-02  0.3492560981  5.527576e-01 0.99599999999999999997
1  1.26e-02  0.3492560947  5.527576e-01 0.99599999999999999997
1  1.32e-02  0.3492561027  5.527576e-01 0.99599999999999999997
1  1.38e-02  0.3492561002  5.527576e-01 0.99599999999999999997
1  1.45e-02  0.3492561005  5.527576e-01 0.99599999999999999997
1  1.51e-02  0.3492561015  5.527576e-01 0.99599999999999999997
1  1.58e-02  0.3492561006  5.527576e-01 0.99599999999999999997
1  1.66e-02  0.3492560933  5.527576e-01 0.99599999999999999997
1  1.74e-02  0.3492561017  5.527576e-01 0.99599999999999999997
1  1.82e-02  0.3492560976  5.527576e-01 0.99599999999999999997
1  1.91e-02  0.3492560889  5.527576e-01 0.99599999999999999997
1  2.00e-02  0.3492560919  5.527576e-01 0.99599999999999999997
1  2.09e-02  0.3492561  5.527576e-01 0.99599999999999999997
1  2.19e-02  0.3492560912  5.527576e-01 0.99599999999999999997
1  2.29e-02  0.3492560645  5.527576e-01 0.99599999999999999997
1  2.40e-02  0.3492561197  5.527576e-01 0.99599999999999999997
1  2.51e-02  0.34925609  5.527576e-01 0.99599999999999999997
1  2.63e-02  0.3492562188  5.527576e-01 0.99599999999999999997
1  2.75e-02  0.34925607  5.527576e-01 0.99599999999999999997
1  2.88e-02  0.3492560686  5.527576e-01 0.99599999999999999997
1  3.02e-02  0.3492561007  5.527576e-01 0.99599999999999999997
1  3.16e-02  0.3492561014  5.527576e-01 0.99599999999999999997
1  3.31e-02  0.3492559775  5.527576e-01 0.99599999999999999997
1  3.47e-02  0.3492560785  5.527576e-01 0.99599999999999999997
1  3.63e-02  0.3492561239  5.527576e-01 0.99599999999999999997
1  3.80e-02  0.3492560934  5.527576e-01 0.99599999999999999997
1  3.98e-02  0.3492560905  5.527576e-01 0.99599999999999999997
1  4.17e-02  0.349256074  5.527576e-01 0.99599999999999999997
1  4.37e-02  0.3492560644  5.527576e-01 0.99599999999999999997
1  4.57e-02  0.3492560661  5.527576e-01 0.99599999999999999997
1  4.79e-02  0.349256098  5.527576e-01 0.99599999999999999997
1  5.01e-02  0.349255713  5.527576e-01 0.99599999999999999997
1  5.25e-02  0.3492560687  5.527576e-01 0.99599999999999999997
1  5.50e-02  0.3492560757  5.527576e-01 0.99599999999999999997
1  5.75e-02  0.3492560395  5.527576e-01 0.99599999999999999997
1  6.03e-02  0.3492560606  5.527576e-01 0.99599999999999999997
1  6.31e-02  0.3492560703  5.527576e-01 0.99599999999999999997
1  6.61e-02  0.3492560608  5.527576e-01 0.99599999999999999997
1  6.92e-02  0.3492560644  5.527576e-01 0.99599999999999999997
1  7.24e-02  0.3492560521  5.527576e-01 0.99599999999999999997
1  7.59e-02  0.3492559846  5.527576e-01 0.99599999999999999997
1  7.94e-02  0.3492559694  5.527576e-01 0.99599999999999999997
1  8.32e-02  0.3492560625  5.527576e-01 0.99599999999999999997
1  8.71e-02  0.3492560324  5.527576e-01 0.99599999999999999997
1  9.12e-02  0.3492560781  5.527576e-01 0.99599999999999999997
1  9.55e-02  0.3492560258  5.527576e-01 0.99599999999999999997
1  1.00e-01  0.3492560293  5.527576e-01 0.99599999999999999997
1  1.05e-01  0.3492558839  5.527576e-01 0.99599999999999999997
1  1.10e-01  0.3492560563  5.527576e-01 0.99599999999999999997
1  1.15e-01  0.3492560207  5.527576e-01 0.99599999999999999997
1  1.20e-01  0.3492559909  5.527576e-01 0.99599999999999999997
1  1.26e-01  0.3492560511  5.527576e-01 0.99599999999999999997
1  1.32e-01  0.3492560704  5.527576e-01 0.99599999999999999997
1  1.38e-01  0.3492560811  5.527576e-01 0.99599999999999999997
1  1.45e-01  0.3492560161  5.527576e-01 0.99599999999999999997
1  1.51e-01  0.3492559918  5.527576e-01 0.99599999999999999997
1  1.58e-01  0.3492560074  5.527576e-01 0.99599999999999999997
1  1.66e-01  0.3492550939  5.527576e-01 0.99599999999999999997
1  1.74e-01  0.34925602  5.527576e-01 0.99599999999999999997
1  1.82e-01  0.3492558722  5.527576e-01 0.99599999999999999997
1  1.91e-01  0.3492559728  5.527576e-01 0.99599999999999999997
1  2.00e-01  0.3492560281  5.527576e-01 0.99599999999999999997
1  2.09e-01  0.3492560791  5.527576e-01 0.99599999999999999997
1  2.19e-01  0.3492560767  5.527576e-01 0.99599999999999999997
1  2.29e-01  0.3492559829  5.527576e-01 0.99599999999999999997
1  2.40e-01  0.3492559996  5.527576e-01 0.99599999999999999997
1  2.51e-01  0.3492560087  5.527576e-01 0.99599999999999999997
1  2.63e-01  0.3492559523  5.527576e-01 0.99599999999999999997
1  2.75e-01  0.3492558127  5.527576e-01 0.99599999999999999997
1  2.88e-01  0.349255932  5.527576e-01 0.99599999999999999997
1  3.02e-01  0.3492559403  5.527576e-01 0.99599999999999999997
1  3.16e-01  0.3492559788  5.527576e-01 0.99599999999999999997
1  3.31e-01  0.3492560075  5.527576e-01 0.99599999999999999997
1  3.47e-01  0.3492571368  5.527576e-01 0.99599999999999999997
1  3.63e-01  0.3492543766  5.527576e-01 0.99599999999999999997
1  3.80e-01  0.3492558099  5.527576e-01 0.99599999999999999997
1  3.98e-01  0.3492558824  5.527576e-01 0.99599999999999999997
1  4.17e-01  0.3492560795  5.527576e-01 0.99599999999999999997
1  4.37e-01  0.3492558539  5.527576e-01 0.99599999999999999997
1  4.57e-01  0.3492559765  5.527576e-01 0.99599999999999999997
1  4.79e-01  0.3492558405  5.527576e-01 0.99599999999999999997
1  5.01e-01  0.3492559344  5.527576e-01 0.99599999999999999997
1  5.25e-01  0.3492558758  5.527576e-01 0.99599999999999999997
1  5.50e-01  0.3492559323  5.527576e-01 0.99599999999999999997
1  5.75e-01  0.3492556403  5.527576e-01 0.99599999999999999997
1  6.03e-01  0.3492568981  5.527576e-01 0.99599999999999999997
1  6.31e-01  0.3492557253  5.527576e-01 0.99599999999999999997
1  6.61e-01  0.3492560698  5.527576e-01 0.99599999999999999997
1  6.92e-01  0.3492559111  5.527576e-01 0.99599999999999999997
1  7.24e-01  0.3492560996  5.527576e-01 0.99599999999999999997
1  7.59e-01  0.349256047  5.527576e-01 0.99599999999999999997
1  7.94e-01  0.3492559618  5.527576e-01 0.99599999999999999997
1  8.32e-01  0.349255465  5.527576e-01 0.99599999999999999997
1  8.71e-01  0.3492560738  5.527576e-01 0.99599999999999999997
1  9.12e-01  0.3492498612  5.527576e-01 0.99599999999999999997
1  9.55e-01  0.3492557673  5.527576e-01 0.99599999999999999997
1  1.00e+00  0.3492558908  5.527576e-01 0.99599999999999999997
1  1.05e+00  0.3492633132  5.527576e-01 0.99599999999999999997
1  1.10e+00  0.349255679  5.527576e-01 0.99599999999999999997
1  1.15e+00  0.3492561798  5.527576e-01 0.99599999999999999997
1  1.20e+00  0.3492560479  5.527576e-01 0.99599999999999999997
1  1.26e+00  0.3492564726  5.527576e-01 0.99599999999999999997
1  1.32e+00  0.349255566  5.527576e-01 0.99599999999999999997
1  1.38e+00  0.3492559799  5.527576e-01 0.99599999999999999997
1  1.45e+00  0.3492561211  5.527576e-01 0.99599999999999999997
1  1.51e+00  0.3492550744  5.527576e-01 0.99599999999999999997
1  1.58e+00  0.3492556674  5.527576e-01 0.99599999999999999997
1  1.66e+00  0.3492560838  5.527576e-01 0.99599999999999999997
1  1.74e+00  0.3492525412  5.527576e-01 0.99599999999999999997
1  1.82e+00  0.3492553996  5.527576e-01 0.99599999999999999997
1  1.91e+00  0.3492551982  5.527576e-01 0.99599999999999999997
1  2.00e+00  0.3492559589  5.527576e-01 0.99599999999999999997
1  2.09e+00  0.3492563147  5.527576e-01 0.99599999999999999997
1  2.19e+00  0.3492560744  5.527576e-01 0.99599999999999999997
1  2.29e+00  0.3492554344  5.527576e-01 0.99599999999999999997
1  2.40e+00  0.3492440702  5.527576e-01 0.99599999999999999997
1  2.51e+00  0.3492546306  5.527576e-01 0.99599999999999999997
1  2.63e+00  0.3492558626  5.527576e-01 0.99599999999999999997
1  2.75e+00  0.3492555686  5.527576e-01 0.99599999999999999997
1  2.88e+00  0.3492381531  5.527576e-01 0.99599999999999999997
1  3.02e+00  0.3492560681  5.527576e-01 0.99599999999999999997
1  3.16e+00  0.3492545981  5.527576e-01 0.99599999999999999997
1  3.31e+00  0.3492662583  5.527576e-01 0.99599999999999999997
1  3.47e+00  0.3492555062  5.527576e-01 0.99599999999999999997
1  3.63e+00  0.3492747134  5.527576e-01 0.99599999999999999997
1  3.80e+00  0.3492549876  5.527576e-01 0.99599999999999999997
1  3.98e+00  0.3492560727  5.527576e-01 0.99599999999999999997
1  4.17e+00  0.3492552895  5.527576e-01 0.99599999999999999997
1  4.37e+00  0.3492547079  5.527576e-01 0.99599999999999999997
1  4.57e+00  0.3492547367  5.527576e-01 0.99599999999999999997
1  4.79e+00  0.3492560054  5.527576e-01 0.99599999999999999997
1  5.01e+00  0.3492535248  5.527576e-01 0.99599999999999999997
1  5.25e+00  0.3492552108  5.527576e-01 0.99599999999999999997
1  5.50e+00  0.3492531177  5.527576e-01 0.99599999999999999997
1  5.75e+00  0.3492534135  5.527576e-01 0.99599999999999999997
1  6.03e+00  0.3492444863  5.527576e-01 0.99599999999999999997
1  6.31e+00  0.349255014  5.527576e-01 0.99599999999999999997
1  6.61e+00  0.3492569076  5.527576e-01 0.99599999999999999997
1  6.92e+00  0.3492552461  5.527576e-01 0.99599999999999999997
1  7.24e+00  0.3492836601  5.527576e-01 0.99599999999999999997
1  7.59e+00  0.3493431515  5.527576e-01 0.99599999999999999997
1  7.94e+00  0.3492963688  5.527576e-01 0.99599999999999999997
1  8.32e+00  0.3493070856  5.527576e-01 0.99599999999999999997
1  8.71e+00  0.3492536224  5.527576e-01 0.99599999999999999997
1  9.12e+00  0.3492526722  5.527576e-01 0.99599999999999999997
1  9.55e+00  0.3492445289  5.527576e-01 0.99599999999999999997
1  1.00e+01  0.3492481744  5.527576e-01 0.99599999999999999997
1  1.05e+01  0.3492538642  5.527576e-01 0.99599999999999999997
1  1.10e+01  0.3492500124  5.527576e-01 0.99599999999999999997
1  1.15e+01  0.3493087456  5.527576e-01 0.99599999999999999997
1  1.20e+01  0.3492178636  5.527576e-01 0.99599999999999999997
1  1.26e+01  0.3492564666  5.527576e-01 0.99599999999999999997
1  1.32e+01  0.3492550098  5.527576e-01 0.99599999999999999997
1  1.38e+01  0.3492515906  5.527576e-01 0.99599999999999999997
1  1.45e+01  0.3492514388  5.527576e-01 0.99599999999999999997
1  1.51e+01  0.3492533092  5.527576e-01 0.99599999999999999997
1  1.58e+01  0.3492505535  5.527576e-01 0.99599999999999999997
1  1.66e+01  0.3493127049  5.527576e-01 0.99599999999999999997
1  1.74e+01  0.3492062227  5.527576e-01 0.99599999999999999997
1  1.82e+01  0.3492573745  5.527576e-01 0.99599999999999999997
1  1.91e+01  0.3492495484  5.527576e-01 0.99599999999999999997
1  2.00e+01  0.3492645021  5.527576e-01 0.99599999999999999997
1  2.09e+01  0.3490077034  5.527576e-01 0.99599999999999999997
1  2.19e+01  0.3492379745  5.527576e-01 0.99599999999999999997
1  2.29e+01  0.3492420039  5.527576e-01 0.99599999999999999997
1  2.40e+01  0.3491337762  5.527576e-01 0.99599999999999999997
1  2.51e+01  0.3495811262  5.527576e-01 0.99599999999999999997
1  2.63e+01  0.3496184952  5.527576e-01 0.99599999999999999997
1  2.75e+01  0.3494621623  5.527576e-01 0.99599999999999999997
1  2.88e+01  0.3488260063  5.527576e-01 0.99599999999999999997
1  3.02e+01  0.3490916886  5.527576e-01 0.99599999999999999997
1  3.16e+01  0.349097186  5.527576e-01 0.99599999999999999997
1  3.31e+01  0.3490805192  5.527576e-01 0.99599999999999999997
1  3.47e+01  0.3489704753  5.527576e-01 0.99599999999999999997
1  3.63e+01  0.349325019  5.527576e-01 0.99599999999999999997
1  3.80e+01  0.3494044684  5.527576e-01 0.99599999999999999997
1  3.98e+01  0.3491352395  5.527576e-01 0.99599999999999999997
1  4.17e+01  0.3491874906  5.527576e-01 0.99599999999999999997
1  4.37e+01  0.3492631065  5.527576e-01 0.99599999999999999997
1  4.57e+01  0.3489550632  5.527576e-01 0.99599999999999999997
1  4.79e+01  0.3491288423  5.527576e-01 0.99599999999999999997
1  5.01e+01  0.3492130585  5.527576e-01 0.99599999999999999997
1  5.25e+01  0.3492415137  5.527576e-01 0.99599999999999999997
1  5.50e+01  0.349344427  5.527576e-01 0.99599999999999999997
1  5.75e+01  0.3492180378  5.527576e-01 0.99599999999999999997
1  6.03e+01  0.3493919454  5.527576e-01 0.99599999999999999997
1  6.31e+01  0.3494352279  5.527576e-01 0.99599999999999999997
1  6.61e+01  0.3492499052  5.527576e-01 0.99599999999999999997
1  6.92e+01  0.3492687219  5.527576e-01 0.99599999999999999997
1  7.24e+01  0.3492955932  5.527576e-01 0.99599999999999999997
1  7.59e+01  0.3491075602  5.527576e-01 0.99599999999999999997
1  7.94e+01  0.3492269177  5.527576e-01 0.99599999999999999997
1  8.32e+01  0.3492840106  5.527576e-01 0.99599999999999999997
1  8.71e+01  0.3492369064  5.527576e-01 0.99599999999999999997
1  9.12e+01  0.3492206647  5.527576e-01 0.99599999999999999997
1  9.55e+01  0.3493243709  5.527576e-01 0.99599999999999999997
1  1.00e+02  0.3493206271  5.527576e-01 0.99599999999999999997
1  1.05e+02  0.3492184232  5.527576e-01 0.99599999999999999997
1  1.10e+02  0.3492407956  5.527576e-01 0.99599999999999999997
1  1.15e+02  0.349245432  5.527576e-01 0.99599999999999999997
1  1.20e+02  0.3493069687  5.527576e-01 0.99599999999999999997
1  1.26e+02  0.3495015573  5.527576e-01 0.99599999999999999997
1  1.32e+02  0.3493157285  5.527576e-01 0.99599999999999999997
1  1.38e+02  0.3492809435  5.527576e-01 0.99599999999999999997
1  1.45e+02  0.3491691307  5.527576e-01 0.99599999999999999997
1  1.51e+02  0.3491939729  5.527576e-01 0.99599999999999999997
1  1.58e+02  0.3494693369  5.527576e-01 0.99599999999999999997
1  1.66e+02  0.3493590316  5.527576e-01 0.99599999999999999997
1  1.74e+02  0.3492422508  5.527576e-01 0.99599999999999999997
1  1.82e+02  0.3491438344  5.527576e-01 0.99599999999999999997
1  1.91e+02  0.3492426619  5.527576e-01 0.99599999999999999997
1  2.00e+02  0.349063763  5.527576e-01 0.99599999999999999997
1  2.09e+02  0.349176141  5.527576e-01 0.99599999999999999997
1  2.19e+02  0.3493229022  5.527576e-01 0.99599999999999999997
1  2.29e+02  0.3491338284  5.527576e-01 0.99599999999999999997
1  2.40e+02  0.3491171948  5.527576e-01 0.99599999999999999997
1  2.51e+02  0.3491653408  5.527576e-01 0.99599999999999999997
1  2.63e+02  0.3490433237  5.527576e-01 0.99599999999999999997
1  2.75e+02  0.3491600736  5.527576e-01 0.99599999999999999997
1  2.88e+02  0.3492309849  5.527576e-01 0.99599999999999999997
1  3.02e+02  0.3492250811  5.527576e-01 0.99599999999999999997
1  3.16e+02  0.3491733785  5.527576e-01 0.99599999999999999997
1  3.31e+02  0.3492073499  5.527576e-01 0.99599999999999999997
1  3.47e+02  0.349164743  5.527576e-01 0.99599999999999999997
1  3.63e+02  0.3491267983  5.527576e-01 0.99599999999999999997
1  3.80e+02  0.3492479348  5.527576e-01 0.99599999999999999997
1  3.98e+02  0.3490956944  5.527576e-01 0.99599999999999999997
1  4.17e+02  0.3492609456  5.527576e-01 0.99599999999999999997
1  4.37e+02  0.3491713546  5.527576e-01 0.99599999999999999997
1  4.57e+02  0.3492956368  5.527576e-01 0.99599999999999999997
1  4.79e+02  0.3493716535  5.527576e-01 0.99599999999999999997
1  5.01e+02  0.3493844446  5.527576e-01 0.99599999999999999997
1  5.25e+02  0.3491232408  5.527576e-01 0.99599999999999999997
1  5.50e+02  0.3492315488  5.527576e-01 0.99599999999999999997
1  5.75e+02  0.3488187388  5.527576e-01 0.99599999999999999997
1  6.03e+02  0.3489293201  5.527576e-01 0.99599999999999999997
1  6.31e+02  0.3492373965  5.527576e-01 0.99599999999999999997
1  6.61e+02  0.3488718611  5.527576e-01 0.99599999999999999997
1  6.92e+02  0.3489754008  5.527576e-01 0.99599999999999999997
1  7.24e+02  0.3489965159  5.527576e-01 0.99599999999999999997
1  7.59e+02  0.3489463484  5.527576e-01 0.99599999999999999997
1  7.94e+02  0.3489424433  5.527576e-01 0.99599999999999999997
1  8.32e+02  0.3493871217  5.527576e-01 0.99599999999999999997
1  8.71e+02  0.3493643647  5.527576e-01 0.99599999999999999997
1  9.12e+02  0.3488550822  5.527576e-01 0.99599999999999999997
1  9.55e+02  0.3492648712  5.527576e-01 0.99599999999999999997
1  1.00e+03  0.3489588592  5.527576e-01 0.99599999999999999997
1  1.05e+03  0.3491543256  5.527576e-01 0.99599999999999999997
1  1.10e+03  0.3483340161  5.527576e-01 0.99599999999999999997
1  1.15e+03  0.3491893145  5.527576e-01 0.99599999999999999997
1  1.20e+03  0.3482033727  5.527576e-01 0.99599999999999999997
1  1.26e+03  0.3487721743  5.527576e-01 0.99599999999999999997
1  1.32e+03  0.3493120837  5.527576e-01 0.99599999999999999997
1  1.38e+03  0.3503053792  5.527576e-01 0.99599999999999999997
1  1.45e+03  0.3479850571  5.527576e-01 0.99599999999999999997
1  1.51e+03  0.349712603  5.527576e-01 0.99599999999999999997
1  1.58e+03  0.3474366496  5.527576e-01 0.99599999999999999997
1  1.66e+03  0.3465967525  5.527576e-01 0.99599999999999999997
1  1.74e+03  0.348249676  5.527576e-01 0.99599999999999999997
1  1.82e+03  0.3516656301  5.527576e-01 0.99599999999999999997
1  1.91e+03  0.3490679316  5.527576e-01 0.99599999999999999997
1  2.00e+03  0.3536515929  5.527576e-01 0.99599999999999999997
1  2.09e+03  0.3506715613  5.527576e-01 0.99599999999999999997
1  2.19e+03  0.3470801053  5.527576e-01 0.99599999999999999997
1  2.29e+03  0.3450008713  5.527576e-01 0.99599999999999999997
1  2.40e+03  0.3428376878  5.527576e-01 0.99599999999999999997
1  2.51e+03  0.3465621754  5.527576e-01 0.99599999999999999997
1  2.63e+03  0.3468160278  5.527576e-01 0.99599999999999999997
1  2.75e+03  0.3375176689  5.527576e-01 0.99599999999999999997
1  2.88e+03  0.3454665871  5.527576e-01 0.99599999999999999997
1  3.02e+03  0.3499907621  5.527576e-01 0.99599999999999999997
1  3.16e+03  0.3444466513  5.527576e-01 0.99599999999999999997
1  3.31e+03  0.3405850491  5.527576e-01 0.99599999999999999997
1  3.47e+03  0.3416194937  5.527576e-01 0.99599999999999999997
1  3.63e+03  0.3564383032  5.527576e-01 0.99599999999999999997
1  3.80e+03  0.3589383806  5.527576e-01 0.99599999999999999997
1  3.98e+03  0.3485647504  5.527576e-01 0.99599999999999999997
1  4.17e+03  0.3559403845  5.527576e-01 0.99599999999999999997
1  4.37e+03  0.3565447186  5.527576e-01 0.99599999999999999997
1  4.57e+03  0.362905002  5.527576e-01 0.99599999999999999997
1  4.79e+03  0.338578003  5.527576e-01 0.99599999999999999997
1  5.01e+03  0.364900327  5.527576e-01 0.99599999999999999997
1  5.25e+03  0.3685268312  5.527576e-01 0.99599999999999999997
1  5.50e+03  0.3633061141  5.527576e-01 0.99599999999999999997
1  5.75e+03  0.3701561309  5.527576e-01 0.99599999999999999997
1  6.03e+03  0.3634873654  5.527576e-01 0.99599999999999999997
1  6.31e+03  0.3628024239  5.527576e-01 0.99599999999999999997
1  6.61e+03  0.3625357238  5.527576e-01 0.99599999999999999997
1  6.92e+03  0.3560464123  5.527576e-01 0.99599999999999999997
1  7.24e+03  0.3441776442  5.527576e-01 0.99599999999999999997
1  7.59e+03  0.3626756132  5.527576e-01 0.99599999999999999997
1  7.94e+03  0.3053105441  5.527576e-01 0.99599999999999999997
1  8.32e+03  0.3711130171  5.527576e-01 0.99599999999999999997
1  8.71e+03  0.3236394427  5.527576e-01 0.99599999999999999997
1  9.12e+03  0.3749774843  5.527576e-01 0.99599999999999999997
1  9.55e+03  0.3629439236  5.527576e-01 0.99599999999999999997
1  1.00e+04  0.3177102474  5.527576e-01 0.99599999999999999997
1  1.05e+04  0.3032634297  5.527576e-01 0.99599999999999999997
1  1.10e+04  0.3719052931  5.527576e-01 0.99599999999999999997
1  1.15e+04  0.360002489  5.527576e-01 0.99599999999999999997
1  1.20e+04  0.3340519008  5.527576e-01 0.99599999999999999997
1  1.26e+04  0.3609763302  5.527576e-01 0.99599999999999999997
1  1.32e+04  0.3038767614  5.527576e-01 0.99599999999999999997
1  1.38e+04  0.3492049575  5.527576e-01 0.99599999999999999997
1  1.45e+04  0.3141945666  5.527576e-01 0.99599999999999999997
1  1.51e+04  0.3542842729  5.527576e-01 0.99599999999999999997
1  1.58e+04  0.3498968589  5.527576e-01 0.99599999999999999997
1  1.66e+04  0.355498294  5.527576e-01 0.99599999999999999997
1  1.74e+04  0.3344454595  5.527576e-01 0.99599999999999999997
1  1.82e+04  0.3120178379  5.527576e-01 0.99599999999999999997
1  1.91e+04  0.3404897261  5.527576e-01 0.99599999999999999997
1  2.00e+04  0.3427235034  5.527576e-01 0.99599999999999999997
1  2.09e+04  0.3428391271  5.527576e-01 0.99599999999999999997
1  2.19e+04  0.3334830485  5.527576e-01 0.99599999999999999997
1  2.29e+04  0.3250550419  5.527576e-01 0.99599999999999999997
1  2.40e+04  0.3379037089  5.527576e-01 0.99599999999999999997
1  2.51e+04  0.3394087978  5.527576e-01 0.99599999999999999997
1  2.63e+04  0.3569111166  5.527576e-01 0.99599999999999999997
1  2.75e+04  0.2659226282  5.527576e-01 0.99599999999999999997
1  2.88e+04  0.335113128  5.527576e-01 0.99599999999999999997
1  3.02e+04  0.3272567965  5.527576e-01 0.99599999999999999997
1  3.16e+04  0.3547765711  5.527576e-01 0.99599999999999999997
1  3.31e+04  0.3025705482  5.527576e-01 0.99599999999999999997
1  3.47e+04  0.337623569  5.527576e-01 0.99599999999999999997
1  3.63e+04  0.2705787439  5.527576e-01 0.99599999999999999997
1  3.80e+04  0.3554821196  5.527576e-01 0.99599999999999999997
1  3.98e+04  0.3191719022  5.527576e-01 0.99599999999999999997
1  4.17e+04  0.3458431935  5.527576e-01 0.99599999999999999997
1  4.37e+04  0.3412913816  5.527576e-01 0.99599999999999999997
1  4.57e+04  0.2855999509  5.527576e-01 0.99599999999999999997
1  4.79e+04  0.3558834537  5.527576e-01 0.99599999999999999997
1  5.01e+04  0.2859647654  5.527576e-01 0.99599999999999999997
1  5.25e+04  0.2952804194  5.527576e-01 0.99599999999999999997
1  5.50e+04  0.3582914008  5.527576e-01 0.99599999999999999997
1  5.75e+04  0.3221040581  5.527576e-01 0.99599999999999999997
1  6.03e+04  0.324074835  5.527576e-01 0.99599999999999999997
1  6.31e+04  0.3507929361  5.527576e-01 0.99599999999999999997
1  6.61e+04  0.3547466666  5.527576e-01 0.99599999999999999997
1  6.92e+04  0.3234245083  5.527576e-01 0.99599999999999999997
1  7.24e+04  0.3092459415  5.527576e-01 0.99599999999999999997
1  7.59e+04  0.3453967952  5.527576e-01 0.99599999999999999997
1  7.94e+04  0.3524394006  5.527576e-01 0.99599999999999999997
1  8.32e+04  0.3038591788  5.527576e-01 0.99599999999999999997
1  8.71e+04  0.2844238678  5.527576e-01 0.99599999999999999997
1  9.12e+04  0.3247929382  5.527576e-01 0.99599999999999999997
1  9.55e+04  0.3573844216  5.527576e-01 0.99599999999999999997
1  1.00e+05  0.3394616116  5.527576e-01 0.99599999999999999997
1  1.05e+05  0.3067119118  5.527576e-01 0.99599999999999999997
1  1.10e+05  0.3047856227  5.527576e-01 0.99599999999999999997
1  1.15e+05  0.3315848804  5.527576e-01 0.99599999999999999997
1  1.20e+05  0.3553790865  5.527576e-01 0.99599999999999999997
1  1.26e+05  0.3574322949  5.527576e-01 0.99599999999999999997
1  1.32e+05  0.3445318103  5.527576e-01 0.99599999999999999997
1  1.38e+05  0.332984492  5.527576e-01 0.99599999999999999997
1  1.45e+05  0.3317651158  5.527576e-01 0.99599999999999999997
1  1.51e+05  0.3392080994  5.527576e-01 0.99599999999999999997
1  1.58e+05  0.3489313105  5.527576e-01 0.99599999999999999997
1  1.66e+05  0.3558772757  5.527576e-01 0.99599999999999999997
1  1.74e+05  0.3583635891  5.527576e-01 0.99599999999999999997
1  1.82e+05  0.3571443379  5.527576e-01 0.99599999999999999997
1  1.91e+05  0.3538267204  5.527576e-01 0.99599999999999999997
1  2.00e+05  0.3499185547  5.527576e-01 0.99599999999999999997
1  2.09e+05  0.3465552449  5.527576e-01 0.99599999999999999997
1  2.19e+05  0.3445035327  5.527576e-01 0.99599999999999999997
1  2.29e+05  0.344166442  5.527576e-01 0.99599999999999999997
1  2.40e+05  0.3455547446  5.527576e-01 0.99599999999999999997
1  2.51e+05  0.3482993194  5.527576e-01 0.99599999999999999997
1  2.63e+05  0.3517537409  5.527576e-01 0.99599999999999999997
1  2.75e+05  0.3551683388  5.527576e-01 0.99599999999999999997
1  2.88e+05  0.357875227  5.527576e-01 0.99599999999999999997
1  3.02e+05  0.3594255019  5.527576e-01 0.99599999999999999997
1  3.16e+05  0.3596484733  5.527576e-01 0.99599999999999999997
1  3.31e+05  0.35863519  5.527576e-01 0.99599999999999999997
1  3.47e+05  0.3566698768  5.527576e-01 0.99599999999999999997
1  3.63e+05  0.3541395901  5.527576e-01 0.99599999999999999997
1  3.80e+05  0.3514479664  5.527576e-01 0.99599999999999999997
1  3.98e+05  0.3489492498  5.527576e-01 0.99599999999999999997
1  4.17e+05  0.3469087533  5.527576e-01 0.99599999999999999997
1  4.37e+05  0.3454883292  5.527576e-01 0.99599999999999999997
1  4.57e+05  0.3447511336  5.527576e-01 0.99599999999999999997
1  4.79e+05  0.344678562  5.527576e-01 0.99599999999999999997
1  5.01e+05  0.3451927681  5.527576e-01 0.99599999999999999997
1  5.25e+05  0.3461797172  5.527576e-01 0.99599999999999999997
1  5.50e+05  0.3475095159  5.527576e-01 0.99599999999999999997
1  5.75e+05  0.3490523729  5.527576e-01 0.99599999999999999997
1  6.03e+05  0.3506897579  5.527576e-01 0.99599999999999999997
1  6.31e+05  0.3523211197  5.527576e-01 0.99599999999999999997
1  6.61e+05  0.3538961106  5.527576e-01 0.99599999999999999997
1  6.92e+05  0.355386282  5.527576e-01 0.99599999999999999997
1  7.24e+05  0.3566698792  5.527576e-01 0.99599999999999999997
1  7.59e+05  0.3577210562  5.527576e-01 0.99599999999999999997
1  7.94e+05  0.3585228734  5.527576e-01 0.99599999999999999997
1  8.32e+05  0.359076818  5.527576e-01 0.99599999999999999997
1  8.71e+05  0.3593976894  5.527576e-01 0.99599999999999999997
1  9.12e+05  0.3595090073  5.527576e-01 0.99599999999999999997
1  9.55e+05  0.3594391869  5.527576e-01 0.99599999999999999997
1  1.00e+06  0.3592185509  5.527576e-01 0.99599999999999999997
1  1.05e+06  0.3588771368  5.527576e-01 0.99599999999999999997
1  1.10e+06  0.3584432007  5.527576e-01 0.99599999999999999997
1  1.15e+06  0.3579422903  5.527576e-01 0.99599999999999999997
1  1.20e+06  0.3573967609  5.527576e-01 0.99599999999999999997
1  1.26e+06  0.3568256173  5.527576e-01 0.99599999999999999997
1  1.32e+06  0.3562445836  5.527576e-01 0.99599999999999999997
1  1.38e+06  0.3556663191  5.527576e-01 0.99599999999999999997
1  1.45e+06  0.355100721  5.527576e-01 0.99599999999999999997
1  1.51e+06  0.3545552663  5.527576e-01 0.99599999999999999997
1  1.58e+06  0.3540353629  5.527576e-01 0.99599999999999999997
1  1.66e+06  0.3535446879  5.527576e-01 0.99599999999999999997
1  1.74e+06  0.3531028989  5.527576e-01 0.99599999999999999997
1  1.82e+06  0.352675404  5.527576e-01 0.99599999999999999997
1  1.91e+06  0.3522807046  5.527576e-01 0.99599999999999999997
1  2.00e+06  0.3519183608  5.527576e-01 0.99599999999999999997
1  2.09e+06  0.3515874171  5.527576e-01 0.99599999999999999997
1  2.19e+06  0.3512865476  5.527576e-01 0.99599999999999999997
1  2.29e+06  0.3510141746  5.527576e-01 0.99599999999999999997
1  2.40e+06  0.3507685623  5.527576e-01 0.99599999999999999997
1  2.51e+06  0.3505478918  5.527576e-01 0.99599999999999999997
1  2.63e+06  0.350350318  5.527576e-01 0.99599999999999999997
1  2.75e+06  0.3501740132  5.527576e-01 0.99599999999999999997
1  2.88e+06  0.3500171989  5.527576e-01 0.99599999999999999997
1  3.02e+06  0.3498781686  5.527576e-01 0.99599999999999999997
1  3.16e+06  0.3497553032  5.527576e-01 0.99599999999999999997
1  3.31e+06  0.3496470804  5.527576e-01 0.99599999999999999997
1  3.47e+06  0.3495520796  5.527576e-01 0.99599999999999999997
1  3.63e+06  0.3494740145  5.527576e-01 0.99599999999999999997
1  3.80e+06  0.3494011684  5.527576e-01 0.99599999999999999997
1  3.98e+06  0.3493379347  5.527576e-01 0.99599999999999999997
1  4.17e+06  0.3492832927  5.527576e-01 0.99599999999999999997
1  4.37e+06  0.3492363125  5.527576e-01 0.99599999999999999997
1  4.57e+06  0.3491961502  5.527576e-01 0.99599999999999999997
1  4.79e+06  0.3491620412  5.527576e-01 0.99599999999999999997
1  5.01e+06  0.3491332953  5.527576e-01 0.99599999999999999997
1  5.25e+06  0.3491092905  5.527576e-01 0.99599999999999999997
1  5.50e+06  0.3490894676  5.527576e-01 0.99599999999999999997
1  5.75e+06  0.3490733246  5.527576e-01 0.99599999999999999997
1  6.03e+06  0.349060412  5.527576e-01 0.99599999999999999997
1  6.31e+06  0.3490503277  5.527576e-01 0.99599999999999999997
1  6.61e+06  0.3490427127  5.527576e-01 0.99599999999999999997
1  6.92e+06  0.3490372471  5.527576e-01 0.99599999999999999997
1  7.24e+06  0.3490348541  5.527576e-01 0.99599999999999999997
1  7.59e+06  0.3490327522  5.527576e-01 0.99599999999999999997
1  7.94e+06  0.3490320473  5.527576e-01 0.99599999999999999997
1  8.32e+06  0.3490325394  5.527576e-01 0.99599999999999999997
1  8.71e+06  0.3490340515  5.527576e-01 0.99599999999999999997
1  9.12e+06  0.3490364273  5.527576e-01 0.99599999999999999997
1  9.55e+06  0.3490395288  5.527576e-01 0.99599999999999999997
1  1.00e+07  0.3490432347  5.527576e-01 0.99599999999999999997
