1  1.00e-03  0.5203413045  5.916060e-01 1.06599999999999999996
1  1.05e-03  0.5203413123  5.916060e-01 1.06599999999999999996
1  1.10e-03  0.5203413222  5.916060e-01 1.06599999999999999996
1  1.15e-03  0.520341325  5.916060e-01 1.06599999999999999996
1  1.20e-03  0.520341316  5.916060e-01 1.06599999999999999996
1  1.26e-03  0.5203413205  5.916060e-01 1.06599999999999999996
1  1.32e-03  0.5203413226  5.916060e-01 1.06599999999999999996
1  1.38e-03  0.5203413214  5.916060e-01 1.06599999999999999996
1  1.45e-03  0.520341321  5.916060e-01 1.06599999999999999996
1  1.51e-03  0.5203413105  5.916060e-01 1.06599999999999999996
1  1.58e-03  0.52034131  5.916060e-01 1.06599999999999999996
1  1.66e-03  0.5203413104  5.916060e-01 1.06599999999999999996
1  1.74e-03  0.5203413116  5.916060e-01 1.06599999999999999996
1  1.82e-03  0.5203413128  5.916060e-01 1.06599999999999999996
1  1.91e-03  0.5203413085  5.916060e-01 1.06599999999999999996
1  2.00e-03  0.5203413104  5.916060e-01 1.06599999999999999996
1  2.09e-03  0.5203413079  5.916060e-01 1.06599999999999999996
1  2.19e-03  0.5203413191  5.916060e-01 1.06599999999999999996
1  2.29e-03  0.5203413185  5.916060e-01 1.06599999999999999996
1  2.40e-03  0.5203413199  5.916060e-01 1.06599999999999999996
1  2.51e-03  0.5203413093  5.916060e-01 1.06599999999999999996
1  2.63e-03  0.5203413311  5.916060e-01 1.06599999999999999996
1  2.75e-03  0.5203413269  5.916060e-01 1.06599999999999999996
1  2.88e-03  0.5203413141  5.916060e-01 1.06599999999999999996
1  3.02e-03  0.5203413093  5.916060e-01 1.06599999999999999996
1  3.16e-03  0.520341319  5.916060e-01 1.06599999999999999996
1  3.31e-03  0.5203413149  5.916060e-01 1.06599999999999999996
1  3.47e-03  0.5203413212  5.916060e-01 1.06599999999999999996
1  3.63e-03  0.5203413137  5.916060e-01 1.06599999999999999996
1  3.80e-03  0.5203413117  5.916060e-01 1.06599999999999999996
1  3.98e-03  0.5203413221  5.916060e-01 1.06599999999999999996
1  4.17e-03  0.520341344  5.916060e-01 1.06599999999999999996
1  4.37e-03  0.5203413164  5.916060e-01 1.06599999999999999996
1  4.57e-03  0.5203413177  5.916060e-01 1.06599999999999999996
1  4.79e-03  0.5203413147  5.916060e-01 1.06599999999999999996
1  5.01e-03  0.5203413281  5.916060e-01 1.06599999999999999996
1  5.25e-03  0.520341321  5.916060e-01 1.06599999999999999996
1  5.50e-03  0.5203413026  5.916060e-01 1.06599999999999999996
1  5.75e-03  0.5203413539  5.916060e-01 1.06599999999999999996
1  6.03e-03  0.5203413053  5.916060e-01 1.06599999999999999996
1  6.31e-03  0.5203413202  5.916060e-01 1.06599999999999999996
1  6.61e-03  0.5203412774  5.916060e-01 1.06599999999999999996
1  6.92e-03  0.5203413229  5.916060e-01 1.06599999999999999996
1  7.24e-03  0.5203413122  5.916060e-01 1.06599999999999999996
1  7.59e-03  0.5203413169  5.916060e-01 1.06599999999999999996
1  7.94e-03  0.5203413343  5.916060e-01 1.06599999999999999996
1  8.32e-03  0.5203413105  5.916060e-01 1.06599999999999999996
1  8.71e-03  0.5203413288  5.916060e-01 1.06599999999999999996
1  9.12e-03  0.5203413098  5.916060e-01 1.06599999999999999996
1  9.55e-03  0.5203413238  5.916060e-01 1.06599999999999999996
1  1.00e-02  0.5203413204  5.916060e-01 1.06599999999999999996
1  1.05e-02  0.5203413356  5.916060e-01 1.06599999999999999996
1  1.10e-02  0.5203413067  5.916060e-01 1.06599999999999999996
1  1.15e-02  0.5203413304  5.916060e-01 1.06599999999999999996
1  1.20e-02  0.520341334  5.916060e-01 1.06599999999999999996
1  1.26e-02  0.5203404881  5.916060e-01 1.06599999999999999996
1  1.32e-02  0.5203413416  5.916060e-01 1.06599999999999999996
1  1.38e-02  0.5203413324  5.916060e-01 1.06599999999999999996
1  1.45e-02  0.5203413409  5.916060e-01 1.06599999999999999996
1  1.51e-02  0.5203413391  5.916060e-01 1.06599999999999999996
1  1.58e-02  0.5203413403  5.916060e-01 1.06599999999999999996
1  1.66e-02  0.5203413072  5.916060e-01 1.06599999999999999996
1  1.74e-02  0.520341328  5.916060e-01 1.06599999999999999996
1  1.82e-02  0.5203413002  5.916060e-01 1.06599999999999999996
1  1.91e-02  0.5203413177  5.916060e-01 1.06599999999999999996
1  2.00e-02  0.5203412751  5.916060e-01 1.06599999999999999996
1  2.09e-02  0.5203412813  5.916060e-01 1.06599999999999999996
1  2.19e-02  0.5203412651  5.916060e-01 1.06599999999999999996
1  2.29e-02  0.5203412758  5.916060e-01 1.06599999999999999996
1  2.40e-02  0.5203413183  5.916060e-01 1.06599999999999999996
1  2.51e-02  0.5203419615  5.916060e-01 1.06599999999999999996
1  2.63e-02  0.5203409811  5.916060e-01 1.06599999999999999996
1  2.75e-02  0.5203413603  5.916060e-01 1.06599999999999999996
1  2.88e-02  0.5203413627  5.916060e-01 1.06599999999999999996
1  3.02e-02  0.5203414109  5.916060e-01 1.06599999999999999996
1  3.16e-02  0.5203413545  5.916060e-01 1.06599999999999999996
1  3.31e-02  0.5203413523  5.916060e-01 1.06599999999999999996
1  3.47e-02  0.520341263  5.916060e-01 1.06599999999999999996
1  3.63e-02  0.5203413203  5.916060e-01 1.06599999999999999996
1  3.80e-02  0.5203413393  5.916060e-01 1.06599999999999999996
1  3.98e-02  0.5203412394  5.916060e-01 1.06599999999999999996
1  4.17e-02  0.5203420908  5.916060e-01 1.06599999999999999996
1  4.37e-02  0.52034167  5.916060e-01 1.06599999999999999996
1  4.57e-02  0.5203412518  5.916060e-01 1.06599999999999999996
1  4.79e-02  0.5203419534  5.916060e-01 1.06599999999999999996
1  5.01e-02  0.5203413957  5.916060e-01 1.06599999999999999996
1  5.25e-02  0.5203413084  5.916060e-01 1.06599999999999999996
1  5.50e-02  0.5203413929  5.916060e-01 1.06599999999999999996
1  5.75e-02  0.5203412709  5.916060e-01 1.06599999999999999996
1  6.03e-02  0.5203414153  5.916060e-01 1.06599999999999999996
1  6.31e-02  0.5203413965  5.916060e-01 1.06599999999999999996
1  6.61e-02  0.5203412366  5.916060e-01 1.06599999999999999996
1  6.92e-02  0.5203412337  5.916060e-01 1.06599999999999999996
1  7.24e-02  0.5203433797  5.916060e-01 1.06599999999999999996
1  7.59e-02  0.5203414785  5.916060e-01 1.06599999999999999996
1  7.94e-02  0.5203412005  5.916060e-01 1.06599999999999999996
1  8.32e-02  0.520341642  5.916060e-01 1.06599999999999999996
1  8.71e-02  0.5203413332  5.916060e-01 1.06599999999999999996
1  9.12e-02  0.520341375  5.916060e-01 1.06599999999999999996
1  9.55e-02  0.5203414063  5.916060e-01 1.06599999999999999996
1  1.00e-01  0.5203413067  5.916060e-01 1.06599999999999999996
1  1.05e-01  0.5203411462  5.916060e-01 1.06599999999999999996
1  1.10e-01  0.5203413027  5.916060e-01 1.06599999999999999996
1  1.15e-01  0.5203415113  5.916060e-01 1.06599999999999999996
1  1.20e-01  0.5203412967  5.916060e-01 1.06599999999999999996
1  1.26e-01  0.5203409906  5.916060e-01 1.06599999999999999996
1  1.32e-01  0.5203415308  5.916060e-01 1.06599999999999999996
1  1.38e-01  0.5203414656  5.916060e-01 1.06599999999999999996
1  1.45e-01  0.5203411724  5.916060e-01 1.06599999999999999996
1  1.51e-01  0.5203414384  5.916060e-01 1.06599999999999999996
1  1.58e-01  0.5203409742  5.916060e-01 1.06599999999999999996
1  1.66e-01  0.5203411094  5.916060e-01 1.06599999999999999996
1  1.74e-01  0.5203413071  5.916060e-01 1.06599999999999999996
1  1.82e-01  0.5203411716  5.916060e-01 1.06599999999999999996
1  1.91e-01  0.5203479313  5.916060e-01 1.06599999999999999996
1  2.00e-01  0.5203412481  5.916060e-01 1.06599999999999999996
1  2.09e-01  0.5203409301  5.916060e-01 1.06599999999999999996
1  2.19e-01  0.5203413431  5.916060e-01 1.06599999999999999996
1  2.29e-01  0.5203414822  5.916060e-01 1.06599999999999999996
1  2.40e-01  0.5203412115  5.916060e-01 1.06599999999999999996
1  2.51e-01  0.5203410812  5.916060e-01 1.06599999999999999996
1  2.63e-01  0.520340985  5.916060e-01 1.06599999999999999996
1  2.75e-01  0.5203406575  5.916060e-01 1.06599999999999999996
1  2.88e-01  0.5203408469  5.916060e-01 1.06599999999999999996
1  3.02e-01  0.5203409855  5.916060e-01 1.06599999999999999996
1  3.16e-01  0.5203414656  5.916060e-01 1.06599999999999999996
1  3.31e-01  0.520341556  5.916060e-01 1.06599999999999999996
1  3.47e-01  0.5203406499  5.916060e-01 1.06599999999999999996
1  3.63e-01  0.5203414819  5.916060e-01 1.06599999999999999996
1  3.80e-01  0.520341106  5.916060e-01 1.06599999999999999996
1  3.98e-01  0.5203413166  5.916060e-01 1.06599999999999999996
1  4.17e-01  0.5203401328  5.916060e-01 1.06599999999999999996
1  4.37e-01  0.5203409463  5.916060e-01 1.06599999999999999996
1  4.57e-01  0.5203399498  5.916060e-01 1.06599999999999999996
1  4.79e-01  0.5203401663  5.916060e-01 1.06599999999999999996
1  5.01e-01  0.5203403128  5.916060e-01 1.06599999999999999996
1  5.25e-01  0.520340517  5.916060e-01 1.06599999999999999996
1  5.50e-01  0.5203413149  5.916060e-01 1.06599999999999999996
1  5.75e-01  0.5203408787  5.916060e-01 1.06599999999999999996
1  6.03e-01  0.5203410319  5.916060e-01 1.06599999999999999996
1  6.31e-01  0.5203408436  5.916060e-01 1.06599999999999999996
1  6.61e-01  0.5203400292  5.916060e-01 1.06599999999999999996
1  6.92e-01  0.5203391166  5.916060e-01 1.06599999999999999996
1  7.24e-01  0.5203395477  5.916060e-01 1.06599999999999999996
1  7.59e-01  0.5203366062  5.916060e-01 1.06599999999999999996
1  7.94e-01  0.5203415119  5.916060e-01 1.06599999999999999996
1  8.32e-01  0.520340685  5.916060e-01 1.06599999999999999996
1  8.71e-01  0.5203395442  5.916060e-01 1.06599999999999999996
1  9.12e-01  0.5203384118  5.916060e-01 1.06599999999999999996
1  9.55e-01  0.5203393965  5.916060e-01 1.06599999999999999996
1  1.00e+00  0.5203383675  5.916060e-01 1.06599999999999999996
1  1.05e+00  0.5203401896  5.916060e-01 1.06599999999999999996
1  1.10e+00  0.5203431507  5.916060e-01 1.06599999999999999996
1  1.15e+00  0.5203386696  5.916060e-01 1.06599999999999999996
1  1.20e+00  0.5203416781  5.916060e-01 1.06599999999999999996
1  1.26e+00  0.5203415489  5.916060e-01 1.06599999999999999996
1  1.32e+00  0.5203350894  5.916060e-01 1.06599999999999999996
1  1.38e+00  0.5203392995  5.916060e-01 1.06599999999999999996
1  1.45e+00  0.5203383009  5.916060e-01 1.06599999999999999996
1  1.51e+00  0.5203409831  5.916060e-01 1.06599999999999999996
1  1.58e+00  0.5203412403  5.916060e-01 1.06599999999999999996
1  1.66e+00  0.5203414008  5.916060e-01 1.06599999999999999996
1  1.74e+00  0.5203375136  5.916060e-01 1.06599999999999999996
1  1.82e+00  0.5203409851  5.916060e-01 1.06599999999999999996
1  1.91e+00  0.5203359201  5.916060e-01 1.06599999999999999996
1  2.00e+00  0.5203501072  5.916060e-01 1.06599999999999999996
1  2.09e+00  0.5203365093  5.916060e-01 1.06599999999999999996
1  2.19e+00  0.5203409585  5.916060e-01 1.06599999999999999996
1  2.29e+00  0.5203261783  5.916060e-01 1.06599999999999999996
1  2.40e+00  0.5203350562  5.916060e-01 1.06599999999999999996
1  2.51e+00  0.5203439578  5.916060e-01 1.06599999999999999996
1  2.63e+00  0.5203127228  5.916060e-01 1.06599999999999999996
1  2.75e+00  0.5203461307  5.916060e-01 1.06599999999999999996
1  2.88e+00  0.5203364052  5.916060e-01 1.06599999999999999996
1  3.02e+00  0.5203392685  5.916060e-01 1.06599999999999999996
1  3.16e+00  0.5203414152  5.916060e-01 1.06599999999999999996
1  3.31e+00  0.5203338004  5.916060e-01 1.06599999999999999996
1  3.47e+00  0.5203364054  5.916060e-01 1.06599999999999999996
1  3.63e+00  0.5203365299  5.916060e-01 1.06599999999999999996
1  3.80e+00  0.5203409787  5.916060e-01 1.06599999999999999996
1  3.98e+00  0.5203289086  5.916060e-01 1.06599999999999999996
1  4.17e+00  0.5203309906  5.916060e-01 1.06599999999999999996
1  4.37e+00  0.5203419088  5.916060e-01 1.06599999999999999996
1  4.57e+00  0.5203407091  5.916060e-01 1.06599999999999999996
1  4.79e+00  0.5203396205  5.916060e-01 1.06599999999999999996
1  5.01e+00  0.520329132  5.916060e-01 1.06599999999999999996
1  5.25e+00  0.520349738  5.916060e-01 1.06599999999999999996
1  5.50e+00  0.5203388928  5.916060e-01 1.06599999999999999996
1  5.75e+00  0.5203374209  5.916060e-01 1.06599999999999999996
1  6.03e+00  0.5203237761  5.916060e-01 1.06599999999999999996
1  6.31e+00  0.5203369029  5.916060e-01 1.06599999999999999996
1  6.61e+00  0.5203216247  5.916060e-01 1.06599999999999999996
1  6.92e+00  0.520337726  5.916060e-01 1.06599999999999999996
1  7.24e+00  0.5203198752  5.916060e-01 1.06599999999999999996
1  7.59e+00  0.5203363786  5.916060e-01 1.06599999999999999996
1  7.94e+00  0.5203202599  5.916060e-01 1.06599999999999999996
1  8.32e+00  0.5203390189  5.916060e-01 1.06599999999999999996
1  8.71e+00  0.5204368547  5.916060e-01 1.06599999999999999996
1  9.12e+00  0.5203247171  5.916060e-01 1.06599999999999999996
1  9.55e+00  0.5203122568  5.916060e-01 1.06599999999999999996
1  1.00e+01  0.5203394998  5.916060e-01 1.06599999999999999996
1  1.05e+01  0.520317764  5.916060e-01 1.06599999999999999996
1  1.10e+01  0.5203208331  5.916060e-01 1.06599999999999999996
1  1.15e+01  0.52033755  5.916060e-01 1.06599999999999999996
1  1.20e+01  0.5203564501  5.916060e-01 1.06599999999999999996
1  1.26e+01  0.5202977968  5.916060e-01 1.06599999999999999996
1  1.32e+01  0.520338723  5.916060e-01 1.06599999999999999996
1  1.38e+01  0.5203314297  5.916060e-01 1.06599999999999999996
1  1.45e+01  0.5203392158  5.916060e-01 1.06599999999999999996
1  1.51e+01  0.5202988583  5.916060e-01 1.06599999999999999996
1  1.58e+01  0.520346638  5.916060e-01 1.06599999999999999996
1  1.66e+01  0.5203396655  5.916060e-01 1.06599999999999999996
1  1.74e+01  0.5202807721  5.916060e-01 1.06599999999999999996
1  1.82e+01  0.5203057713  5.916060e-01 1.06599999999999999996
1  1.91e+01  0.5203250501  5.916060e-01 1.06599999999999999996
1  2.00e+01  0.5203113653  5.916060e-01 1.06599999999999999996
1  2.09e+01  0.5202020556  5.916060e-01 1.06599999999999999996
1  2.19e+01  0.5202838605  5.916060e-01 1.06599999999999999996
1  2.29e+01  0.5203170103  5.916060e-01 1.06599999999999999996
1  2.40e+01  0.5199976477  5.916060e-01 1.06599999999999999996
1  2.51e+01  0.5206716415  5.916060e-01 1.06599999999999999996
1  2.63e+01  0.5207850452  5.916060e-01 1.06599999999999999996
1  2.75e+01  0.5199949496  5.916060e-01 1.06599999999999999996
1  2.88e+01  0.5202789738  5.916060e-01 1.06599999999999999996
1  3.02e+01  0.5202384074  5.916060e-01 1.06599999999999999996
1  3.16e+01  0.5203491049  5.916060e-01 1.06599999999999999996
1  3.31e+01  0.5205181633  5.916060e-01 1.06599999999999999996
1  3.47e+01  0.5206303755  5.916060e-01 1.06599999999999999996
1  3.63e+01  0.5205154785  5.916060e-01 1.06599999999999999996
1  3.80e+01  0.520144662  5.916060e-01 1.06599999999999999996
1  3.98e+01  0.5203239098  5.916060e-01 1.06599999999999999996
1  4.17e+01  0.5203586451  5.916060e-01 1.06599999999999999996
1  4.37e+01  0.5205971563  5.916060e-01 1.06599999999999999996
1  4.57e+01  0.5202859171  5.916060e-01 1.06599999999999999996
1  4.79e+01  0.5204089566  5.916060e-01 1.06599999999999999996
1  5.01e+01  0.5200786609  5.916060e-01 1.06599999999999999996
1  5.25e+01  0.5201459946  5.916060e-01 1.06599999999999999996
1  5.50e+01  0.5204675127  5.916060e-01 1.06599999999999999996
1  5.75e+01  0.5199026894  5.916060e-01 1.06599999999999999996
1  6.03e+01  0.5201832431  5.916060e-01 1.06599999999999999996
1  6.31e+01  0.5203286929  5.916060e-01 1.06599999999999999996
1  6.61e+01  0.5201253729  5.916060e-01 1.06599999999999999996
1  6.92e+01  0.5201390716  5.916060e-01 1.06599999999999999996
1  7.24e+01  0.5205390753  5.916060e-01 1.06599999999999999996
1  7.59e+01  0.5202825939  5.916060e-01 1.06599999999999999996
1  7.94e+01  0.5201387033  5.916060e-01 1.06599999999999999996
1  8.32e+01  0.5204258694  5.916060e-01 1.06599999999999999996
1  8.71e+01  0.5200167883  5.916060e-01 1.06599999999999999996
1  9.12e+01  0.520103032  5.916060e-01 1.06599999999999999996
1  9.55e+01  0.5199261774  5.916060e-01 1.06599999999999999996
1  1.00e+02  0.5204579912  5.916060e-01 1.06599999999999999996
1  1.05e+02  0.5200307999  5.916060e-01 1.06599999999999999996
1  1.10e+02  0.5201730698  5.916060e-01 1.06599999999999999996
1  1.15e+02  0.5204217728  5.916060e-01 1.06599999999999999996
1  1.20e+02  0.5197858668  5.916060e-01 1.06599999999999999996
1  1.26e+02  0.5205154609  5.916060e-01 1.06599999999999999996
1  1.32e+02  0.519953571  5.916060e-01 1.06599999999999999996
1  1.38e+02  0.5199928514  5.916060e-01 1.06599999999999999996
1  1.45e+02  0.5202664171  5.916060e-01 1.06599999999999999996
1  1.51e+02  0.5200971639  5.916060e-01 1.06599999999999999996
1  1.58e+02  0.519891489  5.916060e-01 1.06599999999999999996
1  1.66e+02  0.5202395701  5.916060e-01 1.06599999999999999996
1  1.74e+02  0.5197828112  5.916060e-01 1.06599999999999999996
1  1.82e+02  0.5203398161  5.916060e-01 1.06599999999999999996
1  1.91e+02  0.5200845251  5.916060e-01 1.06599999999999999996
1  2.00e+02  0.5197466031  5.916060e-01 1.06599999999999999996
1  2.09e+02  0.5200286095  5.916060e-01 1.06599999999999999996
1  2.19e+02  0.520349798  5.916060e-01 1.06599999999999999996
1  2.29e+02  0.5196683333  5.916060e-01 1.06599999999999999996
1  2.40e+02  0.5202232151  5.916060e-01 1.06599999999999999996
1  2.51e+02  0.5204273267  5.916060e-01 1.06599999999999999996
1  2.63e+02  0.5200749513  5.916060e-01 1.06599999999999999996
1  2.75e+02  0.5194937241  5.916060e-01 1.06599999999999999996
1  2.88e+02  0.5203047476  5.916060e-01 1.06599999999999999996
1  3.02e+02  0.5202922998  5.916060e-01 1.06599999999999999996
1  3.16e+02  0.52022155  5.916060e-01 1.06599999999999999996
1  3.31e+02  0.519089297  5.916060e-01 1.06599999999999999996
1  3.47e+02  0.5200136801  5.916060e-01 1.06599999999999999996
1  3.63e+02  0.5200093744  5.916060e-01 1.06599999999999999996
1  3.80e+02  0.5193202589  5.916060e-01 1.06599999999999999996
1  3.98e+02  0.5202837481  5.916060e-01 1.06599999999999999996
1  4.17e+02  0.519628348  5.916060e-01 1.06599999999999999996
1  4.37e+02  0.5199049435  5.916060e-01 1.06599999999999999996
1  4.57e+02  0.5198099251  5.916060e-01 1.06599999999999999996
1  4.79e+02  0.5196921189  5.916060e-01 1.06599999999999999996
1  5.01e+02  0.5192919871  5.916060e-01 1.06599999999999999996
1  5.25e+02  0.5201943896  5.916060e-01 1.06599999999999999996
1  5.50e+02  0.5189074002  5.916060e-01 1.06599999999999999996
1  5.75e+02  0.5202662638  5.916060e-01 1.06599999999999999996
1  6.03e+02  0.5199992511  5.916060e-01 1.06599999999999999996
1  6.31e+02  0.5186381868  5.916060e-01 1.06599999999999999996
1  6.61e+02  0.519889119  5.916060e-01 1.06599999999999999996
1  6.92e+02  0.5185372435  5.916060e-01 1.06599999999999999996
1  7.24e+02  0.5184606539  5.916060e-01 1.06599999999999999996
1  7.59e+02  0.5201142121  5.916060e-01 1.06599999999999999996
1  7.94e+02  0.5178259052  5.916060e-01 1.06599999999999999996
1  8.32e+02  0.5193566472  5.916060e-01 1.06599999999999999996
1  8.71e+02  0.5195700578  5.916060e-01 1.06599999999999999996
1  9.12e+02  0.5171777379  5.916060e-01 1.06599999999999999996
1  9.55e+02  0.5199247748  5.916060e-01 1.06599999999999999996
1  1.00e+03  0.5178698518  5.916060e-01 1.06599999999999999996
1  1.05e+03  0.5184255462  5.916060e-01 1.06599999999999999996
1  1.10e+03  0.516425715  5.916060e-01 1.06599999999999999996
1  1.15e+03  0.5183298193  5.916060e-01 1.06599999999999999996
1  1.20e+03  0.5151078473  5.916060e-01 1.06599999999999999996
1  1.26e+03  0.5197167895  5.916060e-01 1.06599999999999999996
1  1.32e+03  0.5205117476  5.916060e-01 1.06599999999999999996
1  1.38e+03  0.5208458079  5.916060e-01 1.06599999999999999996
1  1.45e+03  0.5220785825  5.916060e-01 1.06599999999999999996
1  1.51e+03  0.511473271  5.916060e-01 1.06599999999999999996
1  1.58e+03  0.5076517074  5.916060e-01 1.06599999999999999996
1  1.66e+03  0.5129442929  5.916060e-01 1.06599999999999999996
1  1.74e+03  0.512719258  5.916060e-01 1.06599999999999999996
1  1.82e+03  0.5124832847  5.916060e-01 1.06599999999999999996
1  1.91e+03  0.5319572242  5.916060e-01 1.06599999999999999996
1  2.00e+03  0.5205047346  5.916060e-01 1.06599999999999999996
1  2.09e+03  0.534210309  5.916060e-01 1.06599999999999999996
1  2.19e+03  0.540800914  5.916060e-01 1.06599999999999999996
1  2.29e+03  0.5356652306  5.916060e-01 1.06599999999999999996
1  2.40e+03  0.5321863583  5.916060e-01 1.06599999999999999996
1  2.51e+03  0.5085562466  5.916060e-01 1.06599999999999999996
1  2.63e+03  0.4619391922  5.916060e-01 1.06599999999999999996
1  2.75e+03  0.5188566073  5.916060e-01 1.06599999999999999996
1  2.88e+03  0.4506271617  5.916060e-01 1.06599999999999999996
1  3.02e+03  0.4957388483  5.916060e-01 1.06599999999999999996
1  3.16e+03  0.5335694766  5.916060e-01 1.06599999999999999996
1  3.31e+03  0.5380343571  5.916060e-01 1.06599999999999999996
1  3.47e+03  0.5541758045  5.916060e-01 1.06599999999999999996
1  3.63e+03  0.5659536761  5.916060e-01 1.06599999999999999996
1  3.80e+03  0.5291874826  5.916060e-01 1.06599999999999999996
1  3.98e+03  0.5089398275  5.916060e-01 1.06599999999999999996
1  4.17e+03  0.6001577982  5.916060e-01 1.06599999999999999996
1  4.37e+03  0.5166251925  5.916060e-01 1.06599999999999999996
1  4.57e+03  0.613143686  5.916060e-01 1.06599999999999999996
1  4.79e+03  0.5489272024  5.916060e-01 1.06599999999999999996
1  5.01e+03  0.5223946002  5.916060e-01 1.06599999999999999996
1  5.25e+03  0.5761611654  5.916060e-01 1.06599999999999999996
1  5.50e+03  0.6069162632  5.916060e-01 1.06599999999999999996
1  5.75e+03  0.6149533031  5.916060e-01 1.06599999999999999996
1  6.03e+03  0.5953701518  5.916060e-01 1.06599999999999999996
1  6.31e+03  0.5751687477  5.916060e-01 1.06599999999999999996
1  6.61e+03  0.4634107925  5.916060e-01 1.06599999999999999996
1  6.92e+03  0.4450947355  5.916060e-01 1.06599999999999999996
1  7.24e+03  0.571414475  5.916060e-01 1.06599999999999999996
1  7.59e+03  0.4649334112  5.916060e-01 1.06599999999999999996
1  7.94e+03  0.4505682833  5.916060e-01 1.06599999999999999996
1  8.32e+03  0.4917361932  5.916060e-01 1.06599999999999999996
1  8.71e+03  0.4378910007  5.916060e-01 1.06599999999999999996
1  9.12e+03  0.3907590725  5.916060e-01 1.06599999999999999996
1  9.55e+03  0.5681046411  5.916060e-01 1.06599999999999999996
1  1.00e+04  0.3755661959  5.916060e-01 1.06599999999999999996
1  1.05e+04  0.3735008983  5.916060e-01 1.06599999999999999996
1  1.10e+04  0.4122350417  5.916060e-01 1.06599999999999999996
1  1.15e+04  0.5417429679  5.916060e-01 1.06599999999999999996
1  1.20e+04  0.3955585444  5.916060e-01 1.06599999999999999996
1  1.26e+04  0.4150514283  5.916060e-01 1.06599999999999999996
1  1.32e+04  0.3544212036  5.916060e-01 1.06599999999999999996
1  1.38e+04  0.3683356141  5.916060e-01 1.06599999999999999996
1  1.45e+04  0.3447940965  5.916060e-01 1.06599999999999999996
1  1.51e+04  0.3577097669  5.916060e-01 1.06599999999999999996
1  1.58e+04  0.3136713362  5.916060e-01 1.06599999999999999996
1  1.66e+04  0.3290389585  5.916060e-01 1.06599999999999999996
1  1.74e+04  0.3006445285  5.916060e-01 1.06599999999999999996
1  1.82e+04  0.3810139953  5.916060e-01 1.06599999999999999996
1  1.91e+04  0.3728300213  5.916060e-01 1.06599999999999999996
1  2.00e+04  0.1837463526  5.916060e-01 1.06599999999999999996
1  2.09e+04  0.3037008413  5.916060e-01 1.06599999999999999996
1  2.19e+04  0.3724436567  5.916060e-01 1.06599999999999999996
1  2.29e+04  0.1862000835  5.916060e-01 1.06599999999999999996
1  2.40e+04  0.2760361569  5.916060e-01 1.06599999999999999996
1  2.51e+04  0.4109524818  5.916060e-01 1.06599999999999999996
1  2.63e+04  0.1123617994  5.916060e-01 1.06599999999999999996
1  2.75e+04  0.3961585084  5.916060e-01 1.06599999999999999996
1  2.88e+04  0.1416553205  5.916060e-01 1.06599999999999999996
1  3.02e+04  0.3126207765  5.916060e-01 1.06599999999999999996
1  3.16e+04  0.2820208256  5.916060e-01 1.06599999999999999996
1  3.31e+04  0.2501451075  5.916060e-01 1.06599999999999999996
1  3.47e+04  0.1346985341  5.916060e-01 1.06599999999999999996
1  3.63e+04  0.4383679949  5.916060e-01 1.06599999999999999996
1  3.80e+04  0.05635302068  5.916060e-01 1.06599999999999999996
1  3.98e+04  0.4563010705  5.916060e-01 1.06599999999999999996
1  4.17e+04  0.04949401466  5.916060e-01 1.06599999999999999996
1  4.37e+04  0.3671132862  5.916060e-01 1.06599999999999999996
1  4.57e+04  0.3403891626  5.916060e-01 1.06599999999999999996
1  4.79e+04  0.06398828325  5.916060e-01 1.06599999999999999996
1  5.01e+04  0.3648468005  5.916060e-01 1.06599999999999999996
1  5.25e+04  0.4004048899  5.916060e-01 1.06599999999999999996
1  5.50e+04  0.03662736424  5.916060e-01 1.06599999999999999996
1  5.75e+04  0.3423622058  5.916060e-01 1.06599999999999999996
1  6.03e+04  0.4058441238  5.916060e-01 1.06599999999999999996
1  6.31e+04  0.05477345332  5.916060e-01 1.06599999999999999996
1  6.61e+04  0.253044938  5.916060e-01 1.06599999999999999996
1  6.92e+04  0.4974528151  5.916060e-01 1.06599999999999999996
1  7.24e+04  0.305957603  5.916060e-01 1.06599999999999999996
1  7.59e+04  0.1499111233  5.916060e-01 1.06599999999999999996
1  7.94e+04  0.2766274113  5.916060e-01 1.06599999999999999996
1  8.32e+04  0.4610542054  5.916060e-01 1.06599999999999999996
1  8.71e+04  0.4786911803  5.916060e-01 1.06599999999999999996
1  9.12e+04  0.3193098493  5.916060e-01 1.06599999999999999996
1  9.55e+04  0.1781270824  5.916060e-01 1.06599999999999999996
1  1.00e+05  0.2386447291  5.916060e-01 1.06599999999999999996
1  1.05e+05  0.429524698  5.916060e-01 1.06599999999999999996
1  1.10e+05  0.5119233984  5.916060e-01 1.06599999999999999996
1  1.15e+05  0.386494298  5.916060e-01 1.06599999999999999996
1  1.20e+05  0.1990939069  5.916060e-01 1.06599999999999999996
1  1.26e+05  0.1474156486  5.916060e-01 1.06599999999999999996
1  1.32e+05  0.2690979101  5.916060e-01 1.06599999999999999996
1  1.38e+05  0.4369855951  5.916060e-01 1.06599999999999999996
1  1.45e+05  0.5075354824  5.916060e-01 1.06599999999999999996
1  1.51e+05  0.4427101544  5.916060e-01 1.06599999999999999996
1  1.58e+05  0.3124346876  5.916060e-01 1.06599999999999999996
1  1.66e+05  0.216848299  5.916060e-01 1.06599999999999999996
1  1.74e+05  0.2122270765  5.916060e-01 1.06599999999999999996
1  1.82e+05  0.2893797318  5.916060e-01 1.06599999999999999996
1  1.91e+05  0.3978141346  5.916060e-01 1.06599999999999999996
1  2.00e+05  0.4842303227  5.916060e-01 1.06599999999999999996
1  2.09e+05  0.5189242299  5.916060e-01 1.06599999999999999996
1  2.19e+05  0.5016051738  5.916060e-01 1.06599999999999999996
1  2.29e+05  0.452167604  5.916060e-01 1.06599999999999999996
1  2.40e+05  0.3965766287  5.916060e-01 1.06599999999999999996
1  2.51e+05  0.3556582279  5.916060e-01 1.06599999999999999996
1  2.63e+05  0.339898955  5.916060e-01 1.06599999999999999996
1  2.75e+05  0.3496335707  5.916060e-01 1.06599999999999999996
1  2.88e+05  0.3783155374  5.916060e-01 1.06599999999999999996
1  3.02e+05  0.4165503595  5.916060e-01 1.06599999999999999996
1  3.16e+05  0.4553757717  5.916060e-01 1.06599999999999999996
1  3.31e+05  0.488188631  5.916060e-01 1.06599999999999999996
1  3.47e+05  0.5113786551  5.916060e-01 1.06599999999999999996
1  3.63e+05  0.5240525753  5.916060e-01 1.06599999999999999996
1  3.80e+05  0.5272922301  5.916060e-01 1.06599999999999999996
1  3.98e+05  0.523303406  5.916060e-01 1.06599999999999999996
1  4.17e+05  0.5146771627  5.916060e-01 1.06599999999999999996
1  4.37e+05  0.5038617603  5.916060e-01 1.06599999999999999996
1  4.57e+05  0.4928562012  5.916060e-01 1.06599999999999999996
1  4.79e+05  0.4830881683  5.916060e-01 1.06599999999999999996
1  5.01e+05  0.475421315  5.916060e-01 1.06599999999999999996
1  5.25e+05  0.4702381887  5.916060e-01 1.06599999999999999996
1  5.50e+05  0.4675558183  5.916060e-01 1.06599999999999999996
1  5.75e+05  0.4671444272  5.916060e-01 1.06599999999999999996
1  6.03e+05  0.4686319979  5.916060e-01 1.06599999999999999996
1  6.31e+05  0.4715868745  5.916060e-01 1.06599999999999999996
1  6.61e+05  0.475644131  5.916060e-01 1.06599999999999999996
1  6.92e+05  0.4803312623  5.916060e-01 1.06599999999999999996
1  7.24e+05  0.4853136512  5.916060e-01 1.06599999999999999996
1  7.59e+05  0.4903231548  5.916060e-01 1.06599999999999999996
1  7.94e+05  0.4951576224  5.916060e-01 1.06599999999999999996
1  8.32e+05  0.4996750554  5.916060e-01 1.06599999999999999996
1  8.71e+05  0.5037747591  5.916060e-01 1.06599999999999999996
1  9.12e+05  0.5074293965  5.916060e-01 1.06599999999999999996
1  9.55e+05  0.5106117044  5.916060e-01 1.06599999999999999996
1  1.00e+06  0.5133294521  5.916060e-01 1.06599999999999999996
1  1.05e+06  0.5156070115  5.916060e-01 1.06599999999999999996
1  1.10e+06  0.5174793825  5.916060e-01 1.06599999999999999996
1  1.15e+06  0.5189875038  5.916060e-01 1.06599999999999999996
1  1.20e+06  0.5201747187  5.916060e-01 1.06599999999999999996
1  1.26e+06  0.5210842237  5.916060e-01 1.06599999999999999996
1  1.32e+06  0.5217573215  5.916060e-01 1.06599999999999999996
1  1.38e+06  0.5222323089  5.916060e-01 1.06599999999999999996
1  1.45e+06  0.5225438496  5.916060e-01 1.06599999999999999996
1  1.51e+06  0.5227227035  5.916060e-01 1.06599999999999999996
1  1.58e+06  0.5227957089  5.916060e-01 1.06599999999999999996
1  1.66e+06  0.5227830464  5.916060e-01 1.06599999999999999996
1  1.74e+06  0.5227103121  5.916060e-01 1.06599999999999999996
1  1.82e+06  0.522590716  5.916060e-01 1.06599999999999999996
1  1.91e+06  0.5224377976  5.916060e-01 1.06599999999999999996
1  2.00e+06  0.5222626078  5.916060e-01 1.06599999999999999996
1  2.09e+06  0.5220740461  5.916060e-01 1.06599999999999999996
1  2.19e+06  0.5218791748  5.916060e-01 1.06599999999999999996
1  2.29e+06  0.5216835051  5.916060e-01 1.06599999999999999996
1  2.40e+06  0.5214912514  5.916060e-01 1.06599999999999999996
1  2.51e+06  0.5213055564  5.916060e-01 1.06599999999999999996
1  2.63e+06  0.5211286847  5.916060e-01 1.06599999999999999996
1  2.75e+06  0.5209621897  5.916060e-01 1.06599999999999999996
1  2.88e+06  0.520807055  5.916060e-01 1.06599999999999999996
1  3.02e+06  0.5206638134  5.916060e-01 1.06599999999999999996
1  3.16e+06  0.5205326459  5.916060e-01 1.06599999999999999996
1  3.31e+06  0.52041274  5.916060e-01 1.06599999999999999996
1  3.47e+06  0.5203053163  5.916060e-01 1.06599999999999999996
1  3.63e+06  0.5202091427  5.916060e-01 1.06599999999999999996
1  3.80e+06  0.520123677  5.916060e-01 1.06599999999999999996
1  3.98e+06  0.5200483088  5.916060e-01 1.06599999999999999996
1  4.17e+06  0.519982387  5.916060e-01 1.06599999999999999996
1  4.37e+06  0.5199252411  5.916060e-01 1.06599999999999999996
1  4.57e+06  0.5198761988  5.916060e-01 1.06599999999999999996
1  4.79e+06  0.5198345978  5.916060e-01 1.06599999999999999996
1  5.01e+06  0.5197997956  5.916060e-01 1.06599999999999999996
1  5.25e+06  0.5197711758  5.916060e-01 1.06599999999999999996
1  5.50e+06  0.5197481528  5.916060e-01 1.06599999999999999996
1  5.75e+06  0.5197301749  5.916060e-01 1.06599999999999999996
1  6.03e+06  0.5197167252  5.916060e-01 1.06599999999999999996
1  6.31e+06  0.5197073231  5.916060e-01 1.06599999999999999996
1  6.61e+06  0.5197013416  5.916060e-01 1.06599999999999999996
1  6.92e+06  0.5196987489  5.916060e-01 1.06599999999999999996
1  7.24e+06  0.5196989693  5.916060e-01 1.06599999999999999996
1  7.59e+06  0.5197016579  5.916060e-01 1.06599999999999999996
1  7.94e+06  0.5197065002  5.916060e-01 1.06599999999999999996
1  8.32e+06  0.5197132103  5.916060e-01 1.06599999999999999996
1  8.71e+06  0.5197215292  5.916060e-01 1.06599999999999999996
1  9.12e+06  0.5197312227  5.916060e-01 1.06599999999999999996
1  9.55e+06  0.5197420797  5.916060e-01 1.06599999999999999996
1  1.00e+07  0.5197539103  5.916060e-01 1.06599999999999999996
