1  1.00e+03  0.02377444799 -9.486 1.04460000000000000000
1  1.01e+03  0.02376786722 -9.486 1.04460000000000000000
1  1.01e+03  0.02376158864 -9.486 1.04460000000000000000
1  1.02e+03  0.02375624234 -9.486 1.04460000000000000000
1  1.03e+03  0.02375081276 -9.486 1.04460000000000000000
1  1.04e+03  0.023744286 -9.486 1.04460000000000000000
1  1.04e+03  0.02373850722 -9.486 1.04460000000000000000
1  1.05e+03  0.02373286653 -9.486 1.04460000000000000000
1  1.06e+03  0.02372751298 -9.486 1.04460000000000000000
1  1.06e+03  0.02372239698 -9.486 1.04460000000000000000
1  1.07e+03  0.02371647196 -9.486 1.04460000000000000000
1  1.08e+03  0.02371155836 -9.486 1.04460000000000000000
1  1.09e+03  0.02370659232 -9.486 1.04460000000000000000
1  1.09e+03  0.02370119399 -9.486 1.04460000000000000000
1  1.10e+03  0.02369657088 -9.486 1.04460000000000000000
1  1.11e+03  0.02369113701 -9.486 1.04460000000000000000
1  1.12e+03  0.0236875051 -9.486 1.04460000000000000000
1  1.12e+03  0.02368159537 -9.486 1.04460000000000000000
1  1.13e+03  0.02367767311 -9.486 1.04460000000000000000
1  1.14e+03  0.02367269325 -9.486 1.04460000000000000000
1  1.15e+03  0.0236686327 -9.486 1.04460000000000000000
1  1.16e+03  0.02366366598 -9.486 1.04460000000000000000
1  1.16e+03  0.02366035414 -9.486 1.04460000000000000000
1  1.17e+03  0.02365540525 -9.486 1.04460000000000000000
1  1.18e+03  0.0236512756 -9.486 1.04460000000000000000
1  1.19e+03  0.02364800834 -9.486 1.04460000000000000000
1  1.20e+03  0.02364306909 -9.486 1.04460000000000000000
1  1.21e+03  0.02363923536 -9.486 1.04460000000000000000
1  1.21e+03  0.02363586491 -9.486 1.04460000000000000000
1  1.22e+03  0.02363177257 -9.486 1.04460000000000000000
1  1.23e+03  0.02362788727 -9.486 1.04460000000000000000
1  1.24e+03  0.02362395398 -9.486 1.04460000000000000000
1  1.25e+03  0.02362093128 -9.486 1.04460000000000000000
1  1.26e+03  0.02361799682 -9.486 1.04460000000000000000
1  1.26e+03  0.02361381508 -9.486 1.04460000000000000000
1  1.27e+03  0.02361021574 -9.486 1.04460000000000000000
1  1.28e+03  0.02360677003 -9.486 1.04460000000000000000
1  1.29e+03  0.0236031689 -9.486 1.04460000000000000000
1  1.30e+03  0.02360022286 -9.486 1.04460000000000000000
1  1.31e+03  0.02359688421 -9.486 1.04460000000000000000
1  1.32e+03  0.02359406887 -9.486 1.04460000000000000000
1  1.33e+03  0.02359110405 -9.486 1.04460000000000000000
1  1.34e+03  0.02358778261 -9.486 1.04460000000000000000
1  1.35e+03  0.02358523137 -9.486 1.04460000000000000000
1  1.36e+03  0.02358186206 -9.486 1.04460000000000000000
1  1.36e+03  0.02357904005 -9.486 1.04460000000000000000
1  1.37e+03  0.02357612404 -9.486 1.04460000000000000000
1  1.38e+03  0.0235730824 -9.486 1.04460000000000000000
1  1.39e+03  0.02357046627 -9.486 1.04460000000000000000
1  1.40e+03  0.02356800013 -9.486 1.04460000000000000000
1  1.41e+03  0.02356540803 -9.486 1.04460000000000000000
1  1.42e+03  0.02356354582 -9.486 1.04460000000000000000
1  1.43e+03  0.02356039782 -9.486 1.04460000000000000000
1  1.44e+03  0.02355792048 -9.486 1.04460000000000000000
1  1.45e+03  0.02355489597 -9.486 1.04460000000000000000
1  1.46e+03  0.02355261771 -9.486 1.04460000000000000000
1  1.47e+03  0.02355106249 -9.486 1.04460000000000000000
1  1.48e+03  0.02354823359 -9.486 1.04460000000000000000
1  1.49e+03  0.02354555402 -9.486 1.04460000000000000000
1  1.50e+03  0.02354331349 -9.486 1.04460000000000000000
1  1.51e+03  0.02354195602 -9.486 1.04460000000000000000
1  1.52e+03  0.02353886569 -9.486 1.04460000000000000000
1  1.53e+03  0.02353654771 -9.486 1.04460000000000000000
1  1.55e+03  0.02353539313 -9.486 1.04460000000000000000
1  1.56e+03  0.02353255373 -9.486 1.04460000000000000000
1  1.57e+03  0.0235306564 -9.486 1.04460000000000000000
1  1.58e+03  0.02352874036 -9.486 1.04460000000000000000
1  1.59e+03  0.02352632909 -9.486 1.04460000000000000000
1  1.60e+03  0.023524821 -9.486 1.04460000000000000000
1  1.61e+03  0.02352282485 -9.486 1.04460000000000000000
1  1.62e+03  0.02352089896 -9.486 1.04460000000000000000
1  1.63e+03  0.02351925654 -9.486 1.04460000000000000000
1  1.64e+03  0.02351706606 -9.486 1.04460000000000000000
1  1.66e+03  0.02351556277 -9.486 1.04460000000000000000
1  1.67e+03  0.02351343303 -9.486 1.04460000000000000000
1  1.68e+03  0.02351192365 -9.486 1.04460000000000000000
1  1.69e+03  0.02351003271 -9.486 1.04460000000000000000
1  1.70e+03  0.02350835561 -9.486 1.04460000000000000000
1  1.71e+03  0.02350690278 -9.486 1.04460000000000000000
1  1.73e+03  0.02350482743 -9.486 1.04460000000000000000
1  1.74e+03  0.02350398654 -9.486 1.04460000000000000000
1  1.75e+03  0.02350153091 -9.486 1.04460000000000000000
1  1.76e+03  0.02350085886 -9.486 1.04460000000000000000
1  1.77e+03  0.02349883625 -9.486 1.04460000000000000000
1  1.79e+03  0.02349716507 -9.486 1.04460000000000000000
1  1.80e+03  0.02349623026 -9.486 1.04460000000000000000
1  1.81e+03  0.02349400322 -9.486 1.04460000000000000000
1  1.82e+03  0.02349270552 -9.486 1.04460000000000000000
1  1.84e+03  0.02349188453 -9.486 1.04460000000000000000
1  1.85e+03  0.02349010406 -9.486 1.04460000000000000000
1  1.86e+03  0.0234885035 -9.486 1.04460000000000000000
1  1.87e+03  0.02348773365 -9.486 1.04460000000000000000
1  1.89e+03  0.02348612252 -9.486 1.04460000000000000000
1  1.90e+03  0.02348445686 -9.486 1.04460000000000000000
1  1.91e+03  0.02348341728 -9.486 1.04460000000000000000
1  1.93e+03  0.02348256974 -9.486 1.04460000000000000000
1  1.94e+03  0.02348110855 -9.486 1.04460000000000000000
1  1.95e+03  0.02347956982 -9.486 1.04460000000000000000
1  1.97e+03  0.02347824698 -9.486 1.04460000000000000000
1  1.98e+03  0.02347724789 -9.486 1.04460000000000000000
1  2.00e+03  0.02347662169 -9.486 1.04460000000000000000
1  2.01e+03  0.02347540727 -9.486 1.04460000000000000000
1  2.02e+03  0.02347376599 -9.486 1.04460000000000000000
1  2.04e+03  0.02347252234 -9.486 1.04460000000000000000
1  2.05e+03  0.02347133208 -9.486 1.04460000000000000000
1  2.07e+03  0.02347036776 -9.486 1.04460000000000000000
1  2.08e+03  0.02346979995 -9.486 1.04460000000000000000
1  2.09e+03  0.02346870172 -9.486 1.04460000000000000000
1  2.11e+03  0.02346801768 -9.486 1.04460000000000000000
1  2.12e+03  0.02346670534 -9.486 1.04460000000000000000
1  2.14e+03  0.02346580954 -9.486 1.04460000000000000000
1  2.15e+03  0.023464459 -9.486 1.04460000000000000000
1  2.17e+03  0.02346358388 -9.486 1.04460000000000000000
1  2.18e+03  0.02346227617 -9.486 1.04460000000000000000
1  2.20e+03  0.0234615395 -9.486 1.04460000000000000000
1  2.21e+03  0.02346027672 -9.486 1.04460000000000000000
1  2.23e+03  0.02345964522 -9.486 1.04460000000000000000
1  2.24e+03  0.02345845252 -9.486 1.04460000000000000000
1  2.26e+03  0.02345783424 -9.486 1.04460000000000000000
1  2.28e+03  0.02345678549 -9.486 1.04460000000000000000
1  2.29e+03  0.02345608628 -9.486 1.04460000000000000000
1  2.31e+03  0.02345530581 -9.486 1.04460000000000000000
1  2.32e+03  0.02345442494 -9.486 1.04460000000000000000
1  2.34e+03  0.02345403603 -9.486 1.04460000000000000000
1  2.36e+03  0.02345295398 -9.486 1.04460000000000000000
1  2.37e+03  0.02345275298 -9.486 1.04460000000000000000
1  2.39e+03  0.02345178839 -9.486 1.04460000000000000000
1  2.40e+03  0.02345105118 -9.486 1.04460000000000000000
1  2.42e+03  0.02345048409 -9.486 1.04460000000000000000
1  2.44e+03  0.02344911999 -9.486 1.04460000000000000000
1  2.45e+03  0.02344838754 -9.486 1.04460000000000000000
1  2.47e+03  0.0234474345 -9.486 1.04460000000000000000
1  2.49e+03  0.02344674395 -9.486 1.04460000000000000000
1  2.51e+03  0.02344616043 -9.486 1.04460000000000000000
1  2.52e+03  0.02344599458 -9.486 1.04460000000000000000
1  2.54e+03  0.02344552892 -9.486 1.04460000000000000000
1  2.56e+03  0.02344440031 -9.486 1.04460000000000000000
1  2.58e+03  0.02344350848 -9.486 1.04460000000000000000
1  2.59e+03  0.02344268694 -9.486 1.04460000000000000000
1  2.61e+03  0.02344243693 -9.486 1.04460000000000000000
1  2.63e+03  0.02344196422 -9.486 1.04460000000000000000
1  2.65e+03  0.02344139768 -9.486 1.04460000000000000000
1  2.67e+03  0.02344054684 -9.486 1.04460000000000000000
1  2.69e+03  0.02343959207 -9.486 1.04460000000000000000
1  2.70e+03  0.02343956716 -9.486 1.04460000000000000000
1  2.72e+03  0.02343902748 -9.486 1.04460000000000000000
1  2.74e+03  0.02343826308 -9.486 1.04460000000000000000
1  2.76e+03  0.02343736534 -9.486 1.04460000000000000000
1  2.78e+03  0.02343682587 -9.486 1.04460000000000000000
1  2.80e+03  0.02343727265 -9.486 1.04460000000000000000
1  2.82e+03  0.02343616661 -9.486 1.04460000000000000000
1  2.84e+03  0.02343511274 -9.486 1.04460000000000000000
1  2.86e+03  0.02343531217 -9.486 1.04460000000000000000
1  2.88e+03  0.02343452073 -9.486 1.04460000000000000000
1  2.90e+03  0.02343377431 -9.486 1.04460000000000000000
1  2.92e+03  0.02343331804 -9.486 1.04460000000000000000
1  2.94e+03  0.0234330366 -9.486 1.04460000000000000000
1  2.96e+03  0.02343277919 -9.486 1.04460000000000000000
1  2.98e+03  0.02343169123 -9.486 1.04460000000000000000
1  3.00e+03  0.02343182113 -9.486 1.04460000000000000000
1  3.02e+03  0.0234316499 -9.486 1.04460000000000000000
1  3.04e+03  0.02343019427 -9.486 1.04460000000000000000
1  3.06e+03  0.0234307283 -9.486 1.04460000000000000000
1  3.08e+03  0.02343026662 -9.486 1.04460000000000000000
1  3.10e+03  0.02342884756 -9.486 1.04460000000000000000
1  3.13e+03  0.02342967962 -9.486 1.04460000000000000000
1  3.15e+03  0.02342874263 -9.486 1.04460000000000000000
1  3.17e+03  0.02342776937 -9.486 1.04460000000000000000
1  3.19e+03  0.02342847849 -9.486 1.04460000000000000000
1  3.21e+03  0.02342734679 -9.486 1.04460000000000000000
1  3.24e+03  0.02342682053 -9.486 1.04460000000000000000
1  3.26e+03  0.0234269802 -9.486 1.04460000000000000000
1  3.28e+03  0.02342643055 -9.486 1.04460000000000000000
1  3.30e+03  0.02342538438 -9.486 1.04460000000000000000
1  3.33e+03  0.02342574704 -9.486 1.04460000000000000000
1  3.35e+03  0.02342563767 -9.486 1.04460000000000000000
1  3.37e+03  0.0234235013 -9.486 1.04460000000000000000
1  3.40e+03  0.02342547646 -9.486 1.04460000000000000000
1  3.42e+03  0.0234241245 -9.486 1.04460000000000000000
1  3.44e+03  0.02342282801 -9.486 1.04460000000000000000
1  3.47e+03  0.02342472449 -9.486 1.04460000000000000000
1  3.49e+03  0.02342330576 -9.486 1.04460000000000000000
1  3.52e+03  0.02342210043 -9.486 1.04460000000000000000
1  3.54e+03  0.02342336621 -9.486 1.04460000000000000000
1  3.56e+03  0.02342307513 -9.486 1.04460000000000000000
1  3.59e+03  0.02342009356 -9.486 1.04460000000000000000
1  3.61e+03  0.02342318641 -9.486 1.04460000000000000000
1  3.64e+03  0.02342204375 -9.486 1.04460000000000000000
1  3.66e+03  0.02342000809 -9.486 1.04460000000000000000
1  3.69e+03  0.02342163451 -9.486 1.04460000000000000000
1  3.72e+03  0.02342265188 -9.486 1.04460000000000000000
1  3.74e+03  0.02341822665 -9.486 1.04460000000000000000
1  3.77e+03  0.0234210498 -9.486 1.04460000000000000000
1  3.79e+03  0.02342223994 -9.486 1.04460000000000000000
1  3.82e+03  0.02341867906 -9.486 1.04460000000000000000
1  3.85e+03  0.02341897162 -9.486 1.04460000000000000000
1  3.87e+03  0.02342284609 -9.486 1.04460000000000000000
1  3.90e+03  0.02341844469 -9.486 1.04460000000000000000
1  3.93e+03  0.02341755985 -9.486 1.04460000000000000000
1  3.95e+03  0.02342259207 -9.486 1.04460000000000000000
1  3.98e+03  0.02341955338 -9.486 1.04460000000000000000
1  4.01e+03  0.02341590514 -9.486 1.04460000000000000000
1  4.04e+03  0.02342065098 -9.486 1.04460000000000000000
1  4.06e+03  0.02342190929 -9.486 1.04460000000000000000
1  4.09e+03  0.02341450038 -9.486 1.04460000000000000000
1  4.12e+03  0.02341763858 -9.486 1.04460000000000000000
1  4.15e+03  0.02342240065 -9.486 1.04460000000000000000
1  4.18e+03  0.02341557815 -9.486 1.04460000000000000000
1  4.21e+03  0.02341338985 -9.486 1.04460000000000000000
1  4.24e+03  0.02341994376 -9.486 1.04460000000000000000
1  4.27e+03  0.02341825714 -9.486 1.04460000000000000000
1  4.30e+03  0.0234100616 -9.486 1.04460000000000000000
1  4.33e+03  0.02341479657 -9.486 1.04460000000000000000
1  4.36e+03  0.02341971327 -9.486 1.04460000000000000000
1  4.39e+03  0.02341042666 -9.486 1.04460000000000000000
1  4.42e+03  0.02340913111 -9.486 1.04460000000000000000
1  4.45e+03  0.02341801574 -9.486 1.04460000000000000000
1  4.48e+03  0.02341459151 -9.486 1.04460000000000000000
1  4.51e+03  0.02340676684 -9.486 1.04460000000000000000
1  4.54e+03  0.02341321846 -9.486 1.04460000000000000000
1  4.57e+03  0.02341973851 -9.486 1.04460000000000000000
1  4.60e+03  0.02341114468 -9.486 1.04460000000000000000
1  4.63e+03  0.02340738625 -9.486 1.04460000000000000000
1  4.67e+03  0.02341964436 -9.486 1.04460000000000000000
1  4.70e+03  0.0234213845 -9.486 1.04460000000000000000
1  4.73e+03  0.0234076421 -9.486 1.04460000000000000000
1  4.76e+03  0.0234103744 -9.486 1.04460000000000000000
1  4.80e+03  0.02342468411 -9.486 1.04460000000000000000
1  4.83e+03  0.02341789604 -9.486 1.04460000000000000000
1  4.86e+03  0.02340484905 -9.486 1.04460000000000000000
1  4.90e+03  0.02341235345 -9.486 1.04460000000000000000
1  4.93e+03  0.02342282848 -9.486 1.04460000000000000000
1  4.97e+03  0.02341358052 -9.486 1.04460000000000000000
1  5.00e+03  0.02340217625 -9.486 1.04460000000000000000
1  5.04e+03  0.02341420399 -9.486 1.04460000000000000000
1  5.07e+03  0.02342404136 -9.486 1.04460000000000000000
1  5.11e+03  0.02341005793 -9.486 1.04460000000000000000
1  5.14e+03  0.02340252797 -9.486 1.04460000000000000000
1  5.18e+03  0.02341964762 -9.486 1.04460000000000000000
1  5.21e+03  0.02343031044 -9.486 1.04460000000000000000
1  5.25e+03  0.02341055155 -9.486 1.04460000000000000000
1  5.28e+03  0.02340186758 -9.486 1.04460000000000000000
1  5.32e+03  0.02342142876 -9.486 1.04460000000000000000
1  5.36e+03  0.02343159878 -9.486 1.04460000000000000000
1  5.40e+03  0.02341102998 -9.486 1.04460000000000000000
1  5.43e+03  0.02340065335 -9.486 1.04460000000000000000
1  5.47e+03  0.023421071 -9.486 1.04460000000000000000
1  5.51e+03  0.02343176255 -9.486 1.04460000000000000000
1  5.55e+03  0.02341252695 -9.486 1.04460000000000000000
1  5.58e+03  0.02340047165 -9.486 1.04460000000000000000
1  5.62e+03  0.02342402923 -9.486 1.04460000000000000000
1  5.66e+03  0.0234411402 -9.486 1.04460000000000000000
1  5.70e+03  0.02342314661 -9.486 1.04460000000000000000
1  5.74e+03  0.02340083251 -9.486 1.04460000000000000000
1  5.78e+03  0.02341717036 -9.486 1.04460000000000000000
1  5.82e+03  0.0234408796 -9.486 1.04460000000000000000
1  5.86e+03  0.02343138715 -9.486 1.04460000000000000000
1  5.90e+03  0.02340496866 -9.486 1.04460000000000000000
1  5.94e+03  0.02341390144 -9.486 1.04460000000000000000
1  5.98e+03  0.02344594791 -9.486 1.04460000000000000000
1  6.03e+03  0.02344812044 -9.486 1.04460000000000000000
1  6.07e+03  0.02341705832 -9.486 1.04460000000000000000
1  6.11e+03  0.02340601949 -9.486 1.04460000000000000000
1  6.15e+03  0.02343830545 -9.486 1.04460000000000000000
1  6.19e+03  0.02345882151 -9.486 1.04460000000000000000
1  6.24e+03  0.02343852975 -9.486 1.04460000000000000000
1  6.28e+03  0.02340973739 -9.486 1.04460000000000000000
1  6.32e+03  0.02343030687 -9.486 1.04460000000000000000
1  6.37e+03  0.02346720651 -9.486 1.04460000000000000000
1  6.41e+03  0.0234673855 -9.486 1.04460000000000000000
1  6.46e+03  0.02342910246 -9.486 1.04460000000000000000
1  6.50e+03  0.02341615628 -9.486 1.04460000000000000000
1  6.55e+03  0.02345418233 -9.486 1.04460000000000000000
1  6.59e+03  0.02348279862 -9.486 1.04460000000000000000
1  6.64e+03  0.02346526679 -9.486 1.04460000000000000000
1  6.68e+03  0.02342755623 -9.486 1.04460000000000000000
1  6.73e+03  0.02343988488 -9.486 1.04460000000000000000
1  6.78e+03  0.02349001614 -9.486 1.04460000000000000000
1  6.82e+03  0.02350816425 -9.486 1.04460000000000000000
1  6.87e+03  0.02347528874 -9.486 1.04460000000000000000
1  6.92e+03  0.02343821471 -9.486 1.04460000000000000000
1  6.97e+03  0.0234622922 -9.486 1.04460000000000000000
1  7.01e+03  0.02351414598 -9.486 1.04460000000000000000
1  7.06e+03  0.02352224791 -9.486 1.04460000000000000000
1  7.11e+03  0.023482875 -9.486 1.04460000000000000000
1  7.16e+03  0.02345206366 -9.486 1.04460000000000000000
1  7.21e+03  0.02348739477 -9.486 1.04460000000000000000
1  7.26e+03  0.0235466152 -9.486 1.04460000000000000000
1  7.31e+03  0.02355276262 -9.486 1.04460000000000000000
1  7.36e+03  0.02351063063 -9.486 1.04460000000000000000
1  7.41e+03  0.02348175388 -9.486 1.04460000000000000000
1  7.46e+03  0.02351969802 -9.486 1.04460000000000000000
1  7.52e+03  0.02358891009 -9.486 1.04460000000000000000
1  7.57e+03  0.02360191692 -9.486 1.04460000000000000000
1  7.62e+03  0.02355536253 -9.486 1.04460000000000000000
1  7.67e+03  0.02351906338 -9.486 1.04460000000000000000
1  7.73e+03  0.02354725468 -9.486 1.04460000000000000000
1  7.78e+03  0.02362150916 -9.486 1.04460000000000000000
1  7.83e+03  0.02365544477 -9.486 1.04460000000000000000
1  7.89e+03  0.02361347695 -9.486 1.04460000000000000000
1  7.94e+03  0.02356370092 -9.486 1.04460000000000000000
1  8.00e+03  0.02357667251 -9.486 1.04460000000000000000
1  8.05e+03  0.02364865086 -9.486 1.04460000000000000000
1  8.11e+03  0.02370962904 -9.486 1.04460000000000000000
1  8.17e+03  0.02369468525 -9.486 1.04460000000000000000
1  8.22e+03  0.02363372601 -9.486 1.04460000000000000000
1  8.28e+03  0.02361829351 -9.486 1.04460000000000000000
1  8.34e+03  0.02368060147 -9.486 1.04460000000000000000
1  8.39e+03  0.02376392227 -9.486 1.04460000000000000000
1  8.45e+03  0.02379169599 -9.486 1.04460000000000000000
1  8.51e+03  0.02374615741 -9.486 1.04460000000000000000
1  8.57e+03  0.0236950549 -9.486 1.04460000000000000000
1  8.63e+03  0.02371893301 -9.486 1.04460000000000000000
1  8.69e+03  0.02381171479 -9.486 1.04460000000000000000
1  8.75e+03  0.02388975948 -9.486 1.04460000000000000000
1  8.81e+03  0.02388916582 -9.486 1.04460000000000000000
1  8.87e+03  0.02383112383 -9.486 1.04460000000000000000
1  8.93e+03  0.02379876167 -9.486 1.04460000000000000000
1  8.99e+03  0.02386611515 -9.486 1.04460000000000000000
1  9.06e+03  0.02396668684 -9.486 1.04460000000000000000
1  9.12e+03  0.02403305567 -9.486 1.04460000000000000000
1  9.18e+03  0.02401855689 -9.486 1.04460000000000000000
1  9.25e+03  0.02396273445 -9.486 1.04460000000000000000
1  9.31e+03  0.0239513872 -9.486 1.04460000000000000000
1  9.38e+03  0.02402858426 -9.486 1.04460000000000000000
1  9.44e+03  0.02414804422 -9.486 1.04460000000000000000
1  9.51e+03  0.02421911538 -9.486 1.04460000000000000000
1  9.57e+03  0.02420040624 -9.486 1.04460000000000000000
1  9.64e+03  0.02413921697 -9.486 1.04460000000000000000
1  9.71e+03  0.02412425896 -9.486 1.04460000000000000000
1  9.77e+03  0.02420583215 -9.486 1.04460000000000000000
1  9.84e+03  0.02434822445 -9.486 1.04460000000000000000
1  9.91e+03  0.02445437954 -9.486 1.04460000000000000000
1  9.98e+03  0.02445611732 -9.486 1.04460000000000000000
1  1.00e+04  0.02438669956 -9.486 1.04460000000000000000
1  1.01e+04  0.02434945793 -9.486 1.04460000000000000000
1  1.02e+04  0.02441528374 -9.486 1.04460000000000000000
1  1.03e+04  0.02456337829 -9.486 1.04460000000000000000
1  1.03e+04  0.02470988057 -9.486 1.04460000000000000000
1  1.04e+04  0.02477508674 -9.486 1.04460000000000000000
1  1.05e+04  0.02474079132 -9.486 1.04460000000000000000
1  1.05e+04  0.02467253673 -9.486 1.04460000000000000000
1  1.06e+04  0.02467630783 -9.486 1.04460000000000000000
1  1.07e+04  0.02480244 -9.486 1.04460000000000000000
1  1.08e+04  0.02499083599 -9.486 1.04460000000000000000
1  1.08e+04  0.02512847289 -9.486 1.04460000000000000000
1  1.09e+04  0.02515718694 -9.486 1.04460000000000000000
1  1.10e+04  0.02511413731 -9.486 1.04460000000000000000
1  1.11e+04  0.02508364187 -9.486 1.04460000000000000000
1  1.11e+04  0.02513253589 -9.486 1.04460000000000000000
1  1.12e+04  0.02527646774 -9.486 1.04460000000000000000
1  1.13e+04  0.02546987393 -9.486 1.04460000000000000000
1  1.14e+04  0.02562391512 -9.486 1.04460000000000000000
1  1.15e+04  0.02566976333 -9.486 1.04460000000000000000
1  1.15e+04  0.02562796798 -9.486 1.04460000000000000000
1  1.16e+04  0.02560202776 -9.486 1.04460000000000000000
1  1.17e+04  0.02568449048 -9.486 1.04460000000000000000
1  1.18e+04  0.02587184857 -9.486 1.04460000000000000000
1  1.19e+04  0.02607813803 -9.486 1.04460000000000000000
1  1.19e+04  0.02622031515 -9.486 1.04460000000000000000
1  1.20e+04  0.0262783458 -9.486 1.04460000000000000000
1  1.21e+04  0.02628764428 -9.486 1.04460000000000000000
1  1.22e+04  0.02630348282 -9.486 1.04460000000000000000
1  1.23e+04  0.02637795628 -9.486 1.04460000000000000000
1  1.24e+04  0.02654074305 -9.486 1.04460000000000000000
1  1.24e+04  0.02677076479 -9.486 1.04460000000000000000
1  1.25e+04  0.02698970521 -9.486 1.04460000000000000000
1  1.26e+04  0.0271126124 -9.486 1.04460000000000000000
1  1.27e+04  0.0271256244 -9.486 1.04460000000000000000
1  1.28e+04  0.02711060626 -9.486 1.04460000000000000000
1  1.29e+04  0.02717981437 -9.486 1.04460000000000000000
1  1.30e+04  0.0273791726 -9.486 1.04460000000000000000
1  1.31e+04  0.02765391663 -9.486 1.04460000000000000000
1  1.32e+04  0.02790356677 -9.486 1.04460000000000000000
1  1.32e+04  0.02806402905 -9.486 1.04460000000000000000
1  1.33e+04  0.02814158239 -9.486 1.04460000000000000000
1  1.34e+04  0.02818687343 -9.486 1.04460000000000000000
1  1.35e+04  0.02825390375 -9.486 1.04460000000000000000
1  1.36e+04  0.02838170976 -9.486 1.04460000000000000000
1  1.37e+04  0.02859188464 -9.486 1.04460000000000000000
1  1.38e+04  0.02887769612 -9.486 1.04460000000000000000
1  1.39e+04  0.02918866358 -9.486 1.04460000000000000000
1  1.40e+04  0.02944206975 -9.486 1.04460000000000000000
1  1.41e+04  0.02957468605 -9.486 1.04460000000000000000
1  1.42e+04  0.0295999319 -9.486 1.04460000000000000000
1  1.43e+04  0.02961498351 -9.486 1.04460000000000000000
1  1.44e+04  0.02973901268 -9.486 1.04460000000000000000
1  1.45e+04  0.03002618854 -9.486 1.04460000000000000000
1  1.46e+04  0.0304241767 -9.486 1.04460000000000000000
1  1.47e+04  0.03081229815 -9.486 1.04460000000000000000
1  1.48e+04  0.03108703138 -9.486 1.04460000000000000000
1  1.49e+04  0.03122721308 -9.486 1.04460000000000000000
1  1.50e+04  0.03129480767 -9.486 1.04460000000000000000
1  1.51e+04  0.03138220586 -9.486 1.04460000000000000000
1  1.52e+04  0.03155390572 -9.486 1.04460000000000000000
1  1.53e+04  0.03182275447 -9.486 1.04460000000000000000
1  1.54e+04  0.03216377023 -9.486 1.04460000000000000000
1  1.55e+04  0.03253935906 -9.486 1.04460000000000000000
1  1.56e+04  0.0329120113 -9.486 1.04460000000000000000
1  1.57e+04  0.03324430482 -9.486 1.04460000000000000000
1  1.58e+04  0.03350275052 -9.486 1.04460000000000000000
1  1.60e+04  0.03367538685 -9.486 1.04460000000000000000
1  1.61e+04  0.03379244722 -9.486 1.04460000000000000000
1  1.62e+04  0.03392729035 -9.486 1.04460000000000000000
1  1.63e+04  0.03416495734 -9.486 1.04460000000000000000
1  1.64e+04  0.03455166866 -9.486 1.04460000000000000000
1  1.65e+04  0.03505859684 -9.486 1.04460000000000000000
1  1.66e+04  0.03558873892 -9.486 1.04460000000000000000
1  1.67e+04  0.03602785452 -9.486 1.04460000000000000000
1  1.69e+04  0.03630978054 -9.486 1.04460000000000000000
1  1.70e+04  0.0364556044 -9.486 1.04460000000000000000
1  1.71e+04  0.03656239048 -9.486 1.04460000000000000000
1  1.72e+04  0.03674868797 -9.486 1.04460000000000000000
1  1.73e+04  0.03709002706 -9.486 1.04460000000000000000
1  1.75e+04  0.03758194646 -9.486 1.04460000000000000000
1  1.76e+04  0.0381492886 -9.486 1.04460000000000000000
1  1.77e+04  0.03869198272 -9.486 1.04460000000000000000
1  1.78e+04  0.03913792978 -9.486 1.04460000000000000000
1  1.79e+04  0.03947372479 -9.486 1.04460000000000000000
1  1.81e+04  0.03974071306 -9.486 1.04460000000000000000
1  1.82e+04  0.04000475238 -9.486 1.04460000000000000000
1  1.83e+04  0.04032057511 -9.486 1.04460000000000000000
1  1.85e+04  0.04071037923 -9.486 1.04460000000000000000
1  1.86e+04  0.04116432198 -9.486 1.04460000000000000000
1  1.87e+04  0.0416565827 -9.486 1.04460000000000000000
1  1.88e+04  0.04216325377 -9.486 1.04460000000000000000
1  1.90e+04  0.04267089389 -9.486 1.04460000000000000000
1  1.91e+04  0.04317363356 -9.486 1.04460000000000000000
1  1.92e+04  0.04366516469 -9.486 1.04460000000000000000
1  1.94e+04  0.04413442305 -9.486 1.04460000000000000000
1  1.95e+04  0.04456975108 -9.486 1.04460000000000000000
1  1.96e+04  0.04496932211 -9.486 1.04460000000000000000
1  1.98e+04  0.04535031108 -9.486 1.04460000000000000000
1  1.99e+04  0.0457489429 -9.486 1.04460000000000000000
1  2.00e+04  0.04620842909 -9.486 1.04460000000000000000
1  2.02e+04  0.04675915422 -9.486 1.04460000000000000000
1  2.03e+04  0.04740092665 -9.486 1.04460000000000000000
1  2.05e+04  0.04809726281 -9.486 1.04460000000000000000
1  2.06e+04  0.04878624824 -9.486 1.04460000000000000000
1  2.07e+04  0.04940445183 -9.486 1.04460000000000000000
1  2.09e+04  0.04991388199 -9.486 1.04460000000000000000
1  2.10e+04  0.05032015269 -9.486 1.04460000000000000000
1  2.12e+04  0.0506735218 -9.486 1.04460000000000000000
1  2.13e+04  0.05105159262 -9.486 1.04460000000000000000
1  2.15e+04  0.0515301688 -9.486 1.04460000000000000000
1  2.16e+04  0.05215379228 -9.486 1.04460000000000000000
1  2.18e+04  0.05291773606 -9.486 1.04460000000000000000
1  2.19e+04  0.0537685846 -9.486 1.04460000000000000000
1  2.21e+04  0.05462308303 -9.486 1.04460000000000000000
1  2.22e+04  0.05539790143 -9.486 1.04460000000000000000
1  2.24e+04  0.05603915022 -9.486 1.04460000000000000000
1  2.25e+04  0.05654108335 -9.486 1.04460000000000000000
1  2.27e+04  0.0569477793 -9.486 1.04460000000000000000
1  2.29e+04  0.05733779888 -9.486 1.04460000000000000000
1  2.30e+04  0.05779762757 -9.486 1.04460000000000000000
1  2.32e+04  0.05839322607 -9.486 1.04460000000000000000
1  2.33e+04  0.05914920277 -9.486 1.04460000000000000000
1  2.35e+04  0.06004209084 -9.486 1.04460000000000000000
1  2.37e+04  0.06100917822 -9.486 1.04460000000000000000
1  2.38e+04  0.06196917963 -9.486 1.04460000000000000000
1  2.40e+04  0.0628475421 -9.486 1.04460000000000000000
1  2.42e+04  0.06359833521 -9.486 1.04460000000000000000
1  2.43e+04  0.06421642832 -9.486 1.04460000000000000000
1  2.45e+04  0.06473709742 -9.486 1.04460000000000000000
1  2.47e+04  0.0652240887 -9.486 1.04460000000000000000
1  2.48e+04  0.06575035496 -9.486 1.04460000000000000000
1  2.50e+04  0.06637739805 -9.486 1.04460000000000000000
1  2.52e+04  0.06713907513 -9.486 1.04460000000000000000
1  2.54e+04  0.06803402031 -9.486 1.04460000000000000000
1  2.55e+04  0.06902809324 -9.486 1.04460000000000000000
1  2.57e+04  0.07006536657 -9.486 1.04460000000000000000
1  2.59e+04  0.07108397248 -9.486 1.04460000000000000000
1  2.61e+04  0.07203221063 -9.486 1.04460000000000000000
1  2.62e+04  0.07288076565 -9.486 1.04460000000000000000
1  2.64e+04  0.07362835607 -9.486 1.04460000000000000000
1  2.66e+04  0.07430007364 -9.486 1.04460000000000000000
1  2.68e+04  0.07493951522 -9.486 1.04460000000000000000
1  2.70e+04  0.07559715333 -9.486 1.04460000000000000000
1  2.72e+04  0.07631802015 -9.486 1.04460000000000000000
1  2.74e+04  0.07713164828 -9.486 1.04460000000000000000
1  2.75e+04  0.07804641755 -9.486 1.04460000000000000000
1  2.77e+04  0.07904922883 -9.486 1.04460000000000000000
1  2.79e+04  0.0801100861 -9.486 1.04460000000000000000
1  2.81e+04  0.08119006055 -9.486 1.04460000000000000000
1  2.83e+04  0.08225049521 -9.486 1.04460000000000000000
1  2.85e+04  0.08326128391 -9.486 1.04460000000000000000
1  2.87e+04  0.08420654034 -9.486 1.04460000000000000000
1  2.89e+04  0.0850867561 -9.486 1.04460000000000000000
1  2.91e+04  0.08591739231 -9.486 1.04460000000000000000
1  2.93e+04  0.08672456812 -9.486 1.04460000000000000000
1  2.95e+04  0.08753899115 -9.486 1.04460000000000000000
1  2.97e+04  0.08838948371 -9.486 1.04460000000000000000
1  2.99e+04  0.08929740202 -9.486 1.04460000000000000000
1  3.01e+04  0.09027296005 -9.486 1.04460000000000000000
1  3.03e+04  0.09131401701 -9.486 1.04460000000000000000
1  3.05e+04  0.092407358 -9.486 1.04460000000000000000
1  3.08e+04  0.09353200053 -9.486 1.04460000000000000000
1  3.10e+04  0.09466370281 -9.486 1.04460000000000000000
1  3.12e+04  0.09577969929 -9.486 1.04460000000000000000
1  3.14e+04  0.09686275827 -9.486 1.04460000000000000000
1  3.16e+04  0.09790389623 -9.486 1.04460000000000000000
1  3.18e+04  0.0989034129 -9.486 1.04460000000000000000
1  3.21e+04  0.09987024525 -9.486 1.04460000000000000000
1  3.23e+04  0.1008199138 -9.486 1.04460000000000000000
1  3.25e+04  0.1017715217 -9.486 1.04460000000000000000
1  3.27e+04  0.1027443611 -9.486 1.04460000000000000000
1  3.30e+04  0.1037546881 -9.486 1.04460000000000000000
1  3.32e+04  0.1048131623 -9.486 1.04460000000000000000
1  3.34e+04  0.105923316 -9.486 1.04460000000000000000
1  3.37e+04  0.1070812388 -9.486 1.04460000000000000000
1  3.39e+04  0.1082764619 -9.486 1.04460000000000000000
1  3.41e+04  0.1094938337 -9.486 1.04460000000000000000
1  3.44e+04  0.1107160303 -9.486 1.04460000000000000000
1  3.46e+04  0.1119262698 -9.486 1.04460000000000000000
1  3.48e+04  0.113110802 -9.486 1.04460000000000000000
1  3.51e+04  0.1142608212 -9.486 1.04460000000000000000
1  3.53e+04  0.1153735745 -9.486 1.04460000000000000000
1  3.56e+04  0.1164525723 -9.486 1.04460000000000000000
1  3.58e+04  0.1175069417 -9.486 1.04460000000000000000
1  3.61e+04  0.1185500632 -9.486 1.04460000000000000000
1  3.63e+04  0.1195977072 -9.486 1.04460000000000000000
1  3.66e+04  0.1206659221 -9.486 1.04460000000000000000
1  3.68e+04  0.1217689437 -9.486 1.04460000000000000000
1  3.71e+04  0.122917376 -9.486 1.04460000000000000000
1  3.73e+04  0.12411686 -9.486 1.04460000000000000000
1  3.76e+04  0.1253673789 -9.486 1.04460000000000000000
1  3.78e+04  0.1266632747 -9.486 1.04460000000000000000
1  3.81e+04  0.1279939529 -9.486 1.04460000000000000000
1  3.84e+04  0.1293451733 -9.486 1.04460000000000000000
1  3.86e+04  0.1307007486 -9.486 1.04460000000000000000
1  3.89e+04  0.1320444324 -9.486 1.04460000000000000000
1  3.92e+04  0.133361767 -9.486 1.04460000000000000000
1  3.94e+04  0.1346416802 -9.486 1.04460000000000000000
1  3.97e+04  0.1358776669 -9.486 1.04460000000000000000
1  4.00e+04  0.1370684487 -9.486 1.04460000000000000000
1  4.03e+04  0.1382180678 -9.486 1.04460000000000000000
1  4.06e+04  0.1393354338 -9.486 1.04460000000000000000
1  4.08e+04  0.1404333906 -9.486 1.04460000000000000000
1  4.11e+04  0.1415274111 -9.486 1.04460000000000000000
1  4.14e+04  0.1426340565 -9.486 1.04460000000000000000
1  4.17e+04  0.1437693505 -9.486 1.04460000000000000000
1  4.20e+04  0.1449472238 -9.486 1.04460000000000000000
1  4.23e+04  0.1461781732 -9.486 1.04460000000000000000
1  4.26e+04  0.1474682585 -9.486 1.04460000000000000000
1  4.29e+04  0.1488185262 -9.486 1.04460000000000000000
1  4.32e+04  0.1502249077 -9.486 1.04460000000000000000
1  4.35e+04  0.1516785905 -9.486 1.04460000000000000000
1  4.38e+04  0.1531668173 -9.486 1.04460000000000000000
1  4.41e+04  0.1546740267 -9.486 1.04460000000000000000
1  4.44e+04  0.1561832192 -9.486 1.04460000000000000000
1  4.47e+04  0.1576774192 -9.486 1.04460000000000000000
1  4.50e+04  0.1591410989 -9.486 1.04460000000000000000
1  4.53e+04  0.1605614446 -9.486 1.04460000000000000000
1  4.56e+04  0.1619293652 -9.486 1.04460000000000000000
1  4.59e+04  0.1632401736 -9.486 1.04460000000000000000
1  4.62e+04  0.164493901 -9.486 1.04460000000000000000
1  4.66e+04  0.165695236 -9.486 1.04460000000000000000
1  4.69e+04  0.1668531103 -9.486 1.04460000000000000000
1  4.72e+04  0.1679799755 -9.486 1.04460000000000000000
1  4.75e+04  0.1690908376 -9.486 1.04460000000000000000
1  4.79e+04  0.170202126 -9.486 1.04460000000000000000
1  4.82e+04  0.1713304873 -9.486 1.04460000000000000000
1  4.85e+04  0.17249159 -9.486 1.04460000000000000000
1  4.89e+04  0.1736990274 -9.486 1.04460000000000000000
1  4.92e+04  0.174963393 -9.486 1.04460000000000000000
1  4.95e+04  0.1762915892 -9.486 1.04460000000000000000
1  4.99e+04  0.1776864092 -9.486 1.04460000000000000000
1  5.02e+04  0.1791464128 -9.486 1.04460000000000000000
1  5.06e+04  0.1806660939 -9.486 1.04460000000000000000
1  5.09e+04  0.1822363137 -9.486 1.04460000000000000000
1  5.13e+04  0.1838449604 -9.486 1.04460000000000000000
1  5.16e+04  0.1854777782 -9.486 1.04460000000000000000
1  5.20e+04  0.1871193019 -9.486 1.04460000000000000000
1  5.24e+04  0.1887538308 -9.486 1.04460000000000000000
1  5.27e+04  0.1903663759 -9.486 1.04460000000000000000
1  5.31e+04  0.1919435235 -9.486 1.04460000000000000000
1  5.35e+04  0.1934741664 -9.486 1.04460000000000000000
1  5.38e+04  0.1949500662 -9.486 1.04460000000000000000
1  5.42e+04  0.1963662259 -9.486 1.04460000000000000000
1  5.46e+04  0.1977210606 -9.486 1.04460000000000000000
1  5.50e+04  0.1990163718 -9.486 1.04460000000000000000
1  5.53e+04  0.2002571359 -9.486 1.04460000000000000000
1  5.57e+04  0.2014511335 -9.486 1.04460000000000000000
1  5.61e+04  0.2026084448 -9.486 1.04460000000000000000
1  5.65e+04  0.2037408492 -9.486 1.04460000000000000000
1  5.69e+04  0.2048611654 -9.486 1.04460000000000000000
1  5.73e+04  0.2059825685 -9.486 1.04460000000000000000
1  5.77e+04  0.2071179231 -9.486 1.04460000000000000000
1  5.81e+04  0.2082791648 -9.486 1.04460000000000000000
1  5.85e+04  0.2094767587 -9.486 1.04460000000000000000
1  5.89e+04  0.2107192587 -9.486 1.04460000000000000000
1  5.93e+04  0.2120129838 -9.486 1.04460000000000000000
1  5.97e+04  0.2133618193 -9.486 1.04460000000000000000
1  6.01e+04  0.2147671458 -9.486 1.04460000000000000000
1  6.05e+04  0.2162278907 -9.486 1.04460000000000000000
1  6.10e+04  0.2177406894 -9.486 1.04460000000000000000
1  6.14e+04  0.2193001429 -9.486 1.04460000000000000000
1  6.18e+04  0.2208991492 -9.486 1.04460000000000000000
1  6.22e+04  0.2225292886 -9.486 1.04460000000000000000
1  6.27e+04  0.2241812398 -9.486 1.04460000000000000000
1  6.31e+04  0.2258452048 -9.486 1.04460000000000000000
1  6.35e+04  0.2275113228 -9.486 1.04460000000000000000
1  6.40e+04  0.2291700559 -9.486 1.04460000000000000000
1  6.44e+04  0.2308125312 -9.486 1.04460000000000000000
1  6.49e+04  0.2324308312 -9.486 1.04460000000000000000
1  6.53e+04  0.2340182221 -9.486 1.04460000000000000000
1  6.58e+04  0.2355693196 -9.486 1.04460000000000000000
1  6.62e+04  0.2370801895 -9.486 1.04460000000000000000
1  6.67e+04  0.2385483874 -9.486 1.04460000000000000000
1  6.71e+04  0.2399729401 -9.486 1.04460000000000000000
1  6.76e+04  0.241354277 -9.486 1.04460000000000000000
1  6.81e+04  0.2426941174 -9.486 1.04460000000000000000
1  6.85e+04  0.243995324 -9.486 1.04460000000000000000
1  6.90e+04  0.2452617291 -9.486 1.04460000000000000000
1  6.95e+04  0.2464979449 -9.486 1.04460000000000000000
1  7.00e+04  0.2477091637 -9.486 1.04460000000000000000
1  7.05e+04  0.2489009586 -9.486 1.04460000000000000000
1  7.10e+04  0.2500790889 -9.486 1.04460000000000000000
1  7.14e+04  0.2512493191 -9.486 1.04460000000000000000
1  7.19e+04  0.252417254 -9.486 1.04460000000000000000
1  7.24e+04  0.2535881964 -9.486 1.04460000000000000000
1  7.29e+04  0.2547670265 -9.486 1.04460000000000000000
1  7.35e+04  0.2559581085 -9.486 1.04460000000000000000
1  7.40e+04  0.2571652211 -9.486 1.04460000000000000000
1  7.45e+04  0.2583915132 -9.486 1.04460000000000000000
1  7.50e+04  0.2596394833 -9.486 1.04460000000000000000
1  7.55e+04  0.2609109788 -9.486 1.04460000000000000000
1  7.60e+04  0.2622072139 -9.486 1.04460000000000000000
1  7.66e+04  0.2635288018 -9.486 1.04460000000000000000
1  7.71e+04  0.2648757994 -9.486 1.04460000000000000000
1  7.76e+04  0.2662477589 -9.486 1.04460000000000000000
1  7.82e+04  0.2676437859 -9.486 1.04460000000000000000
1  7.87e+04  0.2690625983 -9.486 1.04460000000000000000
1  7.93e+04  0.2705025867 -9.486 1.04460000000000000000
1  7.98e+04  0.2719618719 -9.486 1.04460000000000000000
1  8.04e+04  0.2734383586 -9.486 1.04460000000000000000
1  8.09e+04  0.2749297859 -9.486 1.04460000000000000000
1  8.15e+04  0.2764337711 -9.486 1.04460000000000000000
1  8.20e+04  0.27794785 -9.486 1.04460000000000000000
1  8.26e+04  0.2794695106 -9.486 1.04460000000000000000
1  8.32e+04  0.2809962234 -9.486 1.04460000000000000000
1  8.38e+04  0.2825254668 -9.486 1.04460000000000000000
1  8.43e+04  0.2840547493 -9.486 1.04460000000000000000
1  8.49e+04  0.2855816293 -9.486 1.04460000000000000000
1  8.55e+04  0.287103732 -9.486 1.04460000000000000000
1  8.61e+04  0.2886187657 -9.486 1.04460000000000000000
1  8.67e+04  0.290124536 -9.486 1.04460000000000000000
1  8.73e+04  0.2916189606 -9.486 1.04460000000000000000
1  8.79e+04  0.2931000825 -9.486 1.04460000000000000000
1  8.85e+04  0.2945660835 -9.486 1.04460000000000000000
1  8.91e+04  0.2960152969 -9.486 1.04460000000000000000
1  8.97e+04  0.2974462208 -9.486 1.04460000000000000000
1  9.04e+04  0.2988575291 -9.486 1.04460000000000000000
1  9.10e+04  0.3002480837 -9.486 1.04460000000000000000
1  9.16e+04  0.3016169439 -9.486 1.04460000000000000000
1  9.23e+04  0.3029633756 -9.486 1.04460000000000000000
1  9.29e+04  0.3042868584 -9.486 1.04460000000000000000
1  9.35e+04  0.3055870909 -9.486 1.04460000000000000000
1  9.42e+04  0.3068639938 -9.486 1.04460000000000000000
1  9.48e+04  0.3081177113 -9.486 1.04460000000000000000
1  9.55e+04  0.3093486093 -9.486 1.04460000000000000000
1  9.62e+04  0.3105572718 -9.486 1.04460000000000000000
1  9.68e+04  0.311744494 -9.486 1.04460000000000000000
1  9.75e+04  0.3129112735 -9.486 1.04460000000000000000
1  9.82e+04  0.3140587988 -9.486 1.04460000000000000000
1  9.89e+04  0.3151884356 -9.486 1.04460000000000000000
1  9.95e+04  0.3163017101 -9.486 1.04460000000000000000
1  1.00e+05  0.3174002913 -9.486 1.04460000000000000000
1  1.01e+05  0.318485971 -9.486 1.04460000000000000000
1  1.02e+05  0.3195606422 -9.486 1.04460000000000000000
1  1.02e+05  0.3206262766 -9.486 1.04460000000000000000
1  1.03e+05  0.3216849005 -9.486 1.04460000000000000000
1  1.04e+05  0.3227385714 -9.486 1.04460000000000000000
1  1.04e+05  0.3237893529 -9.486 1.04460000000000000000
1  1.05e+05  0.3248392909 -9.486 1.04460000000000000000
1  1.06e+05  0.3258903897 -9.486 1.04460000000000000000
1  1.07e+05  0.326944589 -9.486 1.04460000000000000000
1  1.07e+05  0.3280037425 -9.486 1.04460000000000000000
1  1.08e+05  0.3290695973 -9.486 1.04460000000000000000
1  1.09e+05  0.3301437755 -9.486 1.04460000000000000000
1  1.10e+05  0.3312277578 -9.486 1.04460000000000000000
1  1.10e+05  0.332322869 -9.486 1.04460000000000000000
1  1.11e+05  0.3334302663 -9.486 1.04460000000000000000
1  1.12e+05  0.3345509293 -9.486 1.04460000000000000000
1  1.13e+05  0.3356856537 -9.486 1.04460000000000000000
1  1.14e+05  0.3368350463 -9.486 1.04460000000000000000
1  1.14e+05  0.3379995236 -9.486 1.04460000000000000000
1  1.15e+05  0.3391793121 -9.486 1.04460000000000000000
1  1.16e+05  0.3403744516 -9.486 1.04460000000000000000
1  1.17e+05  0.3415848 -9.486 1.04460000000000000000
1  1.17e+05  0.3428100409 -9.486 1.04460000000000000000
1  1.18e+05  0.3440496929 -9.486 1.04460000000000000000
1  1.19e+05  0.3453031198 -9.486 1.04460000000000000000
1  1.20e+05  0.3465695433 -9.486 1.04460000000000000000
1  1.21e+05  0.3478480559 -9.486 1.04460000000000000000
1  1.22e+05  0.3491376356 -9.486 1.04460000000000000000
1  1.22e+05  0.3504371601 -9.486 1.04460000000000000000
1  1.23e+05  0.3517454227 -9.486 1.04460000000000000000
1  1.24e+05  0.3530611471 -9.486 1.04460000000000000000
1  1.25e+05  0.3543830033 -9.486 1.04460000000000000000
1  1.26e+05  0.3557096223 -9.486 1.04460000000000000000
1  1.27e+05  0.3570396109 -9.486 1.04460000000000000000
1  1.28e+05  0.3583715655 -9.486 1.04460000000000000000
1  1.29e+05  0.3597040858 -9.486 1.04460000000000000000
1  1.29e+05  0.3610357865 -9.486 1.04460000000000000000
1  1.30e+05  0.3623653094 -9.486 1.04460000000000000000
1  1.31e+05  0.3636913333 -9.486 1.04460000000000000000
1  1.32e+05  0.3650125834 -9.486 1.04460000000000000000
1  1.33e+05  0.3663278394 -9.486 1.04460000000000000000
1  1.34e+05  0.3676359426 -9.486 1.04460000000000000000
1  1.35e+05  0.3689358017 -9.486 1.04460000000000000000
1  1.36e+05  0.3702263976 -9.486 1.04460000000000000000
1  1.37e+05  0.3715067872 -9.486 1.04460000000000000000
1  1.38e+05  0.3727761058 -9.486 1.04460000000000000000
1  1.39e+05  0.3740335692 -9.486 1.04460000000000000000
1  1.40e+05  0.3752784745 -9.486 1.04460000000000000000
1  1.41e+05  0.3765101998 -9.486 1.04460000000000000000
1  1.42e+05  0.377728204 -9.486 1.04460000000000000000
1  1.43e+05  0.3789320249 -9.486 1.04460000000000000000
1  1.44e+05  0.3801212776 -9.486 1.04460000000000000000
1  1.45e+05  0.3812956518 -9.486 1.04460000000000000000
1  1.46e+05  0.382454909 -9.486 1.04460000000000000000
1  1.47e+05  0.3835988792 -9.486 1.04460000000000000000
1  1.48e+05  0.3847274573 -9.486 1.04460000000000000000
1  1.49e+05  0.3858405995 -9.486 1.04460000000000000000
1  1.50e+05  0.3869383188 -9.486 1.04460000000000000000
1  1.51e+05  0.3880206816 -9.486 1.04460000000000000000
1  1.52e+05  0.3890878032 -9.486 1.04460000000000000000
1  1.53e+05  0.3901398436 -9.486 1.04460000000000000000
1  1.54e+05  0.3911770037 -9.486 1.04460000000000000000
1  1.55e+05  0.3921995211 -9.486 1.04460000000000000000
1  1.56e+05  0.3932076662 -9.486 1.04460000000000000000
1  1.57e+05  0.3942017382 -9.486 1.04460000000000000000
1  1.58e+05  0.3951820619 -9.486 1.04460000000000000000
1  1.59e+05  0.3961489838 -9.486 1.04460000000000000000
1  1.60e+05  0.3971028689 -9.486 1.04460000000000000000
1  1.61e+05  0.3980440979 -9.486 1.04460000000000000000
1  1.63e+05  0.3989730638 -9.486 1.04460000000000000000
1  1.64e+05  0.3998901695 -9.486 1.04460000000000000000
1  1.65e+05  0.4007958252 -9.486 1.04460000000000000000
1  1.66e+05  0.4016904462 -9.486 1.04460000000000000000
1  1.67e+05  0.4025744508 -9.486 1.04460000000000000000
1  1.68e+05  0.403448258 -9.486 1.04460000000000000000
1  1.69e+05  0.4043122866 -9.486 1.04460000000000000000
1  1.71e+05  0.4051669528 -9.486 1.04460000000000000000
1  1.72e+05  0.4060126696 -9.486 1.04460000000000000000
1  1.73e+05  0.4068498449 -9.486 1.04460000000000000000
1  1.74e+05  0.4076788812 -9.486 1.04460000000000000000
1  1.75e+05  0.4085001739 -9.486 1.04460000000000000000
1  1.77e+05  0.4093141113 -9.486 1.04460000000000000000
1  1.78e+05  0.4101210735 -9.486 1.04460000000000000000
1  1.79e+05  0.4109214319 -9.486 1.04460000000000000000
1  1.80e+05  0.4117155492 -9.486 1.04460000000000000000
1  1.82e+05  0.4125037782 -9.486 1.04460000000000000000
1  1.83e+05  0.4132864625 -9.486 1.04460000000000000000
1  1.84e+05  0.4140639357 -9.486 1.04460000000000000000
1  1.85e+05  0.4148365214 -9.486 1.04460000000000000000
1  1.87e+05  0.4156045333 -9.486 1.04460000000000000000
1  1.88e+05  0.4163682749 -9.486 1.04460000000000000000
1  1.89e+05  0.4171280396 -9.486 1.04460000000000000000
1  1.91e+05  0.417884111 -9.486 1.04460000000000000000
1  1.92e+05  0.4186367624 -9.486 1.04460000000000000000
1  1.93e+05  0.4193862573 -9.486 1.04460000000000000000
1  1.95e+05  0.4201328496 -9.486 1.04460000000000000000
1  1.96e+05  0.4208767832 -9.486 1.04460000000000000000
1  1.97e+05  0.4216182925 -9.486 1.04460000000000000000
1  1.99e+05  0.4223576023 -9.486 1.04460000000000000000
1  2.00e+05  0.4230949281 -9.486 1.04460000000000000000
1  2.01e+05  0.4238304759 -9.486 1.04460000000000000000
1  2.03e+05  0.4245644428 -9.486 1.04460000000000000000
1  2.04e+05  0.4252970166 -9.486 1.04460000000000000000
1  2.06e+05  0.4260283759 -9.486 1.04460000000000000000
1  2.07e+05  0.4267586908 -9.486 1.04460000000000000000
1  2.08e+05  0.4274881222 -9.486 1.04460000000000000000
1  2.10e+05  0.4282168224 -9.486 1.04460000000000000000
1  2.11e+05  0.4289449348 -9.486 1.04460000000000000000
1  2.13e+05  0.4296725944 -9.486 1.04460000000000000000
1  2.14e+05  0.4303999276 -9.486 1.04460000000000000000
1  2.16e+05  0.431127052 -9.486 1.04460000000000000000
1  2.17e+05  0.4318540772 -9.486 1.04460000000000000000
1  2.19e+05  0.4325811041 -9.486 1.04460000000000000000
1  2.20e+05  0.4333082254 -9.486 1.04460000000000000000
1  2.22e+05  0.4340355257 -9.486 1.04460000000000000000
1  2.23e+05  0.4347630811 -9.486 1.04460000000000000000
1  2.25e+05  0.43549096 -9.486 1.04460000000000000000
1  2.26e+05  0.4362192226 -9.486 1.04460000000000000000
1  2.28e+05  0.4369479211 -9.486 1.04460000000000000000
1  2.30e+05  0.4376771002 -9.486 1.04460000000000000000
1  2.31e+05  0.4384067965 -9.486 1.04460000000000000000
1  2.33e+05  0.4391370395 -9.486 1.04460000000000000000
1  2.34e+05  0.4398678508 -9.486 1.04460000000000000000
1  2.36e+05  0.440599245 -9.486 1.04460000000000000000
1  2.38e+05  0.4413312295 -9.486 1.04460000000000000000
1  2.39e+05  0.4420638045 -9.486 1.04460000000000000000
1  2.41e+05  0.4427969637 -9.486 1.04460000000000000000
1  2.43e+05  0.4435306939 -9.486 1.04460000000000000000
1  2.44e+05  0.4442649756 -9.486 1.04460000000000000000
1  2.46e+05  0.444999783 -9.486 1.04460000000000000000
1  2.48e+05  0.4457350842 -9.486 1.04460000000000000000
1  2.49e+05  0.4464708416 -9.486 1.04460000000000000000
1  2.51e+05  0.447207012 -9.486 1.04460000000000000000
1  2.53e+05  0.4479435468 -9.486 1.04460000000000000000
1  2.55e+05  0.4486803924 -9.486 1.04460000000000000000
1  2.56e+05  0.4494174902 -9.486 1.04460000000000000000
1  2.58e+05  0.4501547771 -9.486 1.04460000000000000000
1  2.60e+05  0.4508921858 -9.486 1.04460000000000000000
1  2.62e+05  0.4516296446 -9.486 1.04460000000000000000
1  2.64e+05  0.4523670782 -9.486 1.04460000000000000000
1  2.65e+05  0.4531044079 -9.486 1.04460000000000000000
1  2.67e+05  0.4538415514 -9.486 1.04460000000000000000
1  2.69e+05  0.4545784238 -9.486 1.04460000000000000000
1  2.71e+05  0.4553149371 -9.486 1.04460000000000000000
1  2.73e+05  0.4560510011 -9.486 1.04460000000000000000
1  2.75e+05  0.4567865233 -9.486 1.04460000000000000000
1  2.77e+05  0.4575214094 -9.486 1.04460000000000000000
1  2.79e+05  0.4582555631 -9.486 1.04460000000000000000
1  2.81e+05  0.4589888872 -9.486 1.04460000000000000000
1  2.82e+05  0.4597212828 -9.486 1.04460000000000000000
1  2.84e+05  0.4604526505 -9.486 1.04460000000000000000
1  2.86e+05  0.4611828899 -9.486 1.04460000000000000000
1  2.88e+05  0.4619119004 -9.486 1.04460000000000000000
1  2.90e+05  0.4626395809 -9.486 1.04460000000000000000
1  2.92e+05  0.4633658304 -9.486 1.04460000000000000000
1  2.94e+05  0.4640905482 -9.486 1.04460000000000000000
1  2.96e+05  0.4648136337 -9.486 1.04460000000000000000
1  2.99e+05  0.4655349872 -9.486 1.04460000000000000000
1  3.01e+05  0.4662545094 -9.486 1.04460000000000000000
1  3.03e+05  0.4669721021 -9.486 1.04460000000000000000
1  3.05e+05  0.4676876681 -9.486 1.04460000000000000000
1  3.07e+05  0.4684011115 -9.486 1.04460000000000000000
1  3.09e+05  0.4691123378 -9.486 1.04460000000000000000
1  3.11e+05  0.4698212537 -9.486 1.04460000000000000000
1  3.13e+05  0.4705277679 -9.486 1.04460000000000000000
1  3.16e+05  0.4712317906 -9.486 1.04460000000000000000
1  3.18e+05  0.4719332339 -9.486 1.04460000000000000000
1  3.20e+05  0.4726320118 -9.486 1.04460000000000000000
1  3.22e+05  0.4733280402 -9.486 1.04460000000000000000
1  3.24e+05  0.4740212375 -9.486 1.04460000000000000000
1  3.27e+05  0.4747115237 -9.486 1.04460000000000000000
1  3.29e+05  0.4753988215 -9.486 1.04460000000000000000
1  3.31e+05  0.4760830555 -9.486 1.04460000000000000000
1  3.33e+05  0.476764153 -9.486 1.04460000000000000000
1  3.36e+05  0.4774420433 -9.486 1.04460000000000000000
1  3.38e+05  0.4781166583 -9.486 1.04460000000000000000
1  3.40e+05  0.4787879323 -9.486 1.04460000000000000000
1  3.43e+05  0.4794558019 -9.486 1.04460000000000000000
1  3.45e+05  0.4801202064 -9.486 1.04460000000000000000
1  3.48e+05  0.4807810873 -9.486 1.04460000000000000000
1  3.50e+05  0.4814383887 -9.486 1.04460000000000000000
1  3.52e+05  0.482092057 -9.486 1.04460000000000000000
1  3.55e+05  0.4827420413 -9.486 1.04460000000000000000
1  3.57e+05  0.4833882929 -9.486 1.04460000000000000000
1  3.60e+05  0.4840307655 -9.486 1.04460000000000000000
1  3.62e+05  0.4846694153 -9.486 1.04460000000000000000
1  3.65e+05  0.485304201 -9.486 1.04460000000000000000
1  3.67e+05  0.4859350832 -9.486 1.04460000000000000000
1  3.70e+05  0.4865620253 -9.486 1.04460000000000000000
1  3.72e+05  0.4871849926 -9.486 1.04460000000000000000
1  3.75e+05  0.4878039528 -9.486 1.04460000000000000000
1  3.78e+05  0.4884188758 -9.486 1.04460000000000000000
1  3.80e+05  0.4890297336 -9.486 1.04460000000000000000
1  3.83e+05  0.4896365003 -9.486 1.04460000000000000000
1  3.85e+05  0.4902391521 -9.486 1.04460000000000000000
1  3.88e+05  0.4908376673 -9.486 1.04460000000000000000
1  3.91e+05  0.491432026 -9.486 1.04460000000000000000
1  3.94e+05  0.4920222104 -9.486 1.04460000000000000000
1  3.96e+05  0.4926082044 -9.486 1.04460000000000000000
1  3.99e+05  0.493189994 -9.486 1.04460000000000000000
1  4.02e+05  0.4937675665 -9.486 1.04460000000000000000
1  4.05e+05  0.4943409116 -9.486 1.04460000000000000000
1  4.07e+05  0.4949100201 -9.486 1.04460000000000000000
1  4.10e+05  0.4954748847 -9.486 1.04460000000000000000
1  4.13e+05  0.4960354996 -9.486 1.04460000000000000000
1  4.16e+05  0.4965918607 -9.486 1.04460000000000000000
1  4.19e+05  0.4971439651 -9.486 1.04460000000000000000
1  4.22e+05  0.4976918116 -9.486 1.04460000000000000000
1  4.25e+05  0.4982354003 -9.486 1.04460000000000000000
1  4.28e+05  0.4987747325 -9.486 1.04460000000000000000
1  4.31e+05  0.4993098109 -9.486 1.04460000000000000000
1  4.34e+05  0.4998406396 -9.486 1.04460000000000000000
1  4.37e+05  0.5003672236 -9.486 1.04460000000000000000
1  4.40e+05  0.5008895693 -9.486 1.04460000000000000000
1  4.43e+05  0.5014076841 -9.486 1.04460000000000000000
1  4.46e+05  0.5019215765 -9.486 1.04460000000000000000
1  4.49e+05  0.502431256 -9.486 1.04460000000000000000
1  4.52e+05  0.502936733 -9.486 1.04460000000000000000
1  4.55e+05  0.5034380191 -9.486 1.04460000000000000000
1  4.58e+05  0.5039351266 -9.486 1.04460000000000000000
1  4.61e+05  0.5044280686 -9.486 1.04460000000000000000
1  4.65e+05  0.5049168592 -9.486 1.04460000000000000000
1  4.68e+05  0.5054015133 -9.486 1.04460000000000000000
1  4.71e+05  0.5058820463 -9.486 1.04460000000000000000
1  4.74e+05  0.5063584747 -9.486 1.04460000000000000000
1  4.78e+05  0.5068308154 -9.486 1.04460000000000000000
1  4.81e+05  0.507299086 -9.486 1.04460000000000000000
1  4.84e+05  0.5077633048 -9.486 1.04460000000000000000
1  4.88e+05  0.5082234907 -9.486 1.04460000000000000000
1  4.91e+05  0.5086796631 -9.486 1.04460000000000000000
1  4.94e+05  0.5091318419 -9.486 1.04460000000000000000
1  4.98e+05  0.5095800476 -9.486 1.04460000000000000000
1  5.01e+05  0.5100243011 -9.486 1.04460000000000000000
1  5.05e+05  0.5104646239 -9.486 1.04460000000000000000
1  5.08e+05  0.5109010376 -9.486 1.04460000000000000000
1  5.12e+05  0.5113335645 -9.486 1.04460000000000000000
1  5.15e+05  0.5117622273 -9.486 1.04460000000000000000
1  5.19e+05  0.5121870488 -9.486 1.04460000000000000000
1  5.22e+05  0.5126080523 -9.486 1.04460000000000000000
1  5.26e+05  0.5130252615 -9.486 1.04460000000000000000
1  5.30e+05  0.5134387001 -9.486 1.04460000000000000000
1  5.33e+05  0.5138483924 -9.486 1.04460000000000000000
1  5.37e+05  0.5142543627 -9.486 1.04460000000000000000
1  5.41e+05  0.5146566357 -9.486 1.04460000000000000000
1  5.45e+05  0.5150552362 -9.486 1.04460000000000000000
1  5.48e+05  0.5154501892 -9.486 1.04460000000000000000
1  5.52e+05  0.5158415201 -9.486 1.04460000000000000000
1  5.56e+05  0.5162292541 -9.486 1.04460000000000000000
1  5.60e+05  0.5166134169 -9.486 1.04460000000000000000
1  5.64e+05  0.5169940342 -9.486 1.04460000000000000000
1  5.68e+05  0.5173711316 -9.486 1.04460000000000000000
1  5.71e+05  0.5177447352 -9.486 1.04460000000000000000
1  5.75e+05  0.518114871 -9.486 1.04460000000000000000
1  5.79e+05  0.518481565 -9.486 1.04460000000000000000
1  5.83e+05  0.5188448434 -9.486 1.04460000000000000000
1  5.87e+05  0.5192047324 -9.486 1.04460000000000000000
1  5.92e+05  0.5195612583 -9.486 1.04460000000000000000
1  5.96e+05  0.5199144475 -9.486 1.04460000000000000000
1  6.00e+05  0.5202643262 -9.486 1.04460000000000000000
1  6.04e+05  0.5206109208 -9.486 1.04460000000000000000
1  6.08e+05  0.5209542577 -9.486 1.04460000000000000000
1  6.12e+05  0.5212943632 -9.486 1.04460000000000000000
1  6.17e+05  0.5216312637 -9.486 1.04460000000000000000
1  6.21e+05  0.5219649856 -9.486 1.04460000000000000000
1  6.25e+05  0.522295555 -9.486 1.04460000000000000000
1  6.30e+05  0.5226229984 -9.486 1.04460000000000000000
1  6.34e+05  0.5229473418 -9.486 1.04460000000000000000
1  6.38e+05  0.5232686116 -9.486 1.04460000000000000000
1  6.43e+05  0.5235868339 -9.486 1.04460000000000000000
1  6.47e+05  0.5239020347 -9.486 1.04460000000000000000
1  6.52e+05  0.52421424 -9.486 1.04460000000000000000
1  6.56e+05  0.5245234757 -9.486 1.04460000000000000000
1  6.61e+05  0.5248297678 -9.486 1.04460000000000000000
1  6.65e+05  0.5251331419 -9.486 1.04460000000000000000
1  6.70e+05  0.5254336238 -9.486 1.04460000000000000000
1  6.75e+05  0.5257312391 -9.486 1.04460000000000000000
1  6.79e+05  0.5260260131 -9.486 1.04460000000000000000
1  6.84e+05  0.5263179713 -9.486 1.04460000000000000000
1  6.89e+05  0.5266071391 -9.486 1.04460000000000000000
1  6.93e+05  0.5268935414 -9.486 1.04460000000000000000
1  6.98e+05  0.5271772035 -9.486 1.04460000000000000000
1  7.03e+05  0.5274581501 -9.486 1.04460000000000000000
1  7.08e+05  0.5277364062 -9.486 1.04460000000000000000
1  7.13e+05  0.5280119964 -9.486 1.04460000000000000000
1  7.18e+05  0.5282849452 -9.486 1.04460000000000000000
1  7.23e+05  0.528555277 -9.486 1.04460000000000000000
1  7.28e+05  0.5288230162 -9.486 1.04460000000000000000
1  7.33e+05  0.5290881869 -9.486 1.04460000000000000000
1  7.38e+05  0.5293508131 -9.486 1.04460000000000000000
1  7.43e+05  0.5296109187 -9.486 1.04460000000000000000
1  7.48e+05  0.5298685273 -9.486 1.04460000000000000000
1  7.53e+05  0.5301236625 -9.486 1.04460000000000000000
1  7.59e+05  0.5303763478 -9.486 1.04460000000000000000
1  7.64e+05  0.5306266065 -9.486 1.04460000000000000000
1  7.69e+05  0.5308744616 -9.486 1.04460000000000000000
1  7.74e+05  0.5311199361 -9.486 1.04460000000000000000
1  7.80e+05  0.5313630528 -9.486 1.04460000000000000000
1  7.85e+05  0.5316038344 -9.486 1.04460000000000000000
1  7.91e+05  0.5318423033 -9.486 1.04460000000000000000
1  7.96e+05  0.532078482 -9.486 1.04460000000000000000
1  8.02e+05  0.5323123925 -9.486 1.04460000000000000000
1  8.07e+05  0.5325440568 -9.486 1.04460000000000000000
1  8.13e+05  0.5327734969 -9.486 1.04460000000000000000
1  8.18e+05  0.5330007344 -9.486 1.04460000000000000000
1  8.24e+05  0.5332257908 -9.486 1.04460000000000000000
1  8.30e+05  0.5334486875 -9.486 1.04460000000000000000
1  8.36e+05  0.5336694457 -9.486 1.04460000000000000000
1  8.41e+05  0.5338880863 -9.486 1.04460000000000000000
1  8.47e+05  0.5341046303 -9.486 1.04460000000000000000
1  8.53e+05  0.5343190983 -9.486 1.04460000000000000000
1  8.59e+05  0.5345315108 -9.486 1.04460000000000000000
1  8.65e+05  0.5347418883 -9.486 1.04460000000000000000
1  8.71e+05  0.5349502508 -9.486 1.04460000000000000000
1  8.77e+05  0.5351566184 -9.486 1.04460000000000000000
1  8.83e+05  0.535361011 -9.486 1.04460000000000000000
1  8.89e+05  0.5355634483 -9.486 1.04460000000000000000
1  8.95e+05  0.5357639496 -9.486 1.04460000000000000000
1  9.02e+05  0.5359625345 -9.486 1.04460000000000000000
1  9.08e+05  0.5361592221 -9.486 1.04460000000000000000
1  9.14e+05  0.5363540313 -9.486 1.04460000000000000000
1  9.20e+05  0.5365469811 -9.486 1.04460000000000000000
1  9.27e+05  0.5367380901 -9.486 1.04460000000000000000
1  9.33e+05  0.5369273768 -9.486 1.04460000000000000000
1  9.40e+05  0.5371148596 -9.486 1.04460000000000000000
1  9.46e+05  0.5373005566 -9.486 1.04460000000000000000
1  9.53e+05  0.5374844859 -9.486 1.04460000000000000000
1  9.59e+05  0.5376666653 -9.486 1.04460000000000000000
1  9.66e+05  0.5378471125 -9.486 1.04460000000000000000
1  9.73e+05  0.538025845 -9.486 1.04460000000000000000
1  9.79e+05  0.5382028803 -9.486 1.04460000000000000000
1  9.86e+05  0.5383782354 -9.486 1.04460000000000000000
1  9.93e+05  0.5385519274 -9.486 1.04460000000000000000
1  1.00e+06  0.5387239732 -9.486 1.04460000000000000000
