1  1.00e-03  0.4495007894 65692.176 0.99599999999999999997
1  1.05e-03  0.4495007947 65692.176 0.99599999999999999997
1  1.10e-03  0.4495007932 65692.176 0.99599999999999999997
1  1.15e-03  0.4495007924 65692.176 0.99599999999999999997
1  1.20e-03  0.4495007923 65692.176 0.99599999999999999997
1  1.26e-03  0.4495007949 65692.176 0.99599999999999999997
1  1.32e-03  0.4495007947 65692.176 0.99599999999999999997
1  1.38e-03  0.4495007906 65692.176 0.99599999999999999997
1  1.45e-03  0.4495007872 65692.176 0.99599999999999999997
1  1.51e-03  0.4495007947 65692.176 0.99599999999999999997
1  1.58e-03  0.449500794 65692.176 0.99599999999999999997
1  1.66e-03  0.4495007924 65692.176 0.99599999999999999997
1  1.74e-03  0.4495007891 65692.176 0.99599999999999999997
1  1.82e-03  0.449500795 65692.176 0.99599999999999999997
1  1.91e-03  0.4495007903 65692.176 0.99599999999999999997
1  2.00e-03  0.4495007907 65692.176 0.99599999999999999997
1  2.09e-03  0.4495007957 65692.176 0.99599999999999999997
1  2.19e-03  0.4495007912 65692.176 0.99599999999999999997
1  2.29e-03  0.4495007868 65692.176 0.99599999999999999997
1  2.40e-03  0.4495007881 65692.176 0.99599999999999999997
1  2.51e-03  0.4495007935 65692.176 0.99599999999999999997
1  2.63e-03  0.4495007881 65692.176 0.99599999999999999997
1  2.75e-03  0.4495007922 65692.176 0.99599999999999999997
1  2.88e-03  0.4494976124 65692.176 0.99599999999999999997
1  3.02e-03  0.4495007926 65692.176 0.99599999999999999997
1  3.16e-03  0.4495007938 65692.176 0.99599999999999999997
1  3.31e-03  0.4495007913 65692.176 0.99599999999999999997
1  3.47e-03  0.4495007943 65692.176 0.99599999999999999997
1  3.63e-03  0.4495007925 65692.176 0.99599999999999999997
1  3.80e-03  0.4495007936 65692.176 0.99599999999999999997
1  3.98e-03  0.4495007884 65692.176 0.99599999999999999997
1  4.17e-03  0.4495007874 65692.176 0.99599999999999999997
1  4.37e-03  0.4495007868 65692.176 0.99599999999999999997
1  4.57e-03  0.4495007895 65692.176 0.99599999999999999997
1  4.79e-03  0.4495007934 65692.176 0.99599999999999999997
1  5.01e-03  0.4495007868 65692.176 0.99599999999999999997
1  5.25e-03  0.4495007867 65692.176 0.99599999999999999997
1  5.50e-03  0.4495007829 65692.176 0.99599999999999999997
1  5.75e-03  0.4495007929 65692.176 0.99599999999999999997
1  6.03e-03  0.4495007875 65692.176 0.99599999999999999997
1  6.31e-03  0.4495007923 65692.176 0.99599999999999999997
1  6.61e-03  0.4495007876 65692.176 0.99599999999999999997
1  6.92e-03  0.4495007908 65692.176 0.99599999999999999997
1  7.24e-03  0.4495007931 65692.176 0.99599999999999999997
1  7.59e-03  0.4495007792 65692.176 0.99599999999999999997
1  7.94e-03  0.4495007885 65692.176 0.99599999999999999997
1  8.32e-03  0.4495007823 65692.176 0.99599999999999999997
1  8.71e-03  0.4495007758 65692.176 0.99599999999999999997
1  9.12e-03  0.4495007811 65692.176 0.99599999999999999997
1  9.55e-03  0.4495007858 65692.176 0.99599999999999999997
1  1.00e-02  0.449500777 65692.176 0.99599999999999999997
1  1.05e-02  0.4495007805 65692.176 0.99599999999999999997
1  1.10e-02  0.4495007847 65692.176 0.99599999999999999997
1  1.15e-02  0.4495007864 65692.176 0.99599999999999999997
1  1.20e-02  0.449500781 65692.176 0.99599999999999999997
1  1.26e-02  0.4495007763 65692.176 0.99599999999999999997
1  1.32e-02  0.4495007845 65692.176 0.99599999999999999997
1  1.38e-02  0.4495007786 65692.176 0.99599999999999999997
1  1.45e-02  0.4495007801 65692.176 0.99599999999999999997
1  1.51e-02  0.4495007873 65692.176 0.99599999999999999997
1  1.58e-02  0.449500779 65692.176 0.99599999999999999997
1  1.66e-02  0.4495007671 65692.176 0.99599999999999999997
1  1.74e-02  0.4495007855 65692.176 0.99599999999999999997
1  1.82e-02  0.4495007684 65692.176 0.99599999999999999997
1  1.91e-02  0.449500784 65692.176 0.99599999999999999997
1  2.00e-02  0.4495007676 65692.176 0.99599999999999999997
1  2.09e-02  0.4495007656 65692.176 0.99599999999999999997
1  2.19e-02  0.449500753 65692.176 0.99599999999999999997
1  2.29e-02  0.4495008732 65692.176 0.99599999999999999997
1  2.40e-02  0.4495210376 65692.176 0.99599999999999999997
1  2.51e-02  0.4495007583 65692.176 0.99599999999999999997
1  2.63e-02  0.4495007591 65692.176 0.99599999999999999997
1  2.75e-02  0.449500709 65692.176 0.99599999999999999997
1  2.88e-02  0.4495007177 65692.176 0.99599999999999999997
1  3.02e-02  0.449500795 65692.176 0.99599999999999999997
1  3.16e-02  0.4495007637 65692.176 0.99599999999999999997
1  3.31e-02  0.4495007449 65692.176 0.99599999999999999997
1  3.47e-02  0.449500728 65692.176 0.99599999999999999997
1  3.63e-02  0.4495007479 65692.176 0.99599999999999999997
1  3.80e-02  0.4495007662 65692.176 0.99599999999999999997
1  3.98e-02  0.4495007755 65692.176 0.99599999999999999997
1  4.17e-02  0.4495007355 65692.176 0.99599999999999999997
1  4.37e-02  0.4495006437 65692.176 0.99599999999999999997
1  4.57e-02  0.4495006687 65692.176 0.99599999999999999997
1  4.79e-02  0.4495001763 65692.176 0.99599999999999999997
1  5.01e-02  0.4495006276 65692.176 0.99599999999999999997
1  5.25e-02  0.4495006669 65692.176 0.99599999999999999997
1  5.50e-02  0.4495006663 65692.176 0.99599999999999999997
1  5.75e-02  0.4495006504 65692.176 0.99599999999999999997
1  6.03e-02  0.4495006845 65692.176 0.99599999999999999997
1  6.31e-02  0.4495006786 65692.176 0.99599999999999999997
1  6.61e-02  0.4495006613 65692.176 0.99599999999999999997
1  6.92e-02  0.4495007176 65692.176 0.99599999999999999997
1  7.24e-02  0.4495006814 65692.176 0.99599999999999999997
1  7.59e-02  0.4494481168 65692.176 0.99599999999999999997
1  7.94e-02  0.4495007361 65692.176 0.99599999999999999997
1  8.32e-02  0.449500566 65692.176 0.99599999999999999997
1  8.71e-02  0.4495019345 65692.176 0.99599999999999999997
1  9.12e-02  0.4495006213 65692.176 0.99599999999999999997
1  9.55e-02  0.4495006334 65692.176 0.99599999999999999997
1  1.00e-01  0.4495020676 65692.176 0.99599999999999999997
1  1.05e-01  0.4495006505 65692.176 0.99599999999999999997
1  1.10e-01  0.4495007234 65692.176 0.99599999999999999997
1  1.15e-01  0.4495005945 65692.176 0.99599999999999999997
1  1.20e-01  0.4495005768 65692.176 0.99599999999999999997
1  1.26e-01  0.4495004098 65692.176 0.99599999999999999997
1  1.32e-01  0.4495006177 65692.176 0.99599999999999999997
1  1.38e-01  0.4495007574 65692.176 0.99599999999999999997
1  1.45e-01  0.4495016457 65692.176 0.99599999999999999997
1  1.51e-01  0.4495005682 65692.176 0.99599999999999999997
1  1.58e-01  0.4495005338 65692.176 0.99599999999999999997
1  1.66e-01  0.4494990233 65692.176 0.99599999999999999997
1  1.74e-01  0.449500843 65692.176 0.99599999999999999997
1  1.82e-01  0.4495017962 65692.176 0.99599999999999999997
1  1.91e-01  0.4495005391 65692.176 0.99599999999999999997
1  2.00e-01  0.4495004425 65692.176 0.99599999999999999997
1  2.09e-01  0.4495006126 65692.176 0.99599999999999999997
1  2.19e-01  0.4495006616 65692.176 0.99599999999999999997
1  2.29e-01  0.4495005896 65692.176 0.99599999999999999997
1  2.40e-01  0.449500578 65692.176 0.99599999999999999997
1  2.51e-01  0.4495004585 65692.176 0.99599999999999999997
1  2.63e-01  0.4495005855 65692.176 0.99599999999999999997
1  2.75e-01  0.4495003979 65692.176 0.99599999999999999997
1  2.88e-01  0.4495004386 65692.176 0.99599999999999999997
1  3.02e-01  0.44950039 65692.176 0.99599999999999999997
1  3.16e-01  0.4495005783 65692.176 0.99599999999999999997
1  3.31e-01  0.4495007384 65692.176 0.99599999999999999997
1  3.47e-01  0.4495004322 65692.176 0.99599999999999999997
1  3.63e-01  0.4495005102 65692.176 0.99599999999999999997
1  3.80e-01  0.4495002379 65692.176 0.99599999999999999997
1  3.98e-01  0.4495003888 65692.176 0.99599999999999999997
1  4.17e-01  0.4495006154 65692.176 0.99599999999999999997
1  4.37e-01  0.44950038 65692.176 0.99599999999999999997
1  4.57e-01  0.4495007087 65692.176 0.99599999999999999997
1  4.79e-01  0.4495002389 65692.176 0.99599999999999999997
1  5.01e-01  0.4495006293 65692.176 0.99599999999999999997
1  5.25e-01  0.4495005064 65692.176 0.99599999999999999997
1  5.50e-01  0.4495006375 65692.176 0.99599999999999999997
1  5.75e-01  0.4494996977 65692.176 0.99599999999999999997
1  6.03e-01  0.4494997966 65692.176 0.99599999999999999997
1  6.31e-01  0.4494999809 65692.176 0.99599999999999999997
1  6.61e-01  0.4495004093 65692.176 0.99599999999999999997
1  6.92e-01  0.4495006094 65692.176 0.99599999999999999997
1  7.24e-01  0.4495004247 65692.176 0.99599999999999999997
1  7.59e-01  0.4495019416 65692.176 0.99599999999999999997
1  7.94e-01  0.4495008312 65692.176 0.99599999999999999997
1  8.32e-01  0.4494999362 65692.176 0.99599999999999999997
1  8.71e-01  0.4495004303 65692.176 0.99599999999999999997
1  9.12e-01  0.4495000625 65692.176 0.99599999999999999997
1  9.55e-01  0.4495002905 65692.176 0.99599999999999999997
1  1.00e+00  0.4495005251 65692.176 0.99599999999999999997
1  1.05e+00  0.4494998975 65692.176 0.99599999999999999997
1  1.10e+00  0.4494998589 65692.176 0.99599999999999999997
1  1.15e+00  0.4495006897 65692.176 0.99599999999999999997
1  1.20e+00  0.449500481 65692.176 0.99599999999999999997
1  1.26e+00  0.4494999017 65692.176 0.99599999999999999997
1  1.32e+00  0.4494994198 65692.176 0.99599999999999999997
1  1.38e+00  0.4495006412 65692.176 0.99599999999999999997
1  1.45e+00  0.4495008027 65692.176 0.99599999999999999997
1  1.51e+00  0.4495028501 65692.176 0.99599999999999999997
1  1.58e+00  0.449499332 65692.176 0.99599999999999999997
1  1.66e+00  0.4494994659 65692.176 0.99599999999999999997
1  1.74e+00  0.4494994498 65692.176 0.99599999999999999997
1  1.82e+00  0.4494853264 65692.176 0.99599999999999999997
1  1.91e+00  0.4495006736 65692.176 0.99599999999999999997
1  2.00e+00  0.4494984295 65692.176 0.99599999999999999997
1  2.09e+00  0.4494995094 65692.176 0.99599999999999999997
1  2.19e+00  0.4494987577 65692.176 0.99599999999999999997
1  2.29e+00  0.4494988026 65692.176 0.99599999999999999997
1  2.40e+00  0.4495021907 65692.176 0.99599999999999999997
1  2.51e+00  0.4494993333 65692.176 0.99599999999999999997
1  2.63e+00  0.4495000144 65692.176 0.99599999999999999997
1  2.75e+00  0.4495007929 65692.176 0.99599999999999999997
1  2.88e+00  0.4495001873 65692.176 0.99599999999999999997
1  3.02e+00  0.4495059349 65692.176 0.99599999999999999997
1  3.16e+00  0.4494907435 65692.176 0.99599999999999999997
1  3.31e+00  0.4494981052 65692.176 0.99599999999999999997
1  3.47e+00  0.4494305362 65692.176 0.99599999999999999997
1  3.63e+00  0.4495012912 65692.176 0.99599999999999999997
1  3.80e+00  0.4494979377 65692.176 0.99599999999999999997
1  3.98e+00  0.4494978222 65692.176 0.99599999999999999997
1  4.17e+00  0.4495005313 65692.176 0.99599999999999999997
1  4.37e+00  0.4494972654 65692.176 0.99599999999999999997
1  4.57e+00  0.4494980455 65692.176 0.99599999999999999997
1  4.79e+00  0.449497351 65692.176 0.99599999999999999997
1  5.01e+00  0.4494981534 65692.176 0.99599999999999999997
1  5.25e+00  0.4495005026 65692.176 0.99599999999999999997
1  5.50e+00  0.4495960977 65692.176 0.99599999999999999997
1  5.75e+00  0.4494339338 65692.176 0.99599999999999999997
1  6.03e+00  0.4495292902 65692.176 0.99599999999999999997
1  6.31e+00  0.449399854 65692.176 0.99599999999999999997
1  6.61e+00  0.4495014516 65692.176 0.99599999999999999997
1  6.92e+00  0.4495002343 65692.176 0.99599999999999999997
1  7.24e+00  0.4494919187 65692.176 0.99599999999999999997
1  7.59e+00  0.4494853615 65692.176 0.99599999999999999997
1  7.94e+00  0.449482229 65692.176 0.99599999999999999997
1  8.32e+00  0.4495114123 65692.176 0.99599999999999999997
1  8.71e+00  0.4494757719 65692.176 0.99599999999999999997
1  9.12e+00  0.4495095384 65692.176 0.99599999999999999997
1  9.55e+00  0.4495563665 65692.176 0.99599999999999999997
1  1.00e+01  0.4494572352 65692.176 0.99599999999999999997
1  1.05e+01  0.4494492226 65692.176 0.99599999999999999997
1  1.10e+01  0.4495638836 65692.176 0.99599999999999999997
1  1.15e+01  0.4494831663 65692.176 0.99599999999999999997
1  1.20e+01  0.4494956094 65692.176 0.99599999999999999997
1  1.26e+01  0.4494815234 65692.176 0.99599999999999999997
1  1.32e+01  0.4494819641 65692.176 0.99599999999999999997
1  1.38e+01  0.4494911124 65692.176 0.99599999999999999997
1  1.45e+01  0.4494862923 65692.176 0.99599999999999999997
1  1.51e+01  0.449498476 65692.176 0.99599999999999999997
1  1.58e+01  0.4495048012 65692.176 0.99599999999999999997
1  1.66e+01  0.4495282891 65692.176 0.99599999999999999997
1  1.74e+01  0.4495083847 65692.176 0.99599999999999999997
1  1.82e+01  0.4495460458 65692.176 0.99599999999999999997
1  1.91e+01  0.4494781171 65692.176 0.99599999999999999997
1  2.00e+01  0.4495109524 65692.176 0.99599999999999999997
1  2.09e+01  0.4504376922 65692.176 0.99599999999999999997
1  2.19e+01  0.4505451019 65692.176 0.99599999999999999997
1  2.29e+01  0.4497865213 65692.176 0.99599999999999999997
1  2.40e+01  0.4493830335 65692.176 0.99599999999999999997
1  2.51e+01  0.4495954252 65692.176 0.99599999999999999997
1  2.63e+01  0.450009101 65692.176 0.99599999999999999997
1  2.75e+01  0.4490374992 65692.176 0.99599999999999999997
1  2.88e+01  0.4501030567 65692.176 0.99599999999999999997
1  3.02e+01  0.4495273323 65692.176 0.99599999999999999997
1  3.16e+01  0.4497204684 65692.176 0.99599999999999999997
1  3.31e+01  0.4495357022 65692.176 0.99599999999999999997
1  3.47e+01  0.4488192931 65692.176 0.99599999999999999997
1  3.63e+01  0.4491377691 65692.176 0.99599999999999999997
1  3.80e+01  0.4494170204 65692.176 0.99599999999999999997
1  3.98e+01  0.4492377624 65692.176 0.99599999999999999997
1  4.17e+01  0.4493548601 65692.176 0.99599999999999999997
1  4.37e+01  0.4494680218 65692.176 0.99599999999999999997
1  4.57e+01  0.4495510646 65692.176 0.99599999999999999997
1  4.79e+01  0.449795382 65692.176 0.99599999999999999997
1  5.01e+01  0.4493853062 65692.176 0.99599999999999999997
1  5.25e+01  0.4494990913 65692.176 0.99599999999999999997
1  5.50e+01  0.4494103326 65692.176 0.99599999999999999997
1  5.75e+01  0.4496828679 65692.176 0.99599999999999999997
1  6.03e+01  0.4491776679 65692.176 0.99599999999999999997
1  6.31e+01  0.4489841164 65692.176 0.99599999999999999997
1  6.61e+01  0.4494392187 65692.176 0.99599999999999999997
1  6.92e+01  0.4491184356 65692.176 0.99599999999999999997
1  7.24e+01  0.4494462056 65692.176 0.99599999999999999997
1  7.59e+01  0.4498724355 65692.176 0.99599999999999999997
1  7.94e+01  0.4495673843 65692.176 0.99599999999999999997
1  8.32e+01  0.4493379489 65692.176 0.99599999999999999997
1  8.71e+01  0.4493108553 65692.176 0.99599999999999999997
1  9.12e+01  0.449499323 65692.176 0.99599999999999999997
1  9.55e+01  0.448885113 65692.176 0.99599999999999999997
1  1.00e+02  0.4499024841 65692.176 0.99599999999999999997
1  1.05e+02  0.4494719821 65692.176 0.99599999999999999997
1  1.10e+02  0.4493760324 65692.176 0.99599999999999999997
1  1.15e+02  0.4493500205 65692.176 0.99599999999999999997
1  1.20e+02  0.4493354512 65692.176 0.99599999999999999997
1  1.26e+02  0.4490365929 65692.176 0.99599999999999999997
1  1.32e+02  0.4494505152 65692.176 0.99599999999999999997
1  1.38e+02  0.4494677832 65692.176 0.99599999999999999997
1  1.45e+02  0.4494965799 65692.176 0.99599999999999999997
1  1.51e+02  0.4493800423 65692.176 0.99599999999999999997
1  1.58e+02  0.4498118671 65692.176 0.99599999999999999997
1  1.66e+02  0.4494246535 65692.176 0.99599999999999999997
1  1.74e+02  0.4494705347 65692.176 0.99599999999999999997
1  1.82e+02  0.4493519704 65692.176 0.99599999999999999997
1  1.91e+02  0.4492521575 65692.176 0.99599999999999999997
1  2.00e+02  0.4491585616 65692.176 0.99599999999999999997
1  2.09e+02  0.4494350748 65692.176 0.99599999999999999997
1  2.19e+02  0.4493225994 65692.176 0.99599999999999999997
1  2.29e+02  0.4495431868 65692.176 0.99599999999999999997
1  2.40e+02  0.4493537685 65692.176 0.99599999999999999997
1  2.51e+02  0.4494718114 65692.176 0.99599999999999999997
1  2.63e+02  0.4493976545 65692.176 0.99599999999999999997
1  2.75e+02  0.4492589892 65692.176 0.99599999999999999997
1  2.88e+02  0.4491447695 65692.176 0.99599999999999999997
1  3.02e+02  0.44913617 65692.176 0.99599999999999999997
1  3.16e+02  0.4493954808 65692.176 0.99599999999999999997
1  3.31e+02  0.4492670706 65692.176 0.99599999999999999997
1  3.47e+02  0.4492827221 65692.176 0.99599999999999999997
1  3.63e+02  0.4492640336 65692.176 0.99599999999999999997
1  3.80e+02  0.4491153811 65692.176 0.99599999999999999997
1  3.98e+02  0.4492926184 65692.176 0.99599999999999999997
1  4.17e+02  0.4494003914 65692.176 0.99599999999999999997
1  4.37e+02  0.449061935 65692.176 0.99599999999999999997
1  4.57e+02  0.4494363785 65692.176 0.99599999999999999997
1  4.79e+02  0.4489966807 65692.176 0.99599999999999999997
1  5.01e+02  0.4488236688 65692.176 0.99599999999999999997
1  5.25e+02  0.4492287603 65692.176 0.99599999999999999997
1  5.50e+02  0.4488718135 65692.176 0.99599999999999999997
1  5.75e+02  0.4488988577 65692.176 0.99599999999999999997
1  6.03e+02  0.4494492042 65692.176 0.99599999999999999997
1  6.31e+02  0.448664569 65692.176 0.99599999999999999997
1  6.61e+02  0.4490880906 65692.176 0.99599999999999999997
1  6.92e+02  0.4494868394 65692.176 0.99599999999999999997
1  7.24e+02  0.4494388913 65692.176 0.99599999999999999997
1  7.59e+02  0.4485279533 65692.176 0.99599999999999999997
1  7.94e+02  0.4492438251 65692.176 0.99599999999999999997
1  8.32e+02  0.4497916445 65692.176 0.99599999999999999997
1  8.71e+02  0.4492879592 65692.176 0.99599999999999999997
1  9.12e+02  0.4492226737 65692.176 0.99599999999999999997
1  9.55e+02  0.4486138869 65692.176 0.99599999999999999997
1  1.00e+03  0.448748226 65692.176 0.99599999999999999997
1  1.05e+03  0.4494868998 65692.176 0.99599999999999999997
1  1.10e+03  0.4478080785 65692.176 0.99599999999999999997
1  1.15e+03  0.4483655767 65692.176 0.99599999999999999997
1  1.20e+03  0.4465550895 65692.176 0.99599999999999999997
1  1.26e+03  0.448340422 65692.176 0.99599999999999999997
1  1.32e+03  0.4497491837 65692.176 0.99599999999999999997
1  1.38e+03  0.4511027611 65692.176 0.99599999999999999997
1  1.45e+03  0.4484943421 65692.176 0.99599999999999999997
1  1.51e+03  0.449295342 65692.176 0.99599999999999999997
1  1.58e+03  0.4422260945 65692.176 0.99599999999999999997
1  1.66e+03  0.4409394013 65692.176 0.99599999999999999997
1  1.74e+03  0.4446388816 65692.176 0.99599999999999999997
1  1.82e+03  0.4536263827 65692.176 0.99599999999999999997
1  1.91e+03  0.4503422594 65692.176 0.99599999999999999997
1  2.00e+03  0.4584925417 65692.176 0.99599999999999999997
1  2.09e+03  0.4495704043 65692.176 0.99599999999999999997
1  2.19e+03  0.444361284 65692.176 0.99599999999999999997
1  2.29e+03  0.4395421646 65692.176 0.99599999999999999997
1  2.40e+03  0.4303240345 65692.176 0.99599999999999999997
1  2.51e+03  0.4358628527 65692.176 0.99599999999999999997
1  2.63e+03  0.4497546854 65692.176 0.99599999999999999997
1  2.75e+03  0.4154967132 65692.176 0.99599999999999999997
1  2.88e+03  0.4424708162 65692.176 0.99599999999999999997
1  3.02e+03  0.4423030118 65692.176 0.99599999999999999997
1  3.16e+03  0.4207451023 65692.176 0.99599999999999999997
1  3.31e+03  0.4217937016 65692.176 0.99599999999999999997
1  3.47e+03  0.4370471475 65692.176 0.99599999999999999997
1  3.63e+03  0.4445355784 65692.176 0.99599999999999999997
1  3.80e+03  0.4722681073 65692.176 0.99599999999999999997
1  3.98e+03  0.4536129389 65692.176 0.99599999999999999997
1  4.17e+03  0.4546588644 65692.176 0.99599999999999999997
1  4.37e+03  0.4661221786 65692.176 0.99599999999999999997
1  4.57e+03  0.4574702011 65692.176 0.99599999999999999997
1  4.79e+03  0.4746333473 65692.176 0.99599999999999999997
1  5.01e+03  0.4498792102 65692.176 0.99599999999999999997
1  5.25e+03  0.4686288766 65692.176 0.99599999999999999997
1  5.50e+03  0.4509059012 65692.176 0.99599999999999999997
1  5.75e+03  0.4469323851 65692.176 0.99599999999999999997
1  6.03e+03  0.4376954099 65692.176 0.99599999999999999997
1  6.31e+03  0.4907213981 65692.176 0.99599999999999999997
1  6.61e+03  0.4315672507 65692.176 0.99599999999999999997
1  6.92e+03  0.3794935596 65692.176 0.99599999999999999997
1  7.24e+03  0.3995089867 65692.176 0.99599999999999999997
1  7.59e+03  0.4577782468 65692.176 0.99599999999999999997
1  7.94e+03  0.4105165634 65692.176 0.99599999999999999997
1  8.32e+03  0.4319417293 65692.176 0.99599999999999999997
1  8.71e+03  0.3746637116 65692.176 0.99599999999999999997
1  9.12e+03  0.3881161569 65692.176 0.99599999999999999997
1  9.55e+03  0.4356987179 65692.176 0.99599999999999999997
1  1.00e+04  0.3188791606 65692.176 0.99599999999999999997
1  1.05e+04  0.4796259563 65692.176 0.99599999999999999997
1  1.10e+04  0.4096799979 65692.176 0.99599999999999999997
1  1.15e+04  0.4559414551 65692.176 0.99599999999999999997
1  1.20e+04  0.3400007803 65692.176 0.99599999999999999997
1  1.26e+04  0.3340193907 65692.176 0.99599999999999999997
1  1.32e+04  0.3612309993 65692.176 0.99599999999999999997
1  1.38e+04  0.3183054843 65692.176 0.99599999999999999997
1  1.45e+04  0.3543779407 65692.176 0.99599999999999999997
1  1.51e+04  0.3641602998 65692.176 0.99599999999999999997
1  1.58e+04  0.3165302721 65692.176 0.99599999999999999997
1  1.66e+04  0.4572603001 65692.176 0.99599999999999999997
1  1.74e+04  0.3573596945 65692.176 0.99599999999999999997
1  1.82e+04  0.2420288998 65692.176 0.99599999999999999997
1  1.91e+04  0.2863487946 65692.176 0.99599999999999999997
1  2.00e+04  0.2977401238 65692.176 0.99599999999999999997
1  2.09e+04  0.292491575 65692.176 0.99599999999999999997
1  2.19e+04  0.2399901006 65692.176 0.99599999999999999997
1  2.29e+04  0.3461569682 65692.176 0.99599999999999999997
1  2.40e+04  0.2096601101 65692.176 0.99599999999999999997
1  2.51e+04  0.1725468605 65692.176 0.99599999999999999997
1  2.63e+04  0.4132599501 65692.176 0.99599999999999999997
1  2.75e+04  0.400027276 65692.176 0.99599999999999999997
1  2.88e+04  0.3370304629 65692.176 0.99599999999999999997
1  3.02e+04  0.133011923 65692.176 0.99599999999999999997
1  3.16e+04  0.3847361903 65692.176 0.99599999999999999997
1  3.31e+04  0.3581396849 65692.176 0.99599999999999999997
1  3.47e+04  0.3422633065 65692.176 0.99599999999999999997
1  3.63e+04  0.2883622792 65692.176 0.99599999999999999997
1  3.80e+04  0.2838001327 65692.176 0.99599999999999999997
1  3.98e+04  0.1673865077 65692.176 0.99599999999999999997
1  4.17e+04  0.3588530863 65692.176 0.99599999999999999997
1  4.37e+04  0.3536188067 65692.176 0.99599999999999999997
1  4.57e+04  0.3782984598 65692.176 0.99599999999999999997
1  4.79e+04  0.2950209349 65692.176 0.99599999999999999997
1  5.01e+04  0.4469650151 65692.176 0.99599999999999999997
1  5.25e+04  0.1893977548 65692.176 0.99599999999999999997
1  5.50e+04  0.2125137435 65692.176 0.99599999999999999997
1  5.75e+04  0.3605269946 65692.176 0.99599999999999999997
1  6.03e+04  0.1014501621 65692.176 0.99599999999999999997
1  6.31e+04  0.3165704809 65692.176 0.99599999999999999997
1  6.61e+04  0.423419397 65692.176 0.99599999999999999997
1  6.92e+04  0.2817244234 65692.176 0.99599999999999999997
1  7.24e+04  0.363689479 65692.176 0.99599999999999999997
1  7.59e+04  0.4178071914 65692.176 0.99599999999999999997
1  7.94e+04  0.3860655397 65692.176 0.99599999999999999997
1  8.32e+04  0.4375895962 65692.176 0.99599999999999999997
1  8.71e+04  0.4128605276 65692.176 0.99599999999999999997
1  9.12e+04  0.2685433955 65692.176 0.99599999999999999997
1  9.55e+04  0.2462092257 65692.176 0.99599999999999999997
1  1.00e+05  0.377123862 65692.176 0.99599999999999999997
1  1.05e+05  0.4195461884 65692.176 0.99599999999999999997
1  1.10e+05  0.2822633879 65692.176 0.99599999999999999997
1  1.15e+05  0.1466456637 65692.176 0.99599999999999999997
1  1.20e+05  0.1763903334 65692.176 0.99599999999999999997
1  1.26e+05  0.3157677253 65692.176 0.99599999999999999997
1  1.32e+05  0.4002143013 65692.176 0.99599999999999999997
1  1.38e+05  0.3556839981 65692.176 0.99599999999999999997
1  1.45e+05  0.2478051944 65692.176 0.99599999999999999997
1  1.51e+05  0.1850511558 65692.176 0.99599999999999999997
1  1.58e+05  0.2157710146 65692.176 0.99599999999999999997
1  1.66e+05  0.3076644544 65692.176 0.99599999999999999997
1  1.74e+05  0.3944554084 65692.176 0.99599999999999999997
1  1.82e+05  0.4299585916 65692.176 0.99599999999999999997
1  1.91e+05  0.4101459858 65692.176 0.99599999999999999997
1  2.00e+05  0.3620897359 65692.176 0.99599999999999999997
1  2.09e+05  0.3196179947 65692.176 0.99599999999999999997
1  2.19e+05  0.3044157277 65692.176 0.99599999999999999997
1  2.29e+05  0.3200044644 65692.176 0.99599999999999999997
1  2.40e+05  0.3561727296 65692.176 0.99599999999999999997
1  2.51e+05  0.397550835 65692.176 0.99599999999999999997
1  2.63e+05  0.4310165103 65692.176 0.99599999999999999997
1  2.75e+05  0.4495058563 65692.176 0.99599999999999999997
1  2.88e+05  0.4523153305 65692.176 0.99599999999999999997
1  3.02e+05  0.4432426117 65692.176 0.99599999999999999997
1  3.16e+05  0.4280617515 65692.176 0.99599999999999999997
1  3.31e+05  0.4123757219 65692.176 0.99599999999999999997
1  3.47e+05  0.400306138 65692.176 0.99599999999999999997
1  3.63e+05  0.3940307733 65692.176 0.99599999999999999997
1  3.80e+05  0.3939413414 65692.176 0.99599999999999999997
1  3.98e+05  0.3991331996 65692.176 0.99599999999999999997
1  4.17e+05  0.4079836958 65692.176 0.99599999999999999997
1  4.37e+05  0.418661467 65692.176 0.99599999999999999997
1  4.57e+05  0.4294925338 65692.176 0.99599999999999999997
1  4.79e+05  0.4391707269 65692.176 0.99599999999999999997
1  5.01e+05  0.4468359266 65692.176 0.99599999999999999997
1  5.25e+05  0.4520582567 65692.176 0.99599999999999999997
1  5.50e+05  0.4547669103 65692.176 0.99599999999999999997
1  5.75e+05  0.4551553851 65692.176 0.99599999999999999997
1  6.03e+05  0.4535854746 65692.176 0.99599999999999999997
1  6.31e+05  0.4505033544 65692.176 0.99599999999999999997
1  6.61e+05  0.446039967 65692.176 0.99599999999999999997
1  6.92e+05  0.4408047273 65692.176 0.99599999999999999997
1  7.24e+05  0.4353973048 65692.176 0.99599999999999999997
1  7.59e+05  0.430210606 65692.176 0.99599999999999999997
1  7.94e+05  0.4255234532 65692.176 0.99599999999999999997
1  8.32e+05  0.4215126008 65692.176 0.99599999999999999997
1  8.71e+05  0.4182697891 65692.176 0.99599999999999999997
1  9.12e+05  0.4158202478 65692.176 0.99599999999999999997
1  9.55e+05  0.4141403598 65692.176 0.99599999999999999997
1  1.00e+06  0.413173202 65692.176 0.99599999999999999997
1  1.05e+06  0.4128414069 65692.176 0.99599999999999999997
1  1.10e+06  0.4130572596 65692.176 0.99599999999999999997
1  1.15e+06  0.4137302344 65692.176 0.99599999999999999997
1  1.20e+06  0.4147723151 65692.176 0.99599999999999999997
1  1.26e+06  0.4161015008 65692.176 0.99599999999999999997
1  1.32e+06  0.417643885 65692.176 0.99599999999999999997
1  1.38e+06  0.4193346661 65692.176 0.99599999999999999997
1  1.45e+06  0.4210543151 65692.176 0.99599999999999999997
1  1.51e+06  0.4228848846 65692.176 0.99599999999999999997
1  1.58e+06  0.4247248658 65692.176 0.99599999999999999997
1  1.66e+06  0.4265437267 65692.176 0.99599999999999999997
1  1.74e+06  0.4283176813 65692.176 0.99599999999999999997
1  1.82e+06  0.4300287742 65692.176 0.99599999999999999997
1  1.91e+06  0.4316639967 65692.176 0.99599999999999999997
1  2.00e+06  0.4332144676 65692.176 0.99599999999999999997
1  2.09e+06  0.4346746926 65692.176 0.99599999999999999997
1  2.19e+06  0.4360419105 65692.176 0.99599999999999999997
1  2.29e+06  0.4373155269 65692.176 0.99599999999999999997
1  2.40e+06  0.4384966302 65692.176 0.99599999999999999997
1  2.51e+06  0.4395875844 65692.176 0.99599999999999999997
1  2.63e+06  0.4405916917 65692.176 0.99599999999999999997
1  2.75e+06  0.4415129147 65692.176 0.99599999999999999997
1  2.88e+06  0.4423281206 65692.176 0.99599999999999999997
1  3.02e+06  0.4430992832 65692.176 0.99599999999999999997
1  3.16e+06  0.4438012378 65692.176 0.99599999999999999997
1  3.31e+06  0.4444387641 65692.176 0.99599999999999999997
1  3.47e+06  0.4450165667 65692.176 0.99599999999999999997
1  3.63e+06  0.4455392128 65692.176 0.99599999999999999997
1  3.80e+06  0.4460110877 65692.176 0.99599999999999999997
1  3.98e+06  0.4464363648 65692.176 0.99599999999999999997
1  4.17e+06  0.446818986 65692.176 0.99599999999999999997
1  4.37e+06  0.4471626516 65692.176 0.99599999999999999997
1  4.57e+06  0.4474708167 65692.176 0.99599999999999999997
1  4.79e+06  0.4477466927 65692.176 0.99599999999999999997
1  5.01e+06  0.4479932528 65692.176 0.99599999999999999997
1  5.25e+06  0.4482132406 65692.176 0.99599999999999999997
1  5.50e+06  0.4484091794 65692.176 0.99599999999999999997
1  5.75e+06  0.4485764831 65692.176 0.99599999999999999997
1  6.03e+06  0.448731711 65692.176 0.99599999999999999997
1  6.31e+06  0.4488692028 65692.176 0.99599999999999999997
1  6.61e+06  0.4489907278 65692.176 0.99599999999999999997
1  6.92e+06  0.4490978964 65692.176 0.99599999999999999997
1  7.24e+06  0.4491921719 65692.176 0.99599999999999999997
1  7.59e+06  0.4492748823 65692.176 0.99599999999999999997
1  7.94e+06  0.449347231 65692.176 0.99599999999999999997
1  8.32e+06  0.4494103071 65692.176 0.99599999999999999997
1  8.71e+06  0.4494650954 65692.176 0.99599999999999999997
1  9.12e+06  0.4495124854 65692.176 0.99599999999999999997
1  9.55e+06  0.4495532796 65692.176 0.99599999999999999997
1  1.00e+07  0.4495882012 65692.176 0.99599999999999999997
