1  1.00e-03  0.4588119536  5.161291e-01 0.92999999999999999995
1  1.05e-03  0.4588119554  5.161291e-01 0.92999999999999999995
1  1.10e-03  0.4588119589  5.161291e-01 0.92999999999999999995
1  1.15e-03  0.4588119496  5.161291e-01 0.92999999999999999995
1  1.20e-03  0.4588119503  5.161291e-01 0.92999999999999999995
1  1.26e-03  0.4588119568  5.161291e-01 0.92999999999999999995
1  1.32e-03  0.4588119542  5.161291e-01 0.92999999999999999995
1  1.38e-03  0.4588128517  5.161291e-01 0.92999999999999999995
1  1.45e-03  0.4588119548  5.161291e-01 0.92999999999999999995
1  1.51e-03  0.4588119543  5.161291e-01 0.92999999999999999995
1  1.58e-03  0.4588119561  5.161291e-01 0.92999999999999999995
1  1.66e-03  0.4588119549  5.161291e-01 0.92999999999999999995
1  1.74e-03  0.4588119583  5.161291e-01 0.92999999999999999995
1  1.82e-03  0.4588119561  5.161291e-01 0.92999999999999999995
1  1.91e-03  0.4588119527  5.161291e-01 0.92999999999999999995
1  2.00e-03  0.4588119472  5.161291e-01 0.92999999999999999995
1  2.09e-03  0.4588119493  5.161291e-01 0.92999999999999999995
1  2.19e-03  0.458811953  5.161291e-01 0.92999999999999999995
1  2.29e-03  0.4588119509  5.161291e-01 0.92999999999999999995
1  2.40e-03  0.458811949  5.161291e-01 0.92999999999999999995
1  2.51e-03  0.4588119545  5.161291e-01 0.92999999999999999995
1  2.63e-03  0.4588119554  5.161291e-01 0.92999999999999999995
1  2.75e-03  0.458811951  5.161291e-01 0.92999999999999999995
1  2.88e-03  0.4588119502  5.161291e-01 0.92999999999999999995
1  3.02e-03  0.4588119518  5.161291e-01 0.92999999999999999995
1  3.16e-03  0.4588119532  5.161291e-01 0.92999999999999999995
1  3.31e-03  0.458811955  5.161291e-01 0.92999999999999999995
1  3.47e-03  0.4588119508  5.161291e-01 0.92999999999999999995
1  3.63e-03  0.4588119538  5.161291e-01 0.92999999999999999995
1  3.80e-03  0.4588119512  5.161291e-01 0.92999999999999999995
1  3.98e-03  0.4588119553  5.161291e-01 0.92999999999999999995
1  4.17e-03  0.458811955  5.161291e-01 0.92999999999999999995
1  4.37e-03  0.4588119544  5.161291e-01 0.92999999999999999995
1  4.57e-03  0.4588119547  5.161291e-01 0.92999999999999999995
1  4.79e-03  0.4588119508  5.161291e-01 0.92999999999999999995
1  5.01e-03  0.4588119252  5.161291e-01 0.92999999999999999995
1  5.25e-03  0.4588119512  5.161291e-01 0.92999999999999999995
1  5.50e-03  0.4588119484  5.161291e-01 0.92999999999999999995
1  5.75e-03  0.4588119511  5.161291e-01 0.92999999999999999995
1  6.03e-03  0.4588119506  5.161291e-01 0.92999999999999999995
1  6.31e-03  0.4588119451  5.161291e-01 0.92999999999999999995
1  6.61e-03  0.4588119553  5.161291e-01 0.92999999999999999995
1  6.92e-03  0.4588119497  5.161291e-01 0.92999999999999999995
1  7.24e-03  0.4588119476  5.161291e-01 0.92999999999999999995
1  7.59e-03  0.45881195  5.161291e-01 0.92999999999999999995
1  7.94e-03  0.4588119416  5.161291e-01 0.92999999999999999995
1  8.32e-03  0.4588119495  5.161291e-01 0.92999999999999999995
1  8.71e-03  0.4588119509  5.161291e-01 0.92999999999999999995
1  9.12e-03  0.4588119449  5.161291e-01 0.92999999999999999995
1  9.55e-03  0.4588119388  5.161291e-01 0.92999999999999999995
1  1.00e-02  0.45881195  5.161291e-01 0.92999999999999999995
1  1.05e-02  0.4588119312  5.161291e-01 0.92999999999999999995
1  1.10e-02  0.458811836  5.161291e-01 0.92999999999999999995
1  1.15e-02  0.4588119375  5.161291e-01 0.92999999999999999995
1  1.20e-02  0.4588119368  5.161291e-01 0.92999999999999999995
1  1.26e-02  0.4588119477  5.161291e-01 0.92999999999999999995
1  1.32e-02  0.4588119328  5.161291e-01 0.92999999999999999995
1  1.38e-02  0.4588119321  5.161291e-01 0.92999999999999999995
1  1.45e-02  0.4588119333  5.161291e-01 0.92999999999999999995
1  1.51e-02  0.4588119331  5.161291e-01 0.92999999999999999995
1  1.58e-02  0.4588119298  5.161291e-01 0.92999999999999999995
1  1.66e-02  0.4588119381  5.161291e-01 0.92999999999999999995
1  1.74e-02  0.4588119283  5.161291e-01 0.92999999999999999995
1  1.82e-02  0.4588119378  5.161291e-01 0.92999999999999999995
1  1.91e-02  0.4588119328  5.161291e-01 0.92999999999999999995
1  2.00e-02  0.4588118798  5.161291e-01 0.92999999999999999995
1  2.09e-02  0.4588119267  5.161291e-01 0.92999999999999999995
1  2.19e-02  0.4588119453  5.161291e-01 0.92999999999999999995
1  2.29e-02  0.4588120756  5.161291e-01 0.92999999999999999995
1  2.40e-02  0.4588115241  5.161291e-01 0.92999999999999999995
1  2.51e-02  0.4588119434  5.161291e-01 0.92999999999999999995
1  2.63e-02  0.4588119465  5.161291e-01 0.92999999999999999995
1  2.75e-02  0.4588118946  5.161291e-01 0.92999999999999999995
1  2.88e-02  0.4588118709  5.161291e-01 0.92999999999999999995
1  3.02e-02  0.458811905  5.161291e-01 0.92999999999999999995
1  3.16e-02  0.4588118921  5.161291e-01 0.92999999999999999995
1  3.31e-02  0.4588118917  5.161291e-01 0.92999999999999999995
1  3.47e-02  0.4588118986  5.161291e-01 0.92999999999999999995
1  3.63e-02  0.4588119396  5.161291e-01 0.92999999999999999995
1  3.80e-02  0.4588119223  5.161291e-01 0.92999999999999999995
1  3.98e-02  0.4588118757  5.161291e-01 0.92999999999999999995
1  4.17e-02  0.4588119693  5.161291e-01 0.92999999999999999995
1  4.37e-02  0.4588117791  5.161291e-01 0.92999999999999999995
1  4.57e-02  0.4588118064  5.161291e-01 0.92999999999999999995
1  4.79e-02  0.4588115389  5.161291e-01 0.92999999999999999995
1  5.01e-02  0.4588117594  5.161291e-01 0.92999999999999999995
1  5.25e-02  0.458811824  5.161291e-01 0.92999999999999999995
1  5.50e-02  0.4588118226  5.161291e-01 0.92999999999999999995
1  5.75e-02  0.4588118224  5.161291e-01 0.92999999999999999995
1  6.03e-02  0.458811873  5.161291e-01 0.92999999999999999995
1  6.31e-02  0.4588118411  5.161291e-01 0.92999999999999999995
1  6.61e-02  0.4588118161  5.161291e-01 0.92999999999999999995
1  6.92e-02  0.4588119017  5.161291e-01 0.92999999999999999995
1  7.24e-02  0.4588118241  5.161291e-01 0.92999999999999999995
1  7.59e-02  0.4588118363  5.161291e-01 0.92999999999999999995
1  7.94e-02  0.4588118712  5.161291e-01 0.92999999999999999995
1  8.32e-02  0.4588117904  5.161291e-01 0.92999999999999999995
1  8.71e-02  0.458811805  5.161291e-01 0.92999999999999999995
1  9.12e-02  0.4588115904  5.161291e-01 0.92999999999999999995
1  9.55e-02  0.4588117649  5.161291e-01 0.92999999999999999995
1  1.00e-01  0.45881186  5.161291e-01 0.92999999999999999995
1  1.05e-01  0.4588117951  5.161291e-01 0.92999999999999999995
1  1.10e-01  0.4588118073  5.161291e-01 0.92999999999999999995
1  1.15e-01  0.4588118438  5.161291e-01 0.92999999999999999995
1  1.20e-01  0.4588117381  5.161291e-01 0.92999999999999999995
1  1.26e-01  0.4588117998  5.161291e-01 0.92999999999999999995
1  1.32e-01  0.4588118818  5.161291e-01 0.92999999999999999995
1  1.38e-01  0.458811797  5.161291e-01 0.92999999999999999995
1  1.45e-01  0.458811866  5.161291e-01 0.92999999999999999995
1  1.51e-01  0.4588118897  5.161291e-01 0.92999999999999999995
1  1.58e-01  0.4588102498  5.161291e-01 0.92999999999999999995
1  1.66e-01  0.4588046905  5.161291e-01 0.92999999999999999995
1  1.74e-01  0.4588118727  5.161291e-01 0.92999999999999999995
1  1.82e-01  0.4588116083  5.161291e-01 0.92999999999999999995
1  1.91e-01  0.4588118579  5.161291e-01 0.92999999999999999995
1  2.00e-01  0.4588117683  5.161291e-01 0.92999999999999999995
1  2.09e-01  0.4588116327  5.161291e-01 0.92999999999999999995
1  2.19e-01  0.4588117221  5.161291e-01 0.92999999999999999995
1  2.29e-01  0.4588118276  5.161291e-01 0.92999999999999999995
1  2.40e-01  0.4588118245  5.161291e-01 0.92999999999999999995
1  2.51e-01  0.4588116476  5.161291e-01 0.92999999999999999995
1  2.63e-01  0.4588116558  5.161291e-01 0.92999999999999999995
1  2.75e-01  0.4588095168  5.161291e-01 0.92999999999999999995
1  2.88e-01  0.4588115872  5.161291e-01 0.92999999999999999995
1  3.02e-01  0.4588116507  5.161291e-01 0.92999999999999999995
1  3.16e-01  0.45881174  5.161291e-01 0.92999999999999999995
1  3.31e-01  0.4588115735  5.161291e-01 0.92999999999999999995
1  3.47e-01  0.4588117528  5.161291e-01 0.92999999999999999995
1  3.63e-01  0.4588113556  5.161291e-01 0.92999999999999999995
1  3.80e-01  0.4588117947  5.161291e-01 0.92999999999999999995
1  3.98e-01  0.4588131139  5.161291e-01 0.92999999999999999995
1  4.17e-01  0.458811913  5.161291e-01 0.92999999999999999995
1  4.37e-01  0.4588115839  5.161291e-01 0.92999999999999999995
1  4.57e-01  0.4588117704  5.161291e-01 0.92999999999999999995
1  4.79e-01  0.4588116197  5.161291e-01 0.92999999999999999995
1  5.01e-01  0.4588113555  5.161291e-01 0.92999999999999999995
1  5.25e-01  0.4588112964  5.161291e-01 0.92999999999999999995
1  5.50e-01  0.4588113741  5.161291e-01 0.92999999999999999995
1  5.75e-01  0.4588117142  5.161291e-01 0.92999999999999999995
1  6.03e-01  0.4588112882  5.161291e-01 0.92999999999999999995
1  6.31e-01  0.4588117212  5.161291e-01 0.92999999999999999995
1  6.61e-01  0.4588113579  5.161291e-01 0.92999999999999999995
1  6.92e-01  0.4588116827  5.161291e-01 0.92999999999999999995
1  7.24e-01  0.4588117734  5.161291e-01 0.92999999999999999995
1  7.59e-01  0.4588109672  5.161291e-01 0.92999999999999999995
1  7.94e-01  0.4588115128  5.161291e-01 0.92999999999999999995
1  8.32e-01  0.4588111076  5.161291e-01 0.92999999999999999995
1  8.71e-01  0.4588113821  5.161291e-01 0.92999999999999999995
1  9.12e-01  0.4588112384  5.161291e-01 0.92999999999999999995
1  9.55e-01  0.4588111807  5.161291e-01 0.92999999999999999995
1  1.00e+00  0.4588110748  5.161291e-01 0.92999999999999999995
1  1.05e+00  0.4588117048  5.161291e-01 0.92999999999999999995
1  1.10e+00  0.4588110538  5.161291e-01 0.92999999999999999995
1  1.15e+00  0.4588191042  5.161291e-01 0.92999999999999999995
1  1.20e+00  0.4588104958  5.161291e-01 0.92999999999999999995
1  1.26e+00  0.4588105592  5.161291e-01 0.92999999999999999995
1  1.32e+00  0.4588110387  5.161291e-01 0.92999999999999999995
1  1.38e+00  0.4588006539  5.161291e-01 0.92999999999999999995
1  1.45e+00  0.4588112258  5.161291e-01 0.92999999999999999995
1  1.51e+00  0.4588109853  5.161291e-01 0.92999999999999999995
1  1.58e+00  0.4588105622  5.161291e-01 0.92999999999999999995
1  1.66e+00  0.4588129285  5.161291e-01 0.92999999999999999995
1  1.74e+00  0.4588109284  5.161291e-01 0.92999999999999999995
1  1.82e+00  0.4588113914  5.161291e-01 0.92999999999999999995
1  1.91e+00  0.4588099808  5.161291e-01 0.92999999999999999995
1  2.00e+00  0.4588059269  5.161291e-01 0.92999999999999999995
1  2.09e+00  0.4588119598  5.161291e-01 0.92999999999999999995
1  2.19e+00  0.458809946  5.161291e-01 0.92999999999999999995
1  2.29e+00  0.4588081544  5.161291e-01 0.92999999999999999995
1  2.40e+00  0.4588117796  5.161291e-01 0.92999999999999999995
1  2.51e+00  0.4588082519  5.161291e-01 0.92999999999999999995
1  2.63e+00  0.4588081089  5.161291e-01 0.92999999999999999995
1  2.75e+00  0.458808333  5.161291e-01 0.92999999999999999995
1  2.88e+00  0.4588116132  5.161291e-01 0.92999999999999999995
1  3.02e+00  0.45880173  5.161291e-01 0.92999999999999999995
1  3.16e+00  0.4588039631  5.161291e-01 0.92999999999999999995
1  3.31e+00  0.4588045034  5.161291e-01 0.92999999999999999995
1  3.47e+00  0.4588085526  5.161291e-01 0.92999999999999999995
1  3.63e+00  0.4587869433  5.161291e-01 0.92999999999999999995
1  3.80e+00  0.4588107652  5.161291e-01 0.92999999999999999995
1  3.98e+00  0.4588103391  5.161291e-01 0.92999999999999999995
1  4.17e+00  0.458810505  5.161291e-01 0.92999999999999999995
1  4.37e+00  0.4588093705  5.161291e-01 0.92999999999999999995
1  4.57e+00  0.4588115388  5.161291e-01 0.92999999999999999995
1  4.79e+00  0.4588073434  5.161291e-01 0.92999999999999999995
1  5.01e+00  0.458810978  5.161291e-01 0.92999999999999999995
1  5.25e+00  0.4588143394  5.161291e-01 0.92999999999999999995
1  5.50e+00  0.4589559907  5.161291e-01 0.92999999999999999995
1  5.75e+00  0.4588080375  5.161291e-01 0.92999999999999999995
1  6.03e+00  0.4588149496  5.161291e-01 0.92999999999999999995
1  6.31e+00  0.458805267  5.161291e-01 0.92999999999999999995
1  6.61e+00  0.4588074734  5.161291e-01 0.92999999999999999995
1  6.92e+00  0.4588123594  5.161291e-01 0.92999999999999999995
1  7.24e+00  0.45880829  5.161291e-01 0.92999999999999999995
1  7.59e+00  0.4588025639  5.161291e-01 0.92999999999999999995
1  7.94e+00  0.4588100341  5.161291e-01 0.92999999999999999995
1  8.32e+00  0.4587979325  5.161291e-01 0.92999999999999999995
1  8.71e+00  0.45881167  5.161291e-01 0.92999999999999999995
1  9.12e+00  0.4587909618  5.161291e-01 0.92999999999999999995
1  9.55e+00  0.4587458925  5.161291e-01 0.92999999999999999995
1  1.00e+01  0.4588271037  5.161291e-01 0.92999999999999999995
1  1.05e+01  0.458905034  5.161291e-01 0.92999999999999999995
1  1.10e+01  0.4589261305  5.161291e-01 0.92999999999999999995
1  1.15e+01  0.4587294887  5.161291e-01 0.92999999999999999995
1  1.20e+01  0.4588090997  5.161291e-01 0.92999999999999999995
1  1.26e+01  0.4588182466  5.161291e-01 0.92999999999999999995
1  1.32e+01  0.4587971536  5.161291e-01 0.92999999999999999995
1  1.38e+01  0.4588038693  5.161291e-01 0.92999999999999999995
1  1.45e+01  0.458801266  5.161291e-01 0.92999999999999999995
1  1.51e+01  0.4588034202  5.161291e-01 0.92999999999999999995
1  1.58e+01  0.4588066943  5.161291e-01 0.92999999999999999995
1  1.66e+01  0.4587974527  5.161291e-01 0.92999999999999999995
1  1.74e+01  0.4587609835  5.161291e-01 0.92999999999999999995
1  1.82e+01  0.4593090965  5.161291e-01 0.92999999999999999995
1  1.91e+01  0.4584338142  5.161291e-01 0.92999999999999999995
1  2.00e+01  0.4588053935  5.161291e-01 0.92999999999999999995
1  2.09e+01  0.4578532441  5.161291e-01 0.92999999999999999995
1  2.19e+01  0.4586818027  5.161291e-01 0.92999999999999999995
1  2.29e+01  0.4596592701  5.161291e-01 0.92999999999999999995
1  2.40e+01  0.4586569291  5.161291e-01 0.92999999999999999995
1  2.51e+01  0.4585850231  5.161291e-01 0.92999999999999999995
1  2.63e+01  0.4589577053  5.161291e-01 0.92999999999999999995
1  2.75e+01  0.4591275286  5.161291e-01 0.92999999999999999995
1  2.88e+01  0.4582278698  5.161291e-01 0.92999999999999999995
1  3.02e+01  0.4591134534  5.161291e-01 0.92999999999999999995
1  3.16e+01  0.4588098846  5.161291e-01 0.92999999999999999995
1  3.31e+01  0.4586075299  5.161291e-01 0.92999999999999999995
1  3.47e+01  0.4594863632  5.161291e-01 0.92999999999999999995
1  3.63e+01  0.4590769337  5.161291e-01 0.92999999999999999995
1  3.80e+01  0.4591176073  5.161291e-01 0.92999999999999999995
1  3.98e+01  0.45876784  5.161291e-01 0.92999999999999999995
1  4.17e+01  0.4585607705  5.161291e-01 0.92999999999999999995
1  4.37e+01  0.4589302718  5.161291e-01 0.92999999999999999995
1  4.57e+01  0.4589650932  5.161291e-01 0.92999999999999999995
1  4.79e+01  0.4583430552  5.161291e-01 0.92999999999999999995
1  5.01e+01  0.45835773  5.161291e-01 0.92999999999999999995
1  5.25e+01  0.4587775086  5.161291e-01 0.92999999999999999995
1  5.50e+01  0.4586768753  5.161291e-01 0.92999999999999999995
1  5.75e+01  0.4587906339  5.161291e-01 0.92999999999999999995
1  6.03e+01  0.4592937737  5.161291e-01 0.92999999999999999995
1  6.31e+01  0.4587626595  5.161291e-01 0.92999999999999999995
1  6.61e+01  0.4587701114  5.161291e-01 0.92999999999999999995
1  6.92e+01  0.4587388464  5.161291e-01 0.92999999999999999995
1  7.24e+01  0.4588772411  5.161291e-01 0.92999999999999999995
1  7.59e+01  0.4587004817  5.161291e-01 0.92999999999999999995
1  7.94e+01  0.4586484966  5.161291e-01 0.92999999999999999995
1  8.32e+01  0.4588032498  5.161291e-01 0.92999999999999999995
1  8.71e+01  0.458857056  5.161291e-01 0.92999999999999999995
1  9.12e+01  0.4587560001  5.161291e-01 0.92999999999999999995
1  9.55e+01  0.4586985396  5.161291e-01 0.92999999999999999995
1  1.00e+02  0.4589049437  5.161291e-01 0.92999999999999999995
1  1.05e+02  0.4587756199  5.161291e-01 0.92999999999999999995
1  1.10e+02  0.4586324542  5.161291e-01 0.92999999999999999995
1  1.15e+02  0.4588171462  5.161291e-01 0.92999999999999999995
1  1.20e+02  0.4587416976  5.161291e-01 0.92999999999999999995
1  1.26e+02  0.4592492382  5.161291e-01 0.92999999999999999995
1  1.32e+02  0.4588726626  5.161291e-01 0.92999999999999999995
1  1.38e+02  0.4586733697  5.161291e-01 0.92999999999999999995
1  1.45e+02  0.4586366662  5.161291e-01 0.92999999999999999995
1  1.51e+02  0.4588147299  5.161291e-01 0.92999999999999999995
1  1.58e+02  0.4587221957  5.161291e-01 0.92999999999999999995
1  1.66e+02  0.4583361546  5.161291e-01 0.92999999999999999995
1  1.74e+02  0.4585613488  5.161291e-01 0.92999999999999999995
1  1.82e+02  0.4586064413  5.161291e-01 0.92999999999999999995
1  1.91e+02  0.4585598521  5.161291e-01 0.92999999999999999995
1  2.00e+02  0.4586863957  5.161291e-01 0.92999999999999999995
1  2.09e+02  0.4587127237  5.161291e-01 0.92999999999999999995
1  2.19e+02  0.4587210981  5.161291e-01 0.92999999999999999995
1  2.29e+02  0.4584830907  5.161291e-01 0.92999999999999999995
1  2.40e+02  0.4585538383  5.161291e-01 0.92999999999999999995
1  2.51e+02  0.4584774242  5.161291e-01 0.92999999999999999995
1  2.63e+02  0.4589961137  5.161291e-01 0.92999999999999999995
1  2.75e+02  0.4585653661  5.161291e-01 0.92999999999999999995
1  2.88e+02  0.4585313958  5.161291e-01 0.92999999999999999995
1  3.02e+02  0.4584026366  5.161291e-01 0.92999999999999999995
1  3.16e+02  0.4586914225  5.161291e-01 0.92999999999999999995
1  3.31e+02  0.4587892416  5.161291e-01 0.92999999999999999995
1  3.47e+02  0.4584605132  5.161291e-01 0.92999999999999999995
1  3.63e+02  0.4584128133  5.161291e-01 0.92999999999999999995
1  3.80e+02  0.4588251004  5.161291e-01 0.92999999999999999995
1  3.98e+02  0.4584725571  5.161291e-01 0.92999999999999999995
1  4.17e+02  0.4584450728  5.161291e-01 0.92999999999999999995
1  4.37e+02  0.4587523549  5.161291e-01 0.92999999999999999995
1  4.57e+02  0.4583886178  5.161291e-01 0.92999999999999999995
1  4.79e+02  0.4586331245  5.161291e-01 0.92999999999999999995
1  5.01e+02  0.4583904459  5.161291e-01 0.92999999999999999995
1  5.25e+02  0.4584432019  5.161291e-01 0.92999999999999999995
1  5.50e+02  0.4584171631  5.161291e-01 0.92999999999999999995
1  5.75e+02  0.4589332661  5.161291e-01 0.92999999999999999995
1  6.03e+02  0.458725897  5.161291e-01 0.92999999999999999995
1  6.31e+02  0.4581650896  5.161291e-01 0.92999999999999999995
1  6.61e+02  0.4586021704  5.161291e-01 0.92999999999999999995
1  6.92e+02  0.4588312386  5.161291e-01 0.92999999999999999995
1  7.24e+02  0.4585796427  5.161291e-01 0.92999999999999999995
1  7.59e+02  0.4575835826  5.161291e-01 0.92999999999999999995
1  7.94e+02  0.4584476985  5.161291e-01 0.92999999999999999995
1  8.32e+02  0.458812199  5.161291e-01 0.92999999999999999995
1  8.71e+02  0.4590203838  5.161291e-01 0.92999999999999999995
1  9.12e+02  0.4567554916  5.161291e-01 0.92999999999999999995
1  9.55e+02  0.4586995272  5.161291e-01 0.92999999999999999995
1  1.00e+03  0.4592864485  5.161291e-01 0.92999999999999999995
1  1.05e+03  0.4583807067  5.161291e-01 0.92999999999999999995
1  1.10e+03  0.4575528544  5.161291e-01 0.92999999999999999995
1  1.15e+03  0.4568423426  5.161291e-01 0.92999999999999999995
1  1.20e+03  0.459413559  5.161291e-01 0.92999999999999999995
1  1.26e+03  0.4604918225  5.161291e-01 0.92999999999999999995
1  1.32e+03  0.4625725799  5.161291e-01 0.92999999999999999995
1  1.38e+03  0.4589689967  5.161291e-01 0.92999999999999999995
1  1.45e+03  0.4587805567  5.161291e-01 0.92999999999999999995
1  1.51e+03  0.4494827253  5.161291e-01 0.92999999999999999995
1  1.58e+03  0.4541892608  5.161291e-01 0.92999999999999999995
1  1.66e+03  0.4564319391  5.161291e-01 0.92999999999999999995
1  1.74e+03  0.4543712841  5.161291e-01 0.92999999999999999995
1  1.82e+03  0.4544483529  5.161291e-01 0.92999999999999999995
1  1.91e+03  0.4703132903  5.161291e-01 0.92999999999999999995
1  2.00e+03  0.4593371199  5.161291e-01 0.92999999999999999995
1  2.09e+03  0.4641853112  5.161291e-01 0.92999999999999999995
1  2.19e+03  0.469346844  5.161291e-01 0.92999999999999999995
1  2.29e+03  0.4662272326  5.161291e-01 0.92999999999999999995
1  2.40e+03  0.4536623507  5.161291e-01 0.92999999999999999995
1  2.51e+03  0.4224523999  5.161291e-01 0.92999999999999999995
1  2.63e+03  0.4434289197  5.161291e-01 0.92999999999999999995
1  2.75e+03  0.426042865  5.161291e-01 0.92999999999999999995
1  2.88e+03  0.4534386826  5.161291e-01 0.92999999999999999995
1  3.02e+03  0.4136988877  5.161291e-01 0.92999999999999999995
1  3.16e+03  0.4095558442  5.161291e-01 0.92999999999999999995
1  3.31e+03  0.4192511039  5.161291e-01 0.92999999999999999995
1  3.47e+03  0.4211382635  5.161291e-01 0.92999999999999999995
1  3.63e+03  0.4328124598  5.161291e-01 0.92999999999999999995
1  3.80e+03  0.4749504682  5.161291e-01 0.92999999999999999995
1  3.98e+03  0.4620238952  5.161291e-01 0.92999999999999999995
1  4.17e+03  0.4630902804  5.161291e-01 0.92999999999999999995
1  4.37e+03  0.457907599  5.161291e-01 0.92999999999999999995
1  4.57e+03  0.4757954445  5.161291e-01 0.92999999999999999995
1  4.79e+03  0.4629765763  5.161291e-01 0.92999999999999999995
1  5.01e+03  0.4695273117  5.161291e-01 0.92999999999999999995
1  5.25e+03  0.416539556  5.161291e-01 0.92999999999999999995
1  5.50e+03  0.463135407  5.161291e-01 0.92999999999999999995
1  5.75e+03  0.3752923821  5.161291e-01 0.92999999999999999995
1  6.03e+03  0.43963215  5.161291e-01 0.92999999999999999995
1  6.31e+03  0.4420310903  5.161291e-01 0.92999999999999999995
1  6.61e+03  0.4727176504  5.161291e-01 0.92999999999999999995
1  6.92e+03  0.3935324832  5.161291e-01 0.92999999999999999995
1  7.24e+03  0.3414863876  5.161291e-01 0.92999999999999999995
1  7.59e+03  0.4835064101  5.161291e-01 0.92999999999999999995
1  7.94e+03  0.3625246093  5.161291e-01 0.92999999999999999995
1  8.32e+03  0.471250742  5.161291e-01 0.92999999999999999995
1  8.71e+03  0.2628164413  5.161291e-01 0.92999999999999999995
1  9.12e+03  0.4771429057  5.161291e-01 0.92999999999999999995
1  9.55e+03  0.2979292319  5.161291e-01 0.92999999999999999995
1  1.00e+04  0.4507876632  5.161291e-01 0.92999999999999999995
1  1.05e+04  0.4547755032  5.161291e-01 0.92999999999999999995
1  1.10e+04  0.4383744876  5.161291e-01 0.92999999999999999995
1  1.15e+04  0.4107976875  5.161291e-01 0.92999999999999999995
1  1.20e+04  0.3604385184  5.161291e-01 0.92999999999999999995
1  1.26e+04  0.1765292938  5.161291e-01 0.92999999999999999995
1  1.32e+04  0.4527781059  5.161291e-01 0.92999999999999999995
1  1.38e+04  0.1214290611  5.161291e-01 0.92999999999999999995
1  1.45e+04  0.4631512164  5.161291e-01 0.92999999999999999995
1  1.51e+04  0.1250021043  5.161291e-01 0.92999999999999999995
1  1.58e+04  0.4224679763  5.161291e-01 0.92999999999999999995
1  1.66e+04  0.366841237  5.161291e-01 0.92999999999999999995
1  1.74e+04  0.4616417478  5.161291e-01 0.92999999999999999995
1  1.82e+04  0.4653297843  5.161291e-01 0.92999999999999999995
1  1.91e+04  0.1558495102  5.161291e-01 0.92999999999999999995
1  2.00e+04  0.2921332019  5.161291e-01 0.92999999999999999995
1  2.09e+04  0.4561620632  5.161291e-01 0.92999999999999999995
1  2.19e+04  0.3360601235  5.161291e-01 0.92999999999999999995
1  2.29e+04  0.1566680352  5.161291e-01 0.92999999999999999995
1  2.40e+04  0.449675848  5.161291e-01 0.92999999999999999995
1  2.51e+04  0.3690084831  5.161291e-01 0.92999999999999999995
1  2.63e+04  0.1912230273  5.161291e-01 0.92999999999999999995
1  2.75e+04  0.4355640708  5.161291e-01 0.92999999999999999995
1  2.88e+04  0.3568807055  5.161291e-01 0.92999999999999999995
1  3.02e+04  0.4620298204  5.161291e-01 0.92999999999999999995
1  3.16e+04  0.2064056565  5.161291e-01 0.92999999999999999995
1  3.31e+04  0.4606562996  5.161291e-01 0.92999999999999999995
1  3.47e+04  0.124163721  5.161291e-01 0.92999999999999999995
1  3.63e+04  0.4584986141  5.161291e-01 0.92999999999999999995
1  3.80e+04  0.3827419344  5.161291e-01 0.92999999999999999995
1  3.98e+04  0.4077625671  5.161291e-01 0.92999999999999999995
1  4.17e+04  0.4221104472  5.161291e-01 0.92999999999999999995
1  4.37e+04  0.1478088991  5.161291e-01 0.92999999999999999995
1  4.57e+04  0.4473608756  5.161291e-01 0.92999999999999999995
1  4.79e+04  0.2286287088  5.161291e-01 0.92999999999999999995
1  5.01e+04  0.277635679  5.161291e-01 0.92999999999999999995
1  5.25e+04  0.4629457943  5.161291e-01 0.92999999999999999995
1  5.50e+04  0.3744918864  5.161291e-01 0.92999999999999999995
1  5.75e+04  0.3794935969  5.161291e-01 0.92999999999999999995
1  6.03e+04  0.4433250845  5.161291e-01 0.92999999999999999995
1  6.31e+04  0.4323628099  5.161291e-01 0.92999999999999999995
1  6.61e+04  0.2619470321  5.161291e-01 0.92999999999999999995
1  6.92e+04  0.2985311181  5.161291e-01 0.92999999999999999995
1  7.24e+04  0.4580210195  5.161291e-01 0.92999999999999999995
1  7.59e+04  0.3377040533  5.161291e-01 0.92999999999999999995
1  7.94e+04  0.1782264308  5.161291e-01 0.92999999999999999995
1  8.32e+04  0.2918162874  5.161291e-01 0.92999999999999999995
1  8.71e+04  0.4517501151  5.161291e-01 0.92999999999999999995
1  9.12e+04  0.4194064704  5.161291e-01 0.92999999999999999995
1  9.55e+04  0.3177184553  5.161291e-01 0.92999999999999999995
1  1.00e+05  0.3196194999  5.161291e-01 0.92999999999999999995
1  1.05e+05  0.3999827512  5.161291e-01 0.92999999999999999995
1  1.10e+05  0.4556064935  5.161291e-01 0.92999999999999999995
1  1.15e+05  0.4559535983  5.161291e-01 0.92999999999999999995
1  1.20e+05  0.4315013768  5.161291e-01 0.92999999999999999995
1  1.26e+05  0.4089662126  5.161291e-01 0.92999999999999999995
1  1.32e+05  0.3965242195  5.161291e-01 0.92999999999999999995
1  1.38e+05  0.3986058421  5.161291e-01 0.92999999999999999995
1  1.45e+05  0.4177154919  5.161291e-01 0.92999999999999999995
1  1.51e+05  0.4454422345  5.161291e-01 0.92999999999999999995
1  1.58e+05  0.4634128856  5.161291e-01 0.92999999999999999995
1  1.66e+05  0.4567460189  5.161291e-01 0.92999999999999999995
1  1.74e+05  0.425965658  5.161291e-01 0.92999999999999999995
1  1.82e+05  0.3866194312  5.161291e-01 0.92999999999999999995
1  1.91e+05  0.358584092  5.161291e-01 0.92999999999999999995
1  2.00e+05  0.3543701261  5.161291e-01 0.92999999999999999995
1  2.09e+05  0.373825862  5.161291e-01 0.92999999999999999995
1  2.19e+05  0.4064869338  5.161291e-01 0.92999999999999999995
1  2.29e+05  0.4381729582  5.161291e-01 0.92999999999999999995
1  2.40e+05  0.4574481463  5.161291e-01 0.92999999999999999995
1  2.51e+05  0.4592016487  5.161291e-01 0.92999999999999999995
1  2.63e+05  0.4448711953  5.161291e-01 0.92999999999999999995
1  2.75e+05  0.4203689423  5.161291e-01 0.92999999999999999995
1  2.88e+05  0.3932228224  5.161291e-01 0.92999999999999999995
1  3.02e+05  0.3701284141  5.161291e-01 0.92999999999999999995
1  3.16e+05  0.3554976818  5.161291e-01 0.92999999999999999995
1  3.31e+05  0.3510501355  5.161291e-01 0.92999999999999999995
1  3.47e+05  0.3561734091  5.161291e-01 0.92999999999999999995
1  3.63e+05  0.3686827312  5.161291e-01 0.92999999999999999995
1  3.80e+05  0.3856578954  5.161291e-01 0.92999999999999999995
1  3.98e+05  0.4041486517  5.161291e-01 0.92999999999999999995
1  4.17e+05  0.4216543269  5.161291e-01 0.92999999999999999995
1  4.37e+05  0.4363699039  5.161291e-01 0.92999999999999999995
1  4.57e+05  0.4472408752  5.161291e-01 0.92999999999999999995
1  4.79e+05  0.4538883033  5.161291e-01 0.92999999999999999995
1  5.01e+05  0.4564639381  5.161291e-01 0.92999999999999999995
1  5.25e+05  0.4554829523  5.161291e-01 0.92999999999999999995
1  5.50e+05  0.451666312  5.161291e-01 0.92999999999999999995
1  5.75e+05  0.4458104881  5.161291e-01 0.92999999999999999995
1  6.03e+05  0.4386911694  5.161291e-01 0.92999999999999999995
1  6.31e+05  0.4310003007  5.161291e-01 0.92999999999999999995
1  6.61e+05  0.4222655574  5.161291e-01 0.92999999999999999995
1  6.92e+05  0.414061454  5.161291e-01 0.92999999999999999995
1  7.24e+05  0.4068070765  5.161291e-01 0.92999999999999999995
1  7.59e+05  0.4007632904  5.161291e-01 0.92999999999999999995
1  7.94e+05  0.3960562081  5.161291e-01 0.92999999999999999995
1  8.32e+05  0.3927052488  5.161291e-01 0.92999999999999999995
1  8.71e+05  0.3906512742  5.161291e-01 0.92999999999999999995
1  9.12e+05  0.3897820582  5.161291e-01 0.92999999999999999995
1  9.55e+05  0.3899537162  5.161291e-01 0.92999999999999999995
1  1.00e+06  0.3910361658  5.161291e-01 0.92999999999999999995
1  1.05e+06  0.3927914609  5.161291e-01 0.92999999999999999995
1  1.10e+06  0.3951178856  5.161291e-01 0.92999999999999999995
1  1.15e+06  0.3978739686  5.161291e-01 0.92999999999999999995
1  1.20e+06  0.4009338966  5.161291e-01 0.92999999999999999995
1  1.26e+06  0.4041889312  5.161291e-01 0.92999999999999999995
1  1.32e+06  0.4075474956  5.161291e-01 0.92999999999999999995
1  1.38e+06  0.4109343681  5.161291e-01 0.92999999999999999995
1  1.45e+06  0.414289326  5.161291e-01 0.92999999999999999995
1  1.51e+06  0.4175654954  5.161291e-01 0.92999999999999999995
1  1.58e+06  0.4207275931  5.161291e-01 0.92999999999999999995
1  1.66e+06  0.4237501859  5.161291e-01 0.92999999999999999995
1  1.74e+06  0.4266160487  5.161291e-01 0.92999999999999999995
1  1.82e+06  0.4293146693  5.161291e-01 0.92999999999999999995
1  1.91e+06  0.4318409215  5.161291e-01 0.92999999999999999995
1  2.00e+06  0.4341468196  5.161291e-01 0.92999999999999999995
1  2.09e+06  0.43633155  5.161291e-01 0.92999999999999999995
1  2.19e+06  0.4383502574  5.161291e-01 0.92999999999999999995
1  2.29e+06  0.4402094392  5.161291e-01 0.92999999999999999995
1  2.40e+06  0.4419168127  5.161291e-01 0.92999999999999999995
1  2.51e+06  0.4434808709  5.161291e-01 0.92999999999999999995
1  2.63e+06  0.4449105322  5.161291e-01 0.92999999999999999995
1  2.75e+06  0.4462148685  5.161291e-01 0.92999999999999999995
1  2.88e+06  0.4474028987  5.161291e-01 0.92999999999999999995
1  3.02e+06  0.4484834342  5.161291e-01 0.92999999999999999995
1  3.16e+06  0.4494649688  5.161291e-01 0.92999999999999999995
1  3.31e+06  0.450355602  5.161291e-01 0.92999999999999999995
1  3.47e+06  0.4511629905  5.161291e-01 0.92999999999999999995
1  3.63e+06  0.4518943198  5.161291e-01 0.92999999999999999995
1  3.80e+06  0.452556293  5.161291e-01 0.92999999999999999995
1  3.98e+06  0.4531408287  5.161291e-01 0.92999999999999999995
1  4.17e+06  0.4536835544  5.161291e-01 0.92999999999999999995
1  4.37e+06  0.4541740849  5.161291e-01 0.92999999999999999995
1  4.57e+06  0.4546172859  5.161291e-01 0.92999999999999999995
1  4.79e+06  0.4550176117  5.161291e-01 0.92999999999999999995
1  5.01e+06  0.4553791308  5.161291e-01 0.92999999999999999995
1  5.25e+06  0.4557055513  5.161291e-01 0.92999999999999999995
1  5.50e+06  0.4560002471  5.161291e-01 0.92999999999999999995
1  5.75e+06  0.4562662833  5.161291e-01 0.92999999999999999995
1  6.03e+06  0.4565064407  5.161291e-01 0.92999999999999999995
1  6.31e+06  0.4567232391  5.161291e-01 0.92999999999999999995
1  6.61e+06  0.45691896  5.161291e-01 0.92999999999999999995
1  6.92e+06  0.4570956668  5.161291e-01 0.92999999999999999995
1  7.24e+06  0.4572552246  5.161291e-01 0.92999999999999999995
1  7.59e+06  0.4573993179  5.161291e-01 0.92999999999999999995
1  7.94e+06  0.4575261158  5.161291e-01 0.92999999999999999995
1  8.32e+06  0.4576440108  5.161291e-01 0.92999999999999999995
1  8.71e+06  0.4577505425  5.161291e-01 0.92999999999999999995
1  9.12e+06  0.4578468295  5.161291e-01 0.92999999999999999995
1  9.55e+06  0.4579338801  5.161291e-01 0.92999999999999999995
1  1.00e+07  0.458012603  5.161291e-01 0.92999999999999999995
