1  1.00e-03  0.2763643651 -11.414819999999999 1.08299999999999999999
1  1.05e-03  0.2763643691 -11.414819999999999 1.08299999999999999999
1  1.10e-03  0.2763643666 -11.414819999999999 1.08299999999999999999
1  1.15e-03  0.2763643708 -11.414819999999999 1.08299999999999999999
1  1.20e-03  0.2763643678 -11.414819999999999 1.08299999999999999999
1  1.26e-03  0.276364367 -11.414819999999999 1.08299999999999999999
1  1.32e-03  0.2763643698 -11.414819999999999 1.08299999999999999999
1  1.38e-03  0.2763643756 -11.414819999999999 1.08299999999999999999
1  1.45e-03  0.2763643723 -11.414819999999999 1.08299999999999999999
1  1.51e-03  0.2763643712 -11.414819999999999 1.08299999999999999999
1  1.58e-03  0.2763643706 -11.414819999999999 1.08299999999999999999
1  1.66e-03  0.2763643744 -11.414819999999999 1.08299999999999999999
1  1.74e-03  0.2763643891 -11.414819999999999 1.08299999999999999999
1  1.82e-03  0.276364377 -11.414819999999999 1.08299999999999999999
1  1.91e-03  0.2763643728 -11.414819999999999 1.08299999999999999999
1  2.00e-03  0.276364371 -11.414819999999999 1.08299999999999999999
1  2.09e-03  0.2763643713 -11.414819999999999 1.08299999999999999999
1  2.19e-03  0.2763643714 -11.414819999999999 1.08299999999999999999
1  2.29e-03  0.276364373 -11.414819999999999 1.08299999999999999999
1  2.40e-03  0.2763643712 -11.414819999999999 1.08299999999999999999
1  2.51e-03  0.2763643952 -11.414819999999999 1.08299999999999999999
1  2.63e-03  0.2763643696 -11.414819999999999 1.08299999999999999999
1  2.75e-03  0.2763643736 -11.414819999999999 1.08299999999999999999
1  2.88e-03  0.276364373 -11.414819999999999 1.08299999999999999999
1  3.02e-03  0.2763643763 -11.414819999999999 1.08299999999999999999
1  3.16e-03  0.2763643764 -11.414819999999999 1.08299999999999999999
1  3.31e-03  0.2763643734 -11.414819999999999 1.08299999999999999999
1  3.47e-03  0.2763643696 -11.414819999999999 1.08299999999999999999
1  3.63e-03  0.2763643763 -11.414819999999999 1.08299999999999999999
1  3.80e-03  0.2763663842 -11.414819999999999 1.08299999999999999999
1  3.98e-03  0.2763643782 -11.414819999999999 1.08299999999999999999
1  4.17e-03  0.2763643738 -11.414819999999999 1.08299999999999999999
1  4.37e-03  0.2763625593 -11.414819999999999 1.08299999999999999999
1  4.57e-03  0.27636437 -11.414819999999999 1.08299999999999999999
1  4.79e-03  0.2763643816 -11.414819999999999 1.08299999999999999999
1  5.01e-03  0.2763643815 -11.414819999999999 1.08299999999999999999
1  5.25e-03  0.2763643794 -11.414819999999999 1.08299999999999999999
1  5.50e-03  0.2763643802 -11.414819999999999 1.08299999999999999999
1  5.75e-03  0.2763643843 -11.414819999999999 1.08299999999999999999
1  6.03e-03  0.2763643775 -11.414819999999999 1.08299999999999999999
1  6.31e-03  0.276364387 -11.414819999999999 1.08299999999999999999
1  6.61e-03  0.2763643801 -11.414819999999999 1.08299999999999999999
1  6.92e-03  0.276364387 -11.414819999999999 1.08299999999999999999
1  7.24e-03  0.2763643867 -11.414819999999999 1.08299999999999999999
1  7.59e-03  0.2763643854 -11.414819999999999 1.08299999999999999999
1  7.94e-03  0.2763644003 -11.414819999999999 1.08299999999999999999
1  8.32e-03  0.2763643791 -11.414819999999999 1.08299999999999999999
1  8.71e-03  0.2763643806 -11.414819999999999 1.08299999999999999999
1  9.12e-03  0.2763643896 -11.414819999999999 1.08299999999999999999
1  9.55e-03  0.2763643892 -11.414819999999999 1.08299999999999999999
1  1.00e-02  0.2763643854 -11.414819999999999 1.08299999999999999999
1  1.05e-02  0.2763644075 -11.414819999999999 1.08299999999999999999
1  1.10e-02  0.2763645528 -11.414819999999999 1.08299999999999999999
1  1.15e-02  0.2763644046 -11.414819999999999 1.08299999999999999999
1  1.20e-02  0.2763644026 -11.414819999999999 1.08299999999999999999
1  1.26e-02  0.2763643857 -11.414819999999999 1.08299999999999999999
1  1.32e-02  0.2763643914 -11.414819999999999 1.08299999999999999999
1  1.38e-02  0.2763643999 -11.414819999999999 1.08299999999999999999
1  1.45e-02  0.2763644066 -11.414819999999999 1.08299999999999999999
1  1.51e-02  0.2763644113 -11.414819999999999 1.08299999999999999999
1  1.58e-02  0.2763644025 -11.414819999999999 1.08299999999999999999
1  1.66e-02  0.2763643925 -11.414819999999999 1.08299999999999999999
1  1.74e-02  0.2763643986 -11.414819999999999 1.08299999999999999999
1  1.82e-02  0.2763643979 -11.414819999999999 1.08299999999999999999
1  1.91e-02  0.2763643995 -11.414819999999999 1.08299999999999999999
1  2.00e-02  0.2763643864 -11.414819999999999 1.08299999999999999999
1  2.09e-02  0.2763644106 -11.414819999999999 1.08299999999999999999
1  2.19e-02  0.2763641143 -11.414819999999999 1.08299999999999999999
1  2.29e-02  0.2763643775 -11.414819999999999 1.08299999999999999999
1  2.40e-02  0.2763643724 -11.414819999999999 1.08299999999999999999
1  2.51e-02  0.2763651601 -11.414819999999999 1.08299999999999999999
1  2.63e-02  0.2763645371 -11.414819999999999 1.08299999999999999999
1  2.75e-02  0.2763647945 -11.414819999999999 1.08299999999999999999
1  2.88e-02  0.2763639769 -11.414819999999999 1.08299999999999999999
1  3.02e-02  0.2763644686 -11.414819999999999 1.08299999999999999999
1  3.16e-02  0.2763644912 -11.414819999999999 1.08299999999999999999
1  3.31e-02  0.276364485 -11.414819999999999 1.08299999999999999999
1  3.47e-02  0.2763645103 -11.414819999999999 1.08299999999999999999
1  3.63e-02  0.2763644307 -11.414819999999999 1.08299999999999999999
1  3.80e-02  0.2763644105 -11.414819999999999 1.08299999999999999999
1  3.98e-02  0.2763644545 -11.414819999999999 1.08299999999999999999
1  4.17e-02  0.2763644361 -11.414819999999999 1.08299999999999999999
1  4.37e-02  0.2763650862 -11.414819999999999 1.08299999999999999999
1  4.57e-02  0.2763646653 -11.414819999999999 1.08299999999999999999
1  4.79e-02  0.2763645347 -11.414819999999999 1.08299999999999999999
1  5.01e-02  0.2763639249 -11.414819999999999 1.08299999999999999999
1  5.25e-02  0.2763645816 -11.414819999999999 1.08299999999999999999
1  5.50e-02  0.2763645678 -11.414819999999999 1.08299999999999999999
1  5.75e-02  0.2763657611 -11.414819999999999 1.08299999999999999999
1  6.03e-02  0.2763645452 -11.414819999999999 1.08299999999999999999
1  6.31e-02  0.2763645707 -11.414819999999999 1.08299999999999999999
1  6.61e-02  0.2763646492 -11.414819999999999 1.08299999999999999999
1  6.92e-02  0.2763646035 -11.414819999999999 1.08299999999999999999
1  7.24e-02  0.2763646016 -11.414819999999999 1.08299999999999999999
1  7.59e-02  0.2763646804 -11.414819999999999 1.08299999999999999999
1  7.94e-02  0.2763645606 -11.414819999999999 1.08299999999999999999
1  8.32e-02  0.2763645249 -11.414819999999999 1.08299999999999999999
1  8.71e-02  0.2763647206 -11.414819999999999 1.08299999999999999999
1  9.12e-02  0.2763645209 -11.414819999999999 1.08299999999999999999
1  9.55e-02  0.276364536 -11.414819999999999 1.08299999999999999999
1  1.00e-01  0.2763647506 -11.414819999999999 1.08299999999999999999
1  1.05e-01  0.2763645138 -11.414819999999999 1.08299999999999999999
1  1.10e-01  0.2763646098 -11.414819999999999 1.08299999999999999999
1  1.15e-01  0.2763646818 -11.414819999999999 1.08299999999999999999
1  1.20e-01  0.2763655238 -11.414819999999999 1.08299999999999999999
1  1.26e-01  0.2763648361 -11.414819999999999 1.08299999999999999999
1  1.32e-01  0.2763645683 -11.414819999999999 1.08299999999999999999
1  1.38e-01  0.2763646216 -11.414819999999999 1.08299999999999999999
1  1.45e-01  0.276362994 -11.414819999999999 1.08299999999999999999
1  1.51e-01  0.2763645518 -11.414819999999999 1.08299999999999999999
1  1.58e-01  0.2763644962 -11.414819999999999 1.08299999999999999999
1  1.66e-01  0.276364573 -11.414819999999999 1.08299999999999999999
1  1.74e-01  0.2763646656 -11.414819999999999 1.08299999999999999999
1  1.82e-01  0.2763644964 -11.414819999999999 1.08299999999999999999
1  1.91e-01  0.2763645372 -11.414819999999999 1.08299999999999999999
1  2.00e-01  0.2763643901 -11.414819999999999 1.08299999999999999999
1  2.09e-01  0.2763647486 -11.414819999999999 1.08299999999999999999
1  2.19e-01  0.2763646352 -11.414819999999999 1.08299999999999999999
1  2.29e-01  0.2763646916 -11.414819999999999 1.08299999999999999999
1  2.40e-01  0.2763647424 -11.414819999999999 1.08299999999999999999
1  2.51e-01  0.276364721 -11.414819999999999 1.08299999999999999999
1  2.63e-01  0.2763648595 -11.414819999999999 1.08299999999999999999
1  2.75e-01  0.2763647761 -11.414819999999999 1.08299999999999999999
1  2.88e-01  0.2763646195 -11.414819999999999 1.08299999999999999999
1  3.02e-01  0.2763646542 -11.414819999999999 1.08299999999999999999
1  3.16e-01  0.2763655414 -11.414819999999999 1.08299999999999999999
1  3.31e-01  0.2763647773 -11.414819999999999 1.08299999999999999999
1  3.47e-01  0.2763646375 -11.414819999999999 1.08299999999999999999
1  3.63e-01  0.2763647473 -11.414819999999999 1.08299999999999999999
1  3.80e-01  0.2763646972 -11.414819999999999 1.08299999999999999999
1  3.98e-01  0.2763649102 -11.414819999999999 1.08299999999999999999
1  4.17e-01  0.276364685 -11.414819999999999 1.08299999999999999999
1  4.37e-01  0.2763544917 -11.414819999999999 1.08299999999999999999
1  4.57e-01  0.2763649694 -11.414819999999999 1.08299999999999999999
1  4.79e-01  0.2763647654 -11.414819999999999 1.08299999999999999999
1  5.01e-01  0.2763646085 -11.414819999999999 1.08299999999999999999
1  5.25e-01  0.2763648088 -11.414819999999999 1.08299999999999999999
1  5.50e-01  0.2763650735 -11.414819999999999 1.08299999999999999999
1  5.75e-01  0.2763620652 -11.414819999999999 1.08299999999999999999
1  6.03e-01  0.276365428 -11.414819999999999 1.08299999999999999999
1  6.31e-01  0.2763645838 -11.414819999999999 1.08299999999999999999
1  6.61e-01  0.2763647903 -11.414819999999999 1.08299999999999999999
1  6.92e-01  0.2763654595 -11.414819999999999 1.08299999999999999999
1  7.24e-01  0.2763651178 -11.414819999999999 1.08299999999999999999
1  7.59e-01  0.2763650656 -11.414819999999999 1.08299999999999999999
1  7.94e-01  0.2763630691 -11.414819999999999 1.08299999999999999999
1  8.32e-01  0.2763654157 -11.414819999999999 1.08299999999999999999
1  8.71e-01  0.2763613793 -11.414819999999999 1.08299999999999999999
1  9.12e-01  0.2763489456 -11.414819999999999 1.08299999999999999999
1  9.55e-01  0.2763652556 -11.414819999999999 1.08299999999999999999
1  1.00e+00  0.2763659398 -11.414819999999999 1.08299999999999999999
1  1.05e+00  0.2763055838 -11.414819999999999 1.08299999999999999999
1  1.10e+00  0.2763648398 -11.414819999999999 1.08299999999999999999
1  1.15e+00  0.276365468 -11.414819999999999 1.08299999999999999999
1  1.20e+00  0.276364759 -11.414819999999999 1.08299999999999999999
1  1.26e+00  0.2763650216 -11.414819999999999 1.08299999999999999999
1  1.32e+00  0.276364741 -11.414819999999999 1.08299999999999999999
1  1.38e+00  0.2763650952 -11.414819999999999 1.08299999999999999999
1  1.45e+00  0.2763652403 -11.414819999999999 1.08299999999999999999
1  1.51e+00  0.2763644691 -11.414819999999999 1.08299999999999999999
1  1.58e+00  0.2763518688 -11.414819999999999 1.08299999999999999999
1  1.66e+00  0.2763608567 -11.414819999999999 1.08299999999999999999
1  1.74e+00  0.2763667816 -11.414819999999999 1.08299999999999999999
1  1.82e+00  0.2763689126 -11.414819999999999 1.08299999999999999999
1  1.91e+00  0.2763649106 -11.414819999999999 1.08299999999999999999
1  2.00e+00  0.2763659628 -11.414819999999999 1.08299999999999999999
1  2.09e+00  0.2763344296 -11.414819999999999 1.08299999999999999999
1  2.19e+00  0.2763652955 -11.414819999999999 1.08299999999999999999
1  2.29e+00  0.2763655894 -11.414819999999999 1.08299999999999999999
1  2.40e+00  0.2763679358 -11.414819999999999 1.08299999999999999999
1  2.51e+00  0.2763660138 -11.414819999999999 1.08299999999999999999
1  2.63e+00  0.2763666132 -11.414819999999999 1.08299999999999999999
1  2.75e+00  0.2763635058 -11.414819999999999 1.08299999999999999999
1  2.88e+00  0.2763654544 -11.414819999999999 1.08299999999999999999
1  3.02e+00  0.2763725463 -11.414819999999999 1.08299999999999999999
1  3.16e+00  0.2763511348 -11.414819999999999 1.08299999999999999999
1  3.31e+00  0.2763689803 -11.414819999999999 1.08299999999999999999
1  3.47e+00  0.2763654357 -11.414819999999999 1.08299999999999999999
1  3.63e+00  0.2763685008 -11.414819999999999 1.08299999999999999999
1  3.80e+00  0.2763651351 -11.414819999999999 1.08299999999999999999
1  3.98e+00  0.2763684287 -11.414819999999999 1.08299999999999999999
1  4.17e+00  0.2763672242 -11.414819999999999 1.08299999999999999999
1  4.37e+00  0.2763673683 -11.414819999999999 1.08299999999999999999
1  4.57e+00  0.2763668815 -11.414819999999999 1.08299999999999999999
1  4.79e+00  0.2763671141 -11.414819999999999 1.08299999999999999999
1  5.01e+00  0.2763662655 -11.414819999999999 1.08299999999999999999
1  5.25e+00  0.2763660046 -11.414819999999999 1.08299999999999999999
1  5.50e+00  0.2763653644 -11.414819999999999 1.08299999999999999999
1  5.75e+00  0.2761060959 -11.414819999999999 1.08299999999999999999
1  6.03e+00  0.2764502448 -11.414819999999999 1.08299999999999999999
1  6.31e+00  0.2762451845 -11.414819999999999 1.08299999999999999999
1  6.61e+00  0.2763717333 -11.414819999999999 1.08299999999999999999
1  6.92e+00  0.2763710524 -11.414819999999999 1.08299999999999999999
1  7.24e+00  0.2763650237 -11.414819999999999 1.08299999999999999999
1  7.59e+00  0.2763691348 -11.414819999999999 1.08299999999999999999
1  7.94e+00  0.276375581 -11.414819999999999 1.08299999999999999999
1  8.32e+00  0.2763740141 -11.414819999999999 1.08299999999999999999
1  8.71e+00  0.2763734359 -11.414819999999999 1.08299999999999999999
1  9.12e+00  0.2763650069 -11.414819999999999 1.08299999999999999999
1  9.55e+00  0.2763809315 -11.414819999999999 1.08299999999999999999
1  1.00e+01  0.2763845504 -11.414819999999999 1.08299999999999999999
1  1.05e+01  0.2765005266 -11.414819999999999 1.08299999999999999999
1  1.10e+01  0.2763548982 -11.414819999999999 1.08299999999999999999
1  1.15e+01  0.276339176 -11.414819999999999 1.08299999999999999999
1  1.20e+01  0.2763676347 -11.414819999999999 1.08299999999999999999
1  1.26e+01  0.2763811607 -11.414819999999999 1.08299999999999999999
1  1.32e+01  0.2764640405 -11.414819999999999 1.08299999999999999999
1  1.38e+01  0.2763611697 -11.414819999999999 1.08299999999999999999
1  1.45e+01  0.2763725928 -11.414819999999999 1.08299999999999999999
1  1.51e+01  0.2763733528 -11.414819999999999 1.08299999999999999999
1  1.58e+01  0.2763707958 -11.414819999999999 1.08299999999999999999
1  1.66e+01  0.2765225787 -11.414819999999999 1.08299999999999999999
1  1.74e+01  0.2765645461 -11.414819999999999 1.08299999999999999999
1  1.82e+01  0.2768468874 -11.414819999999999 1.08299999999999999999
1  1.91e+01  0.2763715367 -11.414819999999999 1.08299999999999999999
1  2.00e+01  0.2764151133 -11.414819999999999 1.08299999999999999999
1  2.09e+01  0.2771329635 -11.414819999999999 1.08299999999999999999
1  2.19e+01  0.2771789165 -11.414819999999999 1.08299999999999999999
1  2.29e+01  0.2764689114 -11.414819999999999 1.08299999999999999999
1  2.40e+01  0.2759714939 -11.414819999999999 1.08299999999999999999
1  2.51e+01  0.2760512764 -11.414819999999999 1.08299999999999999999
1  2.63e+01  0.2753404982 -11.414819999999999 1.08299999999999999999
1  2.75e+01  0.2761159718 -11.414819999999999 1.08299999999999999999
1  2.88e+01  0.2766742433 -11.414819999999999 1.08299999999999999999
1  3.02e+01  0.2761008893 -11.414819999999999 1.08299999999999999999
1  3.16e+01  0.2761799938 -11.414819999999999 1.08299999999999999999
1  3.31e+01  0.2764948625 -11.414819999999999 1.08299999999999999999
1  3.47e+01  0.275845147 -11.414819999999999 1.08299999999999999999
1  3.63e+01  0.276908693 -11.414819999999999 1.08299999999999999999
1  3.80e+01  0.2764091733 -11.414819999999999 1.08299999999999999999
1  3.98e+01  0.2759596353 -11.414819999999999 1.08299999999999999999
1  4.17e+01  0.2762886235 -11.414819999999999 1.08299999999999999999
1  4.37e+01  0.276501335 -11.414819999999999 1.08299999999999999999
1  4.57e+01  0.2764997298 -11.414819999999999 1.08299999999999999999
1  4.79e+01  0.2764120962 -11.414819999999999 1.08299999999999999999
1  5.01e+01  0.2767836782 -11.414819999999999 1.08299999999999999999
1  5.25e+01  0.276420877 -11.414819999999999 1.08299999999999999999
1  5.50e+01  0.2761035585 -11.414819999999999 1.08299999999999999999
1  5.75e+01  0.276382148 -11.414819999999999 1.08299999999999999999
1  6.03e+01  0.2756901584 -11.414819999999999 1.08299999999999999999
1  6.31e+01  0.2762692379 -11.414819999999999 1.08299999999999999999
1  6.61e+01  0.2764189912 -11.414819999999999 1.08299999999999999999
1  6.92e+01  0.2764863667 -11.414819999999999 1.08299999999999999999
1  7.24e+01  0.2757620427 -11.414819999999999 1.08299999999999999999
1  7.59e+01  0.2765939271 -11.414819999999999 1.08299999999999999999
1  7.94e+01  0.2762937624 -11.414819999999999 1.08299999999999999999
1  8.32e+01  0.2763504395 -11.414819999999999 1.08299999999999999999
1  8.71e+01  0.2762906233 -11.414819999999999 1.08299999999999999999
1  9.12e+01  0.2764533005 -11.414819999999999 1.08299999999999999999
1  9.55e+01  0.2772960796 -11.414819999999999 1.08299999999999999999
1  1.00e+02  0.2761553953 -11.414819999999999 1.08299999999999999999
1  1.05e+02  0.276465234 -11.414819999999999 1.08299999999999999999
1  1.10e+02  0.276410648 -11.414819999999999 1.08299999999999999999
1  1.15e+02  0.2763877388 -11.414819999999999 1.08299999999999999999
1  1.20e+02  0.276619289 -11.414819999999999 1.08299999999999999999
1  1.26e+02  0.2756358886 -11.414819999999999 1.08299999999999999999
1  1.32e+02  0.2763829189 -11.414819999999999 1.08299999999999999999
1  1.38e+02  0.2763889477 -11.414819999999999 1.08299999999999999999
1  1.45e+02  0.2766844167 -11.414819999999999 1.08299999999999999999
1  1.51e+02  0.2762590537 -11.414819999999999 1.08299999999999999999
1  1.58e+02  0.2765749264 -11.414819999999999 1.08299999999999999999
1  1.66e+02  0.2759565129 -11.414819999999999 1.08299999999999999999
1  1.74e+02  0.2767022843 -11.414819999999999 1.08299999999999999999
1  1.82e+02  0.276480035 -11.414819999999999 1.08299999999999999999
1  1.91e+02  0.2763515259 -11.414819999999999 1.08299999999999999999
1  2.00e+02  0.2764546827 -11.414819999999999 1.08299999999999999999
1  2.09e+02  0.2764732102 -11.414819999999999 1.08299999999999999999
1  2.19e+02  0.2765811447 -11.414819999999999 1.08299999999999999999
1  2.29e+02  0.2764765029 -11.414819999999999 1.08299999999999999999
1  2.40e+02  0.2763499819 -11.414819999999999 1.08299999999999999999
1  2.51e+02  0.2765093241 -11.414819999999999 1.08299999999999999999
1  2.63e+02  0.276959664 -11.414819999999999 1.08299999999999999999
1  2.75e+02  0.2766056276 -11.414819999999999 1.08299999999999999999
1  2.88e+02  0.2767425922 -11.414819999999999 1.08299999999999999999
1  3.02e+02  0.2763825502 -11.414819999999999 1.08299999999999999999
1  3.16e+02  0.2766999825 -11.414819999999999 1.08299999999999999999
1  3.31e+02  0.2763782115 -11.414819999999999 1.08299999999999999999
1  3.47e+02  0.2763571433 -11.414819999999999 1.08299999999999999999
1  3.63e+02  0.2762668627 -11.414819999999999 1.08299999999999999999
1  3.80e+02  0.276397705 -11.414819999999999 1.08299999999999999999
1  3.98e+02  0.2765607226 -11.414819999999999 1.08299999999999999999
1  4.17e+02  0.2764044451 -11.414819999999999 1.08299999999999999999
1  4.37e+02  0.2766851299 -11.414819999999999 1.08299999999999999999
1  4.57e+02  0.2765694623 -11.414819999999999 1.08299999999999999999
1  4.79e+02  0.2765002559 -11.414819999999999 1.08299999999999999999
1  5.01e+02  0.2763695022 -11.414819999999999 1.08299999999999999999
1  5.25e+02  0.2771993439 -11.414819999999999 1.08299999999999999999
1  5.50e+02  0.2766865617 -11.414819999999999 1.08299999999999999999
1  5.75e+02  0.2767426348 -11.414819999999999 1.08299999999999999999
1  6.03e+02  0.2767556824 -11.414819999999999 1.08299999999999999999
1  6.31e+02  0.2766829879 -11.414819999999999 1.08299999999999999999
1  6.61e+02  0.2763271912 -11.414819999999999 1.08299999999999999999
1  6.92e+02  0.2768525089 -11.414819999999999 1.08299999999999999999
1  7.24e+02  0.276563225 -11.414819999999999 1.08299999999999999999
1  7.59e+02  0.2761836969 -11.414819999999999 1.08299999999999999999
1  7.94e+02  0.275557196 -11.414819999999999 1.08299999999999999999
1  8.32e+02  0.2784046515 -11.414819999999999 1.08299999999999999999
1  8.71e+02  0.2763541703 -11.414819999999999 1.08299999999999999999
1  9.12e+02  0.2763691586 -11.414819999999999 1.08299999999999999999
1  9.55e+02  0.2776714972 -11.414819999999999 1.08299999999999999999
1  1.00e+03  0.2768456575 -11.414819999999999 1.08299999999999999999
1  1.05e+03  0.2798007817 -11.414819999999999 1.08299999999999999999
1  1.10e+03  0.2757772445 -11.414819999999999 1.08299999999999999999
1  1.15e+03  0.2759093294 -11.414819999999999 1.08299999999999999999
1  1.20e+03  0.2803634254 -11.414819999999999 1.08299999999999999999
1  1.26e+03  0.278729045 -11.414819999999999 1.08299999999999999999
1  1.32e+03  0.2820854363 -11.414819999999999 1.08299999999999999999
1  1.38e+03  0.2720918894 -11.414819999999999 1.08299999999999999999
1  1.45e+03  0.2690646949 -11.414819999999999 1.08299999999999999999
1  1.51e+03  0.2660393174 -11.414819999999999 1.08299999999999999999
1  1.58e+03  0.2649377207 -11.414819999999999 1.08299999999999999999
1  1.66e+03  0.2842125121 -11.414819999999999 1.08299999999999999999
1  1.74e+03  0.2871705398 -11.414819999999999 1.08299999999999999999
1  1.82e+03  0.2978151961 -11.414819999999999 1.08299999999999999999
1  1.91e+03  0.273219218 -11.414819999999999 1.08299999999999999999
1  2.00e+03  0.2629347402 -11.414819999999999 1.08299999999999999999
1  2.09e+03  0.2517140908 -11.414819999999999 1.08299999999999999999
1  2.19e+03  0.244200593 -11.414819999999999 1.08299999999999999999
1  2.29e+03  0.2678919562 -11.414819999999999 1.08299999999999999999
1  2.40e+03  0.2600814571 -11.414819999999999 1.08299999999999999999
1  2.51e+03  0.2613971613 -11.414819999999999 1.08299999999999999999
1  2.63e+03  0.2626351152 -11.414819999999999 1.08299999999999999999
1  2.75e+03  0.3185996842 -11.414819999999999 1.08299999999999999999
1  2.88e+03  0.3385641415 -11.414819999999999 1.08299999999999999999
1  3.02e+03  0.3394355775 -11.414819999999999 1.08299999999999999999
1  3.16e+03  0.3524752087 -11.414819999999999 1.08299999999999999999
1  3.31e+03  0.3674194124 -11.414819999999999 1.08299999999999999999
1  3.47e+03  0.3154199976 -11.414819999999999 1.08299999999999999999
1  3.63e+03  0.264970735 -11.414819999999999 1.08299999999999999999
1  3.80e+03  0.3686109184 -11.414819999999999 1.08299999999999999999
1  3.98e+03  0.2322858639 -11.414819999999999 1.08299999999999999999
1  4.17e+03  0.2916107224 -11.414819999999999 1.08299999999999999999
1  4.37e+03  0.285746629 -11.414819999999999 1.08299999999999999999
1  4.57e+03  0.1934240629 -11.414819999999999 1.08299999999999999999
1  4.79e+03  0.1809818151 -11.414819999999999 1.08299999999999999999
1  5.01e+03  0.2000179301 -11.414819999999999 1.08299999999999999999
1  5.25e+03  0.2058035351 -11.414819999999999 1.08299999999999999999
1  5.50e+03  0.1809324131 -11.414819999999999 1.08299999999999999999
1  5.75e+03  0.1834441957 -11.414819999999999 1.08299999999999999999
1  6.03e+03  0.2549677204 -11.414819999999999 1.08299999999999999999
1  6.31e+03  0.2192901436 -11.414819999999999 1.08299999999999999999
1  6.61e+03  0.2454683097 -11.414819999999999 1.08299999999999999999
1  6.92e+03  0.2377928995 -11.414819999999999 1.08299999999999999999
1  7.24e+03  0.3201329035 -11.414819999999999 1.08299999999999999999
1  7.59e+03  0.2464147843 -11.414819999999999 1.08299999999999999999
1  7.94e+03  0.3222446021 -11.414819999999999 1.08299999999999999999
1  8.32e+03  0.151116295 -11.414819999999999 1.08299999999999999999
1  8.71e+03  0.3504773806 -11.414819999999999 1.08299999999999999999
1  9.12e+03  0.3390093587 -11.414819999999999 1.08299999999999999999
1  9.55e+03  0.3178843647 -11.414819999999999 1.08299999999999999999
1  1.00e+04  0.2648120395 -11.414819999999999 1.08299999999999999999
1  1.05e+04  0.1492142461 -11.414819999999999 1.08299999999999999999
1  1.10e+04  0.3791149126 -11.414819999999999 1.08299999999999999999
1  1.15e+04  0.4150715982 -11.414819999999999 1.08299999999999999999
1  1.20e+04  0.3117644992 -11.414819999999999 1.08299999999999999999
1  1.26e+04  0.4218880829 -11.414819999999999 1.08299999999999999999
1  1.32e+04  0.3701944445 -11.414819999999999 1.08299999999999999999
1  1.38e+04  0.2959645274 -11.414819999999999 1.08299999999999999999
1  1.45e+04  0.4060778416 -11.414819999999999 1.08299999999999999999
1  1.51e+04  0.2854523978 -11.414819999999999 1.08299999999999999999
1  1.58e+04  0.2559422434 -11.414819999999999 1.08299999999999999999
1  1.66e+04  0.4423298414 -11.414819999999999 1.08299999999999999999
1  1.74e+04  0.3754370474 -11.414819999999999 1.08299999999999999999
1  1.82e+04  0.4691201872 -11.414819999999999 1.08299999999999999999
1  1.91e+04  0.425988401 -11.414819999999999 1.08299999999999999999
1  2.00e+04  0.267877264 -11.414819999999999 1.08299999999999999999
1  2.09e+04  0.3800213394 -11.414819999999999 1.08299999999999999999
1  2.19e+04  0.40740432 -11.414819999999999 1.08299999999999999999
1  2.29e+04  0.321593367 -11.414819999999999 1.08299999999999999999
1  2.40e+04  0.5268175267 -11.414819999999999 1.08299999999999999999
1  2.51e+04  0.5260007923 -11.414819999999999 1.08299999999999999999
1  2.63e+04  0.3441253087 -11.414819999999999 1.08299999999999999999
1  2.75e+04  0.266521977 -11.414819999999999 1.08299999999999999999
1  2.88e+04  0.4124993453 -11.414819999999999 1.08299999999999999999
1  3.02e+04  0.5587680565 -11.414819999999999 1.08299999999999999999
1  3.16e+04  0.28202034 -11.414819999999999 1.08299999999999999999
1  3.31e+04  0.2211055686 -11.414819999999999 1.08299999999999999999
1  3.47e+04  0.6110072696 -11.414819999999999 1.08299999999999999999
1  3.63e+04  0.3395026011 -11.414819999999999 1.08299999999999999999
1  3.80e+04  0.54685944 -11.414819999999999 1.08299999999999999999
1  3.98e+04  0.2411144167 -11.414819999999999 1.08299999999999999999
1  4.17e+04  0.2641841268 -11.414819999999999 1.08299999999999999999
1  4.37e+04  0.4526062847 -11.414819999999999 1.08299999999999999999
1  4.57e+04  0.3691164266 -11.414819999999999 1.08299999999999999999
1  4.79e+04  0.46340703 -11.414819999999999 1.08299999999999999999
1  5.01e+04  0.5838241319 -11.414819999999999 1.08299999999999999999
1  5.25e+04  0.2396438601 -11.414819999999999 1.08299999999999999999
1  5.50e+04  0.4170742285 -11.414819999999999 1.08299999999999999999
1  5.75e+04  0.3096817557 -11.414819999999999 1.08299999999999999999
1  6.03e+04  0.3060284419 -11.414819999999999 1.08299999999999999999
1  6.31e+04  0.2910764542 -11.414819999999999 1.08299999999999999999
1  6.61e+04  0.2410779303 -11.414819999999999 1.08299999999999999999
1  6.92e+04  0.5005775122 -11.414819999999999 1.08299999999999999999
1  7.24e+04  0.519172802 -11.414819999999999 1.08299999999999999999
1  7.59e+04  0.2959056861 -11.414819999999999 1.08299999999999999999
1  7.94e+04  0.3890589748 -11.414819999999999 1.08299999999999999999
1  8.32e+04  0.5838521693 -11.414819999999999 1.08299999999999999999
1  8.71e+04  0.47062953 -11.414819999999999 1.08299999999999999999
1  9.12e+04  0.2584417911 -11.414819999999999 1.08299999999999999999
1  9.55e+04  0.2474447843 -11.414819999999999 1.08299999999999999999
1  1.00e+05  0.3380490916 -11.414819999999999 1.08299999999999999999
1  1.05e+05  0.3361081012 -11.414819999999999 1.08299999999999999999
1  1.10e+05  0.2661996128 -11.414819999999999 1.08299999999999999999
1  1.15e+05  0.244874177 -11.414819999999999 1.08299999999999999999
1  1.20e+05  0.2790593935 -11.414819999999999 1.08299999999999999999
1  1.26e+05  0.2924539271 -11.414819999999999 1.08299999999999999999
1  1.32e+05  0.2557721541 -11.414819999999999 1.08299999999999999999
1  1.38e+05  0.2191429263 -11.414819999999999 1.08299999999999999999
1  1.45e+05  0.239643628 -11.414819999999999 1.08299999999999999999
1  1.51e+05  0.3162722808 -11.414819999999999 1.08299999999999999999
1  1.58e+05  0.3964867796 -11.414819999999999 1.08299999999999999999
1  1.66e+05  0.4275596441 -11.414819999999999 1.08299999999999999999
1  1.74e+05  0.3964091542 -11.414819999999999 1.08299999999999999999
1  1.82e+05  0.3310532606 -11.414819999999999 1.08299999999999999999
1  1.91e+05  0.2747798218 -11.414819999999999 1.08299999999999999999
1  2.00e+05  0.2583311328 -11.414819999999999 1.08299999999999999999
1  2.09e+05  0.2869767229 -11.414819999999999 1.08299999999999999999
1  2.19e+05  0.3442700315 -11.414819999999999 1.08299999999999999999
1  2.29e+05  0.4047378632 -11.414819999999999 1.08299999999999999999
1  2.40e+05  0.4464691912 -11.414819999999999 1.08299999999999999999
1  2.51e+05  0.4582824547 -11.414819999999999 1.08299999999999999999
1  2.63e+05  0.4406402548 -11.414819999999999 1.08299999999999999999
1  2.75e+05  0.4023078191 -11.414819999999999 1.08299999999999999999
1  2.88e+05  0.3555009152 -11.414819999999999 1.08299999999999999999
1  3.02e+05  0.3116452879 -11.414819999999999 1.08299999999999999999
1  3.16e+05  0.2787798063 -11.414819999999999 1.08299999999999999999
1  3.31e+05  0.2606992709 -11.414819999999999 1.08299999999999999999
1  3.47e+05  0.2573936713 -11.414819999999999 1.08299999999999999999
1  3.63e+05  0.2661782918 -11.414819999999999 1.08299999999999999999
1  3.80e+05  0.2829893438 -11.414819999999999 1.08299999999999999999
1  3.98e+05  0.3035017332 -11.414819999999999 1.08299999999999999999
1  4.17e+05  0.3239102594 -11.414819999999999 1.08299999999999999999
1  4.37e+05  0.3413539084 -11.414819999999999 1.08299999999999999999
1  4.57e+05  0.3540432942 -11.414819999999999 1.08299999999999999999
1  4.79e+05  0.3611828044 -11.414819999999999 1.08299999999999999999
1  5.01e+05  0.3627779915 -11.414819999999999 1.08299999999999999999
1  5.25e+05  0.3594009098 -11.414819999999999 1.08299999999999999999
1  5.50e+05  0.3519629858 -11.414819999999999 1.08299999999999999999
1  5.75e+05  0.3415235354 -11.414819999999999 1.08299999999999999999
1  6.03e+05  0.3291453731 -11.414819999999999 1.08299999999999999999
1  6.31e+05  0.3157977681 -11.414819999999999 1.08299999999999999999
1  6.61e+05  0.3014482063 -11.414819999999999 1.08299999999999999999
1  6.92e+05  0.2873856046 -11.414819999999999 1.08299999999999999999
1  7.24e+05  0.2744911967 -11.414819999999999 1.08299999999999999999
1  7.59e+05  0.2633773906 -11.414819999999999 1.08299999999999999999
1  7.94e+05  0.2537629313 -11.414819999999999 1.08299999999999999999
1  8.32e+05  0.2459649846 -11.414819999999999 1.08299999999999999999
1  8.71e+05  0.2400629801 -11.414819999999999 1.08299999999999999999
1  9.12e+05  0.2356536678 -11.414819999999999 1.08299999999999999999
1  9.55e+05  0.2327298386 -11.414819999999999 1.08299999999999999999
1  1.00e+06  0.2311398239 -11.414819999999999 1.08299999999999999999
1  1.05e+06  0.2305843607 -11.414819999999999 1.08299999999999999999
1  1.10e+06  0.2309341459 -11.414819999999999 1.08299999999999999999
1  1.15e+06  0.2319914178 -11.414819999999999 1.08299999999999999999
1  1.20e+06  0.2336114522 -11.414819999999999 1.08299999999999999999
1  1.26e+06  0.2356112509 -11.414819999999999 1.08299999999999999999
1  1.32e+06  0.2379330498 -11.414819999999999 1.08299999999999999999
1  1.38e+06  0.2404437907 -11.414819999999999 1.08299999999999999999
1  1.45e+06  0.2430052371 -11.414819999999999 1.08299999999999999999
1  1.51e+06  0.2456487284 -11.414819999999999 1.08299999999999999999
1  1.58e+06  0.2482704374 -11.414819999999999 1.08299999999999999999
1  1.66e+06  0.2507748094 -11.414819999999999 1.08299999999999999999
1  1.74e+06  0.2532374264 -11.414819999999999 1.08299999999999999999
1  1.82e+06  0.2555821189 -11.414819999999999 1.08299999999999999999
1  1.91e+06  0.2577456246 -11.414819999999999 1.08299999999999999999
1  2.00e+06  0.2598173235 -11.414819999999999 1.08299999999999999999
1  2.09e+06  0.2616993929 -11.414819999999999 1.08299999999999999999
1  2.19e+06  0.2634802992 -11.414819999999999 1.08299999999999999999
1  2.29e+06  0.2651164522 -11.414819999999999 1.08299999999999999999
1  2.40e+06  0.266576708 -11.414819999999999 1.08299999999999999999
1  2.51e+06  0.2679404112 -11.414819999999999 1.08299999999999999999
1  2.63e+06  0.2691763799 -11.414819999999999 1.08299999999999999999
1  2.75e+06  0.2702640038 -11.414819999999999 1.08299999999999999999
1  2.88e+06  0.271269759 -11.414819999999999 1.08299999999999999999
1  3.02e+06  0.2721472867 -11.414819999999999 1.08299999999999999999
1  3.16e+06  0.272954266 -11.414819999999999 1.08299999999999999999
1  3.31e+06  0.2736724952 -11.414819999999999 1.08299999999999999999
1  3.47e+06  0.274291101 -11.414819999999999 1.08299999999999999999
1  3.63e+06  0.2748555244 -11.414819999999999 1.08299999999999999999
1  3.80e+06  0.2753524233 -11.414819999999999 1.08299999999999999999
1  3.98e+06  0.2757741541 -11.414819999999999 1.08299999999999999999
1  4.17e+06  0.2761557649 -11.414819999999999 1.08299999999999999999
1  4.37e+06  0.2764873931 -11.414819999999999 1.08299999999999999999
1  4.57e+06  0.2767635451 -11.414819999999999 1.08299999999999999999
1  4.79e+06  0.2770108599 -11.414819999999999 1.08299999999999999999
1  5.01e+06  0.2772132989 -11.414819999999999 1.08299999999999999999
1  5.25e+06  0.2773929305 -11.414819999999999 1.08299999999999999999
1  5.50e+06  0.2775437017 -11.414819999999999 1.08299999999999999999
1  5.75e+06  0.2776623131 -11.414819999999999 1.08299999999999999999
1  6.03e+06  0.2777652781 -11.414819999999999 1.08299999999999999999
1  6.31e+06  0.2778480523 -11.414819999999999 1.08299999999999999999
1  6.61e+06  0.2779081624 -11.414819999999999 1.08299999999999999999
1  6.92e+06  0.2779578892 -11.414819999999999 1.08299999999999999999
1  7.24e+06  0.2779898297 -11.414819999999999 1.08299999999999999999
1  7.59e+06  0.2780140447 -11.414819999999999 1.08299999999999999999
1  7.94e+06  0.2780276905 -11.414819999999999 1.08299999999999999999
1  8.32e+06  0.2780292027 -11.414819999999999 1.08299999999999999999
1  8.71e+06  0.2780260088 -11.414819999999999 1.08299999999999999999
1  9.12e+06  0.2780159543 -11.414819999999999 1.08299999999999999999
1  9.55e+06  0.2779978397 -11.414819999999999 1.08299999999999999999
1  1.00e+07  0.27797713 -11.414819999999999 1.08299999999999999999
