1  1.00e-03  0.3844343044  5.155741e-01 0.92899999999999999999
1  1.05e-03  0.3844343032  5.155741e-01 0.92899999999999999999
1  1.10e-03  0.3844343098  5.155741e-01 0.92899999999999999999
1  1.15e-03  0.3844343031  5.155741e-01 0.92899999999999999999
1  1.20e-03  0.3844343087  5.155741e-01 0.92899999999999999999
1  1.26e-03  0.3844343094  5.155741e-01 0.92899999999999999999
1  1.32e-03  0.3844343093  5.155741e-01 0.92899999999999999999
1  1.38e-03  0.3844343024  5.155741e-01 0.92899999999999999999
1  1.45e-03  0.3844343099  5.155741e-01 0.92899999999999999999
1  1.51e-03  0.3844343088  5.155741e-01 0.92899999999999999999
1  1.58e-03  0.3844343014  5.155741e-01 0.92899999999999999999
1  1.66e-03  0.3844343102  5.155741e-01 0.92899999999999999999
1  1.74e-03  0.3844343109  5.155741e-01 0.92899999999999999999
1  1.82e-03  0.3844343089  5.155741e-01 0.92899999999999999999
1  1.91e-03  0.3844343083  5.155741e-01 0.92899999999999999999
1  2.00e-03  0.3844342994  5.155741e-01 0.92899999999999999999
1  2.09e-03  0.384434305  5.155741e-01 0.92899999999999999999
1  2.19e-03  0.384434307  5.155741e-01 0.92899999999999999999
1  2.29e-03  0.3844343016  5.155741e-01 0.92899999999999999999
1  2.40e-03  0.3844343049  5.155741e-01 0.92899999999999999999
1  2.51e-03  0.3844343068  5.155741e-01 0.92899999999999999999
1  2.63e-03  0.3844343102  5.155741e-01 0.92899999999999999999
1  2.75e-03  0.3844343005  5.155741e-01 0.92899999999999999999
1  2.88e-03  0.3844343028  5.155741e-01 0.92899999999999999999
1  3.02e-03  0.3844343031  5.155741e-01 0.92899999999999999999
1  3.16e-03  0.384434303  5.155741e-01 0.92899999999999999999
1  3.31e-03  0.3844343049  5.155741e-01 0.92899999999999999999
1  3.47e-03  0.3844343046  5.155741e-01 0.92899999999999999999
1  3.63e-03  0.3844343026  5.155741e-01 0.92899999999999999999
1  3.80e-03  0.3844343042  5.155741e-01 0.92899999999999999999
1  3.98e-03  0.3844343119  5.155741e-01 0.92899999999999999999
1  4.17e-03  0.3844343006  5.155741e-01 0.92899999999999999999
1  4.37e-03  0.38443431  5.155741e-01 0.92899999999999999999
1  4.57e-03  0.38443431  5.155741e-01 0.92899999999999999999
1  4.79e-03  0.3844342954  5.155741e-01 0.92899999999999999999
1  5.01e-03  0.384434298  5.155741e-01 0.92899999999999999999
1  5.25e-03  0.3844343042  5.155741e-01 0.92899999999999999999
1  5.50e-03  0.3844343024  5.155741e-01 0.92899999999999999999
1  5.75e-03  0.3844342933  5.155741e-01 0.92899999999999999999
1  6.03e-03  0.3844343043  5.155741e-01 0.92899999999999999999
1  6.31e-03  0.3844342829  5.155741e-01 0.92899999999999999999
1  6.61e-03  0.3844343082  5.155741e-01 0.92899999999999999999
1  6.92e-03  0.3844342926  5.155741e-01 0.92899999999999999999
1  7.24e-03  0.3844342949  5.155741e-01 0.92899999999999999999
1  7.59e-03  0.3844343061  5.155741e-01 0.92899999999999999999
1  7.94e-03  0.384434291  5.155741e-01 0.92899999999999999999
1  8.32e-03  0.3844342986  5.155741e-01 0.92899999999999999999
1  8.71e-03  0.3844343023  5.155741e-01 0.92899999999999999999
1  9.12e-03  0.3844342862  5.155741e-01 0.92899999999999999999
1  9.55e-03  0.3844342828  5.155741e-01 0.92899999999999999999
1  1.00e-02  0.3844342971  5.155741e-01 0.92899999999999999999
1  1.05e-02  0.3844342905  5.155741e-01 0.92899999999999999999
1  1.10e-02  0.3844342811  5.155741e-01 0.92899999999999999999
1  1.15e-02  0.3844342804  5.155741e-01 0.92899999999999999999
1  1.20e-02  0.3844342798  5.155741e-01 0.92899999999999999999
1  1.26e-02  0.3844342967  5.155741e-01 0.92899999999999999999
1  1.32e-02  0.3844342718  5.155741e-01 0.92899999999999999999
1  1.38e-02  0.384434279  5.155741e-01 0.92899999999999999999
1  1.45e-02  0.38443427  5.155741e-01 0.92899999999999999999
1  1.51e-02  0.3844342694  5.155741e-01 0.92899999999999999999
1  1.58e-02  0.3844342786  5.155741e-01 0.92899999999999999999
1  1.66e-02  0.3844342905  5.155741e-01 0.92899999999999999999
1  1.74e-02  0.3844342635  5.155741e-01 0.92899999999999999999
1  1.82e-02  0.3844342891  5.155741e-01 0.92899999999999999999
1  1.91e-02  0.3844342757  5.155741e-01 0.92899999999999999999
1  2.00e-02  0.3844342906  5.155741e-01 0.92899999999999999999
1  2.09e-02  0.384434272  5.155741e-01 0.92899999999999999999
1  2.19e-02  0.3844343054  5.155741e-01 0.92899999999999999999
1  2.29e-02  0.3844342967  5.155741e-01 0.92899999999999999999
1  2.40e-02  0.3844343593  5.155741e-01 0.92899999999999999999
1  2.51e-02  0.3844342968  5.155741e-01 0.92899999999999999999
1  2.63e-02  0.3844342975  5.155741e-01 0.92899999999999999999
1  2.75e-02  0.3844341847  5.155741e-01 0.92899999999999999999
1  2.88e-02  0.3844341344  5.155741e-01 0.92899999999999999999
1  3.02e-02  0.3844342788  5.155741e-01 0.92899999999999999999
1  3.16e-02  0.3844342713  5.155741e-01 0.92899999999999999999
1  3.31e-02  0.3844342946  5.155741e-01 0.92899999999999999999
1  3.47e-02  0.3844342029  5.155741e-01 0.92899999999999999999
1  3.63e-02  0.3844344036  5.155741e-01 0.92899999999999999999
1  3.80e-02  0.3844338056  5.155741e-01 0.92899999999999999999
1  3.98e-02  0.3844341883  5.155741e-01 0.92899999999999999999
1  4.17e-02  0.3844341699  5.155741e-01 0.92899999999999999999
1  4.37e-02  0.3844340716  5.155741e-01 0.92899999999999999999
1  4.57e-02  0.3844340967  5.155741e-01 0.92899999999999999999
1  4.79e-02  0.3844342211  5.155741e-01 0.92899999999999999999
1  5.01e-02  0.3844326418  5.155741e-01 0.92899999999999999999
1  5.25e-02  0.384434081  5.155741e-01 0.92899999999999999999
1  5.50e-02  0.3844341039  5.155741e-01 0.92899999999999999999
1  5.75e-02  0.3844340376  5.155741e-01 0.92899999999999999999
1  6.03e-02  0.3844341759  5.155741e-01 0.92899999999999999999
1  6.31e-02  0.38443408  5.155741e-01 0.92899999999999999999
1  6.61e-02  0.3844340601  5.155741e-01 0.92899999999999999999
1  6.92e-02  0.3844341954  5.155741e-01 0.92899999999999999999
1  7.24e-02  0.3844340559  5.155741e-01 0.92899999999999999999
1  7.59e-02  0.3844337565  5.155741e-01 0.92899999999999999999
1  7.94e-02  0.3844341008  5.155741e-01 0.92899999999999999999
1  8.32e-02  0.3844338709  5.155741e-01 0.92899999999999999999
1  8.71e-02  0.3844340905  5.155741e-01 0.92899999999999999999
1  9.12e-02  0.3844341457  5.155741e-01 0.92899999999999999999
1  9.55e-02  0.3844337844  5.155741e-01 0.92899999999999999999
1  1.00e-01  0.3844339592  5.155741e-01 0.92899999999999999999
1  1.05e-01  0.3844329833  5.155741e-01 0.92899999999999999999
1  1.10e-01  0.384434054  5.155741e-01 0.92899999999999999999
1  1.15e-01  0.3844341208  5.155741e-01 0.92899999999999999999
1  1.20e-01  0.3844338818  5.155741e-01 0.92899999999999999999
1  1.26e-01  0.3844339381  5.155741e-01 0.92899999999999999999
1  1.32e-01  0.3844341813  5.155741e-01 0.92899999999999999999
1  1.38e-01  0.3844340155  5.155741e-01 0.92899999999999999999
1  1.45e-01  0.3844341698  5.155741e-01 0.92899999999999999999
1  1.51e-01  0.3844341882  5.155741e-01 0.92899999999999999999
1  1.58e-01  0.3844329532  5.155741e-01 0.92899999999999999999
1  1.66e-01  0.3844346876  5.155741e-01 0.92899999999999999999
1  1.74e-01  0.3844341398  5.155741e-01 0.92899999999999999999
1  1.82e-01  0.3844339624  5.155741e-01 0.92899999999999999999
1  1.91e-01  0.3844341077  5.155741e-01 0.92899999999999999999
1  2.00e-01  0.3844339266  5.155741e-01 0.92899999999999999999
1  2.09e-01  0.384442017  5.155741e-01 0.92899999999999999999
1  2.19e-01  0.3844340347  5.155741e-01 0.92899999999999999999
1  2.29e-01  0.3844339478  5.155741e-01 0.92899999999999999999
1  2.40e-01  0.3844338791  5.155741e-01 0.92899999999999999999
1  2.51e-01  0.3844339933  5.155741e-01 0.92899999999999999999
1  2.63e-01  0.3844336092  5.155741e-01 0.92899999999999999999
1  2.75e-01  0.3844338719  5.155741e-01 0.92899999999999999999
1  2.88e-01  0.3844339885  5.155741e-01 0.92899999999999999999
1  3.02e-01  0.3844341283  5.155741e-01 0.92899999999999999999
1  3.16e-01  0.3844339161  5.155741e-01 0.92899999999999999999
1  3.31e-01  0.384433726  5.155741e-01 0.92899999999999999999
1  3.47e-01  0.3844340743  5.155741e-01 0.92899999999999999999
1  3.63e-01  0.3844322352  5.155741e-01 0.92899999999999999999
1  3.80e-01  0.3844333721  5.155741e-01 0.92899999999999999999
1  3.98e-01  0.3844333987  5.155741e-01 0.92899999999999999999
1  4.17e-01  0.3844342011  5.155741e-01 0.92899999999999999999
1  4.37e-01  0.3844333027  5.155741e-01 0.92899999999999999999
1  4.57e-01  0.3844331757  5.155741e-01 0.92899999999999999999
1  4.79e-01  0.384433712  5.155741e-01 0.92899999999999999999
1  5.01e-01  0.3844336891  5.155741e-01 0.92899999999999999999
1  5.25e-01  0.3844340883  5.155741e-01 0.92899999999999999999
1  5.50e-01  0.3844342188  5.155741e-01 0.92899999999999999999
1  5.75e-01  0.3844319698  5.155741e-01 0.92899999999999999999
1  6.03e-01  0.384432681  5.155741e-01 0.92899999999999999999
1  6.31e-01  0.384432338  5.155741e-01 0.92899999999999999999
1  6.61e-01  0.3844330336  5.155741e-01 0.92899999999999999999
1  6.92e-01  0.3844330204  5.155741e-01 0.92899999999999999999
1  7.24e-01  0.3844326662  5.155741e-01 0.92899999999999999999
1  7.59e-01  0.3844322824  5.155741e-01 0.92899999999999999999
1  7.94e-01  0.3844341129  5.155741e-01 0.92899999999999999999
1  8.32e-01  0.3844325087  5.155741e-01 0.92899999999999999999
1  8.71e-01  0.3844342905  5.155741e-01 0.92899999999999999999
1  9.12e-01  0.3844342539  5.155741e-01 0.92899999999999999999
1  9.55e-01  0.3844322646  5.155741e-01 0.92899999999999999999
1  1.00e+00  0.384432136  5.155741e-01 0.92899999999999999999
1  1.05e+00  0.3844337377  5.155741e-01 0.92899999999999999999
1  1.10e+00  0.3844325066  5.155741e-01 0.92899999999999999999
1  1.15e+00  0.3844322946  5.155741e-01 0.92899999999999999999
1  1.20e+00  0.3844416547  5.155741e-01 0.92899999999999999999
1  1.26e+00  0.3844387064  5.155741e-01 0.92899999999999999999
1  1.32e+00  0.3844340493  5.155741e-01 0.92899999999999999999
1  1.38e+00  0.3844313678  5.155741e-01 0.92899999999999999999
1  1.45e+00  0.3844219638  5.155741e-01 0.92899999999999999999
1  1.51e+00  0.3844327769  5.155741e-01 0.92899999999999999999
1  1.58e+00  0.3844305639  5.155741e-01 0.92899999999999999999
1  1.66e+00  0.3844305763  5.155741e-01 0.92899999999999999999
1  1.74e+00  0.3844261275  5.155741e-01 0.92899999999999999999
1  1.82e+00  0.3844318494  5.155741e-01 0.92899999999999999999
1  1.91e+00  0.3844294608  5.155741e-01 0.92899999999999999999
1  2.00e+00  0.3844300256  5.155741e-01 0.92899999999999999999
1  2.09e+00  0.3844340994  5.155741e-01 0.92899999999999999999
1  2.19e+00  0.3844300681  5.155741e-01 0.92899999999999999999
1  2.29e+00  0.3844297215  5.155741e-01 0.92899999999999999999
1  2.40e+00  0.3844331467  5.155741e-01 0.92899999999999999999
1  2.51e+00  0.3844273918  5.155741e-01 0.92899999999999999999
1  2.63e+00  0.3844292828  5.155741e-01 0.92899999999999999999
1  2.75e+00  0.3844326564  5.155741e-01 0.92899999999999999999
1  2.88e+00  0.3843954019  5.155741e-01 0.92899999999999999999
1  3.02e+00  0.3844268823  5.155741e-01 0.92899999999999999999
1  3.16e+00  0.3844295116  5.155741e-01 0.92899999999999999999
1  3.31e+00  0.384473914  5.155741e-01 0.92899999999999999999
1  3.47e+00  0.3844147314  5.155741e-01 0.92899999999999999999
1  3.63e+00  0.3844150321  5.155741e-01 0.92899999999999999999
1  3.80e+00  0.3844270237  5.155741e-01 0.92899999999999999999
1  3.98e+00  0.3844280691  5.155741e-01 0.92899999999999999999
1  4.17e+00  0.384430595  5.155741e-01 0.92899999999999999999
1  4.37e+00  0.3844338574  5.155741e-01 0.92899999999999999999
1  4.57e+00  0.3844259988  5.155741e-01 0.92899999999999999999
1  4.79e+00  0.3844255639  5.155741e-01 0.92899999999999999999
1  5.01e+00  0.3844252064  5.155741e-01 0.92899999999999999999
1  5.25e+00  0.3844208548  5.155741e-01 0.92899999999999999999
1  5.50e+00  0.3844336446  5.155741e-01 0.92899999999999999999
1  5.75e+00  0.384434379  5.155741e-01 0.92899999999999999999
1  6.03e+00  0.3844298365  5.155741e-01 0.92899999999999999999
1  6.31e+00  0.384512381  5.155741e-01 0.92899999999999999999
1  6.61e+00  0.3844352494  5.155741e-01 0.92899999999999999999
1  6.92e+00  0.3844302781  5.155741e-01 0.92899999999999999999
1  7.24e+00  0.3844303341  5.155741e-01 0.92899999999999999999
1  7.59e+00  0.3843980616  5.155741e-01 0.92899999999999999999
1  7.94e+00  0.3843852725  5.155741e-01 0.92899999999999999999
1  8.32e+00  0.3844206737  5.155741e-01 0.92899999999999999999
1  8.71e+00  0.384414316  5.155741e-01 0.92899999999999999999
1  9.12e+00  0.3844254121  5.155741e-01 0.92899999999999999999
1  9.55e+00  0.384429848  5.155741e-01 0.92899999999999999999
1  1.00e+01  0.384428283  5.155741e-01 0.92899999999999999999
1  1.05e+01  0.38442579  5.155741e-01 0.92899999999999999999
1  1.10e+01  0.3845034154  5.155741e-01 0.92899999999999999999
1  1.15e+01  0.3845184282  5.155741e-01 0.92899999999999999999
1  1.20e+01  0.3845216758  5.155741e-01 0.92899999999999999999
1  1.26e+01  0.3844096744  5.155741e-01 0.92899999999999999999
1  1.32e+01  0.3844231655  5.155741e-01 0.92899999999999999999
1  1.38e+01  0.384431914  5.155741e-01 0.92899999999999999999
1  1.45e+01  0.3844328895  5.155741e-01 0.92899999999999999999
1  1.51e+01  0.3844002769  5.155741e-01 0.92899999999999999999
1  1.58e+01  0.3844115096  5.155741e-01 0.92899999999999999999
1  1.66e+01  0.384393604  5.155741e-01 0.92899999999999999999
1  1.74e+01  0.3844174228  5.155741e-01 0.92899999999999999999
1  1.82e+01  0.384416539  5.155741e-01 0.92899999999999999999
1  1.91e+01  0.3844137291  5.155741e-01 0.92899999999999999999
1  2.00e+01  0.3844322036  5.155741e-01 0.92899999999999999999
1  2.09e+01  0.3845527482  5.155741e-01 0.92899999999999999999
1  2.19e+01  0.3836387888  5.155741e-01 0.92899999999999999999
1  2.29e+01  0.3841507546  5.155741e-01 0.92899999999999999999
1  2.40e+01  0.3844480463  5.155741e-01 0.92899999999999999999
1  2.51e+01  0.3845147731  5.155741e-01 0.92899999999999999999
1  2.63e+01  0.3839345207  5.155741e-01 0.92899999999999999999
1  2.75e+01  0.3836281015  5.155741e-01 0.92899999999999999999
1  2.88e+01  0.3849715521  5.155741e-01 0.92899999999999999999
1  3.02e+01  0.3842480623  5.155741e-01 0.92899999999999999999
1  3.16e+01  0.3842324538  5.155741e-01 0.92899999999999999999
1  3.31e+01  0.3842960913  5.155741e-01 0.92899999999999999999
1  3.47e+01  0.3838300475  5.155741e-01 0.92899999999999999999
1  3.63e+01  0.3846615821  5.155741e-01 0.92899999999999999999
1  3.80e+01  0.3842066936  5.155741e-01 0.92899999999999999999
1  3.98e+01  0.3847123717  5.155741e-01 0.92899999999999999999
1  4.17e+01  0.3844893138  5.155741e-01 0.92899999999999999999
1  4.37e+01  0.3834091805  5.155741e-01 0.92899999999999999999
1  4.57e+01  0.384728587  5.155741e-01 0.92899999999999999999
1  4.79e+01  0.3839144805  5.155741e-01 0.92899999999999999999
1  5.01e+01  0.3844540117  5.155741e-01 0.92899999999999999999
1  5.25e+01  0.3844236883  5.155741e-01 0.92899999999999999999
1  5.50e+01  0.3840373941  5.155741e-01 0.92899999999999999999
1  5.75e+01  0.3842989559  5.155741e-01 0.92899999999999999999
1  6.03e+01  0.3845549349  5.155741e-01 0.92899999999999999999
1  6.31e+01  0.3843003778  5.155741e-01 0.92899999999999999999
1  6.61e+01  0.3843496432  5.155741e-01 0.92899999999999999999
1  6.92e+01  0.3846029871  5.155741e-01 0.92899999999999999999
1  7.24e+01  0.3844374588  5.155741e-01 0.92899999999999999999
1  7.59e+01  0.3843292832  5.155741e-01 0.92899999999999999999
1  7.94e+01  0.384622451  5.155741e-01 0.92899999999999999999
1  8.32e+01  0.3842915685  5.155741e-01 0.92899999999999999999
1  8.71e+01  0.3844508849  5.155741e-01 0.92899999999999999999
1  9.12e+01  0.3844280261  5.155741e-01 0.92899999999999999999
1  9.55e+01  0.3837980936  5.155741e-01 0.92899999999999999999
1  1.00e+02  0.3841761638  5.155741e-01 0.92899999999999999999
1  1.05e+02  0.3842385667  5.155741e-01 0.92899999999999999999
1  1.10e+02  0.3843300962  5.155741e-01 0.92899999999999999999
1  1.15e+02  0.3842340942  5.155741e-01 0.92899999999999999999
1  1.20e+02  0.3842255825  5.155741e-01 0.92899999999999999999
1  1.26e+02  0.3837023819  5.155741e-01 0.92899999999999999999
1  1.32e+02  0.3837881175  5.155741e-01 0.92899999999999999999
1  1.38e+02  0.384270134  5.155741e-01 0.92899999999999999999
1  1.45e+02  0.3843717444  5.155741e-01 0.92899999999999999999
1  1.51e+02  0.3843635726  5.155741e-01 0.92899999999999999999
1  1.58e+02  0.3846102942  5.155741e-01 0.92899999999999999999
1  1.66e+02  0.3842168455  5.155741e-01 0.92899999999999999999
1  1.74e+02  0.3842113883  5.155741e-01 0.92899999999999999999
1  1.82e+02  0.3843234274  5.155741e-01 0.92899999999999999999
1  1.91e+02  0.384016478  5.155741e-01 0.92899999999999999999
1  2.00e+02  0.3843097372  5.155741e-01 0.92899999999999999999
1  2.09e+02  0.3846144659  5.155741e-01 0.92899999999999999999
1  2.19e+02  0.3839328428  5.155741e-01 0.92899999999999999999
1  2.29e+02  0.3842591898  5.155741e-01 0.92899999999999999999
1  2.40e+02  0.3841650558  5.155741e-01 0.92899999999999999999
1  2.51e+02  0.3839659143  5.155741e-01 0.92899999999999999999
1  2.63e+02  0.3841887824  5.155741e-01 0.92899999999999999999
1  2.75e+02  0.3839063029  5.155741e-01 0.92899999999999999999
1  2.88e+02  0.3840721575  5.155741e-01 0.92899999999999999999
1  3.02e+02  0.3839123787  5.155741e-01 0.92899999999999999999
1  3.16e+02  0.3842425511  5.155741e-01 0.92899999999999999999
1  3.31e+02  0.3835083411  5.155741e-01 0.92899999999999999999
1  3.47e+02  0.3837885475  5.155741e-01 0.92899999999999999999
1  3.63e+02  0.3837549509  5.155741e-01 0.92899999999999999999
1  3.80e+02  0.384362815  5.155741e-01 0.92899999999999999999
1  3.98e+02  0.38367404  5.155741e-01 0.92899999999999999999
1  4.17e+02  0.3834989368  5.155741e-01 0.92899999999999999999
1  4.37e+02  0.3841485337  5.155741e-01 0.92899999999999999999
1  4.57e+02  0.3837662378  5.155741e-01 0.92899999999999999999
1  4.79e+02  0.3839500143  5.155741e-01 0.92899999999999999999
1  5.01e+02  0.3839571247  5.155741e-01 0.92899999999999999999
1  5.25e+02  0.3831918131  5.155741e-01 0.92899999999999999999
1  5.50e+02  0.3843655171  5.155741e-01 0.92899999999999999999
1  5.75e+02  0.3844388278  5.155741e-01 0.92899999999999999999
1  6.03e+02  0.3840882038  5.155741e-01 0.92899999999999999999
1  6.31e+02  0.3830585237  5.155741e-01 0.92899999999999999999
1  6.61e+02  0.384233084  5.155741e-01 0.92899999999999999999
1  6.92e+02  0.3845266794  5.155741e-01 0.92899999999999999999
1  7.24e+02  0.3840109451  5.155741e-01 0.92899999999999999999
1  7.59e+02  0.382225518  5.155741e-01 0.92899999999999999999
1  7.94e+02  0.383716315  5.155741e-01 0.92899999999999999999
1  8.32e+02  0.3847915564  5.155741e-01 0.92899999999999999999
1  8.71e+02  0.3847778927  5.155741e-01 0.92899999999999999999
1  9.12e+02  0.3807693125  5.155741e-01 0.92899999999999999999
1  9.55e+02  0.3846721489  5.155741e-01 0.92899999999999999999
1  1.00e+03  0.3853352359  5.155741e-01 0.92899999999999999999
1  1.05e+03  0.3835839073  5.155741e-01 0.92899999999999999999
1  1.10e+03  0.3812801306  5.155741e-01 0.92899999999999999999
1  1.15e+03  0.3814327398  5.155741e-01 0.92899999999999999999
1  1.20e+03  0.3846374251  5.155741e-01 0.92899999999999999999
1  1.26e+03  0.3872898475  5.155741e-01 0.92899999999999999999
1  1.32e+03  0.3918483611  5.155741e-01 0.92899999999999999999
1  1.38e+03  0.3850434632  5.155741e-01 0.92899999999999999999
1  1.45e+03  0.3846258994  5.155741e-01 0.92899999999999999999
1  1.51e+03  0.3688591135  5.155741e-01 0.92899999999999999999
1  1.58e+03  0.3776936039  5.155741e-01 0.92899999999999999999
1  1.66e+03  0.3821338469  5.155741e-01 0.92899999999999999999
1  1.74e+03  0.3795967079  5.155741e-01 0.92899999999999999999
1  1.82e+03  0.3765782402  5.155741e-01 0.92899999999999999999
1  1.91e+03  0.408302084  5.155741e-01 0.92899999999999999999
1  2.00e+03  0.3851342801  5.155741e-01 0.92899999999999999999
1  2.09e+03  0.3957463552  5.155741e-01 0.92899999999999999999
1  2.19e+03  0.4065248236  5.155741e-01 0.92899999999999999999
1  2.29e+03  0.4012400454  5.155741e-01 0.92899999999999999999
1  2.40e+03  0.3775603664  5.155741e-01 0.92899999999999999999
1  2.51e+03  0.3301763142  5.155741e-01 0.92899999999999999999
1  2.63e+03  0.3633581058  5.155741e-01 0.92899999999999999999
1  2.75e+03  0.3404424954  5.155741e-01 0.92899999999999999999
1  2.88e+03  0.378209687  5.155741e-01 0.92899999999999999999
1  3.02e+03  0.324837293  5.155741e-01 0.92899999999999999999
1  3.16e+03  0.3292689896  5.155741e-01 0.92899999999999999999
1  3.31e+03  0.3429777782  5.155741e-01 0.92899999999999999999
1  3.47e+03  0.3384667234  5.155741e-01 0.92899999999999999999
1  3.63e+03  0.3581563828  5.155741e-01 0.92899999999999999999
1  3.80e+03  0.4091575594  5.155741e-01 0.92899999999999999999
1  3.98e+03  0.4355537294  5.155741e-01 0.92899999999999999999
1  4.17e+03  0.3767917664  5.155741e-01 0.92899999999999999999
1  4.37e+03  0.4524028913  5.155741e-01 0.92899999999999999999
1  4.57e+03  0.3966956324  5.155741e-01 0.92899999999999999999
1  4.79e+03  0.3909560023  5.155741e-01 0.92899999999999999999
1  5.01e+03  0.4679668293  5.155741e-01 0.92899999999999999999
1  5.25e+03  0.4364865264  5.155741e-01 0.92899999999999999999
1  5.50e+03  0.4027517874  5.155741e-01 0.92899999999999999999
1  5.75e+03  0.4006194054  5.155741e-01 0.92899999999999999999
1  6.03e+03  0.40337192  5.155741e-01 0.92899999999999999999
1  6.31e+03  0.4304855618  5.155741e-01 0.92899999999999999999
1  6.61e+03  0.4664312447  5.155741e-01 0.92899999999999999999
1  6.92e+03  0.3754984674  5.155741e-01 0.92899999999999999999
1  7.24e+03  0.3109578591  5.155741e-01 0.92899999999999999999
1  7.59e+03  0.4605042392  5.155741e-01 0.92899999999999999999
1  7.94e+03  0.2090525682  5.155741e-01 0.92899999999999999999
1  8.32e+03  0.4669840134  5.155741e-01 0.92899999999999999999
1  8.71e+03  0.2379608412  5.155741e-01 0.92899999999999999999
1  9.12e+03  0.4582195929  5.155741e-01 0.92899999999999999999
1  9.55e+03  0.3717999224  5.155741e-01 0.92899999999999999999
1  1.00e+04  0.2825167327  5.155741e-01 0.92899999999999999999
1  1.05e+04  0.2836243296  5.155741e-01 0.92899999999999999999
1  1.10e+04  0.4394101691  5.155741e-01 0.92899999999999999999
1  1.15e+04  0.3907838814  5.155741e-01 0.92899999999999999999
1  1.20e+04  0.3029963962  5.155741e-01 0.92899999999999999999
1  1.26e+04  0.3787294823  5.155741e-01 0.92899999999999999999
1  1.32e+04  0.2153810438  5.155741e-01 0.92899999999999999999
1  1.38e+04  0.3489201072  5.155741e-01 0.92899999999999999999
1  1.45e+04  0.2498325199  5.155741e-01 0.92899999999999999999
1  1.51e+04  0.3810598681  5.155741e-01 0.92899999999999999999
1  1.58e+04  0.3725754543  5.155741e-01 0.92899999999999999999
1  1.66e+04  0.3928371279  5.155741e-01 0.92899999999999999999
1  1.74e+04  0.3333544297  5.155741e-01 0.92899999999999999999
1  1.82e+04  0.3562517224  5.155741e-01 0.92899999999999999999
1  1.91e+04  0.3550184691  5.155741e-01 0.92899999999999999999
1  2.00e+04  0.3583305453  5.155741e-01 0.92899999999999999999
1  2.09e+04  0.4167862229  5.155741e-01 0.92899999999999999999
1  2.19e+04  0.3396855197  5.155741e-01 0.92899999999999999999
1  2.29e+04  0.3064340965  5.155741e-01 0.92899999999999999999
1  2.40e+04  0.4062593049  5.155741e-01 0.92899999999999999999
1  2.51e+04  0.4187683413  5.155741e-01 0.92899999999999999999
1  2.63e+04  0.4073515127  5.155741e-01 0.92899999999999999999
1  2.75e+04  0.1087066868  5.155741e-01 0.92899999999999999999
1  2.88e+04  0.3347464056  5.155741e-01 0.92899999999999999999
1  3.02e+04  0.3956433497  5.155741e-01 0.92899999999999999999
1  3.16e+04  0.4331664186  5.155741e-01 0.92899999999999999999
1  3.31e+04  0.2162926069  5.155741e-01 0.92899999999999999999
1  3.47e+04  0.3568425501  5.155741e-01 0.92899999999999999999
1  3.63e+04  0.1670416039  5.155741e-01 0.92899999999999999999
1  3.80e+04  0.410954469  5.155741e-01 0.92899999999999999999
1  3.98e+04  0.3714017392  5.155741e-01 0.92899999999999999999
1  4.17e+04  0.381020103  5.155741e-01 0.92899999999999999999
1  4.37e+04  0.408067369  5.155741e-01 0.92899999999999999999
1  4.57e+04  0.1742817348  5.155741e-01 0.92899999999999999999
1  4.79e+04  0.4101307974  5.155741e-01 0.92899999999999999999
1  5.01e+04  0.1835859363  5.155741e-01 0.92899999999999999999
1  5.25e+04  0.2524662313  5.155741e-01 0.92899999999999999999
1  5.50e+04  0.4292472464  5.155741e-01 0.92899999999999999999
1  5.75e+04  0.3288757214  5.155741e-01 0.92899999999999999999
1  6.03e+04  0.3863713579  5.155741e-01 0.92899999999999999999
1  6.31e+04  0.4059418677  5.155741e-01 0.92899999999999999999
1  6.61e+04  0.4323690408  5.155741e-01 0.92899999999999999999
1  6.92e+04  0.3646474113  5.155741e-01 0.92899999999999999999
1  7.24e+04  0.2656215966  5.155741e-01 0.92899999999999999999
1  7.59e+04  0.3658852294  5.155741e-01 0.92899999999999999999
1  7.94e+04  0.4146742795  5.155741e-01 0.92899999999999999999
1  8.32e+04  0.2504064529  5.155741e-01 0.92899999999999999999
1  8.71e+04  0.1752335094  5.155741e-01 0.92899999999999999999
1  9.12e+04  0.3161992333  5.155741e-01 0.92899999999999999999
1  9.55e+04  0.4227025729  5.155741e-01 0.92899999999999999999
1  1.00e+05  0.3525900958  5.155741e-01 0.92899999999999999999
1  1.05e+05  0.2542489219  5.155741e-01 0.92899999999999999999
1  1.10e+05  0.2757100566  5.155741e-01 0.92899999999999999999
1  1.15e+05  0.375002835  5.155741e-01 0.92899999999999999999
1  1.20e+05  0.4351192453  5.155741e-01 0.92899999999999999999
1  1.26e+05  0.4202600772  5.155741e-01 0.92899999999999999999
1  1.32e+05  0.3804115498  5.155741e-01 0.92899999999999999999
1  1.38e+05  0.3673043207  5.155741e-01 0.92899999999999999999
1  1.45e+05  0.3863094598  5.155741e-01 0.92899999999999999999
1  1.51e+05  0.4126961403  5.155741e-01 0.92899999999999999999
1  1.58e+05  0.4265390218  5.155741e-01 0.92899999999999999999
1  1.66e+05  0.4269285519  5.155741e-01 0.92899999999999999999
1  1.74e+05  0.4236777764  5.155741e-01 0.92899999999999999999
1  1.82e+05  0.4241380813  5.155741e-01 0.92899999999999999999
1  1.91e+05  0.4278809225  5.155741e-01 0.92899999999999999999
1  2.00e+05  0.4298081745  5.155741e-01 0.92899999999999999999
1  2.09e+05  0.4258112114  5.155741e-01 0.92899999999999999999
1  2.19e+05  0.4159761595  5.155741e-01 0.92899999999999999999
1  2.29e+05  0.404117182  5.155741e-01 0.92899999999999999999
1  2.40e+05  0.3951851546  5.155741e-01 0.92899999999999999999
1  2.51e+05  0.3926835828  5.155741e-01 0.92899999999999999999
1  2.63e+05  0.3973790564  5.155741e-01 0.92899999999999999999
1  2.75e+05  0.4074712067  5.155741e-01 0.92899999999999999999
1  2.88e+05  0.4196803823  5.155741e-01 0.92899999999999999999
1  3.02e+05  0.4305484573  5.155741e-01 0.92899999999999999999
1  3.16e+05  0.4374401217  5.155741e-01 0.92899999999999999999
1  3.31e+05  0.4390326698  5.155741e-01 0.92899999999999999999
1  3.47e+05  0.4353267694  5.155741e-01 0.92899999999999999999
1  3.63e+05  0.4273391094  5.155741e-01 0.92899999999999999999
1  3.80e+05  0.4166622049  5.155741e-01 0.92899999999999999999
1  3.98e+05  0.4050381364  5.155741e-01 0.92899999999999999999
1  4.17e+05  0.3940322095  5.155741e-01 0.92899999999999999999
1  4.37e+05  0.3848364956  5.155741e-01 0.92899999999999999999
1  4.57e+05  0.3781942572  5.155741e-01 0.92899999999999999999
1  4.79e+05  0.3744159733  5.155741e-01 0.92899999999999999999
1  5.01e+05  0.3734521609  5.155741e-01 0.92899999999999999999
1  5.25e+05  0.3749918525  5.155741e-01 0.92899999999999999999
1  5.50e+05  0.3785634868  5.155741e-01 0.92899999999999999999
1  5.75e+05  0.3836236129  5.155741e-01 0.92899999999999999999
1  6.03e+05  0.3896262563  5.155741e-01 0.92899999999999999999
1  6.31e+05  0.3960712464  5.155741e-01 0.92899999999999999999
1  6.61e+05  0.402662256  5.155741e-01 0.92899999999999999999
1  6.92e+05  0.4091899409  5.155741e-01 0.92899999999999999999
1  7.24e+05  0.4150410604  5.155741e-01 0.92899999999999999999
1  7.59e+05  0.420093021  5.155741e-01 0.92899999999999999999
1  7.94e+05  0.4240758244  5.155741e-01 0.92899999999999999999
1  8.32e+05  0.4270196351  5.155741e-01 0.92899999999999999999
1  8.71e+05  0.4289465599  5.155741e-01 0.92899999999999999999
1  9.12e+05  0.4299627801  5.155741e-01 0.92899999999999999999
1  9.55e+05  0.4301471871  5.155741e-01 0.92899999999999999999
1  1.00e+06  0.4296195532  5.155741e-01 0.92899999999999999999
1  1.05e+06  0.4285041918  5.155741e-01 0.92899999999999999999
1  1.10e+06  0.4269220861  5.155741e-01 0.92899999999999999999
1  1.15e+06  0.4249856707  5.155741e-01 0.92899999999999999999
1  1.20e+06  0.4227957314  5.155741e-01 0.92899999999999999999
1  1.26e+06  0.4204399157  5.155741e-01 0.92899999999999999999
1  1.32e+06  0.4179924062  5.155741e-01 0.92899999999999999999
1  1.38e+06  0.4155143886  5.155741e-01 0.92899999999999999999
1  1.45e+06  0.4130550221  5.155741e-01 0.92899999999999999999
1  1.51e+06  0.4106526896  5.155741e-01 0.92899999999999999999
1  1.58e+06  0.4083363698  5.155741e-01 0.92899999999999999999
1  1.66e+06  0.4061270162  5.155741e-01 0.92899999999999999999
1  1.74e+06  0.4040388737  5.155741e-01 0.92899999999999999999
1  1.82e+06  0.4020806861  5.155741e-01 0.92899999999999999999
1  1.91e+06  0.4003238123  5.155741e-01 0.92899999999999999999
1  2.00e+06  0.3986308908  5.155741e-01 0.92899999999999999999
1  2.09e+06  0.3970712534  5.155741e-01 0.92899999999999999999
1  2.19e+06  0.3956411074  5.155741e-01 0.92899999999999999999
1  2.29e+06  0.3943351972  5.155741e-01 0.92899999999999999999
1  2.40e+06  0.393147261  5.155741e-01 0.92899999999999999999
1  2.51e+06  0.3920703979  5.155741e-01 0.92899999999999999999
1  2.63e+06  0.3910973577  5.155741e-01 0.92899999999999999999
1  2.75e+06  0.3902207661  5.155741e-01 0.92899999999999999999
1  2.88e+06  0.3894332963  5.155741e-01 0.92899999999999999999
1  3.02e+06  0.3887277968  5.155741e-01 0.92899999999999999999
1  3.16e+06  0.3880973827  5.155741e-01 0.92899999999999999999
1  3.31e+06  0.387535499  5.155741e-01 0.92899999999999999999
1  3.47e+06  0.387035961  5.155741e-01 0.92899999999999999999
1  3.63e+06  0.3865929774  5.155741e-01 0.92899999999999999999
1  3.80e+06  0.3862210118  5.155741e-01 0.92899999999999999999
1  3.98e+06  0.3858736179  5.155741e-01 0.92899999999999999999
1  4.17e+06  0.3855679511  5.155741e-01 0.92899999999999999999
1  4.37e+06  0.3852997859  5.155741e-01 0.92899999999999999999
1  4.57e+06  0.3850652579  5.155741e-01 0.92899999999999999999
1  4.79e+06  0.3848608444  5.155741e-01 0.92899999999999999999
1  5.01e+06  0.3846833427  5.155741e-01 0.92899999999999999999
1  5.25e+06  0.384529848  5.155741e-01 0.92899999999999999999
1  5.50e+06  0.3843977319  5.155741e-01 0.92899999999999999999
1  5.75e+06  0.3842846205  5.155741e-01 0.92899999999999999999
1  6.03e+06  0.3841883739  5.155741e-01 0.92899999999999999999
1  6.31e+06  0.3841070662  5.155741e-01 0.92899999999999999999
1  6.61e+06  0.3840389668  5.155741e-01 0.92899999999999999999
1  6.92e+06  0.383982523  5.155741e-01 0.92899999999999999999
1  7.24e+06  0.3839363435  5.155741e-01 0.92899999999999999999
1  7.59e+06  0.3839039301  5.155741e-01 0.92899999999999999999
1  7.94e+06  0.3838742359  5.155741e-01 0.92899999999999999999
1  8.32e+06  0.3838514959  5.155741e-01 0.92899999999999999999
1  8.71e+06  0.3838348209  5.155741e-01 0.92899999999999999999
1  9.12e+06  0.3838234194  5.155741e-01 0.92899999999999999999
1  9.55e+06  0.3838165873  5.155741e-01 0.92899999999999999999
1  1.00e+07  0.3838136992  5.155741e-01 0.92899999999999999999
