1  1.00e-03  0.2878078154  5.960458e-01 1.07400000000000000002
1  1.05e-03  0.2878078192  5.960458e-01 1.07400000000000000002
1  1.10e-03  0.2878078243  5.960458e-01 1.07400000000000000002
1  1.15e-03  0.2878078247  5.960458e-01 1.07400000000000000002
1  1.20e-03  0.2878078207  5.960458e-01 1.07400000000000000002
1  1.26e-03  0.2878078237  5.960458e-01 1.07400000000000000002
1  1.32e-03  0.2878078247  5.960458e-01 1.07400000000000000002
1  1.38e-03  0.2878078234  5.960458e-01 1.07400000000000000002
1  1.45e-03  0.2878078237  5.960458e-01 1.07400000000000000002
1  1.51e-03  0.2878078189  5.960458e-01 1.07400000000000000002
1  1.58e-03  0.2878078202  5.960458e-01 1.07400000000000000002
1  1.66e-03  0.2878078187  5.960458e-01 1.07400000000000000002
1  1.74e-03  0.2878078197  5.960458e-01 1.07400000000000000002
1  1.82e-03  0.2878078203  5.960458e-01 1.07400000000000000002
1  1.91e-03  0.2878078181  5.960458e-01 1.07400000000000000002
1  2.00e-03  0.2878078201  5.960458e-01 1.07400000000000000002
1  2.09e-03  0.2878078179  5.960458e-01 1.07400000000000000002
1  2.19e-03  0.2878078251  5.960458e-01 1.07400000000000000002
1  2.29e-03  0.2878078246  5.960458e-01 1.07400000000000000002
1  2.40e-03  0.2878078236  5.960458e-01 1.07400000000000000002
1  2.51e-03  0.2878078197  5.960458e-01 1.07400000000000000002
1  2.63e-03  0.2878078243  5.960458e-01 1.07400000000000000002
1  2.75e-03  0.2878078277  5.960458e-01 1.07400000000000000002
1  2.88e-03  0.2878078247  5.960458e-01 1.07400000000000000002
1  3.02e-03  0.2878078263  5.960458e-01 1.07400000000000000002
1  3.16e-03  0.2878078247  5.960458e-01 1.07400000000000000002
1  3.31e-03  0.2878078246  5.960458e-01 1.07400000000000000002
1  3.47e-03  0.2878078248  5.960458e-01 1.07400000000000000002
1  3.63e-03  0.2878078217  5.960458e-01 1.07400000000000000002
1  3.80e-03  0.2878078232  5.960458e-01 1.07400000000000000002
1  3.98e-03  0.287807822  5.960458e-01 1.07400000000000000002
1  4.17e-03  0.2878078215  5.960458e-01 1.07400000000000000002
1  4.37e-03  0.2878078214  5.960458e-01 1.07400000000000000002
1  4.57e-03  0.2878078213  5.960458e-01 1.07400000000000000002
1  4.79e-03  0.2878078228  5.960458e-01 1.07400000000000000002
1  5.01e-03  0.2878078243  5.960458e-01 1.07400000000000000002
1  5.25e-03  0.2878078248  5.960458e-01 1.07400000000000000002
1  5.50e-03  0.2878078244  5.960458e-01 1.07400000000000000002
1  5.75e-03  0.2878078188  5.960458e-01 1.07400000000000000002
1  6.03e-03  0.2878078231  5.960458e-01 1.07400000000000000002
1  6.31e-03  0.2878078244  5.960458e-01 1.07400000000000000002
1  6.61e-03  0.2878078242  5.960458e-01 1.07400000000000000002
1  6.92e-03  0.287807825  5.960458e-01 1.07400000000000000002
1  7.24e-03  0.287807825  5.960458e-01 1.07400000000000000002
1  7.59e-03  0.2878078243  5.960458e-01 1.07400000000000000002
1  7.94e-03  0.2878078256  5.960458e-01 1.07400000000000000002
1  8.32e-03  0.2878078215  5.960458e-01 1.07400000000000000002
1  8.71e-03  0.2878078219  5.960458e-01 1.07400000000000000002
1  9.12e-03  0.2878078227  5.960458e-01 1.07400000000000000002
1  9.55e-03  0.2878078227  5.960458e-01 1.07400000000000000002
1  1.00e-02  0.2878078226  5.960458e-01 1.07400000000000000002
1  1.05e-02  0.2878078245  5.960458e-01 1.07400000000000000002
1  1.10e-02  0.2878078225  5.960458e-01 1.07400000000000000002
1  1.15e-02  0.2878078242  5.960458e-01 1.07400000000000000002
1  1.20e-02  0.2878078236  5.960458e-01 1.07400000000000000002
1  1.26e-02  0.2878078074  5.960458e-01 1.07400000000000000002
1  1.32e-02  0.2878078245  5.960458e-01 1.07400000000000000002
1  1.38e-02  0.2878078238  5.960458e-01 1.07400000000000000002
1  1.45e-02  0.2878078249  5.960458e-01 1.07400000000000000002
1  1.51e-02  0.2878078249  5.960458e-01 1.07400000000000000002
1  1.58e-02  0.2878078247  5.960458e-01 1.07400000000000000002
1  1.66e-02  0.2878078228  5.960458e-01 1.07400000000000000002
1  1.74e-02  0.2878078255  5.960458e-01 1.07400000000000000002
1  1.82e-02  0.2878078249  5.960458e-01 1.07400000000000000002
1  1.91e-02  0.2878078267  5.960458e-01 1.07400000000000000002
1  2.00e-02  0.2878078249  5.960458e-01 1.07400000000000000002
1  2.09e-02  0.2878078275  5.960458e-01 1.07400000000000000002
1  2.19e-02  0.2878078242  5.960458e-01 1.07400000000000000002
1  2.29e-02  0.2878078243  5.960458e-01 1.07400000000000000002
1  2.40e-02  0.2878078279  5.960458e-01 1.07400000000000000002
1  2.51e-02  0.287807783  5.960458e-01 1.07400000000000000002
1  2.63e-02  0.2878078369  5.960458e-01 1.07400000000000000002
1  2.75e-02  0.2878078187  5.960458e-01 1.07400000000000000002
1  2.88e-02  0.2878078268  5.960458e-01 1.07400000000000000002
1  3.02e-02  0.2878078311  5.960458e-01 1.07400000000000000002
1  3.16e-02  0.2878078223  5.960458e-01 1.07400000000000000002
1  3.31e-02  0.2878078202  5.960458e-01 1.07400000000000000002
1  3.47e-02  0.2878078249  5.960458e-01 1.07400000000000000002
1  3.63e-02  0.2878078233  5.960458e-01 1.07400000000000000002
1  3.80e-02  0.2878078212  5.960458e-01 1.07400000000000000002
1  3.98e-02  0.2878078289  5.960458e-01 1.07400000000000000002
1  4.17e-02  0.2878077796  5.960458e-01 1.07400000000000000002
1  4.37e-02  0.2878078003  5.960458e-01 1.07400000000000000002
1  4.57e-02  0.2878078259  5.960458e-01 1.07400000000000000002
1  4.79e-02  0.2878078171  5.960458e-01 1.07400000000000000002
1  5.01e-02  0.2878077323  5.960458e-01 1.07400000000000000002
1  5.25e-02  0.2878078159  5.960458e-01 1.07400000000000000002
1  5.50e-02  0.2878078126  5.960458e-01 1.07400000000000000002
1  5.75e-02  0.2878078192  5.960458e-01 1.07400000000000000002
1  6.03e-02  0.2878078267  5.960458e-01 1.07400000000000000002
1  6.31e-02  0.2878078176  5.960458e-01 1.07400000000000000002
1  6.61e-02  0.2878078232  5.960458e-01 1.07400000000000000002
1  6.92e-02  0.2878078368  5.960458e-01 1.07400000000000000002
1  7.24e-02  0.2878077538  5.960458e-01 1.07400000000000000002
1  7.59e-02  0.2878078351  5.960458e-01 1.07400000000000000002
1  7.94e-02  0.2878078274  5.960458e-01 1.07400000000000000002
1  8.32e-02  0.2878078378  5.960458e-01 1.07400000000000000002
1  8.71e-02  0.2878078231  5.960458e-01 1.07400000000000000002
1  9.12e-02  0.2878078185  5.960458e-01 1.07400000000000000002
1  9.55e-02  0.2878078116  5.960458e-01 1.07400000000000000002
1  1.00e-01  0.2878078127  5.960458e-01 1.07400000000000000002
1  1.05e-01  0.2878076932  5.960458e-01 1.07400000000000000002
1  1.10e-01  0.287807831  5.960458e-01 1.07400000000000000002
1  1.15e-01  0.2878078362  5.960458e-01 1.07400000000000000002
1  1.20e-01  0.2878078282  5.960458e-01 1.07400000000000000002
1  1.26e-01  0.2878078309  5.960458e-01 1.07400000000000000002
1  1.32e-01  0.2878078323  5.960458e-01 1.07400000000000000002
1  1.38e-01  0.2878078253  5.960458e-01 1.07400000000000000002
1  1.45e-01  0.2878078191  5.960458e-01 1.07400000000000000002
1  1.51e-01  0.287807799  5.960458e-01 1.07400000000000000002
1  1.58e-01  0.2878078213  5.960458e-01 1.07400000000000000002
1  1.66e-01  0.2878078333  5.960458e-01 1.07400000000000000002
1  1.74e-01  0.2878078373  5.960458e-01 1.07400000000000000002
1  1.82e-01  0.287807833  5.960458e-01 1.07400000000000000002
1  1.91e-01  0.287808321  5.960458e-01 1.07400000000000000002
1  2.00e-01  0.2878078406  5.960458e-01 1.07400000000000000002
1  2.09e-01  0.2878078166  5.960458e-01 1.07400000000000000002
1  2.19e-01  0.2878078184  5.960458e-01 1.07400000000000000002
1  2.29e-01  0.2878078408  5.960458e-01 1.07400000000000000002
1  2.40e-01  0.2878078335  5.960458e-01 1.07400000000000000002
1  2.51e-01  0.2878078551  5.960458e-01 1.07400000000000000002
1  2.63e-01  0.2878078211  5.960458e-01 1.07400000000000000002
1  2.75e-01  0.2878078244  5.960458e-01 1.07400000000000000002
1  2.88e-01  0.2878078206  5.960458e-01 1.07400000000000000002
1  3.02e-01  0.2878078154  5.960458e-01 1.07400000000000000002
1  3.16e-01  0.2878080742  5.960458e-01 1.07400000000000000002
1  3.31e-01  0.2878084071  5.960458e-01 1.07400000000000000002
1  3.47e-01  0.2878078625  5.960458e-01 1.07400000000000000002
1  3.63e-01  0.2878078623  5.960458e-01 1.07400000000000000002
1  3.80e-01  0.2878078744  5.960458e-01 1.07400000000000000002
1  3.98e-01  0.2878078846  5.960458e-01 1.07400000000000000002
1  4.17e-01  0.2878078289  5.960458e-01 1.07400000000000000002
1  4.37e-01  0.2878078367  5.960458e-01 1.07400000000000000002
1  4.57e-01  0.2878078191  5.960458e-01 1.07400000000000000002
1  4.79e-01  0.2878085184  5.960458e-01 1.07400000000000000002
1  5.01e-01  0.2878079163  5.960458e-01 1.07400000000000000002
1  5.25e-01  0.2878078934  5.960458e-01 1.07400000000000000002
1  5.50e-01  0.2878071638  5.960458e-01 1.07400000000000000002
1  5.75e-01  0.2878077363  5.960458e-01 1.07400000000000000002
1  6.03e-01  0.2878079061  5.960458e-01 1.07400000000000000002
1  6.31e-01  0.2878078588  5.960458e-01 1.07400000000000000002
1  6.61e-01  0.2878078695  5.960458e-01 1.07400000000000000002
1  6.92e-01  0.287808301  5.960458e-01 1.07400000000000000002
1  7.24e-01  0.2878079336  5.960458e-01 1.07400000000000000002
1  7.59e-01  0.287806615  5.960458e-01 1.07400000000000000002
1  7.94e-01  0.2878079422  5.960458e-01 1.07400000000000000002
1  8.32e-01  0.2878079217  5.960458e-01 1.07400000000000000002
1  8.71e-01  0.2878078929  5.960458e-01 1.07400000000000000002
1  9.12e-01  0.2878078019  5.960458e-01 1.07400000000000000002
1  9.55e-01  0.2878102348  5.960458e-01 1.07400000000000000002
1  1.00e+00  0.2878078309  5.960458e-01 1.07400000000000000002
1  1.05e+00  0.2878079489  5.960458e-01 1.07400000000000000002
1  1.10e+00  0.2878078602  5.960458e-01 1.07400000000000000002
1  1.15e+00  0.2878084799  5.960458e-01 1.07400000000000000002
1  1.20e+00  0.2878078707  5.960458e-01 1.07400000000000000002
1  1.26e+00  0.2878078703  5.960458e-01 1.07400000000000000002
1  1.32e+00  0.2878058692  5.960458e-01 1.07400000000000000002
1  1.38e+00  0.287807818  5.960458e-01 1.07400000000000000002
1  1.45e+00  0.2878078799  5.960458e-01 1.07400000000000000002
1  1.51e+00  0.2878078471  5.960458e-01 1.07400000000000000002
1  1.58e+00  0.287807882  5.960458e-01 1.07400000000000000002
1  1.66e+00  0.287807807  5.960458e-01 1.07400000000000000002
1  1.74e+00  0.2878081172  5.960458e-01 1.07400000000000000002
1  1.82e+00  0.2878080705  5.960458e-01 1.07400000000000000002
1  1.91e+00  0.2878110647  5.960458e-01 1.07400000000000000002
1  2.00e+00  0.2878080533  5.960458e-01 1.07400000000000000002
1  2.09e+00  0.2878078776  5.960458e-01 1.07400000000000000002
1  2.19e+00  0.2878080652  5.960458e-01 1.07400000000000000002
1  2.29e+00  0.2878197532  5.960458e-01 1.07400000000000000002
1  2.40e+00  0.2878077365  5.960458e-01 1.07400000000000000002
1  2.51e+00  0.2878076814  5.960458e-01 1.07400000000000000002
1  2.63e+00  0.2878081918  5.960458e-01 1.07400000000000000002
1  2.75e+00  0.2878056413  5.960458e-01 1.07400000000000000002
1  2.88e+00  0.2878079062  5.960458e-01 1.07400000000000000002
1  3.02e+00  0.2878082825  5.960458e-01 1.07400000000000000002
1  3.16e+00  0.2878083749  5.960458e-01 1.07400000000000000002
1  3.31e+00  0.2878082578  5.960458e-01 1.07400000000000000002
1  3.47e+00  0.2878078152  5.960458e-01 1.07400000000000000002
1  3.63e+00  0.2878083253  5.960458e-01 1.07400000000000000002
1  3.80e+00  0.2878078119  5.960458e-01 1.07400000000000000002
1  3.98e+00  0.2878137891  5.960458e-01 1.07400000000000000002
1  4.17e+00  0.2878073347  5.960458e-01 1.07400000000000000002
1  4.37e+00  0.2878084584  5.960458e-01 1.07400000000000000002
1  4.57e+00  0.2878057846  5.960458e-01 1.07400000000000000002
1  4.79e+00  0.2878078521  5.960458e-01 1.07400000000000000002
1  5.01e+00  0.2878087113  5.960458e-01 1.07400000000000000002
1  5.25e+00  0.2878078434  5.960458e-01 1.07400000000000000002
1  5.50e+00  0.2878078528  5.960458e-01 1.07400000000000000002
1  5.75e+00  0.2878058974  5.960458e-01 1.07400000000000000002
1  6.03e+00  0.2878081782  5.960458e-01 1.07400000000000000002
1  6.31e+00  0.287771433  5.960458e-01 1.07400000000000000002
1  6.61e+00  0.2878094194  5.960458e-01 1.07400000000000000002
1  6.92e+00  0.2878077879  5.960458e-01 1.07400000000000000002
1  7.24e+00  0.2878091153  5.960458e-01 1.07400000000000000002
1  7.59e+00  0.2878004188  5.960458e-01 1.07400000000000000002
1  7.94e+00  0.28780833  5.960458e-01 1.07400000000000000002
1  8.32e+00  0.2878095424  5.960458e-01 1.07400000000000000002
1  8.71e+00  0.2878340616  5.960458e-01 1.07400000000000000002
1  9.12e+00  0.2878120187  5.960458e-01 1.07400000000000000002
1  9.55e+00  0.2878079202  5.960458e-01 1.07400000000000000002
1  1.00e+01  0.2878141458  5.960458e-01 1.07400000000000000002
1  1.05e+01  0.2878072007  5.960458e-01 1.07400000000000000002
1  1.10e+01  0.287801805  5.960458e-01 1.07400000000000000002
1  1.15e+01  0.2878083613  5.960458e-01 1.07400000000000000002
1  1.20e+01  0.2878102882  5.960458e-01 1.07400000000000000002
1  1.26e+01  0.2878102635  5.960458e-01 1.07400000000000000002
1  1.32e+01  0.2878085623  5.960458e-01 1.07400000000000000002
1  1.38e+01  0.2878094621  5.960458e-01 1.07400000000000000002
1  1.45e+01  0.2878100758  5.960458e-01 1.07400000000000000002
1  1.51e+01  0.2877926664  5.960458e-01 1.07400000000000000002
1  1.58e+01  0.2878285587  5.960458e-01 1.07400000000000000002
1  1.66e+01  0.2878106573  5.960458e-01 1.07400000000000000002
1  1.74e+01  0.2878241819  5.960458e-01 1.07400000000000000002
1  1.82e+01  0.2878038024  5.960458e-01 1.07400000000000000002
1  1.91e+01  0.2878077119  5.960458e-01 1.07400000000000000002
1  2.00e+01  0.287798741  5.960458e-01 1.07400000000000000002
1  2.09e+01  0.2878579155  5.960458e-01 1.07400000000000000002
1  2.19e+01  0.2878122371  5.960458e-01 1.07400000000000000002
1  2.29e+01  0.2878424289  5.960458e-01 1.07400000000000000002
1  2.40e+01  0.2878205097  5.960458e-01 1.07400000000000000002
1  2.51e+01  0.2877105423  5.960458e-01 1.07400000000000000002
1  2.63e+01  0.2879836589  5.960458e-01 1.07400000000000000002
1  2.75e+01  0.287805349  5.960458e-01 1.07400000000000000002
1  2.88e+01  0.2878519168  5.960458e-01 1.07400000000000000002
1  3.02e+01  0.2878669069  5.960458e-01 1.07400000000000000002
1  3.16e+01  0.2878447715  5.960458e-01 1.07400000000000000002
1  3.31e+01  0.2877443513  5.960458e-01 1.07400000000000000002
1  3.47e+01  0.2878042569  5.960458e-01 1.07400000000000000002
1  3.63e+01  0.2877934591  5.960458e-01 1.07400000000000000002
1  3.80e+01  0.2877510955  5.960458e-01 1.07400000000000000002
1  3.98e+01  0.2877969009  5.960458e-01 1.07400000000000000002
1  4.17e+01  0.2878410717  5.960458e-01 1.07400000000000000002
1  4.37e+01  0.2877741816  5.960458e-01 1.07400000000000000002
1  4.57e+01  0.2878761925  5.960458e-01 1.07400000000000000002
1  4.79e+01  0.2877784948  5.960458e-01 1.07400000000000000002
1  5.01e+01  0.2878505766  5.960458e-01 1.07400000000000000002
1  5.25e+01  0.2878468676  5.960458e-01 1.07400000000000000002
1  5.50e+01  0.2877396249  5.960458e-01 1.07400000000000000002
1  5.75e+01  0.2878921895  5.960458e-01 1.07400000000000000002
1  6.03e+01  0.2877956102  5.960458e-01 1.07400000000000000002
1  6.31e+01  0.2878099529  5.960458e-01 1.07400000000000000002
1  6.61e+01  0.287793242  5.960458e-01 1.07400000000000000002
1  6.92e+01  0.2877614406  5.960458e-01 1.07400000000000000002
1  7.24e+01  0.2879084663  5.960458e-01 1.07400000000000000002
1  7.59e+01  0.2879174784  5.960458e-01 1.07400000000000000002
1  7.94e+01  0.2878778871  5.960458e-01 1.07400000000000000002
1  8.32e+01  0.2878476438  5.960458e-01 1.07400000000000000002
1  8.71e+01  0.2878006504  5.960458e-01 1.07400000000000000002
1  9.12e+01  0.2877287187  5.960458e-01 1.07400000000000000002
1  9.55e+01  0.287825193  5.960458e-01 1.07400000000000000002
1  1.00e+02  0.287757139  5.960458e-01 1.07400000000000000002
1  1.05e+02  0.2877865003  5.960458e-01 1.07400000000000000002
1  1.10e+02  0.2877922996  5.960458e-01 1.07400000000000000002
1  1.15e+02  0.2878183046  5.960458e-01 1.07400000000000000002
1  1.20e+02  0.2879098283  5.960458e-01 1.07400000000000000002
1  1.26e+02  0.28786395  5.960458e-01 1.07400000000000000002
1  1.32e+02  0.2877711804  5.960458e-01 1.07400000000000000002
1  1.38e+02  0.2878090424  5.960458e-01 1.07400000000000000002
1  1.45e+02  0.2878159356  5.960458e-01 1.07400000000000000002
1  1.51e+02  0.2877811411  5.960458e-01 1.07400000000000000002
1  1.58e+02  0.287771864  5.960458e-01 1.07400000000000000002
1  1.66e+02  0.2878171328  5.960458e-01 1.07400000000000000002
1  1.74e+02  0.2878335931  5.960458e-01 1.07400000000000000002
1  1.82e+02  0.2878407304  5.960458e-01 1.07400000000000000002
1  1.91e+02  0.2878293167  5.960458e-01 1.07400000000000000002
1  2.00e+02  0.2878263787  5.960458e-01 1.07400000000000000002
1  2.09e+02  0.287807392  5.960458e-01 1.07400000000000000002
1  2.19e+02  0.287861459  5.960458e-01 1.07400000000000000002
1  2.29e+02  0.2878143736  5.960458e-01 1.07400000000000000002
1  2.40e+02  0.2878643085  5.960458e-01 1.07400000000000000002
1  2.51e+02  0.2878874874  5.960458e-01 1.07400000000000000002
1  2.63e+02  0.287872785  5.960458e-01 1.07400000000000000002
1  2.75e+02  0.2878242936  5.960458e-01 1.07400000000000000002
1  2.88e+02  0.2878373105  5.960458e-01 1.07400000000000000002
1  3.02e+02  0.2878465556  5.960458e-01 1.07400000000000000002
1  3.16e+02  0.2878846968  5.960458e-01 1.07400000000000000002
1  3.31e+02  0.2878804386  5.960458e-01 1.07400000000000000002
1  3.47e+02  0.2879389303  5.960458e-01 1.07400000000000000002
1  3.63e+02  0.2879038541  5.960458e-01 1.07400000000000000002
1  3.80e+02  0.2878935924  5.960458e-01 1.07400000000000000002
1  3.98e+02  0.2878297534  5.960458e-01 1.07400000000000000002
1  4.17e+02  0.2877519708  5.960458e-01 1.07400000000000000002
1  4.37e+02  0.2877870025  5.960458e-01 1.07400000000000000002
1  4.57e+02  0.2878859332  5.960458e-01 1.07400000000000000002
1  4.79e+02  0.2877541862  5.960458e-01 1.07400000000000000002
1  5.01e+02  0.2878192405  5.960458e-01 1.07400000000000000002
1  5.25e+02  0.2878014968  5.960458e-01 1.07400000000000000002
1  5.50e+02  0.2879007658  5.960458e-01 1.07400000000000000002
1  5.75e+02  0.2879301554  5.960458e-01 1.07400000000000000002
1  6.03e+02  0.2878630632  5.960458e-01 1.07400000000000000002
1  6.31e+02  0.2878946064  5.960458e-01 1.07400000000000000002
1  6.61e+02  0.2878030247  5.960458e-01 1.07400000000000000002
1  6.92e+02  0.2879157687  5.960458e-01 1.07400000000000000002
1  7.24e+02  0.2878649997  5.960458e-01 1.07400000000000000002
1  7.59e+02  0.2878475615  5.960458e-01 1.07400000000000000002
1  7.94e+02  0.2879011575  5.960458e-01 1.07400000000000000002
1  8.32e+02  0.2878704109  5.960458e-01 1.07400000000000000002
1  8.71e+02  0.2879451454  5.960458e-01 1.07400000000000000002
1  9.12e+02  0.2879004751  5.960458e-01 1.07400000000000000002
1  9.55e+02  0.2878277705  5.960458e-01 1.07400000000000000002
1  1.00e+03  0.2879438079  5.960458e-01 1.07400000000000000002
1  1.05e+03  0.2878893162  5.960458e-01 1.07400000000000000002
1  1.10e+03  0.2880210126  5.960458e-01 1.07400000000000000002
1  1.15e+03  0.2878984928  5.960458e-01 1.07400000000000000002
1  1.20e+03  0.2880828171  5.960458e-01 1.07400000000000000002
1  1.26e+03  0.2878256489  5.960458e-01 1.07400000000000000002
1  1.32e+03  0.2878601365  5.960458e-01 1.07400000000000000002
1  1.38e+03  0.2877216837  5.960458e-01 1.07400000000000000002
1  1.45e+03  0.2877997187  5.960458e-01 1.07400000000000000002
1  1.51e+03  0.2880576616  5.960458e-01 1.07400000000000000002
1  1.58e+03  0.2885499275  5.960458e-01 1.07400000000000000002
1  1.66e+03  0.2883308699  5.960458e-01 1.07400000000000000002
1  1.74e+03  0.2883280927  5.960458e-01 1.07400000000000000002
1  1.82e+03  0.2881483287  5.960458e-01 1.07400000000000000002
1  1.91e+03  0.2872142636  5.960458e-01 1.07400000000000000002
1  2.00e+03  0.2877779777  5.960458e-01 1.07400000000000000002
1  2.09e+03  0.2872923873  5.960458e-01 1.07400000000000000002
1  2.19e+03  0.2868057129  5.960458e-01 1.07400000000000000002
1  2.29e+03  0.2870710602  5.960458e-01 1.07400000000000000002
1  2.40e+03  0.2873867393  5.960458e-01 1.07400000000000000002
1  2.51e+03  0.2889276276  5.960458e-01 1.07400000000000000002
1  2.63e+03  0.2905066123  5.960458e-01 1.07400000000000000002
1  2.75e+03  0.2881703911  5.960458e-01 1.07400000000000000002
1  2.88e+03  0.2915011357  5.960458e-01 1.07400000000000000002
1  3.02e+03  0.2895569628  5.960458e-01 1.07400000000000000002
1  3.16e+03  0.2871378384  5.960458e-01 1.07400000000000000002
1  3.31e+03  0.2870356661  5.960458e-01 1.07400000000000000002
1  3.47e+03  0.2861877085  5.960458e-01 1.07400000000000000002
1  3.63e+03  0.2858757604  5.960458e-01 1.07400000000000000002
1  3.80e+03  0.2872511608  5.960458e-01 1.07400000000000000002
1  3.98e+03  0.2884295855  5.960458e-01 1.07400000000000000002
1  4.17e+03  0.2835197297  5.960458e-01 1.07400000000000000002
1  4.37e+03  0.2892145188  5.960458e-01 1.07400000000000000002
1  4.57e+03  0.2824951645  5.960458e-01 1.07400000000000000002
1  4.79e+03  0.2860549025  5.960458e-01 1.07400000000000000002
1  5.01e+03  0.2871382817  5.960458e-01 1.07400000000000000002
1  5.25e+03  0.2873287399  5.960458e-01 1.07400000000000000002
1  5.50e+03  0.2823284912  5.960458e-01 1.07400000000000000002
1  5.75e+03  0.2853165499  5.960458e-01 1.07400000000000000002
1  6.03e+03  0.2851405873  5.960458e-01 1.07400000000000000002
1  6.31e+03  0.284139195  5.960458e-01 1.07400000000000000002
1  6.61e+03  0.2937945151  5.960458e-01 1.07400000000000000002
1  6.92e+03  0.2916435781  5.960458e-01 1.07400000000000000002
1  7.24e+03  0.2934102947  5.960458e-01 1.07400000000000000002
1  7.59e+03  0.2902056134  5.960458e-01 1.07400000000000000002
1  7.94e+03  0.2985324673  5.960458e-01 1.07400000000000000002
1  8.32e+03  0.2926049446  5.960458e-01 1.07400000000000000002
1  8.71e+03  0.3035606455  5.960458e-01 1.07400000000000000002
1  9.12e+03  0.2989027384  5.960458e-01 1.07400000000000000002
1  9.55e+03  0.2978101771  5.960458e-01 1.07400000000000000002
1  1.00e+04  0.296919598  5.960458e-01 1.07400000000000000002
1  1.05e+04  0.2933019381  5.960458e-01 1.07400000000000000002
1  1.10e+04  0.3118629464  5.960458e-01 1.07400000000000000002
1  1.15e+04  0.3004048448  5.960458e-01 1.07400000000000000002
1  1.20e+04  0.329283314  5.960458e-01 1.07400000000000000002
1  1.26e+04  0.3195247083  5.960458e-01 1.07400000000000000002
1  1.32e+04  0.3267362918  5.960458e-01 1.07400000000000000002
1  1.38e+04  0.3295507009  5.960458e-01 1.07400000000000000002
1  1.45e+04  0.3334106007  5.960458e-01 1.07400000000000000002
1  1.51e+04  0.35025379  5.960458e-01 1.07400000000000000002
1  1.58e+04  0.3437850041  5.960458e-01 1.07400000000000000002
1  1.66e+04  0.3475068893  5.960458e-01 1.07400000000000000002
1  1.74e+04  0.3028926873  5.960458e-01 1.07400000000000000002
1  1.82e+04  0.293674893  5.960458e-01 1.07400000000000000002
1  1.91e+04  0.3284924246  5.960458e-01 1.07400000000000000002
1  2.00e+04  0.3838025136  5.960458e-01 1.07400000000000000002
1  2.09e+04  0.3165807252  5.960458e-01 1.07400000000000000002
1  2.19e+04  0.2928050361  5.960458e-01 1.07400000000000000002
1  2.29e+04  0.404805676  5.960458e-01 1.07400000000000000002
1  2.40e+04  0.3086337079  5.960458e-01 1.07400000000000000002
1  2.51e+04  0.309421532  5.960458e-01 1.07400000000000000002
1  2.63e+04  0.409381057  5.960458e-01 1.07400000000000000002
1  2.75e+04  0.2916622204  5.960458e-01 1.07400000000000000002
1  2.88e+04  0.4083821962  5.960458e-01 1.07400000000000000002
1  3.02e+04  0.2941620399  5.960458e-01 1.07400000000000000002
1  3.16e+04  0.3987171841  5.960458e-01 1.07400000000000000002
1  3.31e+04  0.2982694693  5.960458e-01 1.07400000000000000002
1  3.47e+04  0.4206000713  5.960458e-01 1.07400000000000000002
1  3.63e+04  0.2914253513  5.960458e-01 1.07400000000000000002
1  3.80e+04  0.4031867966  5.960458e-01 1.07400000000000000002
1  3.98e+04  0.3155238299  5.960458e-01 1.07400000000000000002
1  4.17e+04  0.3710217943  5.960458e-01 1.07400000000000000002
1  4.37e+04  0.3819164165  5.960458e-01 1.07400000000000000002
1  4.57e+04  0.2890492476  5.960458e-01 1.07400000000000000002
1  4.79e+04  0.3867221365  5.960458e-01 1.07400000000000000002
1  5.01e+04  0.3828324694  5.960458e-01 1.07400000000000000002
1  5.25e+04  0.2848630929  5.960458e-01 1.07400000000000000002
1  5.50e+04  0.3845176773  5.960458e-01 1.07400000000000000002
1  5.75e+04  0.3937413649  5.960458e-01 1.07400000000000000002
1  6.03e+04  0.2887280068  5.960458e-01 1.07400000000000000002
1  6.31e+04  0.3682655635  5.960458e-01 1.07400000000000000002
1  6.61e+04  0.408071909  5.960458e-01 1.07400000000000000002
1  6.92e+04  0.3124375694  5.960458e-01 1.07400000000000000002
1  7.24e+04  0.2943393221  5.960458e-01 1.07400000000000000002
1  7.59e+04  0.3590608307  5.960458e-01 1.07400000000000000002
1  7.94e+04  0.3803934861  5.960458e-01 1.07400000000000000002
1  8.32e+04  0.3381875055  5.960458e-01 1.07400000000000000002
1  8.71e+04  0.2921820778  5.960458e-01 1.07400000000000000002
1  9.12e+04  0.2974215738  5.960458e-01 1.07400000000000000002
1  9.55e+04  0.3496661292  5.960458e-01 1.07400000000000000002
1  1.00e+05  0.3851807388  5.960458e-01 1.07400000000000000002
1  1.05e+05  0.3590105015  5.960458e-01 1.07400000000000000002
1  1.10e+05  0.3041943421  5.960458e-01 1.07400000000000000002
1  1.15e+05  0.2870637442  5.960458e-01 1.07400000000000000002
1  1.20e+05  0.3257533994  5.960458e-01 1.07400000000000000002
1  1.26e+05  0.3766521412  5.960458e-01 1.07400000000000000002
1  1.32e+05  0.3895464514  5.960458e-01 1.07400000000000000002
1  1.38e+05  0.3567983308  5.960458e-01 1.07400000000000000002
1  1.45e+05  0.3108186824  5.960458e-01 1.07400000000000000002
1  1.51e+05  0.2880246219  5.960458e-01 1.07400000000000000002
1  1.58e+05  0.3001757515  5.960458e-01 1.07400000000000000002
1  1.66e+05  0.3326454868  5.960458e-01 1.07400000000000000002
1  1.74e+05  0.3612699421  5.960458e-01 1.07400000000000000002
1  1.82e+05  0.369691726  5.960458e-01 1.07400000000000000002
1  1.91e+05  0.3562395002  5.960458e-01 1.07400000000000000002
1  2.00e+05  0.3303962553  5.960458e-01 1.07400000000000000002
1  2.09e+05  0.3048430634  5.960458e-01 1.07400000000000000002
1  2.19e+05  0.2888386363  5.960458e-01 1.07400000000000000002
1  2.29e+05  0.2855027785  5.960458e-01 1.07400000000000000002
1  2.40e+05  0.2926060922  5.960458e-01 1.07400000000000000002
1  2.51e+05  0.3051045632  5.960458e-01 1.07400000000000000002
1  2.63e+05  0.3177275219  5.960458e-01 1.07400000000000000002
1  2.75e+05  0.3266682526  5.960458e-01 1.07400000000000000002
1  2.88e+05  0.3301825318  5.960458e-01 1.07400000000000000002
1  3.02e+05  0.3283624834  5.960458e-01 1.07400000000000000002
1  3.16e+05  0.3224978995  5.960458e-01 1.07400000000000000002
1  3.31e+05  0.3143757203  5.960458e-01 1.07400000000000000002
1  3.47e+05  0.3057271854  5.960458e-01 1.07400000000000000002
1  3.63e+05  0.2978973544  5.960458e-01 1.07400000000000000002
1  3.80e+05  0.2917210358  5.960458e-01 1.07400000000000000002
1  3.98e+05  0.2875463762  5.960458e-01 1.07400000000000000002
1  4.17e+05  0.2853399053  5.960458e-01 1.07400000000000000002
1  4.37e+05  0.2848187666  5.960458e-01 1.07400000000000000002
1  4.57e+05  0.2855744536  5.960458e-01 1.07400000000000000002
1  4.79e+05  0.2871698623  5.960458e-01 1.07400000000000000002
1  5.01e+05  0.2892044531  5.960458e-01 1.07400000000000000002
1  5.25e+05  0.2913502299  5.960458e-01 1.07400000000000000002
1  5.50e+05  0.2933649591  5.960458e-01 1.07400000000000000002
1  5.75e+05  0.2950898986  5.960458e-01 1.07400000000000000002
1  6.03e+05  0.2964385292  5.960458e-01 1.07400000000000000002
1  6.31e+05  0.2973813038  5.960458e-01 1.07400000000000000002
1  6.61e+05  0.2979279699  5.960458e-01 1.07400000000000000002
1  6.92e+05  0.298118696  5.960458e-01 1.07400000000000000002
1  7.24e+05  0.2980076518  5.960458e-01 1.07400000000000000002
1  7.59e+05  0.297654388  5.960458e-01 1.07400000000000000002
1  7.94e+05  0.2971181442  5.960458e-01 1.07400000000000000002
1  8.32e+05  0.2964537097  5.960458e-01 1.07400000000000000002
1  8.71e+05  0.2957090675  5.960458e-01 1.07400000000000000002
1  9.12e+05  0.2949243618  5.960458e-01 1.07400000000000000002
1  9.55e+05  0.2941317864  5.960458e-01 1.07400000000000000002
1  1.00e+06  0.293356064  5.960458e-01 1.07400000000000000002
1  1.05e+06  0.2926152641  5.960458e-01 1.07400000000000000002
1  1.10e+06  0.291921775  5.960458e-01 1.07400000000000000002
1  1.15e+06  0.2912833071  5.960458e-01 1.07400000000000000002
1  1.20e+06  0.2907038447  5.960458e-01 1.07400000000000000002
1  1.26e+06  0.2901845039  5.960458e-01 1.07400000000000000002
1  1.32e+06  0.2897242737  5.960458e-01 1.07400000000000000002
1  1.38e+06  0.2893206343  5.960458e-01 1.07400000000000000002
1  1.45e+06  0.2889700604  5.960458e-01 1.07400000000000000002
1  1.51e+06  0.2886684176  5.960458e-01 1.07400000000000000002
1  1.58e+06  0.2884112675  5.960458e-01 1.07400000000000000002
1  1.66e+06  0.2881941715  5.960458e-01 1.07400000000000000002
1  1.74e+06  0.2880125417  5.960458e-01 1.07400000000000000002
1  1.82e+06  0.2878622338  5.960458e-01 1.07400000000000000002
1  1.91e+06  0.2877392921  5.960458e-01 1.07400000000000000002
1  2.00e+06  0.2876400758  5.960458e-01 1.07400000000000000002
1  2.09e+06  0.2875612778  5.960458e-01 1.07400000000000000002
1  2.19e+06  0.2874999281  5.960458e-01 1.07400000000000000002
1  2.29e+06  0.2874533848  5.960458e-01 1.07400000000000000002
1  2.40e+06  0.287419317  5.960458e-01 1.07400000000000000002
1  2.51e+06  0.2873956839  5.960458e-01 1.07400000000000000002
1  2.63e+06  0.2873807106  5.960458e-01 1.07400000000000000002
1  2.75e+06  0.2873728627  5.960458e-01 1.07400000000000000002
1  2.88e+06  0.2873708218  5.960458e-01 1.07400000000000000002
1  3.02e+06  0.2873734612  5.960458e-01 1.07400000000000000002
1  3.16e+06  0.287379823  5.960458e-01 1.07400000000000000002
1  3.31e+06  0.2873891173  5.960458e-01 1.07400000000000000002
1  3.47e+06  0.2874006225  5.960458e-01 1.07400000000000000002
1  3.63e+06  0.287413791  5.960458e-01 1.07400000000000000002
1  3.80e+06  0.2874281498  5.960458e-01 1.07400000000000000002
1  3.98e+06  0.2874433086  5.960458e-01 1.07400000000000000002
1  4.17e+06  0.2874589476  5.960458e-01 1.07400000000000000002
1  4.37e+06  0.2874748069  5.960458e-01 1.07400000000000000002
1  4.57e+06  0.2874906772  5.960458e-01 1.07400000000000000002
1  4.79e+06  0.2875063922  5.960458e-01 1.07400000000000000002
1  5.01e+06  0.2875218214  5.960458e-01 1.07400000000000000002
1  5.25e+06  0.2875368643  5.960458e-01 1.07400000000000000002
1  5.50e+06  0.2875514453  5.960458e-01 1.07400000000000000002
1  5.75e+06  0.2875655097  5.960458e-01 1.07400000000000000002
1  6.03e+06  0.2875790196  5.960458e-01 1.07400000000000000002
1  6.31e+06  0.2875919509  5.960458e-01 1.07400000000000000002
1  6.61e+06  0.2876042962  5.960458e-01 1.07400000000000000002
1  6.92e+06  0.2876160408  5.960458e-01 1.07400000000000000002
1  7.24e+06  0.287627194  5.960458e-01 1.07400000000000000002
1  7.59e+06  0.2876377648  5.960458e-01 1.07400000000000000002
1  7.94e+06  0.2876477669  5.960458e-01 1.07400000000000000002
1  8.32e+06  0.2876572169  5.960458e-01 1.07400000000000000002
1  8.71e+06  0.287666134  5.960458e-01 1.07400000000000000002
1  9.12e+06  0.2876745392  5.960458e-01 1.07400000000000000002
1  9.55e+06  0.2876824545  5.960458e-01 1.07400000000000000002
1  1.00e+07  0.2876899023  5.960458e-01 1.07400000000000000002
