1  1.00e-03  0.197234044  6.015956e-01 1.08400000000000000001
1  1.05e-03  0.1972340406  6.015956e-01 1.08400000000000000001
1  1.10e-03  0.1972340449  6.015956e-01 1.08400000000000000001
1  1.15e-03  0.1972340417  6.015956e-01 1.08400000000000000001
1  1.20e-03  0.1972340448  6.015956e-01 1.08400000000000000001
1  1.26e-03  0.1972340452  6.015956e-01 1.08400000000000000001
1  1.32e-03  0.197234047  6.015956e-01 1.08400000000000000001
1  1.38e-03  0.1972340447  6.015956e-01 1.08400000000000000001
1  1.45e-03  0.1972340438  6.015956e-01 1.08400000000000000001
1  1.51e-03  0.1972340474  6.015956e-01 1.08400000000000000001
1  1.58e-03  0.1972340451  6.015956e-01 1.08400000000000000001
1  1.66e-03  0.1972340451  6.015956e-01 1.08400000000000000001
1  1.74e-03  0.1972340453  6.015956e-01 1.08400000000000000001
1  1.82e-03  0.1972340446  6.015956e-01 1.08400000000000000001
1  1.91e-03  0.1972340433  6.015956e-01 1.08400000000000000001
1  2.00e-03  0.1972340439  6.015956e-01 1.08400000000000000001
1  2.09e-03  0.197234048  6.015956e-01 1.08400000000000000001
1  2.19e-03  0.1972340488  6.015956e-01 1.08400000000000000001
1  2.29e-03  0.1972340449  6.015956e-01 1.08400000000000000001
1  2.40e-03  0.1972340452  6.015956e-01 1.08400000000000000001
1  2.51e-03  0.1972340492  6.015956e-01 1.08400000000000000001
1  2.63e-03  0.1972340468  6.015956e-01 1.08400000000000000001
1  2.75e-03  0.1972340466  6.015956e-01 1.08400000000000000001
1  2.88e-03  0.1972381211  6.015956e-01 1.08400000000000000001
1  3.02e-03  0.1972340492  6.015956e-01 1.08400000000000000001
1  3.16e-03  0.197234048  6.015956e-01 1.08400000000000000001
1  3.31e-03  0.197234049  6.015956e-01 1.08400000000000000001
1  3.47e-03  0.1972340466  6.015956e-01 1.08400000000000000001
1  3.63e-03  0.1972340488  6.015956e-01 1.08400000000000000001
1  3.80e-03  0.1972340484  6.015956e-01 1.08400000000000000001
1  3.98e-03  0.1972340453  6.015956e-01 1.08400000000000000001
1  4.17e-03  0.1972340518  6.015956e-01 1.08400000000000000001
1  4.37e-03  0.1972340486  6.015956e-01 1.08400000000000000001
1  4.57e-03  0.1972340485  6.015956e-01 1.08400000000000000001
1  4.79e-03  0.1972340501  6.015956e-01 1.08400000000000000001
1  5.01e-03  0.1972340458  6.015956e-01 1.08400000000000000001
1  5.25e-03  0.1972340501  6.015956e-01 1.08400000000000000001
1  5.50e-03  0.1972340469  6.015956e-01 1.08400000000000000001
1  5.75e-03  0.1972340533  6.015956e-01 1.08400000000000000001
1  6.03e-03  0.1972340595  6.015956e-01 1.08400000000000000001
1  6.31e-03  0.1972340518  6.015956e-01 1.08400000000000000001
1  6.61e-03  0.1972340537  6.015956e-01 1.08400000000000000001
1  6.92e-03  0.1972340535  6.015956e-01 1.08400000000000000001
1  7.24e-03  0.1972340537  6.015956e-01 1.08400000000000000001
1  7.59e-03  0.1972340582  6.015956e-01 1.08400000000000000001
1  7.94e-03  0.197234053  6.015956e-01 1.08400000000000000001
1  8.32e-03  0.1972340607  6.015956e-01 1.08400000000000000001
1  8.71e-03  0.1972340559  6.015956e-01 1.08400000000000000001
1  9.12e-03  0.197234062  6.015956e-01 1.08400000000000000001
1  9.55e-03  0.1972340591  6.015956e-01 1.08400000000000000001
1  1.00e-02  0.1972340628  6.015956e-01 1.08400000000000000001
1  1.05e-02  0.197234082  6.015956e-01 1.08400000000000000001
1  1.10e-02  0.1972340661  6.015956e-01 1.08400000000000000001
1  1.15e-02  0.1972340515  6.015956e-01 1.08400000000000000001
1  1.20e-02  0.1972340597  6.015956e-01 1.08400000000000000001
1  1.26e-02  0.1972340668  6.015956e-01 1.08400000000000000001
1  1.32e-02  0.1972340528  6.015956e-01 1.08400000000000000001
1  1.38e-02  0.1972340537  6.015956e-01 1.08400000000000000001
1  1.45e-02  0.1972340534  6.015956e-01 1.08400000000000000001
1  1.51e-02  0.1972340496  6.015956e-01 1.08400000000000000001
1  1.58e-02  0.1972340553  6.015956e-01 1.08400000000000000001
1  1.66e-02  0.1972340662  6.015956e-01 1.08400000000000000001
1  1.74e-02  0.1972340583  6.015956e-01 1.08400000000000000001
1  1.82e-02  0.1972537266  6.015956e-01 1.08400000000000000001
1  1.91e-02  0.1972340906  6.015956e-01 1.08400000000000000001
1  2.00e-02  0.1972340774  6.015956e-01 1.08400000000000000001
1  2.09e-02  0.1972340552  6.015956e-01 1.08400000000000000001
1  2.19e-02  0.1972340753  6.015956e-01 1.08400000000000000001
1  2.29e-02  0.1972339421  6.015956e-01 1.08400000000000000001
1  2.40e-02  0.1972534244  6.015956e-01 1.08400000000000000001
1  2.51e-02  0.1972340813  6.015956e-01 1.08400000000000000001
1  2.63e-02  0.1972340852  6.015956e-01 1.08400000000000000001
1  2.75e-02  0.1972341373  6.015956e-01 1.08400000000000000001
1  2.88e-02  0.1972341257  6.015956e-01 1.08400000000000000001
1  3.02e-02  0.1972340506  6.015956e-01 1.08400000000000000001
1  3.16e-02  0.1972340967  6.015956e-01 1.08400000000000000001
1  3.31e-02  0.1972341068  6.015956e-01 1.08400000000000000001
1  3.47e-02  0.1972341214  6.015956e-01 1.08400000000000000001
1  3.63e-02  0.1972340479  6.015956e-01 1.08400000000000000001
1  3.80e-02  0.1972340936  6.015956e-01 1.08400000000000000001
1  3.98e-02  0.1972340699  6.015956e-01 1.08400000000000000001
1  4.17e-02  0.1972341432  6.015956e-01 1.08400000000000000001
1  4.37e-02  0.1972341579  6.015956e-01 1.08400000000000000001
1  4.57e-02  0.1972341658  6.015956e-01 1.08400000000000000001
1  4.79e-02  0.1972348977  6.015956e-01 1.08400000000000000001
1  5.01e-02  0.1972342054  6.015956e-01 1.08400000000000000001
1  5.25e-02  0.1972341761  6.015956e-01 1.08400000000000000001
1  5.50e-02  0.1972341684  6.015956e-01 1.08400000000000000001
1  5.75e-02  0.1972341765  6.015956e-01 1.08400000000000000001
1  6.03e-02  0.1972341191  6.015956e-01 1.08400000000000000001
1  6.31e-02  0.1972342061  6.015956e-01 1.08400000000000000001
1  6.61e-02  0.1972341678  6.015956e-01 1.08400000000000000001
1  6.92e-02  0.1972341333  6.015956e-01 1.08400000000000000001
1  7.24e-02  0.197234154  6.015956e-01 1.08400000000000000001
1  7.59e-02  0.1972344209  6.015956e-01 1.08400000000000000001
1  7.94e-02  0.1972337759  6.015956e-01 1.08400000000000000001
1  8.32e-02  0.1972342224  6.015956e-01 1.08400000000000000001
1  8.71e-02  0.1972342194  6.015956e-01 1.08400000000000000001
1  9.12e-02  0.1972342489  6.015956e-01 1.08400000000000000001
1  9.55e-02  0.1972342762  6.015956e-01 1.08400000000000000001
1  1.00e-01  0.1972342795  6.015956e-01 1.08400000000000000001
1  1.05e-01  0.1972343133  6.015956e-01 1.08400000000000000001
1  1.10e-01  0.1972342491  6.015956e-01 1.08400000000000000001
1  1.15e-01  0.1972341446  6.015956e-01 1.08400000000000000001
1  1.20e-01  0.1972342498  6.015956e-01 1.08400000000000000001
1  1.26e-01  0.1972342239  6.015956e-01 1.08400000000000000001
1  1.32e-01  0.19723412  6.015956e-01 1.08400000000000000001
1  1.38e-01  0.1972341159  6.015956e-01 1.08400000000000000001
1  1.45e-01  0.1972342722  6.015956e-01 1.08400000000000000001
1  1.51e-01  0.1972343165  6.015956e-01 1.08400000000000000001
1  1.58e-01  0.1972345363  6.015956e-01 1.08400000000000000001
1  1.66e-01  0.197234771  6.015956e-01 1.08400000000000000001
1  1.74e-01  0.197234366  6.015956e-01 1.08400000000000000001
1  1.82e-01  0.1972343492  6.015956e-01 1.08400000000000000001
1  1.91e-01  0.1972341439  6.015956e-01 1.08400000000000000001
1  2.00e-01  0.1972342193  6.015956e-01 1.08400000000000000001
1  2.09e-01  0.1972343771  6.015956e-01 1.08400000000000000001
1  2.19e-01  0.1972343824  6.015956e-01 1.08400000000000000001
1  2.29e-01  0.1972343367  6.015956e-01 1.08400000000000000001
1  2.40e-01  0.1972344011  6.015956e-01 1.08400000000000000001
1  2.51e-01  0.1972341226  6.015956e-01 1.08400000000000000001
1  2.63e-01  0.1972344252  6.015956e-01 1.08400000000000000001
1  2.75e-01  0.1972343259  6.015956e-01 1.08400000000000000001
1  2.88e-01  0.1972345693  6.015956e-01 1.08400000000000000001
1  3.02e-01  0.197234399  6.015956e-01 1.08400000000000000001
1  3.16e-01  0.1972346352  6.015956e-01 1.08400000000000000001
1  3.31e-01  0.1972342651  6.015956e-01 1.08400000000000000001
1  3.47e-01  0.1972342067  6.015956e-01 1.08400000000000000001
1  3.63e-01  0.1972347002  6.015956e-01 1.08400000000000000001
1  3.80e-01  0.1972343018  6.015956e-01 1.08400000000000000001
1  3.98e-01  0.1972343597  6.015956e-01 1.08400000000000000001
1  4.17e-01  0.1972341  6.015956e-01 1.08400000000000000001
1  4.37e-01  0.197234663  6.015956e-01 1.08400000000000000001
1  4.57e-01  0.1972341939  6.015956e-01 1.08400000000000000001
1  4.79e-01  0.1972341328  6.015956e-01 1.08400000000000000001
1  5.01e-01  0.1972341239  6.015956e-01 1.08400000000000000001
1  5.25e-01  0.1972343804  6.015956e-01 1.08400000000000000001
1  5.50e-01  0.1972346359  6.015956e-01 1.08400000000000000001
1  5.75e-01  0.1972357191  6.015956e-01 1.08400000000000000001
1  6.03e-01  0.1972349471  6.015956e-01 1.08400000000000000001
1  6.31e-01  0.1972356558  6.015956e-01 1.08400000000000000001
1  6.61e-01  0.1972341943  6.015956e-01 1.08400000000000000001
1  6.92e-01  0.1972340016  6.015956e-01 1.08400000000000000001
1  7.24e-01  0.1972349844  6.015956e-01 1.08400000000000000001
1  7.59e-01  0.1972343532  6.015956e-01 1.08400000000000000001
1  7.94e-01  0.1972352859  6.015956e-01 1.08400000000000000001
1  8.32e-01  0.1972347505  6.015956e-01 1.08400000000000000001
1  8.71e-01  0.1971900628  6.015956e-01 1.08400000000000000001
1  9.12e-01  0.1972343345  6.015956e-01 1.08400000000000000001
1  9.55e-01  0.1972350172  6.015956e-01 1.08400000000000000001
1  1.00e+00  0.1972393846  6.015956e-01 1.08400000000000000001
1  1.05e+00  0.1972345272  6.015956e-01 1.08400000000000000001
1  1.10e+00  0.1972354954  6.015956e-01 1.08400000000000000001
1  1.15e+00  0.197233966  6.015956e-01 1.08400000000000000001
1  1.20e+00  0.1972350422  6.015956e-01 1.08400000000000000001
1  1.26e+00  0.1971612948  6.015956e-01 1.08400000000000000001
1  1.32e+00  0.1972353983  6.015956e-01 1.08400000000000000001
1  1.38e+00  0.197233878  6.015956e-01 1.08400000000000000001
1  1.45e+00  0.1972793307  6.015956e-01 1.08400000000000000001
1  1.51e+00  0.1972343507  6.015956e-01 1.08400000000000000001
1  1.58e+00  0.1972346683  6.015956e-01 1.08400000000000000001
1  1.66e+00  0.197234114  6.015956e-01 1.08400000000000000001
1  1.74e+00  0.1972368309  6.015956e-01 1.08400000000000000001
1  1.82e+00  0.1972365245  6.015956e-01 1.08400000000000000001
1  1.91e+00  0.1972344719  6.015956e-01 1.08400000000000000001
1  2.00e+00  0.1972357058  6.015956e-01 1.08400000000000000001
1  2.09e+00  0.1972340814  6.015956e-01 1.08400000000000000001
1  2.19e+00  0.1972353759  6.015956e-01 1.08400000000000000001
1  2.29e+00  0.1972356118  6.015956e-01 1.08400000000000000001
1  2.40e+00  0.1972411108  6.015956e-01 1.08400000000000000001
1  2.51e+00  0.1972384213  6.015956e-01 1.08400000000000000001
1  2.63e+00  0.1972341374  6.015956e-01 1.08400000000000000001
1  2.75e+00  0.1972354969  6.015956e-01 1.08400000000000000001
1  2.88e+00  0.1973543889  6.015956e-01 1.08400000000000000001
1  3.02e+00  0.1972555761  6.015956e-01 1.08400000000000000001
1  3.16e+00  0.1972412674  6.015956e-01 1.08400000000000000001
1  3.31e+00  0.197274669  6.015956e-01 1.08400000000000000001
1  3.47e+00  0.197359888  6.015956e-01 1.08400000000000000001
1  3.63e+00  0.1972993235  6.015956e-01 1.08400000000000000001
1  3.80e+00  0.1972365059  6.015956e-01 1.08400000000000000001
1  3.98e+00  0.1972393711  6.015956e-01 1.08400000000000000001
1  4.17e+00  0.1972354065  6.015956e-01 1.08400000000000000001
1  4.37e+00  0.1972369352  6.015956e-01 1.08400000000000000001
1  4.57e+00  0.1972345257  6.015956e-01 1.08400000000000000001
1  4.79e+00  0.1972397304  6.015956e-01 1.08400000000000000001
1  5.01e+00  0.1972360514  6.015956e-01 1.08400000000000000001
1  5.25e+00  0.197232375  6.015956e-01 1.08400000000000000001
1  5.50e+00  0.1971314578  6.015956e-01 1.08400000000000000001
1  5.75e+00  0.1972368023  6.015956e-01 1.08400000000000000001
1  6.03e+00  0.197179613  6.015956e-01 1.08400000000000000001
1  6.31e+00  0.1972338017  6.015956e-01 1.08400000000000000001
1  6.61e+00  0.1972335041  6.015956e-01 1.08400000000000000001
1  6.92e+00  0.1972403547  6.015956e-01 1.08400000000000000001
1  7.24e+00  0.1972400159  6.015956e-01 1.08400000000000000001
1  7.59e+00  0.1971002904  6.015956e-01 1.08400000000000000001
1  7.94e+00  0.1972864751  6.015956e-01 1.08400000000000000001
1  8.32e+00  0.1975305846  6.015956e-01 1.08400000000000000001
1  8.71e+00  0.1972631366  6.015956e-01 1.08400000000000000001
1  9.12e+00  0.1972650805  6.015956e-01 1.08400000000000000001
1  9.55e+00  0.1972809365  6.015956e-01 1.08400000000000000001
1  1.00e+01  0.1970744814  6.015956e-01 1.08400000000000000001
1  1.05e+01  0.1969904631  6.015956e-01 1.08400000000000000001
1  1.10e+01  0.1971654944  6.015956e-01 1.08400000000000000001
1  1.15e+01  0.1972660578  6.015956e-01 1.08400000000000000001
1  1.20e+01  0.1971930216  6.015956e-01 1.08400000000000000001
1  1.26e+01  0.1972118496  6.015956e-01 1.08400000000000000001
1  1.32e+01  0.1972448367  6.015956e-01 1.08400000000000000001
1  1.38e+01  0.1972388514  6.015956e-01 1.08400000000000000001
1  1.45e+01  0.1972534772  6.015956e-01 1.08400000000000000001
1  1.51e+01  0.1972491616  6.015956e-01 1.08400000000000000001
1  1.58e+01  0.1972518756  6.015956e-01 1.08400000000000000001
1  1.66e+01  0.1971245432  6.015956e-01 1.08400000000000000001
1  1.74e+01  0.1978456333  6.015956e-01 1.08400000000000000001
1  1.82e+01  0.1977170168  6.015956e-01 1.08400000000000000001
1  1.91e+01  0.1972592478  6.015956e-01 1.08400000000000000001
1  2.00e+01  0.1973510356  6.015956e-01 1.08400000000000000001
1  2.09e+01  0.1988237769  6.015956e-01 1.08400000000000000001
1  2.19e+01  0.1967757006  6.015956e-01 1.08400000000000000001
1  2.29e+01  0.1970420258  6.015956e-01 1.08400000000000000001
1  2.40e+01  0.1976117721  6.015956e-01 1.08400000000000000001
1  2.51e+01  0.1973855619  6.015956e-01 1.08400000000000000001
1  2.63e+01  0.1989555056  6.015956e-01 1.08400000000000000001
1  2.75e+01  0.1976733036  6.015956e-01 1.08400000000000000001
1  2.88e+01  0.1979270913  6.015956e-01 1.08400000000000000001
1  3.02e+01  0.1976178602  6.015956e-01 1.08400000000000000001
1  3.16e+01  0.1974548648  6.015956e-01 1.08400000000000000001
1  3.31e+01  0.1977696708  6.015956e-01 1.08400000000000000001
1  3.47e+01  0.1967971825  6.015956e-01 1.08400000000000000001
1  3.63e+01  0.1976521587  6.015956e-01 1.08400000000000000001
1  3.80e+01  0.1964650241  6.015956e-01 1.08400000000000000001
1  3.98e+01  0.1976334396  6.015956e-01 1.08400000000000000001
1  4.17e+01  0.197077582  6.015956e-01 1.08400000000000000001
1  4.37e+01  0.1973395521  6.015956e-01 1.08400000000000000001
1  4.57e+01  0.1971522848  6.015956e-01 1.08400000000000000001
1  4.79e+01  0.1965801642  6.015956e-01 1.08400000000000000001
1  5.01e+01  0.1972222728  6.015956e-01 1.08400000000000000001
1  5.25e+01  0.1973368041  6.015956e-01 1.08400000000000000001
1  5.50e+01  0.1968800707  6.015956e-01 1.08400000000000000001
1  5.75e+01  0.1962643475  6.015956e-01 1.08400000000000000001
1  6.03e+01  0.1972435749  6.015956e-01 1.08400000000000000001
1  6.31e+01  0.1973071554  6.015956e-01 1.08400000000000000001
1  6.61e+01  0.1972243097  6.015956e-01 1.08400000000000000001
1  6.92e+01  0.1973540529  6.015956e-01 1.08400000000000000001
1  7.24e+01  0.1973667763  6.015956e-01 1.08400000000000000001
1  7.59e+01  0.1972464892  6.015956e-01 1.08400000000000000001
1  7.94e+01  0.1978334228  6.015956e-01 1.08400000000000000001
1  8.32e+01  0.1972430001  6.015956e-01 1.08400000000000000001
1  8.71e+01  0.1971396848  6.015956e-01 1.08400000000000000001
1  9.12e+01  0.1973536942  6.015956e-01 1.08400000000000000001
1  9.55e+01  0.198173929  6.015956e-01 1.08400000000000000001
1  1.00e+02  0.1982189796  6.015956e-01 1.08400000000000000001
1  1.05e+02  0.1973669902  6.015956e-01 1.08400000000000000001
1  1.10e+02  0.1970932214  6.015956e-01 1.08400000000000000001
1  1.15e+02  0.1973768043  6.015956e-01 1.08400000000000000001
1  1.20e+02  0.1973690609  6.015956e-01 1.08400000000000000001
1  1.26e+02  0.1964487812  6.015956e-01 1.08400000000000000001
1  1.32e+02  0.1973436402  6.015956e-01 1.08400000000000000001
1  1.38e+02  0.1972402406  6.015956e-01 1.08400000000000000001
1  1.45e+02  0.1974532139  6.015956e-01 1.08400000000000000001
1  1.51e+02  0.1974473324  6.015956e-01 1.08400000000000000001
1  1.58e+02  0.1980568813  6.015956e-01 1.08400000000000000001
1  1.66e+02  0.1978243822  6.015956e-01 1.08400000000000000001
1  1.74e+02  0.1974092181  6.015956e-01 1.08400000000000000001
1  1.82e+02  0.1973066404  6.015956e-01 1.08400000000000000001
1  1.91e+02  0.1971024797  6.015956e-01 1.08400000000000000001
1  2.00e+02  0.1977627753  6.015956e-01 1.08400000000000000001
1  2.09e+02  0.1970893228  6.015956e-01 1.08400000000000000001
1  2.19e+02  0.1973572674  6.015956e-01 1.08400000000000000001
1  2.29e+02  0.1974059912  6.015956e-01 1.08400000000000000001
1  2.40e+02  0.1971782191  6.015956e-01 1.08400000000000000001
1  2.51e+02  0.1970887094  6.015956e-01 1.08400000000000000001
1  2.63e+02  0.1969258158  6.015956e-01 1.08400000000000000001
1  2.75e+02  0.1973578302  6.015956e-01 1.08400000000000000001
1  2.88e+02  0.1973564501  6.015956e-01 1.08400000000000000001
1  3.02e+02  0.1975309789  6.015956e-01 1.08400000000000000001
1  3.16e+02  0.1972188126  6.015956e-01 1.08400000000000000001
1  3.31e+02  0.1980631736  6.015956e-01 1.08400000000000000001
1  3.47e+02  0.1973546662  6.015956e-01 1.08400000000000000001
1  3.63e+02  0.197205742  6.015956e-01 1.08400000000000000001
1  3.80e+02  0.1972077365  6.015956e-01 1.08400000000000000001
1  3.98e+02  0.1977337723  6.015956e-01 1.08400000000000000001
1  4.17e+02  0.1976047785  6.015956e-01 1.08400000000000000001
1  4.37e+02  0.1976948596  6.015956e-01 1.08400000000000000001
1  4.57e+02  0.1975439069  6.015956e-01 1.08400000000000000001
1  4.79e+02  0.1977972193  6.015956e-01 1.08400000000000000001
1  5.01e+02  0.1971975584  6.015956e-01 1.08400000000000000001
1  5.25e+02  0.1982727694  6.015956e-01 1.08400000000000000001
1  5.50e+02  0.1973256615  6.015956e-01 1.08400000000000000001
1  5.75e+02  0.1982585783  6.015956e-01 1.08400000000000000001
1  6.03e+02  0.1987486401  6.015956e-01 1.08400000000000000001
1  6.31e+02  0.1972720528  6.015956e-01 1.08400000000000000001
1  6.61e+02  0.1972124889  6.015956e-01 1.08400000000000000001
1  6.92e+02  0.196866481  6.015956e-01 1.08400000000000000001
1  7.24e+02  0.1973733949  6.015956e-01 1.08400000000000000001
1  7.59e+02  0.1974729269  6.015956e-01 1.08400000000000000001
1  7.94e+02  0.1974584261  6.015956e-01 1.08400000000000000001
1  8.32e+02  0.1976240556  6.015956e-01 1.08400000000000000001
1  8.71e+02  0.1982909494  6.015956e-01 1.08400000000000000001
1  9.12e+02  0.1983415466  6.015956e-01 1.08400000000000000001
1  9.55e+02  0.1976681753  6.015956e-01 1.08400000000000000001
1  1.00e+03  0.1975308599  6.015956e-01 1.08400000000000000001
1  1.05e+03  0.198387622  6.015956e-01 1.08400000000000000001
1  1.10e+03  0.1981286237  6.015956e-01 1.08400000000000000001
1  1.15e+03  0.1978562267  6.015956e-01 1.08400000000000000001
1  1.20e+03  0.1993313047  6.015956e-01 1.08400000000000000001
1  1.26e+03  0.1987434183  6.015956e-01 1.08400000000000000001
1  1.32e+03  0.1974974284  6.015956e-01 1.08400000000000000001
1  1.38e+03  0.1967942135  6.015956e-01 1.08400000000000000001
1  1.45e+03  0.1987998579  6.015956e-01 1.08400000000000000001
1  1.51e+03  0.1971893695  6.015956e-01 1.08400000000000000001
1  1.58e+03  0.2026042522  6.015956e-01 1.08400000000000000001
1  1.66e+03  0.2020202678  6.015956e-01 1.08400000000000000001
1  1.74e+03  0.201785984  6.015956e-01 1.08400000000000000001
1  1.82e+03  0.1981824453  6.015956e-01 1.08400000000000000001
1  1.91e+03  0.1929465476  6.015956e-01 1.08400000000000000001
1  2.00e+03  0.1967868556  6.015956e-01 1.08400000000000000001
1  2.09e+03  0.1947028902  6.015956e-01 1.08400000000000000001
1  2.19e+03  0.1922391568  6.015956e-01 1.08400000000000000001
1  2.29e+03  0.1932546882  6.015956e-01 1.08400000000000000001
1  2.40e+03  0.1959224119  6.015956e-01 1.08400000000000000001
1  2.51e+03  0.2072531924  6.015956e-01 1.08400000000000000001
1  2.63e+03  0.2131697438  6.015956e-01 1.08400000000000000001
1  2.75e+03  0.1983532007  6.015956e-01 1.08400000000000000001
1  2.88e+03  0.2216104934  6.015956e-01 1.08400000000000000001
1  3.02e+03  0.2188825546  6.015956e-01 1.08400000000000000001
1  3.16e+03  0.2005972856  6.015956e-01 1.08400000000000000001
1  3.31e+03  0.1897943165  6.015956e-01 1.08400000000000000001
1  3.47e+03  0.1822565112  6.015956e-01 1.08400000000000000001
1  3.63e+03  0.2011318469  6.015956e-01 1.08400000000000000001
1  3.80e+03  0.1866328061  6.015956e-01 1.08400000000000000001
1  3.98e+03  0.2000565129  6.015956e-01 1.08400000000000000001
1  4.17e+03  0.1742756201  6.015956e-01 1.08400000000000000001
1  4.37e+03  0.2080607264  6.015956e-01 1.08400000000000000001
1  4.57e+03  0.1746664799  6.015956e-01 1.08400000000000000001
1  4.79e+03  0.1676501651  6.015956e-01 1.08400000000000000001
1  5.01e+03  0.192643563  6.015956e-01 1.08400000000000000001
1  5.25e+03  0.2099987062  6.015956e-01 1.08400000000000000001
1  5.50e+03  0.1450226808  6.015956e-01 1.08400000000000000001
1  5.75e+03  0.2153260789  6.015956e-01 1.08400000000000000001
1  6.03e+03  0.136203035  6.015956e-01 1.08400000000000000001
1  6.31e+03  0.2048670824  6.015956e-01 1.08400000000000000001
1  6.61e+03  0.2240519435  6.015956e-01 1.08400000000000000001
1  6.92e+03  0.3310794772  6.015956e-01 1.08400000000000000001
1  7.24e+03  0.1504106952  6.015956e-01 1.08400000000000000001
1  7.59e+03  0.238882639  6.015956e-01 1.08400000000000000001
1  7.94e+03  0.2042641647  6.015956e-01 1.08400000000000000001
1  8.32e+03  0.2026847631  6.015956e-01 1.08400000000000000001
1  8.71e+03  0.3020255377  6.015956e-01 1.08400000000000000001
1  9.12e+03  0.3000137756  6.015956e-01 1.08400000000000000001
1  9.55e+03  0.2477294189  6.015956e-01 1.08400000000000000001
1  1.00e+04  0.1822709883  6.015956e-01 1.08400000000000000001
1  1.05e+04  0.2584715742  6.015956e-01 1.08400000000000000001
1  1.10e+04  0.2067672113  6.015956e-01 1.08400000000000000001
1  1.15e+04  0.2174293649  6.015956e-01 1.08400000000000000001
1  1.20e+04  0.1620433352  6.015956e-01 1.08400000000000000001
1  1.26e+04  0.4220772433  6.015956e-01 1.08400000000000000001
1  1.32e+04  0.1581436181  6.015956e-01 1.08400000000000000001
1  1.38e+04  0.4923173644  6.015956e-01 1.08400000000000000001
1  1.45e+04  0.1723900455  6.015956e-01 1.08400000000000000001
1  1.51e+04  0.413509682  6.015956e-01 1.08400000000000000001
1  1.58e+04  0.1710175192  6.015956e-01 1.08400000000000000001
1  1.66e+04  0.1988555326  6.015956e-01 1.08400000000000000001
1  1.74e+04  0.2470384485  6.015956e-01 1.08400000000000000001
1  1.82e+04  0.2301617704  6.015956e-01 1.08400000000000000001
1  1.91e+04  0.6001294992  6.015956e-01 1.08400000000000000001
1  2.00e+04  0.2016278915  6.015956e-01 1.08400000000000000001
1  2.09e+04  0.1908497082  6.015956e-01 1.08400000000000000001
1  2.19e+04  0.5391162707  6.015956e-01 1.08400000000000000001
1  2.29e+04  0.2993968374  6.015956e-01 1.08400000000000000001
1  2.40e+04  0.2170784023  6.015956e-01 1.08400000000000000001
1  2.51e+04  0.494744125  6.015956e-01 1.08400000000000000001
1  2.63e+04  0.2810377758  6.015956e-01 1.08400000000000000001
1  2.75e+04  0.361617369  6.015956e-01 1.08400000000000000001
1  2.88e+04  0.2108439383  6.015956e-01 1.08400000000000000001
1  3.02e+04  0.3075084179  6.015956e-01 1.08400000000000000001
1  3.16e+04  0.4843863489  6.015956e-01 1.08400000000000000001
1  3.31e+04  0.3149977172  6.015956e-01 1.08400000000000000001
1  3.47e+04  0.3102846058  6.015956e-01 1.08400000000000000001
1  3.63e+04  0.3406725446  6.015956e-01 1.08400000000000000001
1  3.80e+04  0.2029593909  6.015956e-01 1.08400000000000000001
1  3.98e+04  0.497141397  6.015956e-01 1.08400000000000000001
1  4.17e+04  0.2040908392  6.015956e-01 1.08400000000000000001
1  4.37e+04  0.5562465369  6.015956e-01 1.08400000000000000001
1  4.57e+04  0.3359895057  6.015956e-01 1.08400000000000000001
1  4.79e+04  0.2308575339  6.015956e-01 1.08400000000000000001
1  5.01e+04  0.3293726453  6.015956e-01 1.08400000000000000001
1  5.25e+04  0.3428320991  6.015956e-01 1.08400000000000000001
1  5.50e+04  0.2006692588  6.015956e-01 1.08400000000000000001
1  5.75e+04  0.3907892398  6.015956e-01 1.08400000000000000001
1  6.03e+04  0.466321879  6.015956e-01 1.08400000000000000001
1  6.31e+04  0.2197948139  6.015956e-01 1.08400000000000000001
1  6.61e+04  0.4152214145  6.015956e-01 1.08400000000000000001
1  6.92e+04  0.5490438694  6.015956e-01 1.08400000000000000001
1  7.24e+04  0.2882095849  6.015956e-01 1.08400000000000000001
1  7.59e+04  0.2103072417  6.015956e-01 1.08400000000000000001
1  7.94e+04  0.3413319793  6.015956e-01 1.08400000000000000001
1  8.32e+04  0.3536953083  6.015956e-01 1.08400000000000000001
1  8.71e+04  0.2837248306  6.015956e-01 1.08400000000000000001
1  9.12e+04  0.2442653423  6.015956e-01 1.08400000000000000001
1  9.55e+04  0.2145370751  6.015956e-01 1.08400000000000000001
1  1.00e+05  0.2168848168  6.015956e-01 1.08400000000000000001
1  1.05e+05  0.2937063064  6.015956e-01 1.08400000000000000001
1  1.10e+05  0.3722864659  6.015956e-01 1.08400000000000000001
1  1.15e+05  0.3501908456  6.015956e-01 1.08400000000000000001
1  1.20e+05  0.2538480966  6.015956e-01 1.08400000000000000001
1  1.26e+05  0.2074239026  6.015956e-01 1.08400000000000000001
1  1.32e+05  0.2756906934  6.015956e-01 1.08400000000000000001
1  1.38e+05  0.3973998655  6.015956e-01 1.08400000000000000001
1  1.45e+05  0.4638582474  6.015956e-01 1.08400000000000000001
1  1.51e+05  0.4265971313  6.015956e-01 1.08400000000000000001
1  1.58e+05  0.3264430612  6.015956e-01 1.08400000000000000001
1  1.66e+05  0.242960557  6.015956e-01 1.08400000000000000001
1  1.74e+05  0.2291526985  6.015956e-01 1.08400000000000000001
1  1.82e+05  0.2834364751  6.015956e-01 1.08400000000000000001
1  1.91e+05  0.3646948919  6.015956e-01 1.08400000000000000001
1  2.00e+05  0.4257525792  6.015956e-01 1.08400000000000000001
1  2.09e+05  0.4393460883  6.015956e-01 1.08400000000000000001
1  2.19e+05  0.4055348766  6.015956e-01 1.08400000000000000001
1  2.29e+05  0.3438903327  6.015956e-01 1.08400000000000000001
1  2.40e+05  0.2798950055  6.015956e-01 1.08400000000000000001
1  2.51e+05  0.233643365  6.015956e-01 1.08400000000000000001
1  2.63e+05  0.2144814868  6.015956e-01 1.08400000000000000001
1  2.75e+05  0.221262155  6.015956e-01 1.08400000000000000001
1  2.88e+05  0.2459089632  6.015956e-01 1.08400000000000000001
1  3.02e+05  0.2778096888  6.015956e-01 1.08400000000000000001
1  3.16e+05  0.3073607181  6.015956e-01 1.08400000000000000001
1  3.31e+05  0.3279803731  6.015956e-01 1.08400000000000000001
1  3.47e+05  0.3366571332  6.015956e-01 1.08400000000000000001
1  3.63e+05  0.3334768804  6.015956e-01 1.08400000000000000001
1  3.80e+05  0.3206478016  6.015956e-01 1.08400000000000000001
1  3.98e+05  0.3014410781  6.015956e-01 1.08400000000000000001
1  4.17e+05  0.2793045849  6.015956e-01 1.08400000000000000001
1  4.37e+05  0.2572579896  6.015956e-01 1.08400000000000000001
1  4.57e+05  0.2375724736  6.015956e-01 1.08400000000000000001
1  4.79e+05  0.2216807053  6.015956e-01 1.08400000000000000001
1  5.01e+05  0.2102426723  6.015956e-01 1.08400000000000000001
1  5.25e+05  0.2032967266  6.015956e-01 1.08400000000000000001
1  5.50e+05  0.2004404895  6.015956e-01 1.08400000000000000001
1  5.75e+05  0.2010045785  6.015956e-01 1.08400000000000000001
1  6.03e+05  0.2041985486  6.015956e-01 1.08400000000000000001
1  6.31e+05  0.209220938  6.015956e-01 1.08400000000000000001
1  6.61e+05  0.2156199141  6.015956e-01 1.08400000000000000001
1  6.92e+05  0.2226946021  6.015956e-01 1.08400000000000000001
1  7.24e+05  0.2295494258  6.015956e-01 1.08400000000000000001
1  7.59e+05  0.2358363394  6.015956e-01 1.08400000000000000001
1  7.94e+05  0.2412028235  6.015956e-01 1.08400000000000000001
1  8.32e+05  0.2456273221  6.015956e-01 1.08400000000000000001
1  8.71e+05  0.2489696395  6.015956e-01 1.08400000000000000001
1  9.12e+05  0.2512444756  6.015956e-01 1.08400000000000000001
1  9.55e+05  0.2525199458  6.015956e-01 1.08400000000000000001
1  1.00e+06  0.2528979785  6.015956e-01 1.08400000000000000001
1  1.05e+06  0.252498725  6.015956e-01 1.08400000000000000001
1  1.10e+06  0.2514487845  6.015956e-01 1.08400000000000000001
1  1.15e+06  0.249872783  6.015956e-01 1.08400000000000000001
1  1.20e+06  0.2478877385  6.015956e-01 1.08400000000000000001
1  1.26e+06  0.2455996314  6.015956e-01 1.08400000000000000001
1  1.32e+06  0.243101649  6.015956e-01 1.08400000000000000001
1  1.38e+06  0.2404736422  6.015956e-01 1.08400000000000000001
1  1.45e+06  0.2377824188  6.015956e-01 1.08400000000000000001
1  1.51e+06  0.2350825761  6.015956e-01 1.08400000000000000001
1  1.58e+06  0.2324176483  6.015956e-01 1.08400000000000000001
1  1.66e+06  0.2298868325  6.015956e-01 1.08400000000000000001
1  1.74e+06  0.2273817511  6.015956e-01 1.08400000000000000001
1  1.82e+06  0.2249886026  6.015956e-01 1.08400000000000000001
1  1.91e+06  0.222719738  6.015956e-01 1.08400000000000000001
1  2.00e+06  0.2205826279  6.015956e-01 1.08400000000000000001
1  2.09e+06  0.2185808209  6.015956e-01 1.08400000000000000001
1  2.19e+06  0.2167147737  6.015956e-01 1.08400000000000000001
1  2.29e+06  0.2149825572  6.015956e-01 1.08400000000000000001
1  2.40e+06  0.213380449  6.015956e-01 1.08400000000000000001
1  2.51e+06  0.211903424  6.015956e-01 1.08400000000000000001
1  2.63e+06  0.2105455538  6.015956e-01 1.08400000000000000001
1  2.75e+06  0.2093003296  6.015956e-01 1.08400000000000000001
1  2.88e+06  0.2081609172  6.015956e-01 1.08400000000000000001
1  3.02e+06  0.2071203577  6.015956e-01 1.08400000000000000001
1  3.16e+06  0.2061717199  6.015956e-01 1.08400000000000000001
1  3.31e+06  0.2053302234  6.015956e-01 1.08400000000000000001
1  3.47e+06  0.2045434002  6.015956e-01 1.08400000000000000001
1  3.63e+06  0.2038290213  6.015956e-01 1.08400000000000000001
1  3.80e+06  0.2031811298  6.015956e-01 1.08400000000000000001
1  3.98e+06  0.2025941169  6.015956e-01 1.08400000000000000001
1  4.17e+06  0.2020627329  6.015956e-01 1.08400000000000000001
1  4.37e+06  0.2015820889  6.015956e-01 1.08400000000000000001
1  4.57e+06  0.201147652  6.015956e-01 1.08400000000000000001
1  4.79e+06  0.2007552347  6.015956e-01 1.08400000000000000001
1  5.01e+06  0.200400981  6.015956e-01 1.08400000000000000001
1  5.25e+06  0.20008135  6.015956e-01 1.08400000000000000001
1  5.50e+06  0.1997930983  6.015956e-01 1.08400000000000000001
1  5.75e+06  0.199533261  6.015956e-01 1.08400000000000000001
1  6.03e+06  0.1992991328  6.015956e-01 1.08400000000000000001
1  6.31e+06  0.1990882498  6.015956e-01 1.08400000000000000001
1  6.61e+06  0.1989037189  6.015956e-01 1.08400000000000000001
1  6.92e+06  0.1987323113  6.015956e-01 1.08400000000000000001
1  7.24e+06  0.1985780689  6.015956e-01 1.08400000000000000001
1  7.59e+06  0.198439313  6.015956e-01 1.08400000000000000001
1  7.94e+06  0.198314523  6.015956e-01 1.08400000000000000001
1  8.32e+06  0.198202323  6.015956e-01 1.08400000000000000001
1  8.71e+06  0.1981014685  6.015956e-01 1.08400000000000000001
1  9.12e+06  0.1980108347  6.015956e-01 1.08400000000000000001
1  9.55e+06  0.1979294057  6.015956e-01 1.08400000000000000001
1  1.00e+07  0.1978562643  6.015956e-01 1.08400000000000000001
