1  1.00e-03  0.1770890461 65494.308 0.99299999999999999996
1  1.05e-03  0.1770890448 65494.308 0.99299999999999999996
1  1.10e-03  0.1770890465 65494.308 0.99299999999999999996
1  1.15e-03  0.1770890452 65494.308 0.99299999999999999996
1  1.20e-03  0.1770890481 65494.308 0.99299999999999999996
1  1.26e-03  0.1770890471 65494.308 0.99299999999999999996
1  1.32e-03  0.1770890499 65494.308 0.99299999999999999996
1  1.38e-03  0.1770890491 65494.308 0.99299999999999999996
1  1.45e-03  0.1770890461 65494.308 0.99299999999999999996
1  1.51e-03  0.1770890514 65494.308 0.99299999999999999996
1  1.58e-03  0.1770890479 65494.308 0.99299999999999999996
1  1.66e-03  0.17708905 65494.308 0.99299999999999999996
1  1.74e-03  0.1770890473 65494.308 0.99299999999999999996
1  1.82e-03  0.1770890467 65494.308 0.99299999999999999996
1  1.91e-03  0.17708905 65494.308 0.99299999999999999996
1  2.00e-03  0.177089048 65494.308 0.99299999999999999996
1  2.09e-03  0.1770890506 65494.308 0.99299999999999999996
1  2.19e-03  0.1770890507 65494.308 0.99299999999999999996
1  2.29e-03  0.1770890496 65494.308 0.99299999999999999996
1  2.40e-03  0.1770890466 65494.308 0.99299999999999999996
1  2.51e-03  0.1770890513 65494.308 0.99299999999999999996
1  2.63e-03  0.177089048 65494.308 0.99299999999999999996
1  2.75e-03  0.1770890521 65494.308 0.99299999999999999996
1  2.88e-03  0.177089053 65494.308 0.99299999999999999996
1  3.02e-03  0.1770890521 65494.308 0.99299999999999999996
1  3.16e-03  0.1770890544 65494.308 0.99299999999999999996
1  3.31e-03  0.1770890503 65494.308 0.99299999999999999996
1  3.47e-03  0.1770890521 65494.308 0.99299999999999999996
1  3.63e-03  0.1770890536 65494.308 0.99299999999999999996
1  3.80e-03  0.1770890532 65494.308 0.99299999999999999996
1  3.98e-03  0.1770890543 65494.308 0.99299999999999999996
1  4.17e-03  0.177089053 65494.308 0.99299999999999999996
1  4.37e-03  0.1770890485 65494.308 0.99299999999999999996
1  4.57e-03  0.1770890491 65494.308 0.99299999999999999996
1  4.79e-03  0.1770890564 65494.308 0.99299999999999999996
1  5.01e-03  0.1770890597 65494.308 0.99299999999999999996
1  5.25e-03  0.1770890514 65494.308 0.99299999999999999996
1  5.50e-03  0.1770890645 65494.308 0.99299999999999999996
1  5.75e-03  0.1770890576 65494.308 0.99299999999999999996
1  6.03e-03  0.1770890528 65494.308 0.99299999999999999996
1  6.31e-03  0.1770890598 65494.308 0.99299999999999999996
1  6.61e-03  0.1770890514 65494.308 0.99299999999999999996
1  6.92e-03  0.1770890607 65494.308 0.99299999999999999996
1  7.24e-03  0.1770890598 65494.308 0.99299999999999999996
1  7.59e-03  0.1770890563 65494.308 0.99299999999999999996
1  7.94e-03  0.1770890626 65494.308 0.99299999999999999996
1  8.32e-03  0.1770890633 65494.308 0.99299999999999999996
1  8.71e-03  0.1770890549 65494.308 0.99299999999999999996
1  9.12e-03  0.1770890683 65494.308 0.99299999999999999996
1  9.55e-03  0.1770890732 65494.308 0.99299999999999999996
1  1.00e-02  0.1770890582 65494.308 0.99299999999999999996
1  1.05e-02  0.1770890698 65494.308 0.99299999999999999996
1  1.10e-02  0.1770890693 65494.308 0.99299999999999999996
1  1.15e-02  0.177089062 65494.308 0.99299999999999999996
1  1.20e-02  0.1770890644 65494.308 0.99299999999999999996
1  1.26e-02  0.1770890613 65494.308 0.99299999999999999996
1  1.32e-02  0.1770890676 65494.308 0.99299999999999999996
1  1.38e-02  0.1770890616 65494.308 0.99299999999999999996
1  1.45e-02  0.1770890666 65494.308 0.99299999999999999996
1  1.51e-02  0.1770890723 65494.308 0.99299999999999999996
1  1.58e-02  0.177089064 65494.308 0.99299999999999999996
1  1.66e-02  0.1770890596 65494.308 0.99299999999999999996
1  1.74e-02  0.1770890846 65494.308 0.99299999999999999996
1  1.82e-02  0.1770890595 65494.308 0.99299999999999999996
1  1.91e-02  0.1770890921 65494.308 0.99299999999999999996
1  2.00e-02  0.1770890801 65494.308 0.99299999999999999996
1  2.09e-02  0.1770890728 65494.308 0.99299999999999999996
1  2.19e-02  0.1770890701 65494.308 0.99299999999999999996
1  2.29e-02  0.1770889583 65494.308 0.99299999999999999996
1  2.40e-02  0.1770562764 65494.308 0.99299999999999999996
1  2.51e-02  0.1770891412 65494.308 0.99299999999999999996
1  2.63e-02  0.1770890576 65494.308 0.99299999999999999996
1  2.75e-02  0.1770891247 65494.308 0.99299999999999999996
1  2.88e-02  0.1770891314 65494.308 0.99299999999999999996
1  3.02e-02  0.1770891375 65494.308 0.99299999999999999996
1  3.16e-02  0.177089087 65494.308 0.99299999999999999996
1  3.31e-02  0.1770890756 65494.308 0.99299999999999999996
1  3.47e-02  0.1770890884 65494.308 0.99299999999999999996
1  3.63e-02  0.1770891078 65494.308 0.99299999999999999996
1  3.80e-02  0.1770890612 65494.308 0.99299999999999999996
1  3.98e-02  0.1770888008 65494.308 0.99299999999999999996
1  4.17e-02  0.1770890702 65494.308 0.99299999999999999996
1  4.37e-02  0.1770892101 65494.308 0.99299999999999999996
1  4.57e-02  0.1770891977 65494.308 0.99299999999999999996
1  4.79e-02  0.1770902531 65494.308 0.99299999999999999996
1  5.01e-02  0.1770892791 65494.308 0.99299999999999999996
1  5.25e-02  0.1770900936 65494.308 0.99299999999999999996
1  5.50e-02  0.1770891686 65494.308 0.99299999999999999996
1  5.75e-02  0.1770891443 65494.308 0.99299999999999999996
1  6.03e-02  0.177089149 65494.308 0.99299999999999999996
1  6.31e-02  0.1770891148 65494.308 0.99299999999999999996
1  6.61e-02  0.1770891253 65494.308 0.99299999999999999996
1  6.92e-02  0.1770892367 65494.308 0.99299999999999999996
1  7.24e-02  0.177089111 65494.308 0.99299999999999999996
1  7.59e-02  0.1771457349 65494.308 0.99299999999999999996
1  7.94e-02  0.1770890429 65494.308 0.99299999999999999996
1  8.32e-02  0.1770890536 65494.308 0.99299999999999999996
1  8.71e-02  0.1770893191 65494.308 0.99299999999999999996
1  9.12e-02  0.1770891814 65494.308 0.99299999999999999996
1  9.55e-02  0.1770893781 65494.308 0.99299999999999999996
1  1.00e-01  0.1770884603 65494.308 0.99299999999999999996
1  1.05e-01  0.1770893482 65494.308 0.99299999999999999996
1  1.10e-01  0.1770893033 65494.308 0.99299999999999999996
1  1.15e-01  0.1770891937 65494.308 0.99299999999999999996
1  1.20e-01  0.1770892563 65494.308 0.99299999999999999996
1  1.26e-01  0.177089332 65494.308 0.99299999999999999996
1  1.32e-01  0.1770891635 65494.308 0.99299999999999999996
1  1.38e-01  0.1770893081 65494.308 0.99299999999999999996
1  1.45e-01  0.1770887769 65494.308 0.99299999999999999996
1  1.51e-01  0.1770891777 65494.308 0.99299999999999999996
1  1.58e-01  0.1770892837 65494.308 0.99299999999999999996
1  1.66e-01  0.1770928434 65494.308 0.99299999999999999996
1  1.74e-01  0.1770895717 65494.308 0.99299999999999999996
1  1.82e-01  0.1770897255 65494.308 0.99299999999999999996
1  1.91e-01  0.1770893035 65494.308 0.99299999999999999996
1  2.00e-01  0.177089428 65494.308 0.99299999999999999996
1  2.09e-01  0.1770893126 65494.308 0.99299999999999999996
1  2.19e-01  0.1770894204 65494.308 0.99299999999999999996
1  2.29e-01  0.1770894416 65494.308 0.99299999999999999996
1  2.40e-01  0.1770894489 65494.308 0.99299999999999999996
1  2.51e-01  0.1770891819 65494.308 0.99299999999999999996
1  2.63e-01  0.1770894095 65494.308 0.99299999999999999996
1  2.75e-01  0.1770895926 65494.308 0.99299999999999999996
1  2.88e-01  0.1770892465 65494.308 0.99299999999999999996
1  3.02e-01  0.1770891919 65494.308 0.99299999999999999996
1  3.16e-01  0.1770831423 65494.308 0.99299999999999999996
1  3.31e-01  0.1770896422 65494.308 0.99299999999999999996
1  3.47e-01  0.1770893524 65494.308 0.99299999999999999996
1  3.63e-01  0.1770899065 65494.308 0.99299999999999999996
1  3.80e-01  0.1770894203 65494.308 0.99299999999999999996
1  3.98e-01  0.1770892255 65494.308 0.99299999999999999996
1  4.17e-01  0.1770896182 65494.308 0.99299999999999999996
1  4.37e-01  0.1770895107 65494.308 0.99299999999999999996
1  4.57e-01  0.1770898969 65494.308 0.99299999999999999996
1  4.79e-01  0.177089276 65494.308 0.99299999999999999996
1  5.01e-01  0.1770898555 65494.308 0.99299999999999999996
1  5.25e-01  0.177089676 65494.308 0.99299999999999999996
1  5.50e-01  0.1770897686 65494.308 0.99299999999999999996
1  5.75e-01  0.1770890587 65494.308 0.99299999999999999996
1  6.03e-01  0.1770896108 65494.308 0.99299999999999999996
1  6.31e-01  0.1770853622 65494.308 0.99299999999999999996
1  6.61e-01  0.1770897935 65494.308 0.99299999999999999996
1  6.92e-01  0.1770902037 65494.308 0.99299999999999999996
1  7.24e-01  0.1770900656 65494.308 0.99299999999999999996
1  7.59e-01  0.1770898636 65494.308 0.99299999999999999996
1  7.94e-01  0.1770904092 65494.308 0.99299999999999999996
1  8.32e-01  0.1770893435 65494.308 0.99299999999999999996
1  8.71e-01  0.1770903355 65494.308 0.99299999999999999996
1  9.12e-01  0.1770904199 65494.308 0.99299999999999999996
1  9.55e-01  0.1770898145 65494.308 0.99299999999999999996
1  1.00e+00  0.1770903255 65494.308 0.99299999999999999996
1  1.05e+00  0.177089045 65494.308 0.99299999999999999996
1  1.10e+00  0.1770903944 65494.308 0.99299999999999999996
1  1.15e+00  0.1770910153 65494.308 0.99299999999999999996
1  1.20e+00  0.1770909762 65494.308 0.99299999999999999996
1  1.26e+00  0.1770910358 65494.308 0.99299999999999999996
1  1.32e+00  0.177089179 65494.308 0.99299999999999999996
1  1.38e+00  0.1770915807 65494.308 0.99299999999999999996
1  1.45e+00  0.1770918322 65494.308 0.99299999999999999996
1  1.51e+00  0.1770911331 65494.308 0.99299999999999999996
1  1.58e+00  0.177089425 65494.308 0.99299999999999999996
1  1.66e+00  0.1770657005 65494.308 0.99299999999999999996
1  1.74e+00  0.1770900684 65494.308 0.99299999999999999996
1  1.82e+00  0.1770917273 65494.308 0.99299999999999999996
1  1.91e+00  0.177090546 65494.308 0.99299999999999999996
1  2.00e+00  0.1770908242 65494.308 0.99299999999999999996
1  2.09e+00  0.1770892595 65494.308 0.99299999999999999996
1  2.19e+00  0.1770911417 65494.308 0.99299999999999999996
1  2.29e+00  0.1770939135 65494.308 0.99299999999999999996
1  2.40e+00  0.177091468 65494.308 0.99299999999999999996
1  2.51e+00  0.1770904807 65494.308 0.99299999999999999996
1  2.63e+00  0.1770912275 65494.308 0.99299999999999999996
1  2.75e+00  0.1770912958 65494.308 0.99299999999999999996
1  2.88e+00  0.1770917812 65494.308 0.99299999999999999996
1  3.02e+00  0.1770926123 65494.308 0.99299999999999999996
1  3.16e+00  0.177078105 65494.308 0.99299999999999999996
1  3.31e+00  0.1770487308 65494.308 0.99299999999999999996
1  3.47e+00  0.1770474202 65494.308 0.99299999999999999996
1  3.63e+00  0.177081986 65494.308 0.99299999999999999996
1  3.80e+00  0.1770940019 65494.308 0.99299999999999999996
1  3.98e+00  0.1770883354 65494.308 0.99299999999999999996
1  4.17e+00  0.1770919983 65494.308 0.99299999999999999996
1  4.37e+00  0.1770965539 65494.308 0.99299999999999999996
1  4.57e+00  0.1770971775 65494.308 0.99299999999999999996
1  4.79e+00  0.1770964667 65494.308 0.99299999999999999996
1  5.01e+00  0.1770934764 65494.308 0.99299999999999999996
1  5.25e+00  0.1770828418 65494.308 0.99299999999999999996
1  5.50e+00  0.1770441215 65494.308 0.99299999999999999996
1  5.75e+00  0.1769900055 65494.308 0.99299999999999999996
1  6.03e+00  0.1770857548 65494.308 0.99299999999999999996
1  6.31e+00  0.1770974607 65494.308 0.99299999999999999996
1  6.61e+00  0.1770977997 65494.308 0.99299999999999999996
1  6.92e+00  0.177093333 65494.308 0.99299999999999999996
1  7.24e+00  0.1770920117 65494.308 0.99299999999999999996
1  7.59e+00  0.1770985841 65494.308 0.99299999999999999996
1  7.94e+00  0.177098034 65494.308 0.99299999999999999996
1  8.32e+00  0.1770994236 65494.308 0.99299999999999999996
1  8.71e+00  0.1770980206 65494.308 0.99299999999999999996
1  9.12e+00  0.1770886505 65494.308 0.99299999999999999996
1  9.55e+00  0.1770917913 65494.308 0.99299999999999999996
1  1.00e+01  0.1770352245 65494.308 0.99299999999999999996
1  1.05e+01  0.1769913669 65494.308 0.99299999999999999996
1  1.10e+01  0.1770148568 65494.308 0.99299999999999999996
1  1.15e+01  0.1771020556 65494.308 0.99299999999999999996
1  1.20e+01  0.1770923652 65494.308 0.99299999999999999996
1  1.26e+01  0.177040441 65494.308 0.99299999999999999996
1  1.32e+01  0.1771058862 65494.308 0.99299999999999999996
1  1.38e+01  0.177113915 65494.308 0.99299999999999999996
1  1.45e+01  0.1771067917 65494.308 0.99299999999999999996
1  1.51e+01  0.1770841244 65494.308 0.99299999999999999996
1  1.58e+01  0.1770885018 65494.308 0.99299999999999999996
1  1.66e+01  0.1770854104 65494.308 0.99299999999999999996
1  1.74e+01  0.1775057904 65494.308 0.99299999999999999996
1  1.82e+01  0.1765328357 65494.308 0.99299999999999999996
1  1.91e+01  0.1771197809 65494.308 0.99299999999999999996
1  2.00e+01  0.1771569527 65494.308 0.99299999999999999996
1  2.09e+01  0.1763159832 65494.308 0.99299999999999999996
1  2.19e+01  0.1760580101 65494.308 0.99299999999999999996
1  2.29e+01  0.1782944333 65494.308 0.99299999999999999996
1  2.40e+01  0.1772019543 65494.308 0.99299999999999999996
1  2.51e+01  0.1767717986 65494.308 0.99299999999999999996
1  2.63e+01  0.1762521746 65494.308 0.99299999999999999996
1  2.75e+01  0.1763707833 65494.308 0.99299999999999999996
1  2.88e+01  0.177467296 65494.308 0.99299999999999999996
1  3.02e+01  0.1766212702 65494.308 0.99299999999999999996
1  3.16e+01  0.1766787356 65494.308 0.99299999999999999996
1  3.31e+01  0.1771182202 65494.308 0.99299999999999999996
1  3.47e+01  0.1766182186 65494.308 0.99299999999999999996
1  3.63e+01  0.177877303 65494.308 0.99299999999999999996
1  3.80e+01  0.1767033608 65494.308 0.99299999999999999996
1  3.98e+01  0.1770747481 65494.308 0.99299999999999999996
1  4.17e+01  0.1773763415 65494.308 0.99299999999999999996
1  4.37e+01  0.1772767336 65494.308 0.99299999999999999996
1  4.57e+01  0.1760113042 65494.308 0.99299999999999999996
1  4.79e+01  0.1762685884 65494.308 0.99299999999999999996
1  5.01e+01  0.177056704 65494.308 0.99299999999999999996
1  5.25e+01  0.1771515653 65494.308 0.99299999999999999996
1  5.50e+01  0.1770742754 65494.308 0.99299999999999999996
1  5.75e+01  0.1772840018 65494.308 0.99299999999999999996
1  6.03e+01  0.1762661635 65494.308 0.99299999999999999996
1  6.31e+01  0.1767345686 65494.308 0.99299999999999999996
1  6.61e+01  0.1771530491 65494.308 0.99299999999999999996
1  6.92e+01  0.1772370854 65494.308 0.99299999999999999996
1  7.24e+01  0.1773153498 65494.308 0.99299999999999999996
1  7.59e+01  0.1768866739 65494.308 0.99299999999999999996
1  7.94e+01  0.1773394022 65494.308 0.99299999999999999996
1  8.32e+01  0.1770711724 65494.308 0.99299999999999999996
1  8.71e+01  0.1770851138 65494.308 0.99299999999999999996
1  9.12e+01  0.1771281111 65494.308 0.99299999999999999996
1  9.55e+01  0.1778246203 65494.308 0.99299999999999999996
1  1.00e+02  0.1765298148 65494.308 0.99299999999999999996
1  1.05e+02  0.1771810434 65494.308 0.99299999999999999996
1  1.10e+02  0.1770605636 65494.308 0.99299999999999999996
1  1.15e+02  0.1772548168 65494.308 0.99299999999999999996
1  1.20e+02  0.1773479439 65494.308 0.99299999999999999996
1  1.26e+02  0.1772660012 65494.308 0.99299999999999999996
1  1.32e+02  0.1772678096 65494.308 0.99299999999999999996
1  1.38e+02  0.1771664186 65494.308 0.99299999999999999996
1  1.45e+02  0.1771661996 65494.308 0.99299999999999999996
1  1.51e+02  0.1771054903 65494.308 0.99299999999999999996
1  1.58e+02  0.1768766449 65494.308 0.99299999999999999996
1  1.66e+02  0.1773236185 65494.308 0.99299999999999999996
1  1.74e+02  0.1769887813 65494.308 0.99299999999999999996
1  1.82e+02  0.1772588502 65494.308 0.99299999999999999996
1  1.91e+02  0.177354119 65494.308 0.99299999999999999996
1  2.00e+02  0.1772849178 65494.308 0.99299999999999999996
1  2.09e+02  0.1768840998 65494.308 0.99299999999999999996
1  2.19e+02  0.1773413102 65494.308 0.99299999999999999996
1  2.29e+02  0.1773205278 65494.308 0.99299999999999999996
1  2.40e+02  0.1771664758 65494.308 0.99299999999999999996
1  2.51e+02  0.1773910834 65494.308 0.99299999999999999996
1  2.63e+02  0.1773074722 65494.308 0.99299999999999999996
1  2.75e+02  0.1770711479 65494.308 0.99299999999999999996
1  2.88e+02  0.1771524784 65494.308 0.99299999999999999996
1  3.02e+02  0.1770933351 65494.308 0.99299999999999999996
1  3.16e+02  0.1773791282 65494.308 0.99299999999999999996
1  3.31e+02  0.1770856297 65494.308 0.99299999999999999996
1  3.47e+02  0.1775425004 65494.308 0.99299999999999999996
1  3.63e+02  0.1771525867 65494.308 0.99299999999999999996
1  3.80e+02  0.1772954164 65494.308 0.99299999999999999996
1  3.98e+02  0.1770695569 65494.308 0.99299999999999999996
1  4.17e+02  0.1772749945 65494.308 0.99299999999999999996
1  4.37e+02  0.1771047566 65494.308 0.99299999999999999996
1  4.57e+02  0.1777597576 65494.308 0.99299999999999999996
1  4.79e+02  0.1773982625 65494.308 0.99299999999999999996
1  5.01e+02  0.1771780959 65494.308 0.99299999999999999996
1  5.25e+02  0.177510871 65494.308 0.99299999999999999996
1  5.50e+02  0.1771233331 65494.308 0.99299999999999999996
1  5.75e+02  0.1769839937 65494.308 0.99299999999999999996
1  6.03e+02  0.1770703644 65494.308 0.99299999999999999996
1  6.31e+02  0.1774377464 65494.308 0.99299999999999999996
1  6.61e+02  0.177257286 65494.308 0.99299999999999999996
1  6.92e+02  0.1776436333 65494.308 0.99299999999999999996
1  7.24e+02  0.1775341097 65494.308 0.99299999999999999996
1  7.59e+02  0.1780793173 65494.308 0.99299999999999999996
1  7.94e+02  0.1775898085 65494.308 0.99299999999999999996
1  8.32e+02  0.1775183609 65494.308 0.99299999999999999996
1  8.71e+02  0.1780771044 65494.308 0.99299999999999999996
1  9.12e+02  0.1765915384 65494.308 0.99299999999999999996
1  9.55e+02  0.1784994292 65494.308 0.99299999999999999996
1  1.00e+03  0.1776973221 65494.308 0.99299999999999999996
1  1.05e+03  0.1766994583 65494.308 0.99299999999999999996
1  1.10e+03  0.1776442845 65494.308 0.99299999999999999996
1  1.15e+03  0.180228949 65494.308 0.99299999999999999996
1  1.20e+03  0.1799760066 65494.308 0.99299999999999999996
1  1.26e+03  0.1777744095 65494.308 0.99299999999999999996
1  1.32e+03  0.1769572001 65494.308 0.99299999999999999996
1  1.38e+03  0.1762359673 65494.308 0.99299999999999999996
1  1.45e+03  0.1759480835 65494.308 0.99299999999999999996
1  1.51e+03  0.1801886322 65494.308 0.99299999999999999996
1  1.58e+03  0.1877854345 65494.308 0.99299999999999999996
1  1.66e+03  0.1886367099 65494.308 0.99299999999999999996
1  1.74e+03  0.1855740662 65494.308 0.99299999999999999996
1  1.82e+03  0.1737095932 65494.308 0.99299999999999999996
1  1.91e+03  0.1734689189 65494.308 0.99299999999999999996
1  2.00e+03  0.1675604947 65494.308 0.99299999999999999996
1  2.09e+03  0.1792296796 65494.308 0.99299999999999999996
1  2.19e+03  0.1797478835 65494.308 0.99299999999999999996
1  2.29e+03  0.1859396675 65494.308 0.99299999999999999996
1  2.40e+03  0.2012934781 65494.308 0.99299999999999999996
1  2.51e+03  0.2038229677 65494.308 0.99299999999999999996
1  2.63e+03  0.1769923274 65494.308 0.99299999999999999996
1  2.75e+03  0.2254565994 65494.308 0.99299999999999999996
1  2.88e+03  0.1829347545 65494.308 0.99299999999999999996
1  3.02e+03  0.1927584339 65494.308 0.99299999999999999996
1  3.16e+03  0.2155311388 65494.308 0.99299999999999999996
1  3.31e+03  0.2190167844 65494.308 0.99299999999999999996
1  3.47e+03  0.2071139744 65494.308 0.99299999999999999996
1  3.63e+03  0.1810795386 65494.308 0.99299999999999999996
1  3.80e+03  0.1515809053 65494.308 0.99299999999999999996
1  3.98e+03  0.1734703206 65494.308 0.99299999999999999996
1  4.17e+03  0.1585787083 65494.308 0.99299999999999999996
1  4.37e+03  0.173659087 65494.308 0.99299999999999999996
1  4.57e+03  0.1392618587 65494.308 0.99299999999999999996
1  4.79e+03  0.1744648693 65494.308 0.99299999999999999996
1  5.01e+03  0.1409292506 65494.308 0.99299999999999999996
1  5.25e+03  0.197217316 65494.308 0.99299999999999999996
1  5.50e+03  0.1323569112 65494.308 0.99299999999999999996
1  5.75e+03  0.2361332079 65494.308 0.99299999999999999996
1  6.03e+03  0.1608069595 65494.308 0.99299999999999999996
1  6.31e+03  0.149334998 65494.308 0.99299999999999999996
1  6.61e+03  0.167942924 65494.308 0.99299999999999999996
1  6.92e+03  0.2826391494 65494.308 0.99299999999999999996
1  7.24e+03  0.3069727577 65494.308 0.99299999999999999996
1  7.59e+03  0.1257031609 65494.308 0.99299999999999999996
1  7.94e+03  0.3339284673 65494.308 0.99299999999999999996
1  8.32e+03  0.1270717031 65494.308 0.99299999999999999996
1  8.71e+03  0.4466237972 65494.308 0.99299999999999999996
1  9.12e+03  0.1611232403 65494.308 0.99299999999999999996
1  9.55e+03  0.3204661913 65494.308 0.99299999999999999996
1  1.00e+04  0.1653906023 65494.308 0.99299999999999999996
1  1.05e+04  0.2085225753 65494.308 0.99299999999999999996
1  1.10e+04  0.1796024835 65494.308 0.99299999999999999996
1  1.15e+04  0.2115386126 65494.308 0.99299999999999999996
1  1.20e+04  0.2975341225 65494.308 0.99299999999999999996
1  1.26e+04  0.4968360749 65494.308 0.99299999999999999996
1  1.32e+04  0.190869461 65494.308 0.99299999999999999996
1  1.38e+04  0.5956414163 65494.308 0.99299999999999999996
1  1.45e+04  0.1747217423 65494.308 0.99299999999999999996
1  1.51e+04  0.5747814528 65494.308 0.99299999999999999996
1  1.58e+04  0.2195821022 65494.308 0.99299999999999999996
1  1.66e+04  0.2800137075 65494.308 0.99299999999999999996
1  1.74e+04  0.1612131391 65494.308 0.99299999999999999996
1  1.82e+04  0.1630164051 65494.308 0.99299999999999999996
1  1.91e+04  0.5836970726 65494.308 0.99299999999999999996
1  2.00e+04  0.3729315545 65494.308 0.99299999999999999996
1  2.09e+04  0.1820154782 65494.308 0.99299999999999999996
1  2.19e+04  0.3640146831 65494.308 0.99299999999999999996
1  2.29e+04  0.5512126725 65494.308 0.99299999999999999996
1  2.40e+04  0.1791128705 65494.308 0.99299999999999999996
1  2.51e+04  0.3104625411 65494.308 0.99299999999999999996
1  2.63e+04  0.4857681261 65494.308 0.99299999999999999996
1  2.75e+04  0.2378150821 65494.308 0.99299999999999999996
1  2.88e+04  0.3052751753 65494.308 0.99299999999999999996
1  3.02e+04  0.1744276274 65494.308 0.99299999999999999996
1  3.16e+04  0.5254374633 65494.308 0.99299999999999999996
1  3.31e+04  0.1853885725 65494.308 0.99299999999999999996
1  3.47e+04  0.5736751264 65494.308 0.99299999999999999996
1  3.63e+04  0.1985332699 65494.308 0.99299999999999999996
1  3.80e+04  0.2610857965 65494.308 0.99299999999999999996
1  3.98e+04  0.2872592647 65494.308 0.99299999999999999996
1  4.17e+04  0.2164802842 65494.308 0.99299999999999999996
1  4.37e+04  0.6126919085 65494.308 0.99299999999999999996
1  4.57e+04  0.2126721165 65494.308 0.99299999999999999996
1  4.79e+04  0.4104860647 65494.308 0.99299999999999999996
1  5.01e+04  0.4264287719 65494.308 0.99299999999999999996
1  5.25e+04  0.1777638853 65494.308 0.99299999999999999996
1  5.50e+04  0.2476027154 65494.308 0.99299999999999999996
1  5.75e+04  0.3272598909 65494.308 0.99299999999999999996
1  6.03e+04  0.2341106959 65494.308 0.99299999999999999996
1  6.31e+04  0.2042745602 65494.308 0.99299999999999999996
1  6.61e+04  0.4677672953 65494.308 0.99299999999999999996
1  6.92e+04  0.4424749899 65494.308 0.99299999999999999996
1  7.24e+04  0.1904555194 65494.308 0.99299999999999999996
1  7.59e+04  0.3021857463 65494.308 0.99299999999999999996
1  7.94e+04  0.5180454794 65494.308 0.99299999999999999996
1  8.32e+04  0.4087509998 65494.308 0.99299999999999999996
1  8.71e+04  0.2021166298 65494.308 0.99299999999999999996
1  9.12e+04  0.1968916904 65494.308 0.99299999999999999996
1  9.55e+04  0.2989617758 65494.308 0.99299999999999999996
1  1.00e+05  0.3274850379 65494.308 0.99299999999999999996
1  1.05e+05  0.2757646074 65494.308 0.99299999999999999996
1  1.10e+05  0.2161732279 65494.308 0.99299999999999999996
1  1.15e+05  0.1832641347 65494.308 0.99299999999999999996
1  1.20e+05  0.1841199252 65494.308 0.99299999999999999996
1  1.26e+05  0.221311845 65494.308 0.99299999999999999996
1  1.32e+05  0.27652097 65494.308 0.99299999999999999996
1  1.38e+05  0.3090881499 65494.308 0.99299999999999999996
1  1.45e+05  0.290606239 65494.308 0.99299999999999999996
1  1.51e+05  0.2341579819 65494.308 0.99299999999999999996
1  1.58e+05  0.1839644698 65494.308 0.99299999999999999996
1  1.66e+05  0.1787459236 65494.308 0.99299999999999999996
1  1.74e+05  0.2242138521 65494.308 0.99299999999999999996
1  1.82e+05  0.2937519566 65494.308 0.99299999999999999996
1  1.91e+05  0.349799684 65494.308 0.99299999999999999996
1  2.00e+05  0.366687382 65494.308 0.99299999999999999996
1  2.09e+05  0.3412142316 65494.308 0.99299999999999999996
1  2.19e+05  0.2891427645 65494.308 0.99299999999999999996
1  2.29e+05  0.2339491327 65494.308 0.99299999999999999996
1  2.40e+05  0.1956039718 65494.308 0.99299999999999999996
1  2.51e+05  0.1841466403 65494.308 0.99299999999999999996
1  2.63e+05  0.1988955695 65494.308 0.99299999999999999996
1  2.75e+05  0.2315538595 65494.308 0.99299999999999999996
1  2.88e+05  0.2707205285 65494.308 0.99299999999999999996
1  3.02e+05  0.3058422333 65494.308 0.99299999999999999996
1  3.16e+05  0.3296299376 65494.308 0.99299999999999999996
1  3.31e+05  0.3388384436 65494.308 0.99299999999999999996
1  3.47e+05  0.3338206359 65494.308 0.99299999999999999996
1  3.63e+05  0.3174291277 65494.308 0.99299999999999999996
1  3.80e+05  0.2937661828 65494.308 0.99299999999999999996
1  3.98e+05  0.2671108035 65494.308 0.99299999999999999996
1  4.17e+05  0.241174918 65494.308 0.99299999999999999996
1  4.37e+05  0.2187070534 65494.308 0.99299999999999999996
1  4.57e+05  0.2013839699 65494.308 0.99299999999999999996
1  4.79e+05  0.1899002355 65494.308 0.99299999999999999996
1  5.01e+05  0.1841669448 65494.308 0.99299999999999999996
1  5.25e+05  0.1835484836 65494.308 0.99299999999999999996
1  5.50e+05  0.1870890878 65494.308 0.99299999999999999996
1  5.75e+05  0.193702137 65494.308 0.99299999999999999996
1  6.03e+05  0.2023115301 65494.308 0.99299999999999999996
1  6.31e+05  0.2119454575 65494.308 0.99299999999999999996
1  6.61e+05  0.2226341494 65494.308 0.99299999999999999996
1  6.92e+05  0.2331067885 65494.308 0.99299999999999999996
1  7.24e+05  0.2424923869 65494.308 0.99299999999999999996
1  7.59e+05  0.2504102414 65494.308 0.99299999999999999996
1  7.94e+05  0.2566620885 65494.308 0.99299999999999999996
1  8.32e+05  0.2611953234 65494.308 0.99299999999999999996
1  8.71e+05  0.2640657502 65494.308 0.99299999999999999996
1  9.12e+05  0.2654036114 65494.308 0.99299999999999999996
1  9.55e+05  0.2653848227 65494.308 0.99299999999999999996
1  1.00e+06  0.2642080531 65494.308 0.99299999999999999996
1  1.05e+06  0.2620774788 65494.308 0.99299999999999999996
1  1.10e+06  0.2591905793 65494.308 0.99299999999999999996
1  1.15e+06  0.2557301381 65494.308 0.99299999999999999996
1  1.20e+06  0.2519136859 65494.308 0.99299999999999999996
1  1.26e+06  0.2477840355 65494.308 0.99299999999999999996
1  1.32e+06  0.2435034765 65494.308 0.99299999999999999996
1  1.38e+06  0.2391714006 65494.308 0.99299999999999999996
1  1.45e+06  0.2348677975 65494.308 0.99299999999999999996
1  1.51e+06  0.2306552951 65494.308 0.99299999999999999996
1  1.58e+06  0.2265813749 65494.308 0.99299999999999999996
1  1.66e+06  0.2226805924 65494.308 0.99299999999999999996
1  1.74e+06  0.2189766886 65494.308 0.99299999999999999996
1  1.82e+06  0.2154845248 65494.308 0.99299999999999999996
1  1.91e+06  0.2122118077 65494.308 0.99299999999999999996
1  2.00e+06  0.2091605922 65494.308 0.99299999999999999996
1  2.09e+06  0.2063285663 65494.308 0.99299999999999999996
1  2.19e+06  0.2037101317 65494.308 0.99299999999999999996
1  2.29e+06  0.201297298 65494.308 0.99299999999999999996
1  2.40e+06  0.1991283556 65494.308 0.99299999999999999996
1  2.51e+06  0.1970931988 65494.308 0.99299999999999999996
1  2.63e+06  0.1952320658 65494.308 0.99299999999999999996
1  2.75e+06  0.1935333896 65494.308 0.99299999999999999996
1  2.88e+06  0.1919856243 65494.308 0.99299999999999999996
1  3.02e+06  0.1905774534 65494.308 0.99299999999999999996
1  3.16e+06  0.1892979407 65494.308 0.99299999999999999996
1  3.31e+06  0.1881366354 65494.308 0.99299999999999999996
1  3.47e+06  0.1870836417 65494.308 0.99299999999999999996
1  3.63e+06  0.1861296584 65494.308 0.99299999999999999996
1  3.80e+06  0.1852659983 65494.308 0.99299999999999999996
1  3.98e+06  0.1844845898 65494.308 0.99299999999999999996
1  4.17e+06  0.1837779666 65494.308 0.99299999999999999996
1  4.37e+06  0.1831392486 65494.308 0.99299999999999999996
1  4.57e+06  0.1825621165 65494.308 0.99299999999999999996
1  4.79e+06  0.1820536405 65494.308 0.99299999999999999996
1  5.01e+06  0.1815816422 65494.308 0.99299999999999999996
1  5.25e+06  0.1811554331 65494.308 0.99299999999999999996
1  5.50e+06  0.1807706167 65494.308 0.99299999999999999996
1  5.75e+06  0.1804231974 65494.308 0.99299999999999999996
1  6.03e+06  0.1801095492 65494.308 0.99299999999999999996
1  6.31e+06  0.1798263856 65494.308 0.99299999999999999996
1  6.61e+06  0.1795707306 65494.308 0.99299999999999999996
1  6.92e+06  0.179339892 65494.308 0.99299999999999999996
1  7.24e+06  0.179131436 65494.308 0.99299999999999999996
1  7.59e+06  0.1789431643 65494.308 0.99299999999999999996
1  7.94e+06  0.1787730921 65494.308 0.99299999999999999996
1  8.32e+06  0.1786194284 65494.308 0.99299999999999999996
1  8.71e+06  0.1784805577 65494.308 0.99299999999999999996
1  9.12e+06  0.1783550234 65494.308 0.99299999999999999996
1  9.55e+06  0.1782444782 65494.308 0.99299999999999999996
1  1.00e+07  0.1781415269 65494.308 0.99299999999999999996
