1  1.00e-03  0.4512557853  1.650553e-01 1.07900000000000000002
1  1.05e-03  0.4512557745  1.650553e-01 1.07900000000000000002
1  1.10e-03  0.451255786  1.650553e-01 1.07900000000000000002
1  1.15e-03  0.4512557838  1.650553e-01 1.07900000000000000002
1  1.20e-03  0.4512557828  1.650553e-01 1.07900000000000000002
1  1.26e-03  0.4512557838  1.650553e-01 1.07900000000000000002
1  1.32e-03  0.4512557853  1.650553e-01 1.07900000000000000002
1  1.38e-03  0.451255784  1.650553e-01 1.07900000000000000002
1  1.45e-03  0.4512557761  1.650553e-01 1.07900000000000000002
1  1.51e-03  0.4512557807  1.650553e-01 1.07900000000000000002
1  1.58e-03  0.4512557784  1.650553e-01 1.07900000000000000002
1  1.66e-03  0.4512557805  1.650553e-01 1.07900000000000000002
1  1.74e-03  0.4512557832  1.650553e-01 1.07900000000000000002
1  1.82e-03  0.4512557847  1.650553e-01 1.07900000000000000002
1  1.91e-03  0.451255779  1.650553e-01 1.07900000000000000002
1  2.00e-03  0.4512557816  1.650553e-01 1.07900000000000000002
1  2.09e-03  0.4512557835  1.650553e-01 1.07900000000000000002
1  2.19e-03  0.4512557851  1.650553e-01 1.07900000000000000002
1  2.29e-03  0.4512557794  1.650553e-01 1.07900000000000000002
1  2.40e-03  0.4512557852  1.650553e-01 1.07900000000000000002
1  2.51e-03  0.4512557823  1.650553e-01 1.07900000000000000002
1  2.63e-03  0.4512557812  1.650553e-01 1.07900000000000000002
1  2.75e-03  0.4512557825  1.650553e-01 1.07900000000000000002
1  2.88e-03  0.4512557832  1.650553e-01 1.07900000000000000002
1  3.02e-03  0.4512557755  1.650553e-01 1.07900000000000000002
1  3.16e-03  0.4512557863  1.650553e-01 1.07900000000000000002
1  3.31e-03  0.4512557811  1.650553e-01 1.07900000000000000002
1  3.47e-03  0.4512557825  1.650553e-01 1.07900000000000000002
1  3.63e-03  0.4512557789  1.650553e-01 1.07900000000000000002
1  3.80e-03  0.451255783  1.650553e-01 1.07900000000000000002
1  3.98e-03  0.4512557799  1.650553e-01 1.07900000000000000002
1  4.17e-03  0.4512557796  1.650553e-01 1.07900000000000000002
1  4.37e-03  0.4512557829  1.650553e-01 1.07900000000000000002
1  4.57e-03  0.4512557821  1.650553e-01 1.07900000000000000002
1  4.79e-03  0.4512557793  1.650553e-01 1.07900000000000000002
1  5.01e-03  0.4512557786  1.650553e-01 1.07900000000000000002
1  5.25e-03  0.4512557817  1.650553e-01 1.07900000000000000002
1  5.50e-03  0.4512557795  1.650553e-01 1.07900000000000000002
1  5.75e-03  0.451255782  1.650553e-01 1.07900000000000000002
1  6.03e-03  0.451255781  1.650553e-01 1.07900000000000000002
1  6.31e-03  0.4512556235  1.650553e-01 1.07900000000000000002
1  6.61e-03  0.4512557836  1.650553e-01 1.07900000000000000002
1  6.92e-03  0.4512557802  1.650553e-01 1.07900000000000000002
1  7.24e-03  0.4512557799  1.650553e-01 1.07900000000000000002
1  7.59e-03  0.4512557796  1.650553e-01 1.07900000000000000002
1  7.94e-03  0.4512557717  1.650553e-01 1.07900000000000000002
1  8.32e-03  0.4512557757  1.650553e-01 1.07900000000000000002
1  8.71e-03  0.4512557716  1.650553e-01 1.07900000000000000002
1  9.12e-03  0.4512557758  1.650553e-01 1.07900000000000000002
1  9.55e-03  0.4512557728  1.650553e-01 1.07900000000000000002
1  1.00e-02  0.4512557699  1.650553e-01 1.07900000000000000002
1  1.05e-02  0.4512557717  1.650553e-01 1.07900000000000000002
1  1.10e-02  0.4512557736  1.650553e-01 1.07900000000000000002
1  1.15e-02  0.4512557638  1.650553e-01 1.07900000000000000002
1  1.20e-02  0.451255774  1.650553e-01 1.07900000000000000002
1  1.26e-02  0.4512557793  1.650553e-01 1.07900000000000000002
1  1.32e-02  0.4512557637  1.650553e-01 1.07900000000000000002
1  1.38e-02  0.4512557639  1.650553e-01 1.07900000000000000002
1  1.45e-02  0.4512557606  1.650553e-01 1.07900000000000000002
1  1.51e-02  0.4512557619  1.650553e-01 1.07900000000000000002
1  1.58e-02  0.4512557613  1.650553e-01 1.07900000000000000002
1  1.66e-02  0.4512557631  1.650553e-01 1.07900000000000000002
1  1.74e-02  0.4512557619  1.650553e-01 1.07900000000000000002
1  1.82e-02  0.4512557619  1.650553e-01 1.07900000000000000002
1  1.91e-02  0.4512557692  1.650553e-01 1.07900000000000000002
1  2.00e-02  0.4512557746  1.650553e-01 1.07900000000000000002
1  2.09e-02  0.4512557571  1.650553e-01 1.07900000000000000002
1  2.19e-02  0.4512557753  1.650553e-01 1.07900000000000000002
1  2.29e-02  0.451255764  1.650553e-01 1.07900000000000000002
1  2.40e-02  0.4512557667  1.650553e-01 1.07900000000000000002
1  2.51e-02  0.4512557734  1.650553e-01 1.07900000000000000002
1  2.63e-02  0.4512557723  1.650553e-01 1.07900000000000000002
1  2.75e-02  0.4512557691  1.650553e-01 1.07900000000000000002
1  2.88e-02  0.4512557004  1.650553e-01 1.07900000000000000002
1  3.02e-02  0.4512557751  1.650553e-01 1.07900000000000000002
1  3.16e-02  0.4512557694  1.650553e-01 1.07900000000000000002
1  3.31e-02  0.4512557858  1.650553e-01 1.07900000000000000002
1  3.47e-02  0.4512557374  1.650553e-01 1.07900000000000000002
1  3.63e-02  0.4512485549  1.650553e-01 1.07900000000000000002
1  3.80e-02  0.4512645453  1.650553e-01 1.07900000000000000002
1  3.98e-02  0.4512555913  1.650553e-01 1.07900000000000000002
1  4.17e-02  0.451288908  1.650553e-01 1.07900000000000000002
1  4.37e-02  0.4512556492  1.650553e-01 1.07900000000000000002
1  4.57e-02  0.451255648  1.650553e-01 1.07900000000000000002
1  4.79e-02  0.451255594  1.650553e-01 1.07900000000000000002
1  5.01e-02  0.4512556588  1.650553e-01 1.07900000000000000002
1  5.25e-02  0.4512556683  1.650553e-01 1.07900000000000000002
1  5.50e-02  0.4512556933  1.650553e-01 1.07900000000000000002
1  5.75e-02  0.4512556836  1.650553e-01 1.07900000000000000002
1  6.03e-02  0.4512557445  1.650553e-01 1.07900000000000000002
1  6.31e-02  0.4512556996  1.650553e-01 1.07900000000000000002
1  6.61e-02  0.4512556761  1.650553e-01 1.07900000000000000002
1  6.92e-02  0.4512556873  1.650553e-01 1.07900000000000000002
1  7.24e-02  0.4512556849  1.650553e-01 1.07900000000000000002
1  7.59e-02  0.4512555975  1.650553e-01 1.07900000000000000002
1  7.94e-02  0.4512475722  1.650553e-01 1.07900000000000000002
1  8.32e-02  0.451255609  1.650553e-01 1.07900000000000000002
1  8.71e-02  0.451255661  1.650553e-01 1.07900000000000000002
1  9.12e-02  0.4512559101  1.650553e-01 1.07900000000000000002
1  9.55e-02  0.4512556733  1.650553e-01 1.07900000000000000002
1  1.00e-01  0.451255647  1.650553e-01 1.07900000000000000002
1  1.05e-01  0.4512556048  1.650553e-01 1.07900000000000000002
1  1.10e-01  0.4512556566  1.650553e-01 1.07900000000000000002
1  1.15e-01  0.4512555964  1.650553e-01 1.07900000000000000002
1  1.20e-01  0.4512557269  1.650553e-01 1.07900000000000000002
1  1.26e-01  0.4512556038  1.650553e-01 1.07900000000000000002
1  1.32e-01  0.4512556018  1.650553e-01 1.07900000000000000002
1  1.38e-01  0.4512556327  1.650553e-01 1.07900000000000000002
1  1.45e-01  0.451255716  1.650553e-01 1.07900000000000000002
1  1.51e-01  0.4512556734  1.650553e-01 1.07900000000000000002
1  1.58e-01  0.4512554423  1.650553e-01 1.07900000000000000002
1  1.66e-01  0.4512567164  1.650553e-01 1.07900000000000000002
1  1.74e-01  0.451255561  1.650553e-01 1.07900000000000000002
1  1.82e-01  0.4512556661  1.650553e-01 1.07900000000000000002
1  1.91e-01  0.451255692  1.650553e-01 1.07900000000000000002
1  2.00e-01  0.4512556676  1.650553e-01 1.07900000000000000002
1  2.09e-01  0.4512554782  1.650553e-01 1.07900000000000000002
1  2.19e-01  0.4512554372  1.650553e-01 1.07900000000000000002
1  2.29e-01  0.451255701  1.650553e-01 1.07900000000000000002
1  2.40e-01  0.4512556692  1.650553e-01 1.07900000000000000002
1  2.51e-01  0.4512554825  1.650553e-01 1.07900000000000000002
1  2.63e-01  0.4512557609  1.650553e-01 1.07900000000000000002
1  2.75e-01  0.4512545855  1.650553e-01 1.07900000000000000002
1  2.88e-01  0.4512539492  1.650553e-01 1.07900000000000000002
1  3.02e-01  0.4512556014  1.650553e-01 1.07900000000000000002
1  3.16e-01  0.4512553261  1.650553e-01 1.07900000000000000002
1  3.31e-01  0.4512535099  1.650553e-01 1.07900000000000000002
1  3.47e-01  0.4512556208  1.650553e-01 1.07900000000000000002
1  3.63e-01  0.4512554347  1.650553e-01 1.07900000000000000002
1  3.80e-01  0.4512556092  1.650553e-01 1.07900000000000000002
1  3.98e-01  0.4512555664  1.650553e-01 1.07900000000000000002
1  4.17e-01  0.4512553292  1.650553e-01 1.07900000000000000002
1  4.37e-01  0.4512556819  1.650553e-01 1.07900000000000000002
1  4.57e-01  0.4512556283  1.650553e-01 1.07900000000000000002
1  4.79e-01  0.4512555613  1.650553e-01 1.07900000000000000002
1  5.01e-01  0.4512556815  1.650553e-01 1.07900000000000000002
1  5.25e-01  0.4512579329  1.650553e-01 1.07900000000000000002
1  5.50e-01  0.4512558809  1.650553e-01 1.07900000000000000002
1  5.75e-01  0.4512550675  1.650553e-01 1.07900000000000000002
1  6.03e-01  0.451255157  1.650553e-01 1.07900000000000000002
1  6.31e-01  0.4512553885  1.650553e-01 1.07900000000000000002
1  6.61e-01  0.4512542851  1.650553e-01 1.07900000000000000002
1  6.92e-01  0.4512556913  1.650553e-01 1.07900000000000000002
1  7.24e-01  0.4512554311  1.650553e-01 1.07900000000000000002
1  7.59e-01  0.4512549576  1.650553e-01 1.07900000000000000002
1  7.94e-01  0.4512575566  1.650553e-01 1.07900000000000000002
1  8.32e-01  0.4512550966  1.650553e-01 1.07900000000000000002
1  8.71e-01  0.451255438  1.650553e-01 1.07900000000000000002
1  9.12e-01  0.4512550294  1.650553e-01 1.07900000000000000002
1  9.55e-01  0.4512552796  1.650553e-01 1.07900000000000000002
1  1.00e+00  0.4512554621  1.650553e-01 1.07900000000000000002
1  1.05e+00  0.4512597314  1.650553e-01 1.07900000000000000002
1  1.10e+00  0.4512542247  1.650553e-01 1.07900000000000000002
1  1.15e+00  0.4512559636  1.650553e-01 1.07900000000000000002
1  1.20e+00  0.4512548584  1.650553e-01 1.07900000000000000002
1  1.26e+00  0.4512537817  1.650553e-01 1.07900000000000000002
1  1.32e+00  0.4512534616  1.650553e-01 1.07900000000000000002
1  1.38e+00  0.4512461814  1.650553e-01 1.07900000000000000002
1  1.45e+00  0.45126126  1.650553e-01 1.07900000000000000002
1  1.51e+00  0.4512552676  1.650553e-01 1.07900000000000000002
1  1.58e+00  0.4512535572  1.650553e-01 1.07900000000000000002
1  1.66e+00  0.4512539152  1.650553e-01 1.07900000000000000002
1  1.74e+00  0.4512539516  1.650553e-01 1.07900000000000000002
1  1.82e+00  0.4512544371  1.650553e-01 1.07900000000000000002
1  1.91e+00  0.4512541239  1.650553e-01 1.07900000000000000002
1  2.00e+00  0.4512543564  1.650553e-01 1.07900000000000000002
1  2.09e+00  0.4512534679  1.650553e-01 1.07900000000000000002
1  2.19e+00  0.4512549383  1.650553e-01 1.07900000000000000002
1  2.29e+00  0.4512549913  1.650553e-01 1.07900000000000000002
1  2.40e+00  0.4512521607  1.650553e-01 1.07900000000000000002
1  2.51e+00  0.4512235814  1.650553e-01 1.07900000000000000002
1  2.63e+00  0.4512524515  1.650553e-01 1.07900000000000000002
1  2.75e+00  0.4512520984  1.650553e-01 1.07900000000000000002
1  2.88e+00  0.4512449704  1.650553e-01 1.07900000000000000002
1  3.02e+00  0.4512544774  1.650553e-01 1.07900000000000000002
1  3.16e+00  0.4512991  1.650553e-01 1.07900000000000000002
1  3.31e+00  0.451253478  1.650553e-01 1.07900000000000000002
1  3.47e+00  0.451255274  1.650553e-01 1.07900000000000000002
1  3.63e+00  0.4512222426  1.650553e-01 1.07900000000000000002
1  3.80e+00  0.4512562726  1.650553e-01 1.07900000000000000002
1  3.98e+00  0.4512504663  1.650553e-01 1.07900000000000000002
1  4.17e+00  0.4512513584  1.650553e-01 1.07900000000000000002
1  4.37e+00  0.4512568179  1.650553e-01 1.07900000000000000002
1  4.57e+00  0.4512557501  1.650553e-01 1.07900000000000000002
1  4.79e+00  0.4512568032  1.650553e-01 1.07900000000000000002
1  5.01e+00  0.4512496323  1.650553e-01 1.07900000000000000002
1  5.25e+00  0.4512556306  1.650553e-01 1.07900000000000000002
1  5.50e+00  0.451247503  1.650553e-01 1.07900000000000000002
1  5.75e+00  0.4512554404  1.650553e-01 1.07900000000000000002
1  6.03e+00  0.4512526451  1.650553e-01 1.07900000000000000002
1  6.31e+00  0.4512480753  1.650553e-01 1.07900000000000000002
1  6.61e+00  0.4512545336  1.650553e-01 1.07900000000000000002
1  6.92e+00  0.4512557992  1.650553e-01 1.07900000000000000002
1  7.24e+00  0.4512442769  1.650553e-01 1.07900000000000000002
1  7.59e+00  0.451294433  1.650553e-01 1.07900000000000000002
1  7.94e+00  0.4513484499  1.650553e-01 1.07900000000000000002
1  8.32e+00  0.4511365869  1.650553e-01 1.07900000000000000002
1  8.71e+00  0.4512202546  1.650553e-01 1.07900000000000000002
1  9.12e+00  0.4511755896  1.650553e-01 1.07900000000000000002
1  9.55e+00  0.4512704682  1.650553e-01 1.07900000000000000002
1  1.00e+01  0.4511358738  1.650553e-01 1.07900000000000000002
1  1.05e+01  0.451366486  1.650553e-01 1.07900000000000000002
1  1.10e+01  0.4512394537  1.650553e-01 1.07900000000000000002
1  1.15e+01  0.4512435372  1.650553e-01 1.07900000000000000002
1  1.20e+01  0.4512452727  1.650553e-01 1.07900000000000000002
1  1.26e+01  0.4512568419  1.650553e-01 1.07900000000000000002
1  1.32e+01  0.4512439598  1.650553e-01 1.07900000000000000002
1  1.38e+01  0.4512372788  1.650553e-01 1.07900000000000000002
1  1.45e+01  0.4512394684  1.650553e-01 1.07900000000000000002
1  1.51e+01  0.4512514302  1.650553e-01 1.07900000000000000002
1  1.58e+01  0.4512449516  1.650553e-01 1.07900000000000000002
1  1.66e+01  0.4512397327  1.650553e-01 1.07900000000000000002
1  1.74e+01  0.4518107585  1.650553e-01 1.07900000000000000002
1  1.82e+01  0.4519725204  1.650553e-01 1.07900000000000000002
1  1.91e+01  0.4516624288  1.650553e-01 1.07900000000000000002
1  2.00e+01  0.4512321012  1.650553e-01 1.07900000000000000002
1  2.09e+01  0.4503763661  1.650553e-01 1.07900000000000000002
1  2.19e+01  0.4503140652  1.650553e-01 1.07900000000000000002
1  2.29e+01  0.4512392179  1.650553e-01 1.07900000000000000002
1  2.40e+01  0.4516136323  1.650553e-01 1.07900000000000000002
1  2.51e+01  0.4510259643  1.650553e-01 1.07900000000000000002
1  2.63e+01  0.451006308  1.650553e-01 1.07900000000000000002
1  2.75e+01  0.4504844626  1.650553e-01 1.07900000000000000002
1  2.88e+01  0.4513858675  1.650553e-01 1.07900000000000000002
1  3.02e+01  0.4515364907  1.650553e-01 1.07900000000000000002
1  3.16e+01  0.4513007895  1.650553e-01 1.07900000000000000002
1  3.31e+01  0.451367391  1.650553e-01 1.07900000000000000002
1  3.47e+01  0.4510607317  1.650553e-01 1.07900000000000000002
1  3.63e+01  0.4516304142  1.650553e-01 1.07900000000000000002
1  3.80e+01  0.45120996  1.650553e-01 1.07900000000000000002
1  3.98e+01  0.4512583113  1.650553e-01 1.07900000000000000002
1  4.17e+01  0.4511439902  1.650553e-01 1.07900000000000000002
1  4.37e+01  0.4514563646  1.650553e-01 1.07900000000000000002
1  4.57e+01  0.4512776601  1.650553e-01 1.07900000000000000002
1  4.79e+01  0.4516943798  1.650553e-01 1.07900000000000000002
1  5.01e+01  0.4511851329  1.650553e-01 1.07900000000000000002
1  5.25e+01  0.4511737832  1.650553e-01 1.07900000000000000002
1  5.50e+01  0.4511945669  1.650553e-01 1.07900000000000000002
1  5.75e+01  0.4512145993  1.650553e-01 1.07900000000000000002
1  6.03e+01  0.451354577  1.650553e-01 1.07900000000000000002
1  6.31e+01  0.4510913018  1.650553e-01 1.07900000000000000002
1  6.61e+01  0.4512567173  1.650553e-01 1.07900000000000000002
1  6.92e+01  0.4513687832  1.650553e-01 1.07900000000000000002
1  7.24e+01  0.4511461423  1.650553e-01 1.07900000000000000002
1  7.59e+01  0.4516913304  1.650553e-01 1.07900000000000000002
1  7.94e+01  0.4509542086  1.650553e-01 1.07900000000000000002
1  8.32e+01  0.4511470284  1.650553e-01 1.07900000000000000002
1  8.71e+01  0.4510558302  1.650553e-01 1.07900000000000000002
1  9.12e+01  0.451233804  1.650553e-01 1.07900000000000000002
1  9.55e+01  0.45116219  1.650553e-01 1.07900000000000000002
1  1.00e+02  0.4515162529  1.650553e-01 1.07900000000000000002
1  1.05e+02  0.4512053984  1.650553e-01 1.07900000000000000002
1  1.10e+02  0.4511894935  1.650553e-01 1.07900000000000000002
1  1.15e+02  0.4510850319  1.650553e-01 1.07900000000000000002
1  1.20e+02  0.4511077918  1.650553e-01 1.07900000000000000002
1  1.26e+02  0.4516438696  1.650553e-01 1.07900000000000000002
1  1.32e+02  0.4512335179  1.650553e-01 1.07900000000000000002
1  1.38e+02  0.4512684622  1.650553e-01 1.07900000000000000002
1  1.45e+02  0.4511105722  1.650553e-01 1.07900000000000000002
1  1.51e+02  0.4512297696  1.650553e-01 1.07900000000000000002
1  1.58e+02  0.4513608638  1.650553e-01 1.07900000000000000002
1  1.66e+02  0.451035276  1.650553e-01 1.07900000000000000002
1  1.74e+02  0.4511528178  1.650553e-01 1.07900000000000000002
1  1.82e+02  0.4510360153  1.650553e-01 1.07900000000000000002
1  1.91e+02  0.4509922935  1.650553e-01 1.07900000000000000002
1  2.00e+02  0.451174336  1.650553e-01 1.07900000000000000002
1  2.09e+02  0.4511543475  1.650553e-01 1.07900000000000000002
1  2.19e+02  0.4512555054  1.650553e-01 1.07900000000000000002
1  2.29e+02  0.4511121008  1.650553e-01 1.07900000000000000002
1  2.40e+02  0.4510265285  1.650553e-01 1.07900000000000000002
1  2.51e+02  0.4510602615  1.650553e-01 1.07900000000000000002
1  2.63e+02  0.4512016345  1.650553e-01 1.07900000000000000002
1  2.75e+02  0.4508070355  1.650553e-01 1.07900000000000000002
1  2.88e+02  0.4508934983  1.650553e-01 1.07900000000000000002
1  3.02e+02  0.4508458344  1.650553e-01 1.07900000000000000002
1  3.16e+02  0.451273856  1.650553e-01 1.07900000000000000002
1  3.31e+02  0.4510354146  1.650553e-01 1.07900000000000000002
1  3.47e+02  0.450762775  1.650553e-01 1.07900000000000000002
1  3.63e+02  0.4508624581  1.650553e-01 1.07900000000000000002
1  3.80e+02  0.4511393443  1.650553e-01 1.07900000000000000002
1  3.98e+02  0.451103214  1.650553e-01 1.07900000000000000002
1  4.17e+02  0.4510882915  1.650553e-01 1.07900000000000000002
1  4.37e+02  0.4511598368  1.650553e-01 1.07900000000000000002
1  4.57e+02  0.450740232  1.650553e-01 1.07900000000000000002
1  4.79e+02  0.4506524618  1.650553e-01 1.07900000000000000002
1  5.01e+02  0.4506975667  1.650553e-01 1.07900000000000000002
1  5.25e+02  0.4508463878  1.650553e-01 1.07900000000000000002
1  5.50e+02  0.4502953674  1.650553e-01 1.07900000000000000002
1  5.75e+02  0.4507431689  1.650553e-01 1.07900000000000000002
1  6.03e+02  0.4506516391  1.650553e-01 1.07900000000000000002
1  6.31e+02  0.4509385677  1.650553e-01 1.07900000000000000002
1  6.61e+02  0.4504913503  1.650553e-01 1.07900000000000000002
1  6.92e+02  0.4506596644  1.650553e-01 1.07900000000000000002
1  7.24e+02  0.4501485596  1.650553e-01 1.07900000000000000002
1  7.59e+02  0.451071396  1.650553e-01 1.07900000000000000002
1  7.94e+02  0.4503424003  1.650553e-01 1.07900000000000000002
1  8.32e+02  0.450621763  1.650553e-01 1.07900000000000000002
1  8.71e+02  0.4500993872  1.650553e-01 1.07900000000000000002
1  9.12e+02  0.451174461  1.650553e-01 1.07900000000000000002
1  9.55e+02  0.4501594321  1.650553e-01 1.07900000000000000002
1  1.00e+03  0.4511037236  1.650553e-01 1.07900000000000000002
1  1.05e+03  0.4515769516  1.650553e-01 1.07900000000000000002
1  1.10e+03  0.45018721  1.650553e-01 1.07900000000000000002
1  1.15e+03  0.4496332469  1.650553e-01 1.07900000000000000002
1  1.20e+03  0.4482994996  1.650553e-01 1.07900000000000000002
1  1.26e+03  0.4500761564  1.650553e-01 1.07900000000000000002
1  1.32e+03  0.4513684418  1.650553e-01 1.07900000000000000002
1  1.38e+03  0.4531949181  1.650553e-01 1.07900000000000000002
1  1.45e+03  0.4484180679  1.650553e-01 1.07900000000000000002
1  1.51e+03  0.4520929857  1.650553e-01 1.07900000000000000002
1  1.58e+03  0.4482243346  1.650553e-01 1.07900000000000000002
1  1.66e+03  0.4473191455  1.650553e-01 1.07900000000000000002
1  1.74e+03  0.4523992263  1.650553e-01 1.07900000000000000002
1  1.82e+03  0.4533317823  1.650553e-01 1.07900000000000000002
1  1.91e+03  0.4517374186  1.650553e-01 1.07900000000000000002
1  2.00e+03  0.4570051716  1.650553e-01 1.07900000000000000002
1  2.09e+03  0.4614077006  1.650553e-01 1.07900000000000000002
1  2.19e+03  0.4556991956  1.650553e-01 1.07900000000000000002
1  2.29e+03  0.4514838842  1.650553e-01 1.07900000000000000002
1  2.40e+03  0.4542942796  1.650553e-01 1.07900000000000000002
1  2.51e+03  0.4471614512  1.650553e-01 1.07900000000000000002
1  2.63e+03  0.4179315365  1.650553e-01 1.07900000000000000002
1  2.75e+03  0.4510008991  1.650553e-01 1.07900000000000000002
1  2.88e+03  0.4188485687  1.650553e-01 1.07900000000000000002
1  3.02e+03  0.4176440166  1.650553e-01 1.07900000000000000002
1  3.16e+03  0.4398034898  1.650553e-01 1.07900000000000000002
1  3.31e+03  0.4500059241  1.650553e-01 1.07900000000000000002
1  3.47e+03  0.4466387819  1.650553e-01 1.07900000000000000002
1  3.63e+03  0.43258834  1.650553e-01 1.07900000000000000002
1  3.80e+03  0.4408862235  1.650553e-01 1.07900000000000000002
1  3.98e+03  0.4728700084  1.650553e-01 1.07900000000000000002
1  4.17e+03  0.4530320377  1.650553e-01 1.07900000000000000002
1  4.37e+03  0.4683985057  1.650553e-01 1.07900000000000000002
1  4.57e+03  0.4581320452  1.650553e-01 1.07900000000000000002
1  4.79e+03  0.4711984678  1.650553e-01 1.07900000000000000002
1  5.01e+03  0.4555430235  1.650553e-01 1.07900000000000000002
1  5.25e+03  0.4373918002  1.650553e-01 1.07900000000000000002
1  5.50e+03  0.4403985642  1.650553e-01 1.07900000000000000002
1  5.75e+03  0.4116823535  1.650553e-01 1.07900000000000000002
1  6.03e+03  0.4160826618  1.650553e-01 1.07900000000000000002
1  6.31e+03  0.425648611  1.650553e-01 1.07900000000000000002
1  6.61e+03  0.461204046  1.650553e-01 1.07900000000000000002
1  6.92e+03  0.4350756726  1.650553e-01 1.07900000000000000002
1  7.24e+03  0.3859646083  1.650553e-01 1.07900000000000000002
1  7.59e+03  0.4091719159  1.650553e-01 1.07900000000000000002
1  7.94e+03  0.4421040609  1.650553e-01 1.07900000000000000002
1  8.32e+03  0.367513428  1.650553e-01 1.07900000000000000002
1  8.71e+03  0.4022376795  1.650553e-01 1.07900000000000000002
1  9.12e+03  0.4187928744  1.650553e-01 1.07900000000000000002
1  9.55e+03  0.3791139959  1.650553e-01 1.07900000000000000002
1  1.00e+04  0.3644853265  1.650553e-01 1.07900000000000000002
1  1.05e+04  0.4715894987  1.650553e-01 1.07900000000000000002
1  1.10e+04  0.3693027816  1.650553e-01 1.07900000000000000002
1  1.15e+04  0.4340705814  1.650553e-01 1.07900000000000000002
1  1.20e+04  0.278566475  1.650553e-01 1.07900000000000000002
1  1.26e+04  0.3465327255  1.650553e-01 1.07900000000000000002
1  1.32e+04  0.3406924701  1.650553e-01 1.07900000000000000002
1  1.38e+04  0.3434247258  1.650553e-01 1.07900000000000000002
1  1.45e+04  0.3408814937  1.650553e-01 1.07900000000000000002
1  1.51e+04  0.3357373987  1.650553e-01 1.07900000000000000002
1  1.58e+04  0.2728281169  1.650553e-01 1.07900000000000000002
1  1.66e+04  0.4357053071  1.650553e-01 1.07900000000000000002
1  1.74e+04  0.3193987795  1.650553e-01 1.07900000000000000002
1  1.82e+04  0.3391970038  1.650553e-01 1.07900000000000000002
1  1.91e+04  0.3734357891  1.650553e-01 1.07900000000000000002
1  2.00e+04  0.1840810914  1.650553e-01 1.07900000000000000002
1  2.09e+04  0.3668185266  1.650553e-01 1.07900000000000000002
1  2.19e+04  0.4012716662  1.650553e-01 1.07900000000000000002
1  2.29e+04  0.190983835  1.650553e-01 1.07900000000000000002
1  2.40e+04  0.2704005742  1.650553e-01 1.07900000000000000002
1  2.51e+04  0.3726877561  1.650553e-01 1.07900000000000000002
1  2.63e+04  0.2666258123  1.650553e-01 1.07900000000000000002
1  2.75e+04  0.4292513305  1.650553e-01 1.07900000000000000002
1  2.88e+04  0.2730775476  1.650553e-01 1.07900000000000000002
1  3.02e+04  0.3017706129  1.650553e-01 1.07900000000000000002
1  3.16e+04  0.4135681969  1.650553e-01 1.07900000000000000002
1  3.31e+04  0.4127708382  1.650553e-01 1.07900000000000000002
1  3.47e+04  0.1351391595  1.650553e-01 1.07900000000000000002
1  3.63e+04  0.3713173431  1.650553e-01 1.07900000000000000002
1  3.80e+04  0.2628632361  1.650553e-01 1.07900000000000000002
1  3.98e+04  0.4001934041  1.650553e-01 1.07900000000000000002
1  4.17e+04  0.3686850509  1.650553e-01 1.07900000000000000002
1  4.37e+04  0.3600757262  1.650553e-01 1.07900000000000000002
1  4.57e+04  0.4413394334  1.650553e-01 1.07900000000000000002
1  4.79e+04  0.1093613174  1.650553e-01 1.07900000000000000002
1  5.01e+04  0.3387015947  1.650553e-01 1.07900000000000000002
1  5.25e+04  0.3182604168  1.650553e-01 1.07900000000000000002
1  5.50e+04  0.1886048098  1.650553e-01 1.07900000000000000002
1  5.75e+04  0.4360738692  1.650553e-01 1.07900000000000000002
1  6.03e+04  0.36658317  1.650553e-01 1.07900000000000000002
1  6.31e+04  0.3531925057  1.650553e-01 1.07900000000000000002
1  6.61e+04  0.4055733059  1.650553e-01 1.07900000000000000002
1  6.92e+04  0.4236077386  1.650553e-01 1.07900000000000000002
1  7.24e+04  0.4364371978  1.650553e-01 1.07900000000000000002
1  7.59e+04  0.2987750627  1.650553e-01 1.07900000000000000002
1  7.94e+04  0.2179280581  1.650553e-01 1.07900000000000000002
1  8.32e+04  0.3662317501  1.650553e-01 1.07900000000000000002
1  8.71e+04  0.4421025362  1.650553e-01 1.07900000000000000002
1  9.12e+04  0.2810504438  1.650553e-01 1.07900000000000000002
1  9.55e+04  0.1540204922  1.650553e-01 1.07900000000000000002
1  1.00e+05  0.2516779072  1.650553e-01 1.07900000000000000002
1  1.05e+05  0.4099117344  1.650553e-01 1.07900000000000000002
1  1.10e+05  0.4243252304  1.650553e-01 1.07900000000000000002
1  1.15e+05  0.3232181268  1.650553e-01 1.07900000000000000002
1  1.20e+05  0.2612855077  1.650553e-01 1.07900000000000000002
1  1.26e+05  0.3058922645  1.650553e-01 1.07900000000000000002
1  1.32e+05  0.3974117679  1.650553e-01 1.07900000000000000002
1  1.38e+05  0.4521494811  1.650553e-01 1.07900000000000000002
1  1.45e+05  0.4457507828  1.650553e-01 1.07900000000000000002
1  1.51e+05  0.4096770958  1.650553e-01 1.07900000000000000002
1  1.58e+05  0.3837516418  1.650553e-01 1.07900000000000000002
1  1.66e+05  0.3837921951  1.650553e-01 1.07900000000000000002
1  1.74e+05  0.4017372297  1.650553e-01 1.07900000000000000002
1  1.82e+05  0.4221730756  1.650553e-01 1.07900000000000000002
1  1.91e+05  0.4356027803  1.650553e-01 1.07900000000000000002
1  2.00e+05  0.441255805  1.650553e-01 1.07900000000000000002
1  2.09e+05  0.4429416753  1.650553e-01 1.07900000000000000002
1  2.19e+05  0.444094448  1.650553e-01 1.07900000000000000002
1  2.29e+05  0.4454953474  1.650553e-01 1.07900000000000000002
1  2.40e+05  0.4457872778  1.650553e-01 1.07900000000000000002
1  2.51e+05  0.4432127006  1.650553e-01 1.07900000000000000002
1  2.63e+05  0.437060893  1.650553e-01 1.07900000000000000002
1  2.75e+05  0.4281464724  1.650553e-01 1.07900000000000000002
1  2.88e+05  0.418415867  1.650553e-01 1.07900000000000000002
1  3.02e+05  0.4101432231  1.650553e-01 1.07900000000000000002
1  3.16e+05  0.4051698877  1.650553e-01 1.07900000000000000002
1  3.31e+05  0.404449618  1.650553e-01 1.07900000000000000002
1  3.47e+05  0.4079532647  1.650553e-01 1.07900000000000000002
1  3.63e+05  0.414849222  1.650553e-01 1.07900000000000000002
1  3.80e+05  0.4238247583  1.650553e-01 1.07900000000000000002
1  3.98e+05  0.433424995  1.650553e-01 1.07900000000000000002
1  4.17e+05  0.4423279234  1.650553e-01 1.07900000000000000002
1  4.37e+05  0.4495194966  1.650553e-01 1.07900000000000000002
1  4.57e+05  0.4543681947  1.650553e-01 1.07900000000000000002
1  4.79e+05  0.4566191937  1.650553e-01 1.07900000000000000002
1  5.01e+05  0.4563360112  1.650553e-01 1.07900000000000000002
1  5.25e+05  0.4538163858  1.650553e-01 1.07900000000000000002
1  5.50e+05  0.449503381  1.650553e-01 1.07900000000000000002
1  5.75e+05  0.4439055522  1.650553e-01 1.07900000000000000002
1  6.03e+05  0.4375334533  1.650553e-01 1.07900000000000000002
1  6.31e+05  0.4308547199  1.650553e-01 1.07900000000000000002
1  6.61e+05  0.423384912  1.650553e-01 1.07900000000000000002
1  6.92e+05  0.4158125023  1.650553e-01 1.07900000000000000002
1  7.24e+05  0.4093670352  1.650553e-01 1.07900000000000000002
1  7.59e+05  0.4039700544  1.650553e-01 1.07900000000000000002
1  7.94e+05  0.3997277594  1.650553e-01 1.07900000000000000002
1  8.32e+05  0.3966575145  1.650553e-01 1.07900000000000000002
1  8.71e+05  0.3947104128  1.650553e-01 1.07900000000000000002
1  9.12e+05  0.3937921712  1.650553e-01 1.07900000000000000002
1  9.55e+05  0.3937809954  1.650553e-01 1.07900000000000000002
1  1.00e+06  0.3945418995  1.650553e-01 1.07900000000000000002
1  1.05e+06  0.3959375152  1.650553e-01 1.07900000000000000002
1  1.10e+06  0.3978439036  1.650553e-01 1.07900000000000000002
1  1.15e+06  0.4001073026  1.650553e-01 1.07900000000000000002
1  1.20e+06  0.402645894  1.650553e-01 1.07900000000000000002
1  1.26e+06  0.4053651679  1.650553e-01 1.07900000000000000002
1  1.32e+06  0.4081851963  1.650553e-01 1.07900000000000000002
1  1.38e+06  0.4110400269  1.650553e-01 1.07900000000000000002
1  1.45e+06  0.4138765858  1.650553e-01 1.07900000000000000002
1  1.51e+06  0.4166533096  1.650553e-01 1.07900000000000000002
1  1.58e+06  0.4193386696  1.650553e-01 1.07900000000000000002
1  1.66e+06  0.4219096975  1.650553e-01 1.07900000000000000002
1  1.74e+06  0.4243505872  1.650553e-01 1.07900000000000000002
1  1.82e+06  0.4266514142  1.650553e-01 1.07900000000000000002
1  1.91e+06  0.4288069952  1.650553e-01 1.07900000000000000002
1  2.00e+06  0.4308158949  1.650553e-01 1.07900000000000000002
1  2.09e+06  0.4326795765  1.650553e-01 1.07900000000000000002
1  2.19e+06  0.4344016879  1.650553e-01 1.07900000000000000002
1  2.29e+06  0.4359513058  1.650553e-01 1.07900000000000000002
1  2.40e+06  0.4374095081  1.650553e-01 1.07900000000000000002
1  2.51e+06  0.4387447669  1.650553e-01 1.07900000000000000002
1  2.63e+06  0.4399645408  1.650553e-01 1.07900000000000000002
1  2.75e+06  0.4410764701  1.650553e-01 1.07900000000000000002
1  2.88e+06  0.4420881912  1.650553e-01 1.07900000000000000002
1  3.02e+06  0.4430071979  1.650553e-01 1.07900000000000000002
1  3.16e+06  0.4438407396  1.650553e-01 1.07900000000000000002
1  3.31e+06  0.4445957513  1.650553e-01 1.07900000000000000002
1  3.47e+06  0.445278806  1.650553e-01 1.07900000000000000002
1  3.63e+06  0.4458960874  1.650553e-01 1.07900000000000000002
1  3.80e+06  0.446453376  1.650553e-01 1.07900000000000000002
1  3.98e+06  0.4469560475  1.650553e-01 1.07900000000000000002
1  4.17e+06  0.4474090782  1.650553e-01 1.07900000000000000002
1  4.37e+06  0.4478170575  1.650553e-01 1.07900000000000000002
1  4.57e+06  0.4481740904  1.650553e-01 1.07900000000000000002
1  4.79e+06  0.4485051909  1.650553e-01 1.07900000000000000002
1  5.01e+06  0.4488027809  1.650553e-01 1.07900000000000000002
1  5.25e+06  0.4490700912  1.650553e-01 1.07900000000000000002
1  5.50e+06  0.4493100639  1.650553e-01 1.07900000000000000002
1  5.75e+06  0.4495253742  1.650553e-01 1.07900000000000000002
1  6.03e+06  0.4497184506  1.650553e-01 1.07900000000000000002
1  6.31e+06  0.449891495  1.650553e-01 1.07900000000000000002
1  6.61e+06  0.4500465018  1.650553e-01 1.07900000000000000002
1  6.92e+06  0.4501852753  1.650553e-01 1.07900000000000000002
1  7.24e+06  0.4503094466  1.650553e-01 1.07900000000000000002
1  7.59e+06  0.4504204888  1.650553e-01 1.07900000000000000002
1  7.94e+06  0.4505197318  1.650553e-01 1.07900000000000000002
1  8.32e+06  0.4506083751  1.650553e-01 1.07900000000000000002
1  8.71e+06  0.4506875  1.650553e-01 1.07900000000000000002
1  9.12e+06  0.4507557654  1.650553e-01 1.07900000000000000002
1  9.55e+06  0.4508189013  1.650553e-01 1.07900000000000000002
1  1.00e+07  0.45087514  1.650553e-01 1.07900000000000000002
