1  1.00e-03  0.3754039062  1.485344e-01 0.97099999999999999999
1  1.05e-03  0.3754039041  1.485344e-01 0.97099999999999999999
1  1.10e-03  0.3754039048  1.485344e-01 0.97099999999999999999
1  1.15e-03  0.3754039072  1.485344e-01 0.97099999999999999999
1  1.20e-03  0.375403908  1.485344e-01 0.97099999999999999999
1  1.26e-03  0.3754039051  1.485344e-01 0.97099999999999999999
1  1.32e-03  0.3754039115  1.485344e-01 0.97099999999999999999
1  1.38e-03  0.3754039113  1.485344e-01 0.97099999999999999999
1  1.45e-03  0.3754039051  1.485344e-01 0.97099999999999999999
1  1.51e-03  0.3754039105  1.485344e-01 0.97099999999999999999
1  1.58e-03  0.375403908  1.485344e-01 0.97099999999999999999
1  1.66e-03  0.3754039104  1.485344e-01 0.97099999999999999999
1  1.74e-03  0.3754039077  1.485344e-01 0.97099999999999999999
1  1.82e-03  0.3754039122  1.485344e-01 0.97099999999999999999
1  1.91e-03  0.3754039067  1.485344e-01 0.97099999999999999999
1  2.00e-03  0.3754039097  1.485344e-01 0.97099999999999999999
1  2.09e-03  0.375403911  1.485344e-01 0.97099999999999999999
1  2.19e-03  0.3754039058  1.485344e-01 0.97099999999999999999
1  2.29e-03  0.3754039055  1.485344e-01 0.97099999999999999999
1  2.40e-03  0.3754039064  1.485344e-01 0.97099999999999999999
1  2.51e-03  0.3754039088  1.485344e-01 0.97099999999999999999
1  2.63e-03  0.375403909  1.485344e-01 0.97099999999999999999
1  2.75e-03  0.3754039083  1.485344e-01 0.97099999999999999999
1  2.88e-03  0.3754039104  1.485344e-01 0.97099999999999999999
1  3.02e-03  0.3754039104  1.485344e-01 0.97099999999999999999
1  3.16e-03  0.3754039102  1.485344e-01 0.97099999999999999999
1  3.31e-03  0.3754039093  1.485344e-01 0.97099999999999999999
1  3.47e-03  0.3754039111  1.485344e-01 0.97099999999999999999
1  3.63e-03  0.375403908  1.485344e-01 0.97099999999999999999
1  3.80e-03  0.3754039108  1.485344e-01 0.97099999999999999999
1  3.98e-03  0.3754039108  1.485344e-01 0.97099999999999999999
1  4.17e-03  0.3754039088  1.485344e-01 0.97099999999999999999
1  4.37e-03  0.37540391  1.485344e-01 0.97099999999999999999
1  4.57e-03  0.3754039102  1.485344e-01 0.97099999999999999999
1  4.79e-03  0.3754039078  1.485344e-01 0.97099999999999999999
1  5.01e-03  0.3754039079  1.485344e-01 0.97099999999999999999
1  5.25e-03  0.3754039083  1.485344e-01 0.97099999999999999999
1  5.50e-03  0.3754039093  1.485344e-01 0.97099999999999999999
1  5.75e-03  0.3754039088  1.485344e-01 0.97099999999999999999
1  6.03e-03  0.3754039092  1.485344e-01 0.97099999999999999999
1  6.31e-03  0.3754039103  1.485344e-01 0.97099999999999999999
1  6.61e-03  0.375403907  1.485344e-01 0.97099999999999999999
1  6.92e-03  0.3754039116  1.485344e-01 0.97099999999999999999
1  7.24e-03  0.3754039097  1.485344e-01 0.97099999999999999999
1  7.59e-03  0.3754039087  1.485344e-01 0.97099999999999999999
1  7.94e-03  0.3754039105  1.485344e-01 0.97099999999999999999
1  8.32e-03  0.3754039059  1.485344e-01 0.97099999999999999999
1  8.71e-03  0.375403906  1.485344e-01 0.97099999999999999999
1  9.12e-03  0.3754039085  1.485344e-01 0.97099999999999999999
1  9.55e-03  0.3754039093  1.485344e-01 0.97099999999999999999
1  1.00e-02  0.375403905  1.485344e-01 0.97099999999999999999
1  1.05e-02  0.3754039069  1.485344e-01 0.97099999999999999999
1  1.10e-02  0.3754039065  1.485344e-01 0.97099999999999999999
1  1.15e-02  0.3754039065  1.485344e-01 0.97099999999999999999
1  1.20e-02  0.3754039064  1.485344e-01 0.97099999999999999999
1  1.26e-02  0.375403903  1.485344e-01 0.97099999999999999999
1  1.32e-02  0.3754039082  1.485344e-01 0.97099999999999999999
1  1.38e-02  0.3754039064  1.485344e-01 0.97099999999999999999
1  1.45e-02  0.3754039085  1.485344e-01 0.97099999999999999999
1  1.51e-02  0.375403908  1.485344e-01 0.97099999999999999999
1  1.58e-02  0.3754039082  1.485344e-01 0.97099999999999999999
1  1.66e-02  0.375403903  1.485344e-01 0.97099999999999999999
1  1.74e-02  0.3754039082  1.485344e-01 0.97099999999999999999
1  1.82e-02  0.3754039049  1.485344e-01 0.97099999999999999999
1  1.91e-02  0.375403908  1.485344e-01 0.97099999999999999999
1  2.00e-02  0.3754038951  1.485344e-01 0.97099999999999999999
1  2.09e-02  0.3754039062  1.485344e-01 0.97099999999999999999
1  2.19e-02  0.3754039021  1.485344e-01 0.97099999999999999999
1  2.29e-02  0.3754038428  1.485344e-01 0.97099999999999999999
1  2.40e-02  0.3754039906  1.485344e-01 0.97099999999999999999
1  2.51e-02  0.375403902  1.485344e-01 0.97099999999999999999
1  2.63e-02  0.3754039013  1.485344e-01 0.97099999999999999999
1  2.75e-02  0.3754038875  1.485344e-01 0.97099999999999999999
1  2.88e-02  0.3754038915  1.485344e-01 0.97099999999999999999
1  3.02e-02  0.3754038994  1.485344e-01 0.97099999999999999999
1  3.16e-02  0.3754038948  1.485344e-01 0.97099999999999999999
1  3.31e-02  0.3754038989  1.485344e-01 0.97099999999999999999
1  3.47e-02  0.3754038925  1.485344e-01 0.97099999999999999999
1  3.63e-02  0.375403903  1.485344e-01 0.97099999999999999999
1  3.80e-02  0.3754038901  1.485344e-01 0.97099999999999999999
1  3.98e-02  0.3754039013  1.485344e-01 0.97099999999999999999
1  4.17e-02  0.3754038965  1.485344e-01 0.97099999999999999999
1  4.37e-02  0.3754038767  1.485344e-01 0.97099999999999999999
1  4.57e-02  0.3754038158  1.485344e-01 0.97099999999999999999
1  4.79e-02  0.3754030023  1.485344e-01 0.97099999999999999999
1  5.01e-02  0.3754038458  1.485344e-01 0.97099999999999999999
1  5.25e-02  0.3754038765  1.485344e-01 0.97099999999999999999
1  5.50e-02  0.3754038816  1.485344e-01 0.97099999999999999999
1  5.75e-02  0.3754038694  1.485344e-01 0.97099999999999999999
1  6.03e-02  0.3754039661  1.485344e-01 0.97099999999999999999
1  6.31e-02  0.3754041908  1.485344e-01 0.97099999999999999999
1  6.61e-02  0.3754038779  1.485344e-01 0.97099999999999999999
1  6.92e-02  0.3754038898  1.485344e-01 0.97099999999999999999
1  7.24e-02  0.3754038786  1.485344e-01 0.97099999999999999999
1  7.59e-02  0.3754039019  1.485344e-01 0.97099999999999999999
1  7.94e-02  0.3754038868  1.485344e-01 0.97099999999999999999
1  8.32e-02  0.3754038953  1.485344e-01 0.97099999999999999999
1  8.71e-02  0.3754038806  1.485344e-01 0.97099999999999999999
1  9.12e-02  0.3754038925  1.485344e-01 0.97099999999999999999
1  9.55e-02  0.3754038584  1.485344e-01 0.97099999999999999999
1  1.00e-01  0.3754038762  1.485344e-01 0.97099999999999999999
1  1.05e-01  0.3754038732  1.485344e-01 0.97099999999999999999
1  1.10e-01  0.3754038857  1.485344e-01 0.97099999999999999999
1  1.15e-01  0.3754038594  1.485344e-01 0.97099999999999999999
1  1.20e-01  0.3754038632  1.485344e-01 0.97099999999999999999
1  1.26e-01  0.3754042678  1.485344e-01 0.97099999999999999999
1  1.32e-01  0.375403834  1.485344e-01 0.97099999999999999999
1  1.38e-01  0.3754038966  1.485344e-01 0.97099999999999999999
1  1.45e-01  0.3754038737  1.485344e-01 0.97099999999999999999
1  1.51e-01  0.3754038654  1.485344e-01 0.97099999999999999999
1  1.58e-01  0.3754037019  1.485344e-01 0.97099999999999999999
1  1.66e-01  0.375403725  1.485344e-01 0.97099999999999999999
1  1.74e-01  0.3754038757  1.485344e-01 0.97099999999999999999
1  1.82e-01  0.3754036479  1.485344e-01 0.97099999999999999999
1  1.91e-01  0.3754038709  1.485344e-01 0.97099999999999999999
1  2.00e-01  0.3754038568  1.485344e-01 0.97099999999999999999
1  2.09e-01  0.3754038272  1.485344e-01 0.97099999999999999999
1  2.19e-01  0.3754038362  1.485344e-01 0.97099999999999999999
1  2.29e-01  0.3754038911  1.485344e-01 0.97099999999999999999
1  2.40e-01  0.3754038765  1.485344e-01 0.97099999999999999999
1  2.51e-01  0.3754018936  1.485344e-01 0.97099999999999999999
1  2.63e-01  0.3754038854  1.485344e-01 0.97099999999999999999
1  2.75e-01  0.3754029923  1.485344e-01 0.97099999999999999999
1  2.88e-01  0.3754040587  1.485344e-01 0.97099999999999999999
1  3.02e-01  0.3754038633  1.485344e-01 0.97099999999999999999
1  3.16e-01  0.3754037936  1.485344e-01 0.97099999999999999999
1  3.31e-01  0.3754038458  1.485344e-01 0.97099999999999999999
1  3.47e-01  0.3754038684  1.485344e-01 0.97099999999999999999
1  3.63e-01  0.3754037085  1.485344e-01 0.97099999999999999999
1  3.80e-01  0.3754038589  1.485344e-01 0.97099999999999999999
1  3.98e-01  0.3754038854  1.485344e-01 0.97099999999999999999
1  4.17e-01  0.3754038184  1.485344e-01 0.97099999999999999999
1  4.37e-01  0.3754038289  1.485344e-01 0.97099999999999999999
1  4.57e-01  0.3754037582  1.485344e-01 0.97099999999999999999
1  4.79e-01  0.3754038709  1.485344e-01 0.97099999999999999999
1  5.01e-01  0.3754037352  1.485344e-01 0.97099999999999999999
1  5.25e-01  0.3754037845  1.485344e-01 0.97099999999999999999
1  5.50e-01  0.375403754  1.485344e-01 0.97099999999999999999
1  5.75e-01  0.375403845  1.485344e-01 0.97099999999999999999
1  6.03e-01  0.3754036222  1.485344e-01 0.97099999999999999999
1  6.31e-01  0.3754037395  1.485344e-01 0.97099999999999999999
1  6.61e-01  0.3754027958  1.485344e-01 0.97099999999999999999
1  6.92e-01  0.3754038127  1.485344e-01 0.97099999999999999999
1  7.24e-01  0.3754039663  1.485344e-01 0.97099999999999999999
1  7.59e-01  0.3754036416  1.485344e-01 0.97099999999999999999
1  7.94e-01  0.3754038786  1.485344e-01 0.97099999999999999999
1  8.32e-01  0.375398512  1.485344e-01 0.97099999999999999999
1  8.71e-01  0.3754037503  1.485344e-01 0.97099999999999999999
1  9.12e-01  0.3754036069  1.485344e-01 0.97099999999999999999
1  9.55e-01  0.3754039306  1.485344e-01 0.97099999999999999999
1  1.00e+00  0.3754037747  1.485344e-01 0.97099999999999999999
1  1.05e+00  0.3754038261  1.485344e-01 0.97099999999999999999
1  1.10e+00  0.3754037919  1.485344e-01 0.97099999999999999999
1  1.15e+00  0.375408036  1.485344e-01 0.97099999999999999999
1  1.20e+00  0.3754037441  1.485344e-01 0.97099999999999999999
1  1.26e+00  0.3754038833  1.485344e-01 0.97099999999999999999
1  1.32e+00  0.3754035571  1.485344e-01 0.97099999999999999999
1  1.38e+00  0.3754121456  1.485344e-01 0.97099999999999999999
1  1.45e+00  0.3754038077  1.485344e-01 0.97099999999999999999
1  1.51e+00  0.3754035145  1.485344e-01 0.97099999999999999999
1  1.58e+00  0.3754028361  1.485344e-01 0.97099999999999999999
1  1.66e+00  0.3754088755  1.485344e-01 0.97099999999999999999
1  1.74e+00  0.3754022859  1.485344e-01 0.97099999999999999999
1  1.82e+00  0.3754034571  1.485344e-01 0.97099999999999999999
1  1.91e+00  0.3754034424  1.485344e-01 0.97099999999999999999
1  2.00e+00  0.3754032875  1.485344e-01 0.97099999999999999999
1  2.09e+00  0.3754032878  1.485344e-01 0.97099999999999999999
1  2.19e+00  0.375403035  1.485344e-01 0.97099999999999999999
1  2.29e+00  0.3754048104  1.485344e-01 0.97099999999999999999
1  2.40e+00  0.3754033876  1.485344e-01 0.97099999999999999999
1  2.51e+00  0.3754035714  1.485344e-01 0.97099999999999999999
1  2.63e+00  0.3754030236  1.485344e-01 0.97099999999999999999
1  2.75e+00  0.3754034879  1.485344e-01 0.97099999999999999999
1  2.88e+00  0.3754031644  1.485344e-01 0.97099999999999999999
1  3.02e+00  0.3754061156  1.485344e-01 0.97099999999999999999
1  3.16e+00  0.3754108058  1.485344e-01 0.97099999999999999999
1  3.31e+00  0.3753415176  1.485344e-01 0.97099999999999999999
1  3.47e+00  0.3754043421  1.485344e-01 0.97099999999999999999
1  3.63e+00  0.3754252355  1.485344e-01 0.97099999999999999999
1  3.80e+00  0.3753942642  1.485344e-01 0.97099999999999999999
1  3.98e+00  0.3754030364  1.485344e-01 0.97099999999999999999
1  4.17e+00  0.3754031698  1.485344e-01 0.97099999999999999999
1  4.37e+00  0.3754025286  1.485344e-01 0.97099999999999999999
1  4.57e+00  0.3754027627  1.485344e-01 0.97099999999999999999
1  4.79e+00  0.3754020414  1.485344e-01 0.97099999999999999999
1  5.01e+00  0.3754028154  1.485344e-01 0.97099999999999999999
1  5.25e+00  0.3754036447  1.485344e-01 0.97099999999999999999
1  5.50e+00  0.3753884014  1.485344e-01 0.97099999999999999999
1  5.75e+00  0.3754356817  1.485344e-01 0.97099999999999999999
1  6.03e+00  0.3754021739  1.485344e-01 0.97099999999999999999
1  6.31e+00  0.375402677  1.485344e-01 0.97099999999999999999
1  6.61e+00  0.3754014519  1.485344e-01 0.97099999999999999999
1  6.92e+00  0.3754021164  1.485344e-01 0.97099999999999999999
1  7.24e+00  0.3754034988  1.485344e-01 0.97099999999999999999
1  7.59e+00  0.3753998865  1.485344e-01 0.97099999999999999999
1  7.94e+00  0.3753990312  1.485344e-01 0.97099999999999999999
1  8.32e+00  0.3753998474  1.485344e-01 0.97099999999999999999
1  8.71e+00  0.3754054841  1.485344e-01 0.97099999999999999999
1  9.12e+00  0.3754010495  1.485344e-01 0.97099999999999999999
1  9.55e+00  0.3753970486  1.485344e-01 0.97099999999999999999
1  1.00e+01  0.3753465477  1.485344e-01 0.97099999999999999999
1  1.05e+01  0.375411719  1.485344e-01 0.97099999999999999999
1  1.10e+01  0.3754224074  1.485344e-01 0.97099999999999999999
1  1.15e+01  0.3754025005  1.485344e-01 0.97099999999999999999
1  1.20e+01  0.3754035927  1.485344e-01 0.97099999999999999999
1  1.26e+01  0.3754016528  1.485344e-01 0.97099999999999999999
1  1.32e+01  0.3754046308  1.485344e-01 0.97099999999999999999
1  1.38e+01  0.3754034663  1.485344e-01 0.97099999999999999999
1  1.45e+01  0.3754036563  1.485344e-01 0.97099999999999999999
1  1.51e+01  0.3754001194  1.485344e-01 0.97099999999999999999
1  1.58e+01  0.3754009524  1.485344e-01 0.97099999999999999999
1  1.66e+01  0.375501922  1.485344e-01 0.97099999999999999999
1  1.74e+01  0.3758323381  1.485344e-01 0.97099999999999999999
1  1.82e+01  0.3751556457  1.485344e-01 0.97099999999999999999
1  1.91e+01  0.3754004157  1.485344e-01 0.97099999999999999999
1  2.00e+01  0.3753619478  1.485344e-01 0.97099999999999999999
1  2.09e+01  0.3756835166  1.485344e-01 0.97099999999999999999
1  2.19e+01  0.3756602229  1.485344e-01 0.97099999999999999999
1  2.29e+01  0.3753235707  1.485344e-01 0.97099999999999999999
1  2.40e+01  0.3752112516  1.485344e-01 0.97099999999999999999
1  2.51e+01  0.375296776  1.485344e-01 0.97099999999999999999
1  2.63e+01  0.375321784  1.485344e-01 0.97099999999999999999
1  2.75e+01  0.3757263186  1.485344e-01 0.97099999999999999999
1  2.88e+01  0.3758497818  1.485344e-01 0.97099999999999999999
1  3.02e+01  0.3751557191  1.485344e-01 0.97099999999999999999
1  3.16e+01  0.3754501906  1.485344e-01 0.97099999999999999999
1  3.31e+01  0.3754225961  1.485344e-01 0.97099999999999999999
1  3.47e+01  0.3756773886  1.485344e-01 0.97099999999999999999
1  3.63e+01  0.3751373023  1.485344e-01 0.97099999999999999999
1  3.80e+01  0.3756442278  1.485344e-01 0.97099999999999999999
1  3.98e+01  0.3754632953  1.485344e-01 0.97099999999999999999
1  4.17e+01  0.375537976  1.485344e-01 0.97099999999999999999
1  4.37e+01  0.3753262728  1.485344e-01 0.97099999999999999999
1  4.57e+01  0.3750507284  1.485344e-01 0.97099999999999999999
1  4.79e+01  0.3751553006  1.485344e-01 0.97099999999999999999
1  5.01e+01  0.3754268753  1.485344e-01 0.97099999999999999999
1  5.25e+01  0.3753612128  1.485344e-01 0.97099999999999999999
1  5.50e+01  0.3753659387  1.485344e-01 0.97099999999999999999
1  5.75e+01  0.3754315443  1.485344e-01 0.97099999999999999999
1  6.03e+01  0.3751761181  1.485344e-01 0.97099999999999999999
1  6.31e+01  0.3756538641  1.485344e-01 0.97099999999999999999
1  6.61e+01  0.3753591883  1.485344e-01 0.97099999999999999999
1  6.92e+01  0.3753968601  1.485344e-01 0.97099999999999999999
1  7.24e+01  0.3754187494  1.485344e-01 0.97099999999999999999
1  7.59e+01  0.375627954  1.485344e-01 0.97099999999999999999
1  7.94e+01  0.3756734876  1.485344e-01 0.97099999999999999999
1  8.32e+01  0.37539913  1.485344e-01 0.97099999999999999999
1  8.71e+01  0.37540219  1.485344e-01 0.97099999999999999999
1  9.12e+01  0.3753858418  1.485344e-01 0.97099999999999999999
1  9.55e+01  0.3755493308  1.485344e-01 0.97099999999999999999
1  1.00e+02  0.3751337643  1.485344e-01 0.97099999999999999999
1  1.05e+02  0.3753879477  1.485344e-01 0.97099999999999999999
1  1.10e+02  0.3754257367  1.485344e-01 0.97099999999999999999
1  1.15e+02  0.3754168899  1.485344e-01 0.97099999999999999999
1  1.20e+02  0.3753626042  1.485344e-01 0.97099999999999999999
1  1.26e+02  0.3756502214  1.485344e-01 0.97099999999999999999
1  1.32e+02  0.3754258406  1.485344e-01 0.97099999999999999999
1  1.38e+02  0.3753359795  1.485344e-01 0.97099999999999999999
1  1.45e+02  0.3753817261  1.485344e-01 0.97099999999999999999
1  1.51e+02  0.3754024492  1.485344e-01 0.97099999999999999999
1  1.58e+02  0.3752983398  1.485344e-01 0.97099999999999999999
1  1.66e+02  0.3753164692  1.485344e-01 0.97099999999999999999
1  1.74e+02  0.3753887938  1.485344e-01 0.97099999999999999999
1  1.82e+02  0.3753174485  1.485344e-01 0.97099999999999999999
1  1.91e+02  0.3753125604  1.485344e-01 0.97099999999999999999
1  2.00e+02  0.3754362359  1.485344e-01 0.97099999999999999999
1  2.09e+02  0.3753403381  1.485344e-01 0.97099999999999999999
1  2.19e+02  0.3753590968  1.485344e-01 0.97099999999999999999
1  2.29e+02  0.3752954454  1.485344e-01 0.97099999999999999999
1  2.40e+02  0.3753495901  1.485344e-01 0.97099999999999999999
1  2.51e+02  0.3752801347  1.485344e-01 0.97099999999999999999
1  2.63e+02  0.3754923798  1.485344e-01 0.97099999999999999999
1  2.75e+02  0.3754120969  1.485344e-01 0.97099999999999999999
1  2.88e+02  0.3753251843  1.485344e-01 0.97099999999999999999
1  3.02e+02  0.3753320309  1.485344e-01 0.97099999999999999999
1  3.16e+02  0.3753719745  1.485344e-01 0.97099999999999999999
1  3.31e+02  0.3753928774  1.485344e-01 0.97099999999999999999
1  3.47e+02  0.3753828158  1.485344e-01 0.97099999999999999999
1  3.63e+02  0.3753649381  1.485344e-01 0.97099999999999999999
1  3.80e+02  0.3753150365  1.485344e-01 0.97099999999999999999
1  3.98e+02  0.3754111754  1.485344e-01 0.97099999999999999999
1  4.17e+02  0.3753412185  1.485344e-01 0.97099999999999999999
1  4.37e+02  0.3754098207  1.485344e-01 0.97099999999999999999
1  4.57e+02  0.3753488526  1.485344e-01 0.97099999999999999999
1  4.79e+02  0.3755320311  1.485344e-01 0.97099999999999999999
1  5.01e+02  0.3755032315  1.485344e-01 0.97099999999999999999
1  5.25e+02  0.3755143601  1.485344e-01 0.97099999999999999999
1  5.50e+02  0.3752484929  1.485344e-01 0.97099999999999999999
1  5.75e+02  0.3752967554  1.485344e-01 0.97099999999999999999
1  6.03e+02  0.3752360804  1.485344e-01 0.97099999999999999999
1  6.31e+02  0.3752644601  1.485344e-01 0.97099999999999999999
1  6.61e+02  0.3751839537  1.485344e-01 0.97099999999999999999
1  6.92e+02  0.3754087415  1.485344e-01 0.97099999999999999999
1  7.24e+02  0.3754749293  1.485344e-01 0.97099999999999999999
1  7.59e+02  0.3750629198  1.485344e-01 0.97099999999999999999
1  7.94e+02  0.3755466175  1.485344e-01 0.97099999999999999999
1  8.32e+02  0.3754059518  1.485344e-01 0.97099999999999999999
1  8.71e+02  0.3750843181  1.485344e-01 0.97099999999999999999
1  9.12e+02  0.3752894871  1.485344e-01 0.97099999999999999999
1  9.55e+02  0.3752823815  1.485344e-01 0.97099999999999999999
1  1.00e+03  0.3751830145  1.485344e-01 0.97099999999999999999
1  1.05e+03  0.3754499493  1.485344e-01 0.97099999999999999999
1  1.10e+03  0.3755965761  1.485344e-01 0.97099999999999999999
1  1.15e+03  0.3746748042  1.485344e-01 0.97099999999999999999
1  1.20e+03  0.3753121427  1.485344e-01 0.97099999999999999999
1  1.26e+03  0.3755091072  1.485344e-01 0.97099999999999999999
1  1.32e+03  0.3758571727  1.485344e-01 0.97099999999999999999
1  1.38e+03  0.3752108387  1.485344e-01 0.97099999999999999999
1  1.45e+03  0.3753887803  1.485344e-01 0.97099999999999999999
1  1.51e+03  0.3739806638  1.485344e-01 0.97099999999999999999
1  1.58e+03  0.3751779414  1.485344e-01 0.97099999999999999999
1  1.66e+03  0.3754278977  1.485344e-01 0.97099999999999999999
1  1.74e+03  0.3757213417  1.485344e-01 0.97099999999999999999
1  1.82e+03  0.3750705207  1.485344e-01 0.97099999999999999999
1  1.91e+03  0.37627632  1.485344e-01 0.97099999999999999999
1  2.00e+03  0.3766522064  1.485344e-01 0.97099999999999999999
1  2.09e+03  0.3778669817  1.485344e-01 0.97099999999999999999
1  2.19e+03  0.3768030066  1.485344e-01 0.97099999999999999999
1  2.29e+03  0.3746223052  1.485344e-01 0.97099999999999999999
1  2.40e+03  0.3746348317  1.485344e-01 0.97099999999999999999
1  2.51e+03  0.3754406277  1.485344e-01 0.97099999999999999999
1  2.63e+03  0.3686452461  1.485344e-01 0.97099999999999999999
1  2.75e+03  0.3728924849  1.485344e-01 0.97099999999999999999
1  2.88e+03  0.3662291967  1.485344e-01 0.97099999999999999999
1  3.02e+03  0.3752101759  1.485344e-01 0.97099999999999999999
1  3.16e+03  0.3746933257  1.485344e-01 0.97099999999999999999
1  3.31e+03  0.3730603147  1.485344e-01 0.97099999999999999999
1  3.47e+03  0.3818780874  1.485344e-01 0.97099999999999999999
1  3.63e+03  0.376564383  1.485344e-01 0.97099999999999999999
1  3.80e+03  0.3771747867  1.485344e-01 0.97099999999999999999
1  3.98e+03  0.3790358612  1.485344e-01 0.97099999999999999999
1  4.17e+03  0.3753814467  1.485344e-01 0.97099999999999999999
1  4.37e+03  0.3785338569  1.485344e-01 0.97099999999999999999
1  4.57e+03  0.3749600867  1.485344e-01 0.97099999999999999999
1  4.79e+03  0.3901297709  1.485344e-01 0.97099999999999999999
1  5.01e+03  0.3701820047  1.485344e-01 0.97099999999999999999
1  5.25e+03  0.3808191677  1.485344e-01 0.97099999999999999999
1  5.50e+03  0.3800680363  1.485344e-01 0.97099999999999999999
1  5.75e+03  0.3784751804  1.485344e-01 0.97099999999999999999
1  6.03e+03  0.3788732687  1.485344e-01 0.97099999999999999999
1  6.31e+03  0.39161387  1.485344e-01 0.97099999999999999999
1  6.61e+03  0.3551169533  1.485344e-01 0.97099999999999999999
1  6.92e+03  0.3387872069  1.485344e-01 0.97099999999999999999
1  7.24e+03  0.3811790661  1.485344e-01 0.97099999999999999999
1  7.59e+03  0.3671373451  1.485344e-01 0.97099999999999999999
1  7.94e+03  0.3832560851  1.485344e-01 0.97099999999999999999
1  8.32e+03  0.3646067429  1.485344e-01 0.97099999999999999999
1  8.71e+03  0.3605099426  1.485344e-01 0.97099999999999999999
1  9.12e+03  0.3295288155  1.485344e-01 0.97099999999999999999
1  9.55e+03  0.3705945042  1.485344e-01 0.97099999999999999999
1  1.00e+04  0.3518096086  1.485344e-01 0.97099999999999999999
1  1.05e+04  0.3774800483  1.485344e-01 0.97099999999999999999
1  1.10e+04  0.3576964292  1.485344e-01 0.97099999999999999999
1  1.15e+04  0.3777456142  1.485344e-01 0.97099999999999999999
1  1.20e+04  0.3799806748  1.485344e-01 0.97099999999999999999
1  1.26e+04  0.3152055247  1.485344e-01 0.97099999999999999999
1  1.32e+04  0.3793029795  1.485344e-01 0.97099999999999999999
1  1.38e+04  0.3031058478  1.485344e-01 0.97099999999999999999
1  1.45e+04  0.3736255657  1.485344e-01 0.97099999999999999999
1  1.51e+04  0.3265127318  1.485344e-01 0.97099999999999999999
1  1.58e+04  0.3757098776  1.485344e-01 0.97099999999999999999
1  1.66e+04  0.3808355944  1.485344e-01 0.97099999999999999999
1  1.74e+04  0.3454397972  1.485344e-01 0.97099999999999999999
1  1.82e+04  0.3383070431  1.485344e-01 0.97099999999999999999
1  1.91e+04  0.2647889944  1.485344e-01 0.97099999999999999999
1  2.00e+04  0.377246323  1.485344e-01 0.97099999999999999999
1  2.09e+04  0.3652442136  1.485344e-01 0.97099999999999999999
1  2.19e+04  0.2640841429  1.485344e-01 0.97099999999999999999
1  2.29e+04  0.3629684681  1.485344e-01 0.97099999999999999999
1  2.40e+04  0.3508975196  1.485344e-01 0.97099999999999999999
1  2.51e+04  0.2651321912  1.485344e-01 0.97099999999999999999
1  2.63e+04  0.3608154123  1.485344e-01 0.97099999999999999999
1  2.75e+04  0.3216551454  1.485344e-01 0.97099999999999999999
1  2.88e+04  0.374303047  1.485344e-01 0.97099999999999999999
1  3.02e+04  0.3189764909  1.485344e-01 0.97099999999999999999
1  3.16e+04  0.2976391535  1.485344e-01 0.97099999999999999999
1  3.31e+04  0.3323123037  1.485344e-01 0.97099999999999999999
1  3.47e+04  0.3558865423  1.485344e-01 0.97099999999999999999
1  3.63e+04  0.3182472845  1.485344e-01 0.97099999999999999999
1  3.80e+04  0.3720990939  1.485344e-01 0.97099999999999999999
1  3.98e+04  0.2696525658  1.485344e-01 0.97099999999999999999
1  4.17e+04  0.3709844252  1.485344e-01 0.97099999999999999999
1  4.37e+04  0.2781083952  1.485344e-01 0.97099999999999999999
1  4.57e+04  0.3296149522  1.485344e-01 0.97099999999999999999
1  4.79e+04  0.3675507365  1.485344e-01 0.97099999999999999999
1  5.01e+04  0.3428962577  1.485344e-01 0.97099999999999999999
1  5.25e+04  0.3178710833  1.485344e-01 0.97099999999999999999
1  5.50e+04  0.3708115379  1.485344e-01 0.97099999999999999999
1  5.75e+04  0.3153371973  1.485344e-01 0.97099999999999999999
1  6.03e+04  0.2831641179  1.485344e-01 0.97099999999999999999
1  6.31e+04  0.3664074346  1.485344e-01 0.97099999999999999999
1  6.61e+04  0.3164729524  1.485344e-01 0.97099999999999999999
1  6.92e+04  0.2721735942  1.485344e-01 0.97099999999999999999
1  7.24e+04  0.3454405884  1.485344e-01 0.97099999999999999999
1  7.59e+04  0.3730594648  1.485344e-01 0.97099999999999999999
1  7.94e+04  0.3398863017  1.485344e-01 0.97099999999999999999
1  8.32e+04  0.3331307044  1.485344e-01 0.97099999999999999999
1  8.71e+04  0.3464345608  1.485344e-01 0.97099999999999999999
1  9.12e+04  0.3567197115  1.485344e-01 0.97099999999999999999
1  9.55e+04  0.3697685086  1.485344e-01 0.97099999999999999999
1  1.00e+05  0.3710357328  1.485344e-01 0.97099999999999999999
1  1.05e+05  0.3453287637  1.485344e-01 0.97099999999999999999
1  1.10e+05  0.3185245806  1.485344e-01 0.97099999999999999999
1  1.15e+05  0.3247934782  1.485344e-01 0.97099999999999999999
1  1.20e+05  0.3557044836  1.485344e-01 0.97099999999999999999
1  1.26e+05  0.3717677267  1.485344e-01 0.97099999999999999999
1  1.32e+05  0.3522648508  1.485344e-01 0.97099999999999999999
1  1.38e+05  0.3156523422  1.485344e-01 0.97099999999999999999
1  1.45e+05  0.2951535941  1.485344e-01 0.97099999999999999999
1  1.51e+05  0.3058521057  1.485344e-01 0.97099999999999999999
1  1.58e+05  0.3358534184  1.485344e-01 0.97099999999999999999
1  1.66e+05  0.361452653  1.485344e-01 0.97099999999999999999
1  1.74e+05  0.3666693432  1.485344e-01 0.97099999999999999999
1  1.82e+05  0.3516498611  1.485344e-01 0.97099999999999999999
1  1.91e+05  0.3282882854  1.485344e-01 0.97099999999999999999
1  2.00e+05  0.3103972222  1.485344e-01 0.97099999999999999999
1  2.09e+05  0.3060698282  1.485344e-01 0.97099999999999999999
1  2.19e+05  0.3154680719  1.485344e-01 0.97099999999999999999
1  2.29e+05  0.3330553651  1.485344e-01 0.97099999999999999999
1  2.40e+05  0.3515234821  1.485344e-01 0.97099999999999999999
1  2.51e+05  0.365063542  1.485344e-01 0.97099999999999999999
1  2.63e+05  0.3709273416  1.485344e-01 0.97099999999999999999
1  2.75e+05  0.3693715453  1.485344e-01 0.97099999999999999999
1  2.88e+05  0.3626481186  1.485344e-01 0.97099999999999999999
1  3.02e+05  0.3537529981  1.485344e-01 0.97099999999999999999
1  3.16e+05  0.3454141203  1.485344e-01 0.97099999999999999999
1  3.31e+05  0.3395143354  1.485344e-01 0.97099999999999999999
1  3.47e+05  0.3369308826  1.485344e-01 0.97099999999999999999
1  3.63e+05  0.3376653418  1.485344e-01 0.97099999999999999999
1  3.80e+05  0.3411168581  1.485344e-01 0.97099999999999999999
1  3.98e+05  0.3463800653  1.485344e-01 0.97099999999999999999
1  4.17e+05  0.3524948048  1.485344e-01 0.97099999999999999999
1  4.37e+05  0.3586168993  1.485344e-01 0.97099999999999999999
1  4.57e+05  0.36410897  1.485344e-01 0.97099999999999999999
1  4.79e+05  0.3685665428  1.485344e-01 0.97099999999999999999
1  5.01e+05  0.3718003268  1.485344e-01 0.97099999999999999999
1  5.25e+05  0.3737944918  1.485344e-01 0.97099999999999999999
1  5.50e+05  0.37465647  1.485344e-01 0.97099999999999999999
1  5.75e+05  0.3745686655  1.485344e-01 0.97099999999999999999
1  6.03e+05  0.373747849  1.485344e-01 0.97099999999999999999
1  6.31e+05  0.372414514  1.485344e-01 0.97099999999999999999
1  6.61e+05  0.3706729379  1.485344e-01 0.97099999999999999999
1  6.92e+05  0.3687894094  1.485344e-01 0.97099999999999999999
1  7.24e+05  0.3669313755  1.485344e-01 0.97099999999999999999
1  7.59e+05  0.3652209743  1.485344e-01 0.97099999999999999999
1  7.94e+05  0.3637388764  1.485344e-01 0.97099999999999999999
1  8.32e+05  0.3625414381  1.485344e-01 0.97099999999999999999
1  8.71e+05  0.3616193499  1.485344e-01 0.97099999999999999999
1  9.12e+05  0.3609853974  1.485344e-01 0.97099999999999999999
1  9.55e+05  0.3606218207  1.485344e-01 0.97099999999999999999
1  1.00e+06  0.3605015281  1.485344e-01 0.97099999999999999999
1  1.05e+06  0.3605923495  1.485344e-01 0.97099999999999999999
1  1.10e+06  0.3608602535  1.485344e-01 0.97099999999999999999
1  1.15e+06  0.3612716516  1.485344e-01 0.97099999999999999999
1  1.20e+06  0.361794945  1.485344e-01 0.97099999999999999999
1  1.26e+06  0.3624014705  1.485344e-01 0.97099999999999999999
1  1.32e+06  0.3630659894  1.485344e-01 0.97099999999999999999
1  1.38e+06  0.3637668464  1.485344e-01 0.97099999999999999999
1  1.45e+06  0.364485899  1.485344e-01 0.97099999999999999999
1  1.51e+06  0.3652082984  1.485344e-01 0.97099999999999999999
1  1.58e+06  0.365922185  1.485344e-01 0.97099999999999999999
1  1.66e+06  0.366601027  1.485344e-01 0.97099999999999999999
1  1.74e+06  0.3672732749  1.485344e-01 0.97099999999999999999
1  1.82e+06  0.3679159298  1.485344e-01 0.97099999999999999999
1  1.91e+06  0.368525578  1.485344e-01 0.97099999999999999999
1  2.00e+06  0.3691001317  1.485344e-01 0.97099999999999999999
1  2.09e+06  0.3696385693  1.485344e-01 0.97099999999999999999
1  2.19e+06  0.3701407112  1.485344e-01 0.97099999999999999999
1  2.29e+06  0.3706070287  1.485344e-01 0.97099999999999999999
1  2.40e+06  0.3710384831  1.485344e-01 0.97099999999999999999
1  2.51e+06  0.3714363931  1.485344e-01 0.97099999999999999999
1  2.63e+06  0.3718023261  1.485344e-01 0.97099999999999999999
1  2.75e+06  0.3721380105  1.485344e-01 0.97099999999999999999
1  2.88e+06  0.3724452665  1.485344e-01 0.97099999999999999999
1  3.02e+06  0.3727259512  1.485344e-01 0.97099999999999999999
1  3.16e+06  0.3729819174  1.485344e-01 0.97099999999999999999
1  3.31e+06  0.373209169  1.485344e-01 0.97099999999999999999
1  3.47e+06  0.3734215888  1.485344e-01 0.97099999999999999999
1  3.63e+06  0.3736145078  1.485344e-01 0.97099999999999999999
1  3.80e+06  0.3737895239  1.485344e-01 0.97099999999999999999
1  3.98e+06  0.3739481428  1.485344e-01 0.97099999999999999999
1  4.17e+06  0.3740917742  1.485344e-01 0.97099999999999999999
1  4.37e+06  0.3742217318  1.485344e-01 0.97099999999999999999
1  4.57e+06  0.3743392339  1.485344e-01 0.97099999999999999999
1  4.79e+06  0.3744454063  1.485344e-01 0.97099999999999999999
1  5.01e+06  0.3745412863  1.485344e-01 0.97099999999999999999
1  5.25e+06  0.3746278264  1.485344e-01 0.97099999999999999999
1  5.50e+06  0.3747058995  1.485344e-01 0.97099999999999999999
1  5.75e+06  0.3747763037  1.485344e-01 0.97099999999999999999
1  6.03e+06  0.3748397673  1.485344e-01 0.97099999999999999999
1  6.31e+06  0.3748969541  1.485344e-01 0.97099999999999999999
1  6.61e+06  0.3749470557  1.485344e-01 0.97099999999999999999
1  6.92e+06  0.3749935757  1.485344e-01 0.97099999999999999999
1  7.24e+06  0.375035457  1.485344e-01 0.97099999999999999999
1  7.59e+06  0.3750731522  1.485344e-01 0.97099999999999999999
1  7.94e+06  0.3751070711  1.485344e-01 0.97099999999999999999
1  8.32e+06  0.3751375849  1.485344e-01 0.97099999999999999999
1  8.71e+06  0.375165029  1.485344e-01 0.97099999999999999999
1  9.12e+06  0.3751897071  1.485344e-01 0.97099999999999999999
1  9.55e+06  0.375211893  1.485344e-01 0.97099999999999999999
1  1.00e+07  0.3752318345  1.485344e-01 0.97099999999999999999
