1  1.00e-03  0.1770890442 62856.068 0.95300000000000000000
1  1.05e-03  0.1770890437 62856.068 0.95300000000000000000
1  1.10e-03  0.1770890472 62856.068 0.95300000000000000000
1  1.15e-03  0.1770890459 62856.068 0.95300000000000000000
1  1.20e-03  0.1770890486 62856.068 0.95300000000000000000
1  1.26e-03  0.1770890467 62856.068 0.95300000000000000000
1  1.32e-03  0.1770890484 62856.068 0.95300000000000000000
1  1.38e-03  0.1770890496 62856.068 0.95300000000000000000
1  1.45e-03  0.1770890484 62856.068 0.95300000000000000000
1  1.51e-03  0.1770890495 62856.068 0.95300000000000000000
1  1.58e-03  0.1770890461 62856.068 0.95300000000000000000
1  1.66e-03  0.1770890503 62856.068 0.95300000000000000000
1  1.74e-03  0.177089049 62856.068 0.95300000000000000000
1  1.82e-03  0.177089048 62856.068 0.95300000000000000000
1  1.91e-03  0.1770890493 62856.068 0.95300000000000000000
1  2.00e-03  0.177089047 62856.068 0.95300000000000000000
1  2.09e-03  0.1770890491 62856.068 0.95300000000000000000
1  2.19e-03  0.1770890475 62856.068 0.95300000000000000000
1  2.29e-03  0.1770890474 62856.068 0.95300000000000000000
1  2.40e-03  0.1770890478 62856.068 0.95300000000000000000
1  2.51e-03  0.1770890484 62856.068 0.95300000000000000000
1  2.63e-03  0.1770890498 62856.068 0.95300000000000000000
1  2.75e-03  0.1770890506 62856.068 0.95300000000000000000
1  2.88e-03  0.1770890501 62856.068 0.95300000000000000000
1  3.02e-03  0.1770890535 62856.068 0.95300000000000000000
1  3.16e-03  0.1770890535 62856.068 0.95300000000000000000
1  3.31e-03  0.1770890474 62856.068 0.95300000000000000000
1  3.47e-03  0.1770890513 62856.068 0.95300000000000000000
1  3.63e-03  0.1770890494 62856.068 0.95300000000000000000
1  3.80e-03  0.1770890499 62856.068 0.95300000000000000000
1  3.98e-03  0.1770890529 62856.068 0.95300000000000000000
1  4.17e-03  0.1770890482 62856.068 0.95300000000000000000
1  4.37e-03  0.1770890511 62856.068 0.95300000000000000000
1  4.57e-03  0.177089053 62856.068 0.95300000000000000000
1  4.79e-03  0.1770890528 62856.068 0.95300000000000000000
1  5.01e-03  0.1770890564 62856.068 0.95300000000000000000
1  5.25e-03  0.1770890522 62856.068 0.95300000000000000000
1  5.50e-03  0.1770890515 62856.068 0.95300000000000000000
1  5.75e-03  0.177089051 62856.068 0.95300000000000000000
1  6.03e-03  0.1770890551 62856.068 0.95300000000000000000
1  6.31e-03  0.1770890764 62856.068 0.95300000000000000000
1  6.61e-03  0.1770890516 62856.068 0.95300000000000000000
1  6.92e-03  0.1770890504 62856.068 0.95300000000000000000
1  7.24e-03  0.1770890507 62856.068 0.95300000000000000000
1  7.59e-03  0.1770890538 62856.068 0.95300000000000000000
1  7.94e-03  0.1770890636 62856.068 0.95300000000000000000
1  8.32e-03  0.1770890565 62856.068 0.95300000000000000000
1  8.71e-03  0.1770890641 62856.068 0.95300000000000000000
1  9.12e-03  0.177089058 62856.068 0.95300000000000000000
1  9.55e-03  0.1770890604 62856.068 0.95300000000000000000
1  1.00e-02  0.1770890657 62856.068 0.95300000000000000000
1  1.05e-02  0.1770890708 62856.068 0.95300000000000000000
1  1.10e-02  0.1770890555 62856.068 0.95300000000000000000
1  1.15e-02  0.1770890473 62856.068 0.95300000000000000000
1  1.20e-02  0.1770890955 62856.068 0.95300000000000000000
1  1.26e-02  0.1770890571 62856.068 0.95300000000000000000
1  1.32e-02  0.1770890677 62856.068 0.95300000000000000000
1  1.38e-02  0.1770890765 62856.068 0.95300000000000000000
1  1.45e-02  0.1770890684 62856.068 0.95300000000000000000
1  1.51e-02  0.1770890661 62856.068 0.95300000000000000000
1  1.58e-02  0.1770890751 62856.068 0.95300000000000000000
1  1.66e-02  0.1770890768 62856.068 0.95300000000000000000
1  1.74e-02  0.1770890673 62856.068 0.95300000000000000000
1  1.82e-02  0.1770890893 62856.068 0.95300000000000000000
1  1.91e-02  0.1770890629 62856.068 0.95300000000000000000
1  2.00e-02  0.1770890747 62856.068 0.95300000000000000000
1  2.09e-02  0.1770890883 62856.068 0.95300000000000000000
1  2.19e-02  0.1770890853 62856.068 0.95300000000000000000
1  2.29e-02  0.1770890239 62856.068 0.95300000000000000000
1  2.40e-02  0.1770888811 62856.068 0.95300000000000000000
1  2.51e-02  0.1770890864 62856.068 0.95300000000000000000
1  2.63e-02  0.1770890867 62856.068 0.95300000000000000000
1  2.75e-02  0.1770891718 62856.068 0.95300000000000000000
1  2.88e-02  0.1770891712 62856.068 0.95300000000000000000
1  3.02e-02  0.1770890559 62856.068 0.95300000000000000000
1  3.16e-02  0.1770891507 62856.068 0.95300000000000000000
1  3.31e-02  0.1770891488 62856.068 0.95300000000000000000
1  3.47e-02  0.1770891439 62856.068 0.95300000000000000000
1  3.63e-02  0.177089126 62856.068 0.95300000000000000000
1  3.80e-02  0.1770891138 62856.068 0.95300000000000000000
1  3.98e-02  0.1770890842 62856.068 0.95300000000000000000
1  4.17e-02  0.1770891491 62856.068 0.95300000000000000000
1  4.37e-02  0.1770893045 62856.068 0.95300000000000000000
1  4.57e-02  0.1770891964 62856.068 0.95300000000000000000
1  4.79e-02  0.1770890143 62856.068 0.95300000000000000000
1  5.01e-02  0.1770893787 62856.068 0.95300000000000000000
1  5.25e-02  0.1770891956 62856.068 0.95300000000000000000
1  5.50e-02  0.1770891584 62856.068 0.95300000000000000000
1  5.75e-02  0.1770892394 62856.068 0.95300000000000000000
1  6.03e-02  0.1770892171 62856.068 0.95300000000000000000
1  6.31e-02  0.1770891622 62856.068 0.95300000000000000000
1  6.61e-02  0.1770891629 62856.068 0.95300000000000000000
1  6.92e-02  0.1770891891 62856.068 0.95300000000000000000
1  7.24e-02  0.1770891534 62856.068 0.95300000000000000000
1  7.59e-02  0.1770892352 62856.068 0.95300000000000000000
1  7.94e-02  0.1770891185 62856.068 0.95300000000000000000
1  8.32e-02  0.1770892906 62856.068 0.95300000000000000000
1  8.71e-02  0.1770893628 62856.068 0.95300000000000000000
1  9.12e-02  0.1770894827 62856.068 0.95300000000000000000
1  9.55e-02  0.1770895408 62856.068 0.95300000000000000000
1  1.00e-01  0.1770893797 62856.068 0.95300000000000000000
1  1.05e-01  0.1770894906 62856.068 0.95300000000000000000
1  1.10e-01  0.1770893087 62856.068 0.95300000000000000000
1  1.15e-01  0.1770892479 62856.068 0.95300000000000000000
1  1.20e-01  0.1770892013 62856.068 0.95300000000000000000
1  1.26e-01  0.1770893222 62856.068 0.95300000000000000000
1  1.32e-01  0.1770893115 62856.068 0.95300000000000000000
1  1.38e-01  0.1770892813 62856.068 0.95300000000000000000
1  1.45e-01  0.1770892419 62856.068 0.95300000000000000000
1  1.51e-01  0.1770892726 62856.068 0.95300000000000000000
1  1.58e-01  0.1770893288 62856.068 0.95300000000000000000
1  1.66e-01  0.1770893935 62856.068 0.95300000000000000000
1  1.74e-01  0.1770893263 62856.068 0.95300000000000000000
1  1.82e-01  0.1770913023 62856.068 0.95300000000000000000
1  1.91e-01  0.1770894745 62856.068 0.95300000000000000000
1  2.00e-01  0.1770898052 62856.068 0.95300000000000000000
1  2.09e-01  0.1770891948 62856.068 0.95300000000000000000
1  2.19e-01  0.1770893106 62856.068 0.95300000000000000000
1  2.29e-01  0.1770894329 62856.068 0.95300000000000000000
1  2.40e-01  0.1770893945 62856.068 0.95300000000000000000
1  2.51e-01  0.1770893776 62856.068 0.95300000000000000000
1  2.63e-01  0.177089172 62856.068 0.95300000000000000000
1  2.75e-01  0.177089123 62856.068 0.95300000000000000000
1  2.88e-01  0.1770894389 62856.068 0.95300000000000000000
1  3.02e-01  0.1770896178 62856.068 0.95300000000000000000
1  3.16e-01  0.1770893322 62856.068 0.95300000000000000000
1  3.31e-01  0.1770894206 62856.068 0.95300000000000000000
1  3.47e-01  0.1770895721 62856.068 0.95300000000000000000
1  3.63e-01  0.1770908235 62856.068 0.95300000000000000000
1  3.80e-01  0.1770893783 62856.068 0.95300000000000000000
1  3.98e-01  0.177089468 62856.068 0.95300000000000000000
1  4.17e-01  0.1770892966 62856.068 0.95300000000000000000
1  4.37e-01  0.177089799 62856.068 0.95300000000000000000
1  4.57e-01  0.1770898495 62856.068 0.95300000000000000000
1  4.79e-01  0.1770891314 62856.068 0.95300000000000000000
1  5.01e-01  0.1770892705 62856.068 0.95300000000000000000
1  5.25e-01  0.177089299 62856.068 0.95300000000000000000
1  5.50e-01  0.1770877269 62856.068 0.95300000000000000000
1  5.75e-01  0.1770894035 62856.068 0.95300000000000000000
1  6.03e-01  0.1770894761 62856.068 0.95300000000000000000
1  6.31e-01  0.1770892819 62856.068 0.95300000000000000000
1  6.61e-01  0.1770890355 62856.068 0.95300000000000000000
1  6.92e-01  0.1770907283 62856.068 0.95300000000000000000
1  7.24e-01  0.1770890124 62856.068 0.95300000000000000000
1  7.59e-01  0.1770905589 62856.068 0.95300000000000000000
1  7.94e-01  0.177089974 62856.068 0.95300000000000000000
1  8.32e-01  0.1770890952 62856.068 0.95300000000000000000
1  8.71e-01  0.1770893983 62856.068 0.95300000000000000000
1  9.12e-01  0.1770895687 62856.068 0.95300000000000000000
1  9.55e-01  0.1771327342 62856.068 0.95300000000000000000
1  1.00e+00  0.1770821134 62856.068 0.95300000000000000000
1  1.05e+00  0.1770890668 62856.068 0.95300000000000000000
1  1.10e+00  0.1770890394 62856.068 0.95300000000000000000
1  1.15e+00  0.1770909803 62856.068 0.95300000000000000000
1  1.20e+00  0.1770891968 62856.068 0.95300000000000000000
1  1.26e+00  0.1770906755 62856.068 0.95300000000000000000
1  1.32e+00  0.1770803945 62856.068 0.95300000000000000000
1  1.38e+00  0.1770911978 62856.068 0.95300000000000000000
1  1.45e+00  0.177105557 62856.068 0.95300000000000000000
1  1.51e+00  0.1770916271 62856.068 0.95300000000000000000
1  1.58e+00  0.1770904175 62856.068 0.95300000000000000000
1  1.66e+00  0.1770916287 62856.068 0.95300000000000000000
1  1.74e+00  0.1770898727 62856.068 0.95300000000000000000
1  1.82e+00  0.1770917334 62856.068 0.95300000000000000000
1  1.91e+00  0.1770904732 62856.068 0.95300000000000000000
1  2.00e+00  0.1770929277 62856.068 0.95300000000000000000
1  2.09e+00  0.1770901707 62856.068 0.95300000000000000000
1  2.19e+00  0.1770888054 62856.068 0.95300000000000000000
1  2.29e+00  0.1770899543 62856.068 0.95300000000000000000
1  2.40e+00  0.1770901589 62856.068 0.95300000000000000000
1  2.51e+00  0.1770898326 62856.068 0.95300000000000000000
1  2.63e+00  0.1770934818 62856.068 0.95300000000000000000
1  2.75e+00  0.1770924125 62856.068 0.95300000000000000000
1  2.88e+00  0.1770906742 62856.068 0.95300000000000000000
1  3.02e+00  0.17713022 62856.068 0.95300000000000000000
1  3.16e+00  0.1769998949 62856.068 0.95300000000000000000
1  3.31e+00  0.177179532 62856.068 0.95300000000000000000
1  3.47e+00  0.177102588 62856.068 0.95300000000000000000
1  3.63e+00  0.1769693537 62856.068 0.95300000000000000000
1  3.80e+00  0.1770915534 62856.068 0.95300000000000000000
1  3.98e+00  0.1770955407 62856.068 0.95300000000000000000
1  4.17e+00  0.1770964409 62856.068 0.95300000000000000000
1  4.37e+00  0.1770955016 62856.068 0.95300000000000000000
1  4.57e+00  0.1770946168 62856.068 0.95300000000000000000
1  4.79e+00  0.177089675 62856.068 0.95300000000000000000
1  5.01e+00  0.1770934967 62856.068 0.95300000000000000000
1  5.25e+00  0.1770949177 62856.068 0.95300000000000000000
1  5.50e+00  0.1770979054 62856.068 0.95300000000000000000
1  5.75e+00  0.1770570218 62856.068 0.95300000000000000000
1  6.03e+00  0.1770912494 62856.068 0.95300000000000000000
1  6.31e+00  0.1770971145 62856.068 0.95300000000000000000
1  6.61e+00  0.1770985105 62856.068 0.95300000000000000000
1  6.92e+00  0.1770922009 62856.068 0.95300000000000000000
1  7.24e+00  0.1770892081 62856.068 0.95300000000000000000
1  7.59e+00  0.1770972682 62856.068 0.95300000000000000000
1  7.94e+00  0.1770997278 62856.068 0.95300000000000000000
1  8.32e+00  0.1771020955 62856.068 0.95300000000000000000
1  8.71e+00  0.1770794297 62856.068 0.95300000000000000000
1  9.12e+00  0.1770936303 62856.068 0.95300000000000000000
1  9.55e+00  0.1771047914 62856.068 0.95300000000000000000
1  1.00e+01  0.1771053358 62856.068 0.95300000000000000000
1  1.05e+01  0.1770760084 62856.068 0.95300000000000000000
1  1.10e+01  0.1769488481 62856.068 0.95300000000000000000
1  1.15e+01  0.1769203829 62856.068 0.95300000000000000000
1  1.20e+01  0.177097197 62856.068 0.95300000000000000000
1  1.26e+01  0.1771242094 62856.068 0.95300000000000000000
1  1.32e+01  0.1770552084 62856.068 0.95300000000000000000
1  1.38e+01  0.1770797846 62856.068 0.95300000000000000000
1  1.45e+01  0.1770988308 62856.068 0.95300000000000000000
1  1.51e+01  0.1770869648 62856.068 0.95300000000000000000
1  1.58e+01  0.1771172311 62856.068 0.95300000000000000000
1  1.66e+01  0.1770910426 62856.068 0.95300000000000000000
1  1.74e+01  0.1769203485 62856.068 0.95300000000000000000
1  1.82e+01  0.1769462081 62856.068 0.95300000000000000000
1  1.91e+01  0.1771032155 62856.068 0.95300000000000000000
1  2.00e+01  0.1771271107 62856.068 0.95300000000000000000
1  2.09e+01  0.17889066 62856.068 0.95300000000000000000
1  2.19e+01  0.1766791788 62856.068 0.95300000000000000000
1  2.29e+01  0.1767467962 62856.068 0.95300000000000000000
1  2.40e+01  0.1769677443 62856.068 0.95300000000000000000
1  2.51e+01  0.176645125 62856.068 0.95300000000000000000
1  2.63e+01  0.1769029181 62856.068 0.95300000000000000000
1  2.75e+01  0.1769318754 62856.068 0.95300000000000000000
1  2.88e+01  0.1763331978 62856.068 0.95300000000000000000
1  3.02e+01  0.1759969062 62856.068 0.95300000000000000000
1  3.16e+01  0.1772865226 62856.068 0.95300000000000000000
1  3.31e+01  0.1768696163 62856.068 0.95300000000000000000
1  3.47e+01  0.1762718275 62856.068 0.95300000000000000000
1  3.63e+01  0.1776909131 62856.068 0.95300000000000000000
1  3.80e+01  0.1776876946 62856.068 0.95300000000000000000
1  3.98e+01  0.1771664495 62856.068 0.95300000000000000000
1  4.17e+01  0.1768878045 62856.068 0.95300000000000000000
1  4.37e+01  0.1769573097 62856.068 0.95300000000000000000
1  4.57e+01  0.1769665804 62856.068 0.95300000000000000000
1  4.79e+01  0.177788098 62856.068 0.95300000000000000000
1  5.01e+01  0.1772650423 62856.068 0.95300000000000000000
1  5.25e+01  0.1771749048 62856.068 0.95300000000000000000
1  5.50e+01  0.1769142446 62856.068 0.95300000000000000000
1  5.75e+01  0.1778177861 62856.068 0.95300000000000000000
1  6.03e+01  0.1764097445 62856.068 0.95300000000000000000
1  6.31e+01  0.1772013632 62856.068 0.95300000000000000000
1  6.61e+01  0.177216611 62856.068 0.95300000000000000000
1  6.92e+01  0.1770305433 62856.068 0.95300000000000000000
1  7.24e+01  0.1772488261 62856.068 0.95300000000000000000
1  7.59e+01  0.1761752663 62856.068 0.95300000000000000000
1  7.94e+01  0.1763644653 62856.068 0.95300000000000000000
1  8.32e+01  0.1771141731 62856.068 0.95300000000000000000
1  8.71e+01  0.1772846551 62856.068 0.95300000000000000000
1  9.12e+01  0.1772265934 62856.068 0.95300000000000000000
1  9.55e+01  0.1778614345 62856.068 0.95300000000000000000
1  1.00e+02  0.1771537117 62856.068 0.95300000000000000000
1  1.05e+02  0.1770950623 62856.068 0.95300000000000000000
1  1.10e+02  0.1770467707 62856.068 0.95300000000000000000
1  1.15e+02  0.1771094799 62856.068 0.95300000000000000000
1  1.20e+02  0.1770106311 62856.068 0.95300000000000000000
1  1.26e+02  0.1779298068 62856.068 0.95300000000000000000
1  1.32e+02  0.1769389102 62856.068 0.95300000000000000000
1  1.38e+02  0.1773210743 62856.068 0.95300000000000000000
1  1.45e+02  0.1772092617 62856.068 0.95300000000000000000
1  1.51e+02  0.1770078255 62856.068 0.95300000000000000000
1  1.58e+02  0.1770076121 62856.068 0.95300000000000000000
1  1.66e+02  0.1774047374 62856.068 0.95300000000000000000
1  1.74e+02  0.1771393476 62856.068 0.95300000000000000000
1  1.82e+02  0.1773100877 62856.068 0.95300000000000000000
1  1.91e+02  0.1770077404 62856.068 0.95300000000000000000
1  2.00e+02  0.1766210591 62856.068 0.95300000000000000000
1  2.09e+02  0.1773587415 62856.068 0.95300000000000000000
1  2.19e+02  0.177390001 62856.068 0.95300000000000000000
1  2.29e+02  0.177352815 62856.068 0.95300000000000000000
1  2.40e+02  0.177231139 62856.068 0.95300000000000000000
1  2.51e+02  0.1774803173 62856.068 0.95300000000000000000
1  2.63e+02  0.1776593684 62856.068 0.95300000000000000000
1  2.75e+02  0.1770495862 62856.068 0.95300000000000000000
1  2.88e+02  0.1772924867 62856.068 0.95300000000000000000
1  3.02e+02  0.1775082053 62856.068 0.95300000000000000000
1  3.16e+02  0.1773890277 62856.068 0.95300000000000000000
1  3.31e+02  0.1767046989 62856.068 0.95300000000000000000
1  3.47e+02  0.1774316232 62856.068 0.95300000000000000000
1  3.63e+02  0.1776097458 62856.068 0.95300000000000000000
1  3.80e+02  0.1775317977 62856.068 0.95300000000000000000
1  3.98e+02  0.1773445616 62856.068 0.95300000000000000000
1  4.17e+02  0.1776408682 62856.068 0.95300000000000000000
1  4.37e+02  0.1772318721 62856.068 0.95300000000000000000
1  4.57e+02  0.1776728109 62856.068 0.95300000000000000000
1  4.79e+02  0.1777821917 62856.068 0.95300000000000000000
1  5.01e+02  0.1770927445 62856.068 0.95300000000000000000
1  5.25e+02  0.1781987691 62856.068 0.95300000000000000000
1  5.50e+02  0.1765420039 62856.068 0.95300000000000000000
1  5.75e+02  0.1764475439 62856.068 0.95300000000000000000
1  6.03e+02  0.1776797557 62856.068 0.95300000000000000000
1  6.31e+02  0.1772578838 62856.068 0.95300000000000000000
1  6.61e+02  0.1786041411 62856.068 0.95300000000000000000
1  6.92e+02  0.1782317199 62856.068 0.95300000000000000000
1  7.24e+02  0.1770570886 62856.068 0.95300000000000000000
1  7.59e+02  0.1774453469 62856.068 0.95300000000000000000
1  7.94e+02  0.177483836 62856.068 0.95300000000000000000
1  8.32e+02  0.1775746558 62856.068 0.95300000000000000000
1  8.71e+02  0.1771841961 62856.068 0.95300000000000000000
1  9.12e+02  0.1790666259 62856.068 0.95300000000000000000
1  9.55e+02  0.1780905296 62856.068 0.95300000000000000000
1  1.00e+03  0.1772063213 62856.068 0.95300000000000000000
1  1.05e+03  0.1766104991 62856.068 0.95300000000000000000
1  1.10e+03  0.177435752 62856.068 0.95300000000000000000
1  1.15e+03  0.1796470556 62856.068 0.95300000000000000000
1  1.20e+03  0.1807461525 62856.068 0.95300000000000000000
1  1.26e+03  0.1791644986 62856.068 0.95300000000000000000
1  1.32e+03  0.1766832432 62856.068 0.95300000000000000000
1  1.38e+03  0.1746148651 62856.068 0.95300000000000000000
1  1.45e+03  0.1798122008 62856.068 0.95300000000000000000
1  1.51e+03  0.1802795847 62856.068 0.95300000000000000000
1  1.58e+03  0.1777350796 62856.068 0.95300000000000000000
1  1.66e+03  0.1778067676 62856.068 0.95300000000000000000
1  1.74e+03  0.1809936737 62856.068 0.95300000000000000000
1  1.82e+03  0.1826032137 62856.068 0.95300000000000000000
1  1.91e+03  0.1679175108 62856.068 0.95300000000000000000
1  2.00e+03  0.1735534872 62856.068 0.95300000000000000000
1  2.09e+03  0.1779263514 62856.068 0.95300000000000000000
1  2.19e+03  0.1769851107 62856.068 0.95300000000000000000
1  2.29e+03  0.1839715468 62856.068 0.95300000000000000000
1  2.40e+03  0.2001867627 62856.068 0.95300000000000000000
1  2.51e+03  0.1933643269 62856.068 0.95300000000000000000
1  2.63e+03  0.1836195739 62856.068 0.95300000000000000000
1  2.75e+03  0.2124608535 62856.068 0.95300000000000000000
1  2.88e+03  0.2062874237 62856.068 0.95300000000000000000
1  3.02e+03  0.1761959599 62856.068 0.95300000000000000000
1  3.16e+03  0.1763995284 62856.068 0.95300000000000000000
1  3.31e+03  0.1714032913 62856.068 0.95300000000000000000
1  3.47e+03  0.1622594136 62856.068 0.95300000000000000000
1  3.63e+03  0.1584836363 62856.068 0.95300000000000000000
1  3.80e+03  0.2098027978 62856.068 0.95300000000000000000
1  3.98e+03  0.1644794065 62856.068 0.95300000000000000000
1  4.17e+03  0.1559681255 62856.068 0.95300000000000000000
1  4.37e+03  0.1558763226 62856.068 0.95300000000000000000
1  4.57e+03  0.1496894509 62856.068 0.95300000000000000000
1  4.79e+03  0.1689637321 62856.068 0.95300000000000000000
1  5.01e+03  0.1821292396 62856.068 0.95300000000000000000
1  5.25e+03  0.1913426503 62856.068 0.95300000000000000000
1  5.50e+03  0.1689462321 62856.068 0.95300000000000000000
1  5.75e+03  0.2120640136 62856.068 0.95300000000000000000
1  6.03e+03  0.210716856 62856.068 0.95300000000000000000
1  6.31e+03  0.2296515114 62856.068 0.95300000000000000000
1  6.61e+03  0.1614237435 62856.068 0.95300000000000000000
1  6.92e+03  0.2011098681 62856.068 0.95300000000000000000
1  7.24e+03  0.2580075857 62856.068 0.95300000000000000000
1  7.59e+03  0.2854918486 62856.068 0.95300000000000000000
1  7.94e+03  0.1952993493 62856.068 0.95300000000000000000
1  8.32e+03  0.3098040453 62856.068 0.95300000000000000000
1  8.71e+03  0.2717007857 62856.068 0.95300000000000000000
1  9.12e+03  0.1917185952 62856.068 0.95300000000000000000
1  9.55e+03  0.3231505941 62856.068 0.95300000000000000000
1  1.00e+04  0.1829113709 62856.068 0.95300000000000000000
1  1.05e+04  0.2513082004 62856.068 0.95300000000000000000
1  1.10e+04  0.2339455871 62856.068 0.95300000000000000000
1  1.15e+04  0.2789315722 62856.068 0.95300000000000000000
1  1.20e+04  0.3099887284 62856.068 0.95300000000000000000
1  1.26e+04  0.3827420523 62856.068 0.95300000000000000000
1  1.32e+04  0.2322394238 62856.068 0.95300000000000000000
1  1.38e+04  0.3680004363 62856.068 0.95300000000000000000
1  1.45e+04  0.2691539412 62856.068 0.95300000000000000000
1  1.51e+04  0.3230256164 62856.068 0.95300000000000000000
1  1.58e+04  0.4038996001 62856.068 0.95300000000000000000
1  1.66e+04  0.1597539198 62856.068 0.95300000000000000000
1  1.74e+04  0.4233727399 62856.068 0.95300000000000000000
1  1.82e+04  0.3885270748 62856.068 0.95300000000000000000
1  1.91e+04  0.3609705469 62856.068 0.95300000000000000000
1  2.00e+04  0.4278882856 62856.068 0.95300000000000000000
1  2.09e+04  0.3776170466 62856.068 0.95300000000000000000
1  2.19e+04  0.3912394531 62856.068 0.95300000000000000000
1  2.29e+04  0.3454449196 62856.068 0.95300000000000000000
1  2.40e+04  0.5485121702 62856.068 0.95300000000000000000
1  2.51e+04  0.4626522915 62856.068 0.95300000000000000000
1  2.63e+04  0.2636235756 62856.068 0.95300000000000000000
1  2.75e+04  0.2763686962 62856.068 0.95300000000000000000
1  2.88e+04  0.3717133387 62856.068 0.95300000000000000000
1  3.02e+04  0.5561215879 62856.068 0.95300000000000000000
1  3.16e+04  0.2177062334 62856.068 0.95300000000000000000
1  3.31e+04  0.3045586984 62856.068 0.95300000000000000000
1  3.47e+04  0.3937049467 62856.068 0.95300000000000000000
1  3.63e+04  0.3984393811 62856.068 0.95300000000000000000
1  3.80e+04  0.4532759419 62856.068 0.95300000000000000000
1  3.98e+04  0.4450064835 62856.068 0.95300000000000000000
1  4.17e+04  0.3124577925 62856.068 0.95300000000000000000
1  4.37e+04  0.2439960521 62856.068 0.95300000000000000000
1  4.57e+04  0.2630121251 62856.068 0.95300000000000000000
1  4.79e+04  0.4973415151 62856.068 0.95300000000000000000
1  5.01e+04  0.2105241417 62856.068 0.95300000000000000000
1  5.25e+04  0.5142508363 62856.068 0.95300000000000000000
1  5.50e+04  0.5688842536 62856.068 0.95300000000000000000
1  5.75e+04  0.2413051111 62856.068 0.95300000000000000000
1  6.03e+04  0.5307204212 62856.068 0.95300000000000000000
1  6.31e+04  0.3714252013 62856.068 0.95300000000000000000
1  6.61e+04  0.1740067257 62856.068 0.95300000000000000000
1  6.92e+04  0.2858055694 62856.068 0.95300000000000000000
1  7.24e+04  0.2727156236 62856.068 0.95300000000000000000
1  7.59e+04  0.2915995274 62856.068 0.95300000000000000000
1  7.94e+04  0.3176244702 62856.068 0.95300000000000000000
1  8.32e+04  0.199061196 62856.068 0.95300000000000000000
1  8.71e+04  0.2208761718 62856.068 0.95300000000000000000
1  9.12e+04  0.4595202331 62856.068 0.95300000000000000000
1  9.55e+04  0.5440246686 62856.068 0.95300000000000000000
1  1.00e+05  0.3548481421 62856.068 0.95300000000000000000
1  1.05e+05  0.2136439434 62856.068 0.95300000000000000000
1  1.10e+05  0.3316266428 62856.068 0.95300000000000000000
1  1.15e+05  0.5318654631 62856.068 0.95300000000000000000
1  1.20e+05  0.5586066368 62856.068 0.95300000000000000000
1  1.26e+05  0.4006585571 62856.068 0.95300000000000000000
1  1.32e+05  0.242013527 62856.068 0.95300000000000000000
1  1.38e+05  0.2222749591 62856.068 0.95300000000000000000
1  1.45e+05  0.3188295414 62856.068 0.95300000000000000000
1  1.51e+05  0.4162343508 62856.068 0.95300000000000000000
1  1.58e+05  0.4293510701 62856.068 0.95300000000000000000
1  1.66e+05  0.3580332378 62856.068 0.95300000000000000000
1  1.74e+05  0.2593410474 62856.068 0.95300000000000000000
1  1.82e+05  0.1911665182 62856.068 0.95300000000000000000
1  1.91e+05  0.1768798404 62856.068 0.95300000000000000000
1  2.00e+05  0.2041916035 62856.068 0.95300000000000000000
1  2.09e+05  0.2442775818 62856.068 0.95300000000000000000
1  2.19e+05  0.2719463048 62856.068 0.95300000000000000000
1  2.29e+05  0.2760038257 62856.068 0.95300000000000000000
1  2.40e+05  0.2590511095 62856.068 0.95300000000000000000
1  2.51e+05  0.2314023517 62856.068 0.95300000000000000000
1  2.63e+05  0.2042915732 62856.068 0.95300000000000000000
1  2.75e+05  0.1854253612 62856.068 0.95300000000000000000
1  2.88e+05  0.1775646565 62856.068 0.95300000000000000000
1  3.02e+05  0.1793437771 62856.068 0.95300000000000000000
1  3.16e+05  0.1870934562 62856.068 0.95300000000000000000
1  3.31e+05  0.1966593256 62856.068 0.95300000000000000000
1  3.47e+05  0.2046694884 62856.068 0.95300000000000000000
1  3.63e+05  0.2091203685 62856.068 0.95300000000000000000
1  3.80e+05  0.2094050148 62856.068 0.95300000000000000000
1  3.98e+05  0.2060041739 62856.068 0.95300000000000000000
1  4.17e+05  0.200049578 62856.068 0.95300000000000000000
1  4.37e+05  0.192908061 62856.068 0.95300000000000000000
1  4.57e+05  0.1858657561 62856.068 0.95300000000000000000
1  4.79e+05  0.179935816 62856.068 0.95300000000000000000
1  5.01e+05  0.1757777711 62856.068 0.95300000000000000000
1  5.25e+05  0.1737000199 62856.068 0.95300000000000000000
1  5.50e+05  0.1737136156 62856.068 0.95300000000000000000
1  5.75e+05  0.1756097923 62856.068 0.95300000000000000000
1  6.03e+05  0.1790410731 62856.068 0.95300000000000000000
1  6.31e+05  0.1835934252 62856.068 0.95300000000000000000
1  6.61e+05  0.1888432869 62856.068 0.95300000000000000000
1  6.92e+05  0.1951155454 62856.068 0.95300000000000000000
1  7.24e+05  0.2015149514 62856.068 0.95300000000000000000
1  7.59e+05  0.2076279875 62856.068 0.95300000000000000000
1  7.94e+05  0.2125695248 62856.068 0.95300000000000000000
1  8.32e+05  0.2168119945 62856.068 0.95300000000000000000
1  8.71e+05  0.2200845551 62856.068 0.95300000000000000000
1  9.12e+05  0.2223929297 62856.068 0.95300000000000000000
1  9.55e+05  0.2237917142 62856.068 0.95300000000000000000
1  1.00e+06  0.2243673938 62856.068 0.95300000000000000000
1  1.05e+06  0.2242244902 62856.068 0.95300000000000000000
1  1.10e+06  0.2234748685 62856.068 0.95300000000000000000
1  1.15e+06  0.2222299279 62856.068 0.95300000000000000000
1  1.20e+06  0.2205952521 62856.068 0.95300000000000000000
1  1.26e+06  0.2186672476 62856.068 0.95300000000000000000
1  1.32e+06  0.2165313186 62856.068 0.95300000000000000000
1  1.38e+06  0.214261174 62856.068 0.95300000000000000000
1  1.45e+06  0.2119189312 62856.068 0.95300000000000000000
1  1.51e+06  0.2095557439 62856.068 0.95300000000000000000
1  1.58e+06  0.207212749 62856.068 0.95300000000000000000
1  1.66e+06  0.20498632 62856.068 0.95300000000000000000
1  1.74e+06  0.2027710374 62856.068 0.95300000000000000000
1  1.82e+06  0.2006499634 62856.068 0.95300000000000000000
1  1.91e+06  0.1986356108 62856.068 0.95300000000000000000
1  2.00e+06  0.1967359129 62856.068 0.95300000000000000000
1  2.09e+06  0.1949550948 62856.068 0.95300000000000000000
1  2.19e+06  0.1932944339 62856.068 0.95300000000000000000
1  2.29e+06  0.1917529102 62856.068 0.95300000000000000000
1  2.40e+06  0.1903277559 62856.068 0.95300000000000000000
1  2.51e+06  0.1890149122 62856.068 0.95300000000000000000
1  2.63e+06  0.1878094051 62856.068 0.95300000000000000000
1  2.75e+06  0.1867056499 62856.068 0.95300000000000000000
1  2.88e+06  0.185697694 62856.068 0.95300000000000000000
1  3.02e+06  0.1847794093 62856.068 0.95300000000000000000
1  3.16e+06  0.183944641 62856.068 0.95300000000000000000
1  3.31e+06  0.1832112972 62856.068 0.95300000000000000000
1  3.47e+06  0.1825234861 62856.068 0.95300000000000000000
1  3.63e+06  0.1819017037 62856.068 0.95300000000000000000
1  3.80e+06  0.181340547 62856.068 0.95300000000000000000
1  3.98e+06  0.1808349095 62856.068 0.95300000000000000000
1  4.17e+06  0.1803799959 62856.068 0.95300000000000000000
1  4.37e+06  0.1799713275 62856.068 0.95300000000000000000
1  4.57e+06  0.1796047408 62856.068 0.95300000000000000000
1  4.79e+06  0.1792763805 62856.068 0.95300000000000000000
1  5.01e+06  0.1789826894 62856.068 0.95300000000000000000
1  5.25e+06  0.178720395 62856.068 0.95300000000000000000
1  5.50e+06  0.1784864952 62856.068 0.95300000000000000000
1  5.75e+06  0.1782782416 62856.068 0.95300000000000000000
1  6.03e+06  0.1780931242 62856.068 0.95300000000000000000
1  6.31e+06  0.1779288544 62856.068 0.95300000000000000000
1  6.61e+06  0.1777891649 62856.068 0.95300000000000000000
1  6.92e+06  0.1776599867 62856.068 0.95300000000000000000
1  7.24e+06  0.177546012 62856.068 0.95300000000000000000
1  7.59e+06  0.1774456792 62856.068 0.95300000000000000000
1  7.94e+06  0.1773575744 62856.068 0.95300000000000000000
1  8.32e+06  0.1772804188 62856.068 0.95300000000000000000
1  8.71e+06  0.1772130569 62856.068 0.95300000000000000000
1  9.12e+06  0.1771544458 62856.068 0.95300000000000000000
1  9.55e+06  0.1771036447 62856.068 0.95300000000000000000
1  1.00e+07  0.1770598058 62856.068 0.95300000000000000000
