1  1.00e-03  0.1756669118  1.460869e-01 0.95499999999999999998
1  1.05e-03  0.1756669133  1.460869e-01 0.95499999999999999998
1  1.10e-03  0.1756669128  1.460869e-01 0.95499999999999999998
1  1.15e-03  0.175666918  1.460869e-01 0.95499999999999999998
1  1.20e-03  0.1756669148  1.460869e-01 0.95499999999999999998
1  1.26e-03  0.1756669131  1.460869e-01 0.95499999999999999998
1  1.32e-03  0.1756669183  1.460869e-01 0.95499999999999999998
1  1.38e-03  0.1756669174  1.460869e-01 0.95499999999999999998
1  1.45e-03  0.1756669131  1.460869e-01 0.95499999999999999998
1  1.51e-03  0.1756669153  1.460869e-01 0.95499999999999999998
1  1.58e-03  0.1756669135  1.460869e-01 0.95499999999999999998
1  1.66e-03  0.1756669133  1.460869e-01 0.95499999999999999998
1  1.74e-03  0.1756669115  1.460869e-01 0.95499999999999999998
1  1.82e-03  0.1756669114  1.460869e-01 0.95499999999999999998
1  1.91e-03  0.1756669172  1.460869e-01 0.95499999999999999998
1  2.00e-03  0.1756669174  1.460869e-01 0.95499999999999999998
1  2.09e-03  0.1756669188  1.460869e-01 0.95499999999999999998
1  2.19e-03  0.1756669161  1.460869e-01 0.95499999999999999998
1  2.29e-03  0.1756669126  1.460869e-01 0.95499999999999999998
1  2.40e-03  0.1756669116  1.460869e-01 0.95499999999999999998
1  2.51e-03  0.1756669127  1.460869e-01 0.95499999999999999998
1  2.63e-03  0.1756669111  1.460869e-01 0.95499999999999999998
1  2.75e-03  0.1756669199  1.460869e-01 0.95499999999999999998
1  2.88e-03  0.1756669273  1.460869e-01 0.95499999999999999998
1  3.02e-03  0.175666914  1.460869e-01 0.95499999999999999998
1  3.16e-03  0.1756669265  1.460869e-01 0.95499999999999999998
1  3.31e-03  0.1756669236  1.460869e-01 0.95499999999999999998
1  3.47e-03  0.1756669232  1.460869e-01 0.95499999999999999998
1  3.63e-03  0.1756669187  1.460869e-01 0.95499999999999999998
1  3.80e-03  0.175666925  1.460869e-01 0.95499999999999999998
1  3.98e-03  0.1756669138  1.460869e-01 0.95499999999999999998
1  4.17e-03  0.1756669242  1.460869e-01 0.95499999999999999998
1  4.37e-03  0.1756669089  1.460869e-01 0.95499999999999999998
1  4.57e-03  0.175666908  1.460869e-01 0.95499999999999999998
1  4.79e-03  0.1756669238  1.460869e-01 0.95499999999999999998
1  5.01e-03  0.1756669166  1.460869e-01 0.95499999999999999998
1  5.25e-03  0.1756669079  1.460869e-01 0.95499999999999999998
1  5.50e-03  0.1756669215  1.460869e-01 0.95499999999999999998
1  5.75e-03  0.1756669183  1.460869e-01 0.95499999999999999998
1  6.03e-03  0.1756669132  1.460869e-01 0.95499999999999999998
1  6.31e-03  0.1756669308  1.460869e-01 0.95499999999999999998
1  6.61e-03  0.175666913  1.460869e-01 0.95499999999999999998
1  6.92e-03  0.1756669246  1.460869e-01 0.95499999999999999998
1  7.24e-03  0.1756669243  1.460869e-01 0.95499999999999999998
1  7.59e-03  0.1756669093  1.460869e-01 0.95499999999999999998
1  7.94e-03  0.1756669324  1.460869e-01 0.95499999999999999998
1  8.32e-03  0.1756669018  1.460869e-01 0.95499999999999999998
1  8.71e-03  0.1756669082  1.460869e-01 0.95499999999999999998
1  9.12e-03  0.1756669134  1.460869e-01 0.95499999999999999998
1  9.55e-03  0.1756669191  1.460869e-01 0.95499999999999999998
1  1.00e-02  0.1756543401  1.460869e-01 0.95499999999999999998
1  1.05e-02  0.1756669251  1.460869e-01 0.95499999999999999998
1  1.10e-02  0.175666928  1.460869e-01 0.95499999999999999998
1  1.15e-02  0.1756669246  1.460869e-01 0.95499999999999999998
1  1.20e-02  0.1756669228  1.460869e-01 0.95499999999999999998
1  1.26e-02  0.1756669094  1.460869e-01 0.95499999999999999998
1  1.32e-02  0.1756669381  1.460869e-01 0.95499999999999999998
1  1.38e-02  0.1756669175  1.460869e-01 0.95499999999999999998
1  1.45e-02  0.1756669292  1.460869e-01 0.95499999999999999998
1  1.51e-02  0.1756669383  1.460869e-01 0.95499999999999999998
1  1.58e-02  0.1756667921  1.460869e-01 0.95499999999999999998
1  1.66e-02  0.1756668943  1.460869e-01 0.95499999999999999998
1  1.74e-02  0.175666945  1.460869e-01 0.95499999999999999998
1  1.82e-02  0.1756668997  1.460869e-01 0.95499999999999999998
1  1.91e-02  0.1756669597  1.460869e-01 0.95499999999999999998
1  2.00e-02  0.1756669214  1.460869e-01 0.95499999999999999998
1  2.09e-02  0.1756668968  1.460869e-01 0.95499999999999999998
1  2.19e-02  0.1756669061  1.460869e-01 0.95499999999999999998
1  2.29e-02  0.1756669043  1.460869e-01 0.95499999999999999998
1  2.40e-02  0.1756669694  1.460869e-01 0.95499999999999999998
1  2.51e-02  0.175663333  1.460869e-01 0.95499999999999999998
1  2.63e-02  0.1756671476  1.460869e-01 0.95499999999999999998
1  2.75e-02  0.1756667843  1.460869e-01 0.95499999999999999998
1  2.88e-02  0.1756669457  1.460869e-01 0.95499999999999999998
1  3.02e-02  0.1756670354  1.460869e-01 0.95499999999999999998
1  3.16e-02  0.1756655905  1.460869e-01 0.95499999999999999998
1  3.31e-02  0.1756668388  1.460869e-01 0.95499999999999999998
1  3.47e-02  0.1756668431  1.460869e-01 0.95499999999999999998
1  3.63e-02  0.1756669487  1.460869e-01 0.95499999999999999998
1  3.80e-02  0.175666803  1.460869e-01 0.95499999999999999998
1  3.98e-02  0.1756669825  1.460869e-01 0.95499999999999999998
1  4.17e-02  0.1756580393  1.460869e-01 0.95499999999999999998
1  4.37e-02  0.1756667554  1.460869e-01 0.95499999999999999998
1  4.57e-02  0.1756661009  1.460869e-01 0.95499999999999999998
1  4.79e-02  0.1756668172  1.460869e-01 0.95499999999999999998
1  5.01e-02  0.1756668153  1.460869e-01 0.95499999999999999998
1  5.25e-02  0.1756667889  1.460869e-01 0.95499999999999999998
1  5.50e-02  0.1756667734  1.460869e-01 0.95499999999999999998
1  5.75e-02  0.1756667502  1.460869e-01 0.95499999999999999998
1  6.03e-02  0.1756668698  1.460869e-01 0.95499999999999999998
1  6.31e-02  0.1756666921  1.460869e-01 0.95499999999999999998
1  6.61e-02  0.1756668108  1.460869e-01 0.95499999999999999998
1  6.92e-02  0.1756669158  1.460869e-01 0.95499999999999999998
1  7.24e-02  0.1756669297  1.460869e-01 0.95499999999999999998
1  7.59e-02  0.1756668239  1.460869e-01 0.95499999999999999998
1  7.94e-02  0.1756669075  1.460869e-01 0.95499999999999999998
1  8.32e-02  0.1756660864  1.460869e-01 0.95499999999999999998
1  8.71e-02  0.1756651996  1.460869e-01 0.95499999999999999998
1  9.12e-02  0.1756669455  1.460869e-01 0.95499999999999999998
1  9.55e-02  0.1756668782  1.460869e-01 0.95499999999999999998
1  1.00e-01  0.1756669751  1.460869e-01 0.95499999999999999998
1  1.05e-01  0.1756670438  1.460869e-01 0.95499999999999999998
1  1.10e-01  0.1756670476  1.460869e-01 0.95499999999999999998
1  1.15e-01  0.1756667513  1.460869e-01 0.95499999999999999998
1  1.20e-01  0.1756669011  1.460869e-01 0.95499999999999999998
1  1.26e-01  0.175667179  1.460869e-01 0.95499999999999999998
1  1.32e-01  0.1756667473  1.460869e-01 0.95499999999999999998
1  1.38e-01  0.1756669688  1.460869e-01 0.95499999999999999998
1  1.45e-01  0.1756668781  1.460869e-01 0.95499999999999999998
1  1.51e-01  0.1756656374  1.460869e-01 0.95499999999999999998
1  1.58e-01  0.1756669312  1.460869e-01 0.95499999999999999998
1  1.66e-01  0.1756668343  1.460869e-01 0.95499999999999999998
1  1.74e-01  0.1756662305  1.460869e-01 0.95499999999999999998
1  1.82e-01  0.1756669391  1.460869e-01 0.95499999999999999998
1  1.91e-01  0.175666945  1.460869e-01 0.95499999999999999998
1  2.00e-01  0.1756674482  1.460869e-01 0.95499999999999999998
1  2.09e-01  0.1756669567  1.460869e-01 0.95499999999999999998
1  2.19e-01  0.1756685737  1.460869e-01 0.95499999999999999998
1  2.29e-01  0.1756673919  1.460869e-01 0.95499999999999999998
1  2.40e-01  0.1756675273  1.460869e-01 0.95499999999999999998
1  2.51e-01  0.175666759  1.460869e-01 0.95499999999999999998
1  2.63e-01  0.1756675249  1.460869e-01 0.95499999999999999998
1  2.75e-01  0.1756676119  1.460869e-01 0.95499999999999999998
1  2.88e-01  0.1756673419  1.460869e-01 0.95499999999999999998
1  3.02e-01  0.1756670474  1.460869e-01 0.95499999999999999998
1  3.16e-01  0.1756252875  1.460869e-01 0.95499999999999999998
1  3.31e-01  0.1756672919  1.460869e-01 0.95499999999999999998
1  3.47e-01  0.1756672125  1.460869e-01 0.95499999999999999998
1  3.63e-01  0.1756722909  1.460869e-01 0.95499999999999999998
1  3.80e-01  0.1756676634  1.460869e-01 0.95499999999999999998
1  3.98e-01  0.1756677146  1.460869e-01 0.95499999999999999998
1  4.17e-01  0.1756668211  1.460869e-01 0.95499999999999999998
1  4.37e-01  0.1756680462  1.460869e-01 0.95499999999999999998
1  4.57e-01  0.175667566  1.460869e-01 0.95499999999999999998
1  4.79e-01  0.1756682729  1.460869e-01 0.95499999999999999998
1  5.01e-01  0.1756679702  1.460869e-01 0.95499999999999999998
1  5.25e-01  0.1756681949  1.460869e-01 0.95499999999999999998
1  5.50e-01  0.1756679073  1.460869e-01 0.95499999999999999998
1  5.75e-01  0.1756682677  1.460869e-01 0.95499999999999999998
1  6.03e-01  0.1756587778  1.460869e-01 0.95499999999999999998
1  6.31e-01  0.1756680973  1.460869e-01 0.95499999999999999998
1  6.61e-01  0.1756670186  1.460869e-01 0.95499999999999999998
1  6.92e-01  0.1756673015  1.460869e-01 0.95499999999999999998
1  7.24e-01  0.1756651484  1.460869e-01 0.95499999999999999998
1  7.59e-01  0.1756687519  1.460869e-01 0.95499999999999999998
1  7.94e-01  0.175666925  1.460869e-01 0.95499999999999999998
1  8.32e-01  0.1756665961  1.460869e-01 0.95499999999999999998
1  8.71e-01  0.175670582  1.460869e-01 0.95499999999999999998
1  9.12e-01  0.1756690903  1.460869e-01 0.95499999999999999998
1  9.55e-01  0.1756668477  1.460869e-01 0.95499999999999999998
1  1.00e+00  0.1756674319  1.460869e-01 0.95499999999999999998
1  1.05e+00  0.1756668364  1.460869e-01 0.95499999999999999998
1  1.10e+00  0.175670191  1.460869e-01 0.95499999999999999998
1  1.15e+00  0.1756695555  1.460869e-01 0.95499999999999999998
1  1.20e+00  0.1756703813  1.460869e-01 0.95499999999999999998
1  1.26e+00  0.1756699808  1.460869e-01 0.95499999999999999998
1  1.32e+00  0.1756674714  1.460869e-01 0.95499999999999999998
1  1.38e+00  0.1756708423  1.460869e-01 0.95499999999999999998
1  1.45e+00  0.175670559  1.460869e-01 0.95499999999999999998
1  1.51e+00  0.175666092  1.460869e-01 0.95499999999999999998
1  1.58e+00  0.1756701761  1.460869e-01 0.95499999999999999998
1  1.66e+00  0.1756719728  1.460869e-01 0.95499999999999999998
1  1.74e+00  0.1756716165  1.460869e-01 0.95499999999999999998
1  1.82e+00  0.1756676427  1.460869e-01 0.95499999999999999998
1  1.91e+00  0.1756669051  1.460869e-01 0.95499999999999999998
1  2.00e+00  0.1756727501  1.460869e-01 0.95499999999999999998
1  2.09e+00  0.1756681902  1.460869e-01 0.95499999999999999998
1  2.19e+00  0.1756703163  1.460869e-01 0.95499999999999999998
1  2.29e+00  0.1756737716  1.460869e-01 0.95499999999999999998
1  2.40e+00  0.1756779745  1.460869e-01 0.95499999999999999998
1  2.51e+00  0.1756674815  1.460869e-01 0.95499999999999999998
1  2.63e+00  0.1756745031  1.460869e-01 0.95499999999999999998
1  2.75e+00  0.1756735205  1.460869e-01 0.95499999999999999998
1  2.88e+00  0.1756727107  1.460869e-01 0.95499999999999999998
1  3.02e+00  0.1756619939  1.460869e-01 0.95499999999999999998
1  3.16e+00  0.1756677907  1.460869e-01 0.95499999999999999998
1  3.31e+00  0.1756721135  1.460869e-01 0.95499999999999999998
1  3.47e+00  0.1756732129  1.460869e-01 0.95499999999999999998
1  3.63e+00  0.1756689919  1.460869e-01 0.95499999999999999998
1  3.80e+00  0.1756677714  1.460869e-01 0.95499999999999999998
1  3.98e+00  0.1756806504  1.460869e-01 0.95499999999999999998
1  4.17e+00  0.1756785281  1.460869e-01 0.95499999999999999998
1  4.37e+00  0.1756683105  1.460869e-01 0.95499999999999999998
1  4.57e+00  0.1756704554  1.460869e-01 0.95499999999999999998
1  4.79e+00  0.1756776831  1.460869e-01 0.95499999999999999998
1  5.01e+00  0.1756693627  1.460869e-01 0.95499999999999999998
1  5.25e+00  0.175684638  1.460869e-01 0.95499999999999999998
1  5.50e+00  0.1756674114  1.460869e-01 0.95499999999999999998
1  5.75e+00  0.175658794  1.460869e-01 0.95499999999999999998
1  6.03e+00  0.1756779236  1.460869e-01 0.95499999999999999998
1  6.31e+00  0.1756772646  1.460869e-01 0.95499999999999999998
1  6.61e+00  0.1756724225  1.460869e-01 0.95499999999999999998
1  6.92e+00  0.1756327719  1.460869e-01 0.95499999999999999998
1  7.24e+00  0.1756745837  1.460869e-01 0.95499999999999999998
1  7.59e+00  0.1756944395  1.460869e-01 0.95499999999999999998
1  7.94e+00  0.1756994329  1.460869e-01 0.95499999999999999998
1  8.32e+00  0.1756773915  1.460869e-01 0.95499999999999999998
1  8.71e+00  0.1756999977  1.460869e-01 0.95499999999999999998
1  9.12e+00  0.1756879611  1.460869e-01 0.95499999999999999998
1  9.55e+00  0.1756922743  1.460869e-01 0.95499999999999999998
1  1.00e+01  0.1757064947  1.460869e-01 0.95499999999999999998
1  1.05e+01  0.1756707112  1.460869e-01 0.95499999999999999998
1  1.10e+01  0.1757015285  1.460869e-01 0.95499999999999999998
1  1.15e+01  0.1757033111  1.460869e-01 0.95499999999999999998
1  1.20e+01  0.1756881757  1.460869e-01 0.95499999999999999998
1  1.26e+01  0.1756707355  1.460869e-01 0.95499999999999999998
1  1.32e+01  0.1757315369  1.460869e-01 0.95499999999999999998
1  1.38e+01  0.1756825082  1.460869e-01 0.95499999999999999998
1  1.45e+01  0.175680858  1.460869e-01 0.95499999999999999998
1  1.51e+01  0.1756999809  1.460869e-01 0.95499999999999999998
1  1.58e+01  0.1756750359  1.460869e-01 0.95499999999999999998
1  1.66e+01  0.1757083879  1.460869e-01 0.95499999999999999998
1  1.74e+01  0.1758121502  1.460869e-01 0.95499999999999999998
1  1.82e+01  0.1757247492  1.460869e-01 0.95499999999999999998
1  1.91e+01  0.1756669631  1.460869e-01 0.95499999999999999998
1  2.00e+01  0.1757261783  1.460869e-01 0.95499999999999999998
1  2.09e+01  0.1757159487  1.460869e-01 0.95499999999999999998
1  2.19e+01  0.1757317416  1.460869e-01 0.95499999999999999998
1  2.29e+01  0.1756800979  1.460869e-01 0.95499999999999999998
1  2.40e+01  0.1759802005  1.460869e-01 0.95499999999999999998
1  2.51e+01  0.175849111  1.460869e-01 0.95499999999999999998
1  2.63e+01  0.175752006  1.460869e-01 0.95499999999999999998
1  2.75e+01  0.1756394556  1.460869e-01 0.95499999999999999998
1  2.88e+01  0.1756739831  1.460869e-01 0.95499999999999999998
1  3.02e+01  0.1756832297  1.460869e-01 0.95499999999999999998
1  3.16e+01  0.175594307  1.460869e-01 0.95499999999999999998
1  3.31e+01  0.1757794425  1.460869e-01 0.95499999999999999998
1  3.47e+01  0.1755563692  1.460869e-01 0.95499999999999999998
1  3.63e+01  0.1758148273  1.460869e-01 0.95499999999999999998
1  3.80e+01  0.1756936386  1.460869e-01 0.95499999999999999998
1  3.98e+01  0.1756237658  1.460869e-01 0.95499999999999999998
1  4.17e+01  0.1757116745  1.460869e-01 0.95499999999999999998
1  4.37e+01  0.1756764256  1.460869e-01 0.95499999999999999998
1  4.57e+01  0.1758906837  1.460869e-01 0.95499999999999999998
1  4.79e+01  0.1757984447  1.460869e-01 0.95499999999999999998
1  5.01e+01  0.1758203836  1.460869e-01 0.95499999999999999998
1  5.25e+01  0.1756505273  1.460869e-01 0.95499999999999999998
1  5.50e+01  0.1757887746  1.460869e-01 0.95499999999999999998
1  5.75e+01  0.1758158051  1.460869e-01 0.95499999999999999998
1  6.03e+01  0.1756885375  1.460869e-01 0.95499999999999999998
1  6.31e+01  0.1756877113  1.460869e-01 0.95499999999999999998
1  6.61e+01  0.1757502982  1.460869e-01 0.95499999999999999998
1  6.92e+01  0.1758158027  1.460869e-01 0.95499999999999999998
1  7.24e+01  0.175708414  1.460869e-01 0.95499999999999999998
1  7.59e+01  0.1758065246  1.460869e-01 0.95499999999999999998
1  7.94e+01  0.1755639629  1.460869e-01 0.95499999999999999998
1  8.32e+01  0.1760103981  1.460869e-01 0.95499999999999999998
1  8.71e+01  0.1761066425  1.460869e-01 0.95499999999999999998
1  9.12e+01  0.1756100061  1.460869e-01 0.95499999999999999998
1  9.55e+01  0.1760232976  1.460869e-01 0.95499999999999999998
1  1.00e+02  0.1757195833  1.460869e-01 0.95499999999999999998
1  1.05e+02  0.1758447865  1.460869e-01 0.95499999999999999998
1  1.10e+02  0.1757063786  1.460869e-01 0.95499999999999999998
1  1.15e+02  0.1756873245  1.460869e-01 0.95499999999999999998
1  1.20e+02  0.1760153597  1.460869e-01 0.95499999999999999998
1  1.26e+02  0.1759128966  1.460869e-01 0.95499999999999999998
1  1.32e+02  0.1756404456  1.460869e-01 0.95499999999999999998
1  1.38e+02  0.176044902  1.460869e-01 0.95499999999999999998
1  1.45e+02  0.1757382706  1.460869e-01 0.95499999999999999998
1  1.51e+02  0.1760243476  1.460869e-01 0.95499999999999999998
1  1.58e+02  0.1760509176  1.460869e-01 0.95499999999999999998
1  1.66e+02  0.1758894725  1.460869e-01 0.95499999999999999998
1  1.74e+02  0.17583514  1.460869e-01 0.95499999999999999998
1  1.82e+02  0.1761931982  1.460869e-01 0.95499999999999999998
1  1.91e+02  0.176149833  1.460869e-01 0.95499999999999999998
1  2.00e+02  0.1760581095  1.460869e-01 0.95499999999999999998
1  2.09e+02  0.1762675456  1.460869e-01 0.95499999999999999998
1  2.19e+02  0.1758855344  1.460869e-01 0.95499999999999999998
1  2.29e+02  0.1761313199  1.460869e-01 0.95499999999999999998
1  2.40e+02  0.1756960618  1.460869e-01 0.95499999999999999998
1  2.51e+02  0.1755857817  1.460869e-01 0.95499999999999999998
1  2.63e+02  0.1758461063  1.460869e-01 0.95499999999999999998
1  2.75e+02  0.1764367001  1.460869e-01 0.95499999999999999998
1  2.88e+02  0.17628978  1.460869e-01 0.95499999999999999998
1  3.02e+02  0.1759954228  1.460869e-01 0.95499999999999999998
1  3.16e+02  0.1765568517  1.460869e-01 0.95499999999999999998
1  3.31e+02  0.1758065608  1.460869e-01 0.95499999999999999998
1  3.47e+02  0.1766695564  1.460869e-01 0.95499999999999999998
1  3.63e+02  0.1767100272  1.460869e-01 0.95499999999999999998
1  3.80e+02  0.1758206405  1.460869e-01 0.95499999999999999998
1  3.98e+02  0.176955993  1.460869e-01 0.95499999999999999998
1  4.17e+02  0.1763274199  1.460869e-01 0.95499999999999999998
1  4.37e+02  0.1768334691  1.460869e-01 0.95499999999999999998
1  4.57e+02  0.176413036  1.460869e-01 0.95499999999999999998
1  4.79e+02  0.1770793925  1.460869e-01 0.95499999999999999998
1  5.01e+02  0.1769050781  1.460869e-01 0.95499999999999999998
1  5.25e+02  0.1773586658  1.460869e-01 0.95499999999999999998
1  5.50e+02  0.1756322161  1.460869e-01 0.95499999999999999998
1  5.75e+02  0.1764038975  1.460869e-01 0.95499999999999999998
1  6.03e+02  0.1763551025  1.460869e-01 0.95499999999999999998
1  6.31e+02  0.1756800971  1.460869e-01 0.95499999999999999998
1  6.61e+02  0.1777069174  1.460869e-01 0.95499999999999999998
1  6.92e+02  0.1776415296  1.460869e-01 0.95499999999999999998
1  7.24e+02  0.177681115  1.460869e-01 0.95499999999999999998
1  7.59e+02  0.1774837515  1.460869e-01 0.95499999999999999998
1  7.94e+02  0.17724218  1.460869e-01 0.95499999999999999998
1  8.32e+02  0.1755932826  1.460869e-01 0.95499999999999999998
1  8.71e+02  0.1755197204  1.460869e-01 0.95499999999999999998
1  9.12e+02  0.1776681635  1.460869e-01 0.95499999999999999998
1  9.55e+02  0.1772950522  1.460869e-01 0.95499999999999999998
1  1.00e+03  0.1771514272  1.460869e-01 0.95499999999999999998
1  1.05e+03  0.1752543143  1.460869e-01 0.95499999999999999998
1  1.10e+03  0.178435022  1.460869e-01 0.95499999999999999998
1  1.15e+03  0.1811589738  1.460869e-01 0.95499999999999999998
1  1.20e+03  0.1808022528  1.460869e-01 0.95499999999999999998
1  1.26e+03  0.1749010611  1.460869e-01 0.95499999999999999998
1  1.32e+03  0.1744070186  1.460869e-01 0.95499999999999999998
1  1.38e+03  0.1766798708  1.460869e-01 0.95499999999999999998
1  1.45e+03  0.170696286  1.460869e-01 0.95499999999999999998
1  1.51e+03  0.1911597145  1.460869e-01 0.95499999999999999998
1  1.58e+03  0.189979532  1.460869e-01 0.95499999999999999998
1  1.66e+03  0.1825304354  1.460869e-01 0.95499999999999999998
1  1.74e+03  0.1828809413  1.460869e-01 0.95499999999999999998
1  1.82e+03  0.185546587  1.460869e-01 0.95499999999999999998
1  1.91e+03  0.156575799  1.460869e-01 0.95499999999999999998
1  2.00e+03  0.1751603667  1.460869e-01 0.95499999999999999998
1  2.09e+03  0.1517583812  1.460869e-01 0.95499999999999999998
1  2.19e+03  0.1493045312  1.460869e-01 0.95499999999999999998
1  2.29e+03  0.159853059  1.460869e-01 0.95499999999999999998
1  2.40e+03  0.162055885  1.460869e-01 0.95499999999999999998
1  2.51e+03  0.1865945708  1.460869e-01 0.95499999999999999998
1  2.63e+03  0.2521751293  1.460869e-01 0.95499999999999999998
1  2.75e+03  0.178343261  1.460869e-01 0.95499999999999999998
1  2.88e+03  0.2644073634  1.460869e-01 0.95499999999999999998
1  3.02e+03  0.2050873865  1.460869e-01 0.95499999999999999998
1  3.16e+03  0.1576148305  1.460869e-01 0.95499999999999999998
1  3.31e+03  0.1514854708  1.460869e-01 0.95499999999999999998
1  3.47e+03  0.1347318252  1.460869e-01 0.95499999999999999998
1  3.63e+03  0.1239169107  1.460869e-01 0.95499999999999999998
1  3.80e+03  0.1718151571  1.460869e-01 0.95499999999999999998
1  3.98e+03  0.1897144616  1.460869e-01 0.95499999999999999998
1  4.17e+03  0.09273530928  1.460869e-01 0.95499999999999999998
1  4.37e+03  0.1797185922  1.460869e-01 0.95499999999999999998
1  4.57e+03  0.08797972839  1.460869e-01 0.95499999999999999998
1  4.79e+03  0.1514073727  1.460869e-01 0.95499999999999999998
1  5.01e+03  0.1738491935  1.460869e-01 0.95499999999999999998
1  5.25e+03  0.1182039434  1.460869e-01 0.95499999999999999998
1  5.50e+03  0.0958780245  1.460869e-01 0.95499999999999999998
1  5.75e+03  0.08528051612  1.460869e-01 0.95499999999999999998
1  6.03e+03  0.101459389  1.460869e-01 0.95499999999999999998
1  6.31e+03  0.1271143072  1.460869e-01 0.95499999999999999998
1  6.61e+03  0.2308964407  1.460869e-01 0.95499999999999999998
1  6.92e+03  0.2755234746  1.460869e-01 0.95499999999999999998
1  7.24e+03  0.1156255015  1.460869e-01 0.95499999999999999998
1  7.59e+03  0.2413307375  1.460869e-01 0.95499999999999999998
1  7.94e+03  0.2526711906  1.460869e-01 0.95499999999999999998
1  8.32e+03  0.1972695075  1.460869e-01 0.95499999999999999998
1  8.71e+03  0.2578632385  1.460869e-01 0.95499999999999999998
1  9.12e+03  0.2944156868  1.460869e-01 0.95499999999999999998
1  9.55e+03  0.1056101149  1.460869e-01 0.95499999999999999998
1  1.00e+04  0.3365405596  1.460869e-01 0.95499999999999999998
1  1.05e+04  0.3777998501  1.460869e-01 0.95499999999999999998
1  1.10e+04  0.2055516237  1.460869e-01 0.95499999999999999998
1  1.15e+04  0.1166173577  1.460869e-01 0.95499999999999999998
1  1.20e+04  0.18372783  1.460869e-01 0.95499999999999999998
1  1.26e+04  0.2583785362  1.460869e-01 0.95499999999999999998
1  1.32e+04  0.2737009053  1.460869e-01 0.95499999999999999998
1  1.38e+04  0.3158526035  1.460869e-01 0.95499999999999999998
1  1.45e+04  0.2624142452  1.460869e-01 0.95499999999999999998
1  1.51e+04  0.2350260283  1.460869e-01 0.95499999999999999998
1  1.58e+04  0.1896927449  1.460869e-01 0.95499999999999999998
1  1.66e+04  0.1522733268  1.460869e-01 0.95499999999999999998
1  1.74e+04  0.3741497121  1.460869e-01 0.95499999999999999998
1  1.82e+04  0.4326334657  1.460869e-01 0.95499999999999999998
1  1.91e+04  0.4289650906  1.460869e-01 0.95499999999999999998
1  2.00e+04  0.1991412211  1.460869e-01 0.95499999999999999998
1  2.09e+04  0.2844947803  1.460869e-01 0.95499999999999999998
1  2.19e+04  0.5133515118  1.460869e-01 0.95499999999999999998
1  2.29e+04  0.2294095042  1.460869e-01 0.95499999999999999998
1  2.40e+04  0.3524307924  1.460869e-01 0.95499999999999999998
1  2.51e+04  0.490549288  1.460869e-01 0.95499999999999999998
1  2.63e+04  0.1810000393  1.460869e-01 0.95499999999999999998
1  2.75e+04  0.5341981764  1.460869e-01 0.95499999999999999998
1  2.88e+04  0.208684918  1.460869e-01 0.95499999999999999998
1  3.02e+04  0.4574479215  1.460869e-01 0.95499999999999999998
1  3.16e+04  0.288855575  1.460869e-01 0.95499999999999999998
1  3.31e+04  0.4569681728  1.460869e-01 0.95499999999999999998
1  3.47e+04  0.2161690866  1.460869e-01 0.95499999999999999998
1  3.63e+04  0.5418508438  1.460869e-01 0.95499999999999999998
1  3.80e+04  0.1971529117  1.460869e-01 0.95499999999999999998
1  3.98e+04  0.5265392348  1.460869e-01 0.95499999999999999998
1  4.17e+04  0.2414514998  1.460869e-01 0.95499999999999999998
1  4.37e+04  0.3621788321  1.460869e-01 0.95499999999999999998
1  4.57e+04  0.475704582  1.460869e-01 0.95499999999999999998
1  4.79e+04  0.2061988034  1.460869e-01 0.95499999999999999998
1  5.01e+04  0.3491820237  1.460869e-01 0.95499999999999999998
1  5.25e+04  0.5072890752  1.460869e-01 0.95499999999999999998
1  5.50e+04  0.2154300567  1.460869e-01 0.95499999999999999998
1  5.75e+04  0.3533586533  1.460869e-01 0.95499999999999999998
1  6.03e+04  0.5214486992  1.460869e-01 0.95499999999999999998
1  6.31e+04  0.2364388937  1.460869e-01 0.95499999999999999998
1  6.61e+04  0.2541807922  1.460869e-01 0.95499999999999999998
1  6.92e+04  0.4703933205  1.460869e-01 0.95499999999999999998
1  7.24e+04  0.3809117572  1.460869e-01 0.95499999999999999998
1  7.59e+04  0.2027621791  1.460869e-01 0.95499999999999999998
1  7.94e+04  0.2174034988  1.460869e-01 0.95499999999999999998
1  8.32e+04  0.3457998356  1.460869e-01 0.95499999999999999998
1  8.71e+04  0.407321012  1.460869e-01 0.95499999999999999998
1  9.12e+04  0.328083984  1.460869e-01 0.95499999999999999998
1  9.55e+04  0.2035484854  1.460869e-01 0.95499999999999999998
1  1.00e+05  0.1964221919  1.460869e-01 0.95499999999999999998
1  1.05e+05  0.3255609845  1.460869e-01 0.95499999999999999998
1  1.10e+05  0.4359879789  1.460869e-01 0.95499999999999999998
1  1.15e+05  0.4003292341  1.460869e-01 0.95499999999999999998
1  1.20e+05  0.2672369341  1.460869e-01 0.95499999999999999998
1  1.26e+05  0.1835354514  1.460869e-01 0.95499999999999999998
1  1.32e+05  0.2259531799  1.460869e-01 0.95499999999999999998
1  1.38e+05  0.3412344631  1.460869e-01 0.95499999999999999998
1  1.45e+05  0.4218840007  1.460869e-01 0.95499999999999999998
1  1.51e+05  0.4077997253  1.460869e-01 0.95499999999999999998
1  1.58e+05  0.3204257071  1.460869e-01 0.95499999999999999998
1  1.66e+05  0.2260830955  1.460869e-01 0.95499999999999999998
1  1.74e+05  0.1801802702  1.460869e-01 0.95499999999999999998
1  1.82e+05  0.1967643188  1.460869e-01 0.95499999999999999998
1  1.91e+05  0.252856598  1.460869e-01 0.95499999999999999998
1  2.00e+05  0.3116338592  1.460869e-01 0.95499999999999999998
1  2.09e+05  0.3444924177  1.460869e-01 0.95499999999999999998
1  2.19e+05  0.34128759  1.460869e-01 0.95499999999999999998
1  2.29e+05  0.3086864495  1.460869e-01 0.95499999999999999998
1  2.40e+05  0.2622018751  1.460869e-01 0.95499999999999999998
1  2.51e+05  0.2177847703  1.460869e-01 0.95499999999999999998
1  2.63e+05  0.1863982522  1.460869e-01 0.95499999999999999998
1  2.75e+05  0.1722938379  1.460869e-01 0.95499999999999999998
1  2.88e+05  0.1740293505  1.460869e-01 0.95499999999999999998
1  3.02e+05  0.1867593712  1.460869e-01 0.95499999999999999998
1  3.16e+05  0.2045829288  1.460869e-01 0.95499999999999999998
1  3.31e+05  0.2222670944  1.460869e-01 0.95499999999999999998
1  3.47e+05  0.2361540718  1.460869e-01 0.95499999999999999998
1  3.63e+05  0.2443687753  1.460869e-01 0.95499999999999999998
1  3.80e+05  0.2465709146  1.460869e-01 0.95499999999999999998
1  3.98e+05  0.2434963576  1.460869e-01 0.95499999999999999998
1  4.17e+05  0.2364710008  1.460869e-01 0.95499999999999999998
1  4.37e+05  0.227004261  1.460869e-01 0.95499999999999999998
1  4.57e+05  0.2165050096  1.460869e-01 0.95499999999999999998
1  4.79e+05  0.2061196835  1.460869e-01 0.95499999999999999998
1  5.01e+05  0.1966696216  1.460869e-01 0.95499999999999999998
1  5.25e+05  0.188657163  1.460869e-01 0.95499999999999999998
1  5.50e+05  0.1823117619  1.460869e-01 0.95499999999999999998
1  5.75e+05  0.1776534365  1.460869e-01 0.95499999999999999998
1  6.03e+05  0.1745580159  1.460869e-01 0.95499999999999999998
1  6.31e+05  0.1728150502  1.460869e-01 0.95499999999999999998
1  6.61e+05  0.1722088337  1.460869e-01 0.95499999999999999998
1  6.92e+05  0.1724893366  1.460869e-01 0.95499999999999999998
1  7.24e+05  0.1733472043  1.460869e-01 0.95499999999999999998
1  7.59e+05  0.1745909064  1.460869e-01 0.95499999999999999998
1  7.94e+05  0.1760470628  1.460869e-01 0.95499999999999999998
1  8.32e+05  0.1775787123  1.460869e-01 0.95499999999999999998
1  8.71e+05  0.1790830661  1.460869e-01 0.95499999999999999998
1  9.12e+05  0.1804874554  1.460869e-01 0.95499999999999999998
1  9.55e+05  0.1817444853  1.460869e-01 0.95499999999999999998
1  1.00e+06  0.1828270772  1.460869e-01 0.95499999999999999998
1  1.05e+06  0.1837238253  1.460869e-01 0.95499999999999999998
1  1.10e+06  0.1844348993  1.460869e-01 0.95499999999999999998
1  1.15e+06  0.1849685894  1.460869e-01 0.95499999999999999998
1  1.20e+06  0.1853385037  1.460869e-01 0.95499999999999999998
1  1.26e+06  0.1855613711  1.460869e-01 0.95499999999999999998
1  1.32e+06  0.1856553804  1.460869e-01 0.95499999999999999998
1  1.38e+06  0.1856389692  1.460869e-01 0.95499999999999999998
1  1.45e+06  0.1855299813  1.460869e-01 0.95499999999999999998
1  1.51e+06  0.1853420313  1.460869e-01 0.95499999999999999998
1  1.58e+06  0.185096779  1.460869e-01 0.95499999999999999998
1  1.66e+06  0.1848044284  1.460869e-01 0.95499999999999999998
1  1.74e+06  0.1844768824  1.460869e-01 0.95499999999999999998
1  1.82e+06  0.1841244004  1.460869e-01 0.95499999999999999998
1  1.91e+06  0.1837556906  1.460869e-01 0.95499999999999999998
1  2.00e+06  0.1833780359  1.460869e-01 0.95499999999999999998
1  2.09e+06  0.1829974355  1.460869e-01 0.95499999999999999998
1  2.19e+06  0.1826187527  1.460869e-01 0.95499999999999999998
1  2.29e+06  0.1822458599  1.460869e-01 0.95499999999999999998
1  2.40e+06  0.1818817756  1.460869e-01 0.95499999999999999998
1  2.51e+06  0.1815287921  1.460869e-01 0.95499999999999999998
1  2.63e+06  0.1811885901  1.460869e-01 0.95499999999999999998
1  2.75e+06  0.1808623413  1.460869e-01 0.95499999999999999998
1  2.88e+06  0.180550798  1.460869e-01 0.95499999999999999998
1  3.02e+06  0.1802543713  1.460869e-01 0.95499999999999999998
1  3.16e+06  0.1799724827  1.460869e-01 0.95499999999999999998
1  3.31e+06  0.1797065438  1.460869e-01 0.95499999999999999998
1  3.47e+06  0.179455522  1.460869e-01 0.95499999999999999998
1  3.63e+06  0.1792190384  1.460869e-01 0.95499999999999999998
1  3.80e+06  0.1789966183  1.460869e-01 0.95499999999999999998
1  3.98e+06  0.1787877183  1.460869e-01 0.95499999999999999998
1  4.17e+06  0.1785917491  1.460869e-01 0.95499999999999999998
1  4.37e+06  0.1784080928  1.460869e-01 0.95499999999999999998
1  4.57e+06  0.178236118  1.460869e-01 0.95499999999999999998
1  4.79e+06  0.1780751908  1.460869e-01 0.95499999999999999998
1  5.01e+06  0.1779246837  1.460869e-01 0.95499999999999999998
1  5.25e+06  0.1777839822  1.460869e-01 0.95499999999999999998
1  5.50e+06  0.1776524904  1.460869e-01 0.95499999999999999998
1  5.75e+06  0.1775296339  1.460869e-01 0.95499999999999999998
1  6.03e+06  0.1774148629  1.460869e-01 0.95499999999999999998
1  6.31e+06  0.1773074707  1.460869e-01 0.95499999999999999998
1  6.61e+06  0.1772073414  1.460869e-01 0.95499999999999999998
1  6.92e+06  0.177113805  1.460869e-01 0.95499999999999999998
1  7.24e+06  0.1770264187  1.460869e-01 0.95499999999999999998
1  7.59e+06  0.1769447662  1.460869e-01 0.95499999999999999998
1  7.94e+06  0.1768684569  1.460869e-01 0.95499999999999999998
1  8.32e+06  0.1767971251  1.460869e-01 0.95499999999999999998
1  8.71e+06  0.1767304291  1.460869e-01 0.95499999999999999998
1  9.12e+06  0.1766680498  1.460869e-01 0.95499999999999999998
1  9.55e+06  0.1766096896  1.460869e-01 0.95499999999999999998
1  1.00e+07  0.1765550716  1.460869e-01 0.95499999999999999998
