1  1.00e-03  0.1756847742  1.466988e-01 0.95899999999999999996
1  1.05e-03  0.1756847748  1.466988e-01 0.95899999999999999996
1  1.10e-03  0.175684774  1.466988e-01 0.95899999999999999996
1  1.15e-03  0.175684781  1.466988e-01 0.95899999999999999996
1  1.20e-03  0.1756847757  1.466988e-01 0.95899999999999999996
1  1.26e-03  0.1756847748  1.466988e-01 0.95899999999999999996
1  1.32e-03  0.1756847813  1.466988e-01 0.95899999999999999996
1  1.38e-03  0.1756847782  1.466988e-01 0.95899999999999999996
1  1.45e-03  0.1756847746  1.466988e-01 0.95899999999999999996
1  1.51e-03  0.1756847765  1.466988e-01 0.95899999999999999996
1  1.58e-03  0.1756847765  1.466988e-01 0.95899999999999999996
1  1.66e-03  0.1756847736  1.466988e-01 0.95899999999999999996
1  1.74e-03  0.175684773  1.466988e-01 0.95899999999999999996
1  1.82e-03  0.1756847728  1.466988e-01 0.95899999999999999996
1  1.91e-03  0.1756847785  1.466988e-01 0.95899999999999999996
1  2.00e-03  0.1756847792  1.466988e-01 0.95899999999999999996
1  2.09e-03  0.1756847806  1.466988e-01 0.95899999999999999996
1  2.19e-03  0.1756847794  1.466988e-01 0.95899999999999999996
1  2.29e-03  0.1756847781  1.466988e-01 0.95899999999999999996
1  2.40e-03  0.1756847751  1.466988e-01 0.95899999999999999996
1  2.51e-03  0.1756847758  1.466988e-01 0.95899999999999999996
1  2.63e-03  0.1756847727  1.466988e-01 0.95899999999999999996
1  2.75e-03  0.1756847812  1.466988e-01 0.95899999999999999996
1  2.88e-03  0.1756847895  1.466988e-01 0.95899999999999999996
1  3.02e-03  0.1756847721  1.466988e-01 0.95899999999999999996
1  3.16e-03  0.1756847866  1.466988e-01 0.95899999999999999996
1  3.31e-03  0.1756847868  1.466988e-01 0.95899999999999999996
1  3.47e-03  0.1756847843  1.466988e-01 0.95899999999999999996
1  3.63e-03  0.1756847733  1.466988e-01 0.95899999999999999996
1  3.80e-03  0.1756847875  1.466988e-01 0.95899999999999999996
1  3.98e-03  0.175684773  1.466988e-01 0.95899999999999999996
1  4.17e-03  0.175684788  1.466988e-01 0.95899999999999999996
1  4.37e-03  0.1756847713  1.466988e-01 0.95899999999999999996
1  4.57e-03  0.1756847691  1.466988e-01 0.95899999999999999996
1  4.79e-03  0.1756847861  1.466988e-01 0.95899999999999999996
1  5.01e-03  0.1756847757  1.466988e-01 0.95899999999999999996
1  5.25e-03  0.1756847706  1.466988e-01 0.95899999999999999996
1  5.50e-03  0.1756847855  1.466988e-01 0.95899999999999999996
1  5.75e-03  0.1756847834  1.466988e-01 0.95899999999999999996
1  6.03e-03  0.1756847774  1.466988e-01 0.95899999999999999996
1  6.31e-03  0.1756847903  1.466988e-01 0.95899999999999999996
1  6.61e-03  0.1756847778  1.466988e-01 0.95899999999999999996
1  6.92e-03  0.1756847885  1.466988e-01 0.95899999999999999996
1  7.24e-03  0.1756847883  1.466988e-01 0.95899999999999999996
1  7.59e-03  0.1756847734  1.466988e-01 0.95899999999999999996
1  7.94e-03  0.1756847915  1.466988e-01 0.95899999999999999996
1  8.32e-03  0.1756847685  1.466988e-01 0.95899999999999999996
1  8.71e-03  0.175684767  1.466988e-01 0.95899999999999999996
1  9.12e-03  0.1756847806  1.466988e-01 0.95899999999999999996
1  9.55e-03  0.1756847856  1.466988e-01 0.95899999999999999996
1  1.00e-02  0.1756846571  1.466988e-01 0.95899999999999999996
1  1.05e-02  0.1756847807  1.466988e-01 0.95899999999999999996
1  1.10e-02  0.1756847936  1.466988e-01 0.95899999999999999996
1  1.15e-02  0.1756847795  1.466988e-01 0.95899999999999999996
1  1.20e-02  0.1756847784  1.466988e-01 0.95899999999999999996
1  1.26e-02  0.1756847733  1.466988e-01 0.95899999999999999996
1  1.32e-02  0.1756847916  1.466988e-01 0.95899999999999999996
1  1.38e-02  0.1756847722  1.466988e-01 0.95899999999999999996
1  1.45e-02  0.1756847823  1.466988e-01 0.95899999999999999996
1  1.51e-02  0.1756847962  1.466988e-01 0.95899999999999999996
1  1.58e-02  0.1756839365  1.466988e-01 0.95899999999999999996
1  1.66e-02  0.1756847624  1.466988e-01 0.95899999999999999996
1  1.74e-02  0.1756848021  1.466988e-01 0.95899999999999999996
1  1.82e-02  0.1756847558  1.466988e-01 0.95899999999999999996
1  1.91e-02  0.1756848231  1.466988e-01 0.95899999999999999996
1  2.00e-02  0.1756847985  1.466988e-01 0.95899999999999999996
1  2.09e-02  0.1756847585  1.466988e-01 0.95899999999999999996
1  2.19e-02  0.1756847745  1.466988e-01 0.95899999999999999996
1  2.29e-02  0.1756847644  1.466988e-01 0.95899999999999999996
1  2.40e-02  0.1756848368  1.466988e-01 0.95899999999999999996
1  2.51e-02  0.1756836304  1.466988e-01 0.95899999999999999996
1  2.63e-02  0.1756850407  1.466988e-01 0.95899999999999999996
1  2.75e-02  0.1756846439  1.466988e-01 0.95899999999999999996
1  2.88e-02  0.1756847891  1.466988e-01 0.95899999999999999996
1  3.02e-02  0.1756849099  1.466988e-01 0.95899999999999999996
1  3.16e-02  0.1756848341  1.466988e-01 0.95899999999999999996
1  3.31e-02  0.1756847049  1.466988e-01 0.95899999999999999996
1  3.47e-02  0.1756847053  1.466988e-01 0.95899999999999999996
1  3.63e-02  0.1756848368  1.466988e-01 0.95899999999999999996
1  3.80e-02  0.175684678  1.466988e-01 0.95899999999999999996
1  3.98e-02  0.1756847971  1.466988e-01 0.95899999999999999996
1  4.17e-02  0.175555346  1.466988e-01 0.95899999999999999996
1  4.37e-02  0.1756846111  1.466988e-01 0.95899999999999999996
1  4.57e-02  0.1756843214  1.466988e-01 0.95899999999999999996
1  4.79e-02  0.1756846421  1.466988e-01 0.95899999999999999996
1  5.01e-02  0.1756846398  1.466988e-01 0.95899999999999999996
1  5.25e-02  0.1756846441  1.466988e-01 0.95899999999999999996
1  5.50e-02  0.175684628  1.466988e-01 0.95899999999999999996
1  5.75e-02  0.175684641  1.466988e-01 0.95899999999999999996
1  6.03e-02  0.1756847802  1.466988e-01 0.95899999999999999996
1  6.31e-02  0.1756845818  1.466988e-01 0.95899999999999999996
1  6.61e-02  0.1756843874  1.466988e-01 0.95899999999999999996
1  6.92e-02  0.1756833933  1.466988e-01 0.95899999999999999996
1  7.24e-02  0.1756847746  1.466988e-01 0.95899999999999999996
1  7.59e-02  0.1756844803  1.466988e-01 0.95899999999999999996
1  7.94e-02  0.175684718  1.466988e-01 0.95899999999999999996
1  8.32e-02  0.1756838595  1.466988e-01 0.95899999999999999996
1  8.71e-02  0.1756827126  1.466988e-01 0.95899999999999999996
1  9.12e-02  0.1756848275  1.466988e-01 0.95899999999999999996
1  9.55e-02  0.1756847549  1.466988e-01 0.95899999999999999996
1  1.00e-01  0.1756848043  1.466988e-01 0.95899999999999999996
1  1.05e-01  0.1756848451  1.466988e-01 0.95899999999999999996
1  1.10e-01  0.175684856  1.466988e-01 0.95899999999999999996
1  1.15e-01  0.1756845638  1.466988e-01 0.95899999999999999996
1  1.20e-01  0.1756848284  1.466988e-01 0.95899999999999999996
1  1.26e-01  0.175685065  1.466988e-01 0.95899999999999999996
1  1.32e-01  0.175684594  1.466988e-01 0.95899999999999999996
1  1.38e-01  0.1756847658  1.466988e-01 0.95899999999999999996
1  1.45e-01  0.1756847839  1.466988e-01 0.95899999999999999996
1  1.51e-01  0.1756839245  1.466988e-01 0.95899999999999999996
1  1.58e-01  0.1756847856  1.466988e-01 0.95899999999999999996
1  1.66e-01  0.1756846926  1.466988e-01 0.95899999999999999996
1  1.74e-01  0.1756850287  1.466988e-01 0.95899999999999999996
1  1.82e-01  0.175684938  1.466988e-01 0.95899999999999999996
1  1.91e-01  0.175684927  1.466988e-01 0.95899999999999999996
1  2.00e-01  0.1756849963  1.466988e-01 0.95899999999999999996
1  2.09e-01  0.1756847463  1.466988e-01 0.95899999999999999996
1  2.19e-01  0.175684836  1.466988e-01 0.95899999999999999996
1  2.29e-01  0.1756853266  1.466988e-01 0.95899999999999999996
1  2.40e-01  0.1756853336  1.466988e-01 0.95899999999999999996
1  2.51e-01  0.1756846946  1.466988e-01 0.95899999999999999996
1  2.63e-01  0.1756854187  1.466988e-01 0.95899999999999999996
1  2.75e-01  0.1756833731  1.466988e-01 0.95899999999999999996
1  2.88e-01  0.1756853433  1.466988e-01 0.95899999999999999996
1  3.02e-01  0.1756849354  1.466988e-01 0.95899999999999999996
1  3.16e-01  0.1756833637  1.466988e-01 0.95899999999999999996
1  3.31e-01  0.1756850643  1.466988e-01 0.95899999999999999996
1  3.47e-01  0.1756852808  1.466988e-01 0.95899999999999999996
1  3.63e-01  0.1756851072  1.466988e-01 0.95899999999999999996
1  3.80e-01  0.1756856411  1.466988e-01 0.95899999999999999996
1  3.98e-01  0.1756857814  1.466988e-01 0.95899999999999999996
1  4.17e-01  0.175684673  1.466988e-01 0.95899999999999999996
1  4.37e-01  0.1756858775  1.466988e-01 0.95899999999999999996
1  4.57e-01  0.1756852865  1.466988e-01 0.95899999999999999996
1  4.79e-01  0.1756861578  1.466988e-01 0.95899999999999999996
1  5.01e-01  0.1756855649  1.466988e-01 0.95899999999999999996
1  5.25e-01  0.1756859295  1.466988e-01 0.95899999999999999996
1  5.50e-01  0.1756855581  1.466988e-01 0.95899999999999999996
1  5.75e-01  0.1756862157  1.466988e-01 0.95899999999999999996
1  6.03e-01  0.1756853423  1.466988e-01 0.95899999999999999996
1  6.31e-01  0.1756857849  1.466988e-01 0.95899999999999999996
1  6.61e-01  0.1756846509  1.466988e-01 0.95899999999999999996
1  6.92e-01  0.1756849586  1.466988e-01 0.95899999999999999996
1  7.24e-01  0.1756874379  1.466988e-01 0.95899999999999999996
1  7.59e-01  0.1756867988  1.466988e-01 0.95899999999999999996
1  7.94e-01  0.1756849823  1.466988e-01 0.95899999999999999996
1  8.32e-01  0.1756853329  1.466988e-01 0.95899999999999999996
1  8.71e-01  0.1756838128  1.466988e-01 0.95899999999999999996
1  9.12e-01  0.1756870967  1.466988e-01 0.95899999999999999996
1  9.55e-01  0.1756845634  1.466988e-01 0.95899999999999999996
1  1.00e+00  0.175679407  1.466988e-01 0.95899999999999999996
1  1.05e+00  0.1756847671  1.466988e-01 0.95899999999999999996
1  1.10e+00  0.1756866081  1.466988e-01 0.95899999999999999996
1  1.15e+00  0.1756873999  1.466988e-01 0.95899999999999999996
1  1.20e+00  0.1756881609  1.466988e-01 0.95899999999999999996
1  1.26e+00  0.1756880782  1.466988e-01 0.95899999999999999996
1  1.32e+00  0.1756712823  1.466988e-01 0.95899999999999999996
1  1.38e+00  0.1756886947  1.466988e-01 0.95899999999999999996
1  1.45e+00  0.1756870141  1.466988e-01 0.95899999999999999996
1  1.51e+00  0.175679336  1.466988e-01 0.95899999999999999996
1  1.58e+00  0.1756881296  1.466988e-01 0.95899999999999999996
1  1.66e+00  0.1756900694  1.466988e-01 0.95899999999999999996
1  1.74e+00  0.1756894986  1.466988e-01 0.95899999999999999996
1  1.82e+00  0.1756855292  1.466988e-01 0.95899999999999999996
1  1.91e+00  0.1756850521  1.466988e-01 0.95899999999999999996
1  2.00e+00  0.1756909013  1.466988e-01 0.95899999999999999996
1  2.09e+00  0.1756853766  1.466988e-01 0.95899999999999999996
1  2.19e+00  0.175689025  1.466988e-01 0.95899999999999999996
1  2.29e+00  0.1756918288  1.466988e-01 0.95899999999999999996
1  2.40e+00  0.1756916215  1.466988e-01 0.95899999999999999996
1  2.51e+00  0.1756839978  1.466988e-01 0.95899999999999999996
1  2.63e+00  0.1756943726  1.466988e-01 0.95899999999999999996
1  2.75e+00  0.1756926133  1.466988e-01 0.95899999999999999996
1  2.88e+00  0.1756916201  1.466988e-01 0.95899999999999999996
1  3.02e+00  0.1756887748  1.466988e-01 0.95899999999999999996
1  3.16e+00  0.1756847441  1.466988e-01 0.95899999999999999996
1  3.31e+00  0.1756866087  1.466988e-01 0.95899999999999999996
1  3.47e+00  0.1756929154  1.466988e-01 0.95899999999999999996
1  3.63e+00  0.1756859711  1.466988e-01 0.95899999999999999996
1  3.80e+00  0.1756876496  1.466988e-01 0.95899999999999999996
1  3.98e+00  0.1757060602  1.466988e-01 0.95899999999999999996
1  4.17e+00  0.1756941578  1.466988e-01 0.95899999999999999996
1  4.37e+00  0.1756943488  1.466988e-01 0.95899999999999999996
1  4.57e+00  0.1756985456  1.466988e-01 0.95899999999999999996
1  4.79e+00  0.1756921251  1.466988e-01 0.95899999999999999996
1  5.01e+00  0.1756887504  1.466988e-01 0.95899999999999999996
1  5.25e+00  0.1757010122  1.466988e-01 0.95899999999999999996
1  5.50e+00  0.1756824868  1.466988e-01 0.95899999999999999996
1  5.75e+00  0.175699365  1.466988e-01 0.95899999999999999996
1  6.03e+00  0.1756996035  1.466988e-01 0.95899999999999999996
1  6.31e+00  0.1756892844  1.466988e-01 0.95899999999999999996
1  6.61e+00  0.175685078  1.466988e-01 0.95899999999999999996
1  6.92e+00  0.175685501  1.466988e-01 0.95899999999999999996
1  7.24e+00  0.175699715  1.466988e-01 0.95899999999999999996
1  7.59e+00  0.1756756172  1.466988e-01 0.95899999999999999996
1  7.94e+00  0.1757155155  1.466988e-01 0.95899999999999999996
1  8.32e+00  0.1757044107  1.466988e-01 0.95899999999999999996
1  8.71e+00  0.1757492338  1.466988e-01 0.95899999999999999996
1  9.12e+00  0.1757208493  1.466988e-01 0.95899999999999999996
1  9.55e+00  0.1757034235  1.466988e-01 0.95899999999999999996
1  1.00e+01  0.1756324017  1.466988e-01 0.95899999999999999996
1  1.05e+01  0.1756858075  1.466988e-01 0.95899999999999999996
1  1.10e+01  0.1757192881  1.466988e-01 0.95899999999999999996
1  1.15e+01  0.1756768863  1.466988e-01 0.95899999999999999996
1  1.20e+01  0.1757100483  1.466988e-01 0.95899999999999999996
1  1.26e+01  0.1756840022  1.466988e-01 0.95899999999999999996
1  1.32e+01  0.1757229986  1.466988e-01 0.95899999999999999996
1  1.38e+01  0.1757132398  1.466988e-01 0.95899999999999999996
1  1.45e+01  0.1757209356  1.466988e-01 0.95899999999999999996
1  1.51e+01  0.1756734147  1.466988e-01 0.95899999999999999996
1  1.58e+01  0.1756984307  1.466988e-01 0.95899999999999999996
1  1.66e+01  0.1757311683  1.466988e-01 0.95899999999999999996
1  1.74e+01  0.1757492688  1.466988e-01 0.95899999999999999996
1  1.82e+01  0.1757324567  1.466988e-01 0.95899999999999999996
1  1.91e+01  0.1756954522  1.466988e-01 0.95899999999999999996
1  2.00e+01  0.175736644  1.466988e-01 0.95899999999999999996
1  2.09e+01  0.1758556382  1.466988e-01 0.95899999999999999996
1  2.19e+01  0.1757214566  1.466988e-01 0.95899999999999999996
1  2.29e+01  0.1757344809  1.466988e-01 0.95899999999999999996
1  2.40e+01  0.1759621889  1.466988e-01 0.95899999999999999996
1  2.51e+01  0.1757165242  1.466988e-01 0.95899999999999999996
1  2.63e+01  0.1755548516  1.466988e-01 0.95899999999999999996
1  2.75e+01  0.1756636997  1.466988e-01 0.95899999999999999996
1  2.88e+01  0.1757129253  1.466988e-01 0.95899999999999999996
1  3.02e+01  0.1757020041  1.466988e-01 0.95899999999999999996
1  3.16e+01  0.1755635047  1.466988e-01 0.95899999999999999996
1  3.31e+01  0.1758377217  1.466988e-01 0.95899999999999999996
1  3.47e+01  0.1757490798  1.466988e-01 0.95899999999999999996
1  3.63e+01  0.175636377  1.466988e-01 0.95899999999999999996
1  3.80e+01  0.175849496  1.466988e-01 0.95899999999999999996
1  3.98e+01  0.1758428002  1.466988e-01 0.95899999999999999996
1  4.17e+01  0.1756266296  1.466988e-01 0.95899999999999999996
1  4.37e+01  0.176170812  1.466988e-01 0.95899999999999999996
1  4.57e+01  0.1757168589  1.466988e-01 0.95899999999999999996
1  4.79e+01  0.1756212663  1.466988e-01 0.95899999999999999996
1  5.01e+01  0.1756683092  1.466988e-01 0.95899999999999999996
1  5.25e+01  0.1757718022  1.466988e-01 0.95899999999999999996
1  5.50e+01  0.1756257336  1.466988e-01 0.95899999999999999996
1  5.75e+01  0.1756997957  1.466988e-01 0.95899999999999999996
1  6.03e+01  0.1758811013  1.466988e-01 0.95899999999999999996
1  6.31e+01  0.1757699392  1.466988e-01 0.95899999999999999996
1  6.61e+01  0.1756988958  1.466988e-01 0.95899999999999999996
1  6.92e+01  0.175714892  1.466988e-01 0.95899999999999999996
1  7.24e+01  0.1760182019  1.466988e-01 0.95899999999999999996
1  7.59e+01  0.1758421855  1.466988e-01 0.95899999999999999996
1  7.94e+01  0.1758985519  1.466988e-01 0.95899999999999999996
1  8.32e+01  0.1757131303  1.466988e-01 0.95899999999999999996
1  8.71e+01  0.1755935442  1.466988e-01 0.95899999999999999996
1  9.12e+01  0.1758379066  1.466988e-01 0.95899999999999999996
1  9.55e+01  0.175626472  1.466988e-01 0.95899999999999999996
1  1.00e+02  0.1757729488  1.466988e-01 0.95899999999999999996
1  1.05e+02  0.1757177612  1.466988e-01 0.95899999999999999996
1  1.10e+02  0.1760226949  1.466988e-01 0.95899999999999999996
1  1.15e+02  0.1760132831  1.466988e-01 0.95899999999999999996
1  1.20e+02  0.1759014367  1.466988e-01 0.95899999999999999996
1  1.26e+02  0.1755662494  1.466988e-01 0.95899999999999999996
1  1.32e+02  0.175971197  1.466988e-01 0.95899999999999999996
1  1.38e+02  0.175712264  1.466988e-01 0.95899999999999999996
1  1.45e+02  0.1761703998  1.466988e-01 0.95899999999999999996
1  1.51e+02  0.1757238183  1.466988e-01 0.95899999999999999996
1  1.58e+02  0.1760967101  1.466988e-01 0.95899999999999999996
1  1.66e+02  0.1756022698  1.466988e-01 0.95899999999999999996
1  1.74e+02  0.1762536602  1.466988e-01 0.95899999999999999996
1  1.82e+02  0.1760760434  1.466988e-01 0.95899999999999999996
1  1.91e+02  0.1758154702  1.466988e-01 0.95899999999999999996
1  2.00e+02  0.1758149101  1.466988e-01 0.95899999999999999996
1  2.09e+02  0.1759965976  1.466988e-01 0.95899999999999999996
1  2.19e+02  0.1763108572  1.466988e-01 0.95899999999999999996
1  2.29e+02  0.1757221611  1.466988e-01 0.95899999999999999996
1  2.40e+02  0.1759293489  1.466988e-01 0.95899999999999999996
1  2.51e+02  0.1759734707  1.466988e-01 0.95899999999999999996
1  2.63e+02  0.1756732129  1.466988e-01 0.95899999999999999996
1  2.75e+02  0.1765519501  1.466988e-01 0.95899999999999999996
1  2.88e+02  0.1757495776  1.466988e-01 0.95899999999999999996
1  3.02e+02  0.1756658929  1.466988e-01 0.95899999999999999996
1  3.16e+02  0.1761090411  1.466988e-01 0.95899999999999999996
1  3.31e+02  0.1763845451  1.466988e-01 0.95899999999999999996
1  3.47e+02  0.1767087763  1.466988e-01 0.95899999999999999996
1  3.63e+02  0.1767976987  1.466988e-01 0.95899999999999999996
1  3.80e+02  0.1764002928  1.466988e-01 0.95899999999999999996
1  3.98e+02  0.1765088146  1.466988e-01 0.95899999999999999996
1  4.17e+02  0.175966031  1.466988e-01 0.95899999999999999996
1  4.37e+02  0.1763399193  1.466988e-01 0.95899999999999999996
1  4.57e+02  0.1769430857  1.466988e-01 0.95899999999999999996
1  4.79e+02  0.176608096  1.466988e-01 0.95899999999999999996
1  5.01e+02  0.1762694421  1.466988e-01 0.95899999999999999996
1  5.25e+02  0.1773529378  1.466988e-01 0.95899999999999999996
1  5.50e+02  0.1759052687  1.466988e-01 0.95899999999999999996
1  5.75e+02  0.1770930499  1.466988e-01 0.95899999999999999996
1  6.03e+02  0.1770131195  1.466988e-01 0.95899999999999999996
1  6.31e+02  0.1757594876  1.466988e-01 0.95899999999999999996
1  6.61e+02  0.1779583214  1.466988e-01 0.95899999999999999996
1  6.92e+02  0.1771081003  1.466988e-01 0.95899999999999999996
1  7.24e+02  0.177213616  1.466988e-01 0.95899999999999999996
1  7.59e+02  0.1781124693  1.466988e-01 0.95899999999999999996
1  7.94e+02  0.1764915576  1.466988e-01 0.95899999999999999996
1  8.32e+02  0.1757558416  1.466988e-01 0.95899999999999999996
1  8.71e+02  0.1758409146  1.466988e-01 0.95899999999999999996
1  9.12e+02  0.1766606162  1.466988e-01 0.95899999999999999996
1  9.55e+02  0.1780553455  1.466988e-01 0.95899999999999999996
1  1.00e+03  0.1771068425  1.466988e-01 0.95899999999999999996
1  1.05e+03  0.1750209294  1.466988e-01 0.95899999999999999996
1  1.10e+03  0.1773062  1.466988e-01 0.95899999999999999996
1  1.15e+03  0.1825104711  1.466988e-01 0.95899999999999999996
1  1.20e+03  0.1793375645  1.466988e-01 0.95899999999999999996
1  1.26e+03  0.1743155331  1.466988e-01 0.95899999999999999996
1  1.32e+03  0.1738120325  1.466988e-01 0.95899999999999999996
1  1.38e+03  0.1773056608  1.466988e-01 0.95899999999999999996
1  1.45e+03  0.1707953114  1.466988e-01 0.95899999999999999996
1  1.51e+03  0.1919869943  1.466988e-01 0.95899999999999999996
1  1.58e+03  0.1868480881  1.466988e-01 0.95899999999999999996
1  1.66e+03  0.1796898568  1.466988e-01 0.95899999999999999996
1  1.74e+03  0.179743958  1.466988e-01 0.95899999999999999996
1  1.82e+03  0.1852695217  1.466988e-01 0.95899999999999999996
1  1.91e+03  0.1584950885  1.466988e-01 0.95899999999999999996
1  2.00e+03  0.1738321733  1.466988e-01 0.95899999999999999996
1  2.09e+03  0.1492348012  1.466988e-01 0.95899999999999999996
1  2.19e+03  0.1513348906  1.466988e-01 0.95899999999999999996
1  2.29e+03  0.1636872637  1.466988e-01 0.95899999999999999996
1  2.40e+03  0.1640492507  1.466988e-01 0.95899999999999999996
1  2.51e+03  0.1810300427  1.466988e-01 0.95899999999999999996
1  2.63e+03  0.2516930673  1.466988e-01 0.95899999999999999996
1  2.75e+03  0.1811600839  1.466988e-01 0.95899999999999999996
1  2.88e+03  0.265108029  1.466988e-01 0.95899999999999999996
1  3.02e+03  0.1974979579  1.466988e-01 0.95899999999999999996
1  3.16e+03  0.1573617615  1.466988e-01 0.95899999999999999996
1  3.31e+03  0.1554265016  1.466988e-01 0.95899999999999999996
1  3.47e+03  0.137368298  1.466988e-01 0.95899999999999999996
1  3.63e+03  0.1211690176  1.466988e-01 0.95899999999999999996
1  3.80e+03  0.1650090889  1.466988e-01 0.95899999999999999996
1  3.98e+03  0.19295296  1.466988e-01 0.95899999999999999996
1  4.17e+03  0.09339412135  1.466988e-01 0.95899999999999999996
1  4.37e+03  0.1785427687  1.466988e-01 0.95899999999999999996
1  4.57e+03  0.08725236211  1.466988e-01 0.95899999999999999996
1  4.79e+03  0.1556204142  1.466988e-01 0.95899999999999999996
1  5.01e+03  0.1709119125  1.466988e-01 0.95899999999999999996
1  5.25e+03  0.1134321971  1.466988e-01 0.95899999999999999996
1  5.50e+03  0.09317196199  1.466988e-01 0.95899999999999999996
1  5.75e+03  0.0844525845  1.466988e-01 0.95899999999999999996
1  6.03e+03  0.09790369467  1.466988e-01 0.95899999999999999996
1  6.31e+03  0.1212196973  1.466988e-01 0.95899999999999999996
1  6.61e+03  0.2238619168  1.466988e-01 0.95899999999999999996
1  6.92e+03  0.2801904881  1.466988e-01 0.95899999999999999996
1  7.24e+03  0.1191061493  1.466988e-01 0.95899999999999999996
1  7.59e+03  0.2329120344  1.466988e-01 0.95899999999999999996
1  7.94e+03  0.2603501852  1.466988e-01 0.95899999999999999996
1  8.32e+03  0.1883680745  1.466988e-01 0.95899999999999999996
1  8.71e+03  0.2661911985  1.466988e-01 0.95899999999999999996
1  9.12e+03  0.2848632135  1.466988e-01 0.95899999999999999996
1  9.55e+03  0.1090929775  1.466988e-01 0.95899999999999999996
1  1.00e+04  0.3420222279  1.466988e-01 0.95899999999999999996
1  1.05e+04  0.3740235441  1.466988e-01 0.95899999999999999996
1  1.10e+04  0.1959586544  1.466988e-01 0.95899999999999999996
1  1.15e+04  0.1168918074  1.466988e-01 0.95899999999999999996
1  1.20e+04  0.1856067775  1.466988e-01 0.95899999999999999996
1  1.26e+04  0.2662507027  1.466988e-01 0.95899999999999999996
1  1.32e+04  0.2788625543  1.466988e-01 0.95899999999999999996
1  1.38e+04  0.3235640747  1.466988e-01 0.95899999999999999996
1  1.45e+04  0.266983861  1.466988e-01 0.95899999999999999996
1  1.51e+04  0.2411876463  1.466988e-01 0.95899999999999999996
1  1.58e+04  0.1882349569  1.466988e-01 0.95899999999999999996
1  1.66e+04  0.1485075617  1.466988e-01 0.95899999999999999996
1  1.74e+04  0.3659252068  1.466988e-01 0.95899999999999999996
1  1.82e+04  0.4293495688  1.466988e-01 0.95899999999999999996
1  1.91e+04  0.4345869151  1.466988e-01 0.95899999999999999996
1  2.00e+04  0.1984722703  1.466988e-01 0.95899999999999999996
1  2.09e+04  0.2774526258  1.466988e-01 0.95899999999999999996
1  2.19e+04  0.5122697585  1.466988e-01 0.95899999999999999996
1  2.29e+04  0.2323429352  1.466988e-01 0.95899999999999999996
1  2.40e+04  0.3457075324  1.466988e-01 0.95899999999999999996
1  2.51e+04  0.4922878997  1.466988e-01 0.95899999999999999996
1  2.63e+04  0.1804652145  1.466988e-01 0.95899999999999999996
1  2.75e+04  0.5330985887  1.466988e-01 0.95899999999999999996
1  2.88e+04  0.2099365986  1.466988e-01 0.95899999999999999996
1  3.02e+04  0.4522850477  1.466988e-01 0.95899999999999999996
1  3.16e+04  0.2935730734  1.466988e-01 0.95899999999999999996
1  3.31e+04  0.4524025419  1.466988e-01 0.95899999999999999996
1  3.47e+04  0.2180718857  1.466988e-01 0.95899999999999999996
1  3.63e+04  0.5415013326  1.466988e-01 0.95899999999999999996
1  3.80e+04  0.1958133514  1.466988e-01 0.95899999999999999996
1  3.98e+04  0.5280775081  1.466988e-01 0.95899999999999999996
1  4.17e+04  0.2376557235  1.466988e-01 0.95899999999999999996
1  4.37e+04  0.3664533435  1.466988e-01 0.95899999999999999996
1  4.57e+04  0.4740384131  1.466988e-01 0.95899999999999999996
1  4.79e+04  0.2045424004  1.466988e-01 0.95899999999999999996
1  5.01e+04  0.3526558378  1.466988e-01 0.95899999999999999996
1  5.25e+04  0.50639232  1.466988e-01 0.95899999999999999996
1  5.50e+04  0.2135925292  1.466988e-01 0.95899999999999999996
1  5.75e+04  0.3565062229  1.466988e-01 0.95899999999999999996
1  6.03e+04  0.5208277259  1.466988e-01 0.95899999999999999996
1  6.31e+04  0.2342725324  1.466988e-01 0.95899999999999999996
1  6.61e+04  0.2565099584  1.466988e-01 0.95899999999999999996
1  6.92e+04  0.4724260322  1.466988e-01 0.95899999999999999996
1  7.24e+04  0.3797994641  1.466988e-01 0.95899999999999999996
1  7.59e+04  0.201724413  1.466988e-01 0.95899999999999999996
1  7.94e+04  0.2185555816  1.466988e-01 0.95899999999999999996
1  8.32e+04  0.34783612  1.466988e-01 0.95899999999999999996
1  8.71e+04  0.4083242565  1.466988e-01 0.95899999999999999996
1  9.12e+04  0.3274852971  1.466988e-01 0.95899999999999999996
1  9.55e+04  0.2028129338  1.466988e-01 0.95899999999999999996
1  1.00e+05  0.1970605232  1.466988e-01 0.95899999999999999996
1  1.05e+05  0.3274260712  1.466988e-01 0.95899999999999999996
1  1.10e+05  0.4374971359  1.466988e-01 0.95899999999999999996
1  1.15e+05  0.4004741266  1.466988e-01 0.95899999999999999996
1  1.20e+05  0.2665711918  1.466988e-01 0.95899999999999999996
1  1.26e+05  0.183329474  1.466988e-01 0.95899999999999999996
1  1.32e+05  0.2269134784  1.466988e-01 0.95899999999999999996
1  1.38e+05  0.3429730419  1.466988e-01 0.95899999999999999996
1  1.45e+05  0.4234663784  1.466988e-01 0.95899999999999999996
1  1.51e+05  0.4085627209  1.466988e-01 0.95899999999999999996
1  1.58e+05  0.3203686153  1.466988e-01 0.95899999999999999996
1  1.66e+05  0.2257049073  1.466988e-01 0.95899999999999999996
1  1.74e+05  0.1800601483  1.466988e-01 0.95899999999999999996
1  1.82e+05  0.1972268176  1.466988e-01 0.95899999999999999996
1  1.91e+05  0.2538760957  1.466988e-01 0.95899999999999999996
1  2.00e+05  0.3129392631  1.466988e-01 0.95899999999999999996
1  2.09e+05  0.3457477018  1.466988e-01 0.95899999999999999996
1  2.19e+05  0.3422397983  1.466988e-01 0.95899999999999999996
1  2.29e+05  0.3092326865  1.466988e-01 0.95899999999999999996
1  2.40e+05  0.2623806231  1.466988e-01 0.95899999999999999996
1  2.51e+05  0.2177236791  1.466988e-01 0.95899999999999999996
1  2.63e+05  0.1862524941  1.466988e-01 0.95899999999999999996
1  2.75e+05  0.1721977412  1.466988e-01 0.95899999999999999996
1  2.88e+05  0.1740701419  1.466988e-01 0.95899999999999999996
1  3.02e+05  0.1869715458  1.466988e-01 0.95899999999999999996
1  3.16e+05  0.2049566763  1.466988e-01 0.95899999999999999996
1  3.31e+05  0.2227633381  1.466988e-01 0.95899999999999999996
1  3.47e+05  0.2367202203  1.466988e-01 0.95899999999999999996
1  3.63e+05  0.2449516194  1.466988e-01 0.95899999999999999996
1  3.80e+05  0.2471252336  1.466988e-01 0.95899999999999999996
1  3.98e+05  0.2439892852  1.466988e-01 0.95899999999999999996
1  4.17e+05  0.2368830065  1.466988e-01 0.95899999999999999996
1  4.37e+05  0.2273278673  1.466988e-01 0.95899999999999999996
1  4.57e+05  0.2167422978  1.466988e-01 0.95899999999999999996
1  4.79e+05  0.2062794057  1.466988e-01 0.95899999999999999996
1  5.01e+05  0.1967644646  1.466988e-01 0.95899999999999999996
1  5.25e+05  0.1887014649  1.466988e-01 0.95899999999999999996
1  5.50e+05  0.182319797  1.466988e-01 0.95899999999999999996
1  5.75e+05  0.1776382624  1.466988e-01 0.95899999999999999996
1  6.03e+05  0.1745308059  1.466988e-01 0.95899999999999999996
1  6.31e+05  0.1727848079  1.466988e-01 0.95899999999999999996
1  6.61e+05  0.1721824391  1.466988e-01 0.95899999999999999996
1  6.92e+05  0.1724716651  1.466988e-01 0.95899999999999999996
1  7.24e+05  0.1733412642  1.466988e-01 0.95899999999999999996
1  7.59e+05  0.1745982968  1.466988e-01 0.95899999999999999996
1  7.94e+05  0.1760682564  1.466988e-01 0.95899999999999999996
1  8.32e+05  0.177613344  1.466988e-01 0.95899999999999999996
1  8.71e+05  0.1791301851  1.466988e-01 0.95899999999999999996
1  9.12e+05  0.1805457347  1.466988e-01 0.95899999999999999996
1  9.55e+05  0.1818123894  1.466988e-01 0.95899999999999999996
1  1.00e+06  0.1829029903  1.466988e-01 0.95899999999999999996
1  1.05e+06  0.1838061455  1.466988e-01 0.95899999999999999996
1  1.10e+06  0.1845221039  1.466988e-01 0.95899999999999999996
1  1.15e+06  0.1850592773  1.466988e-01 0.95899999999999999996
1  1.20e+06  0.1854314195  1.466988e-01 0.95899999999999999996
1  1.26e+06  0.1856554162  1.466988e-01 0.95899999999999999996
1  1.32e+06  0.1857496136  1.466988e-01 0.95899999999999999996
1  1.38e+06  0.1857326011  1.466988e-01 0.95899999999999999996
1  1.45e+06  0.1856223638  1.466988e-01 0.95899999999999999996
1  1.51e+06  0.1854357279  1.466988e-01 0.95899999999999999996
1  1.58e+06  0.1851852144  1.466988e-01 0.95899999999999999996
1  1.66e+06  0.1848903856  1.466988e-01 0.95899999999999999996
1  1.74e+06  0.184560143  1.466988e-01 0.95899999999999999996
1  1.82e+06  0.184204819  1.466988e-01 0.95899999999999999996
1  1.91e+06  0.1838331831  1.466988e-01 0.95899999999999999996
1  2.00e+06  0.1834525685  1.466988e-01 0.95899999999999999996
1  2.09e+06  0.1830690154  1.466988e-01 0.95899999999999999996
1  2.19e+06  0.1826874198  1.466988e-01 0.95899999999999999996
1  2.29e+06  0.1823116792  1.466988e-01 0.95899999999999999996
1  2.40e+06  0.1819448318  1.466988e-01 0.95899999999999999996
1  2.51e+06  0.1815891841  1.466988e-01 0.95899999999999999996
1  2.63e+06  0.1812464269  1.466988e-01 0.95899999999999999996
1  2.75e+06  0.1809177382  1.466988e-01 0.95899999999999999996
1  2.88e+06  0.1806038741  1.466988e-01 0.95899999999999999996
1  3.02e+06  0.180305247  1.466988e-01 0.95899999999999999996
1  3.16e+06  0.180021277  1.466988e-01 0.95899999999999999996
1  3.31e+06  0.1797533761  1.466988e-01 0.95899999999999999996
1  3.47e+06  0.1795005076  1.466988e-01 0.95899999999999999996
1  3.63e+06  0.1792622888  1.466988e-01 0.95899999999999999996
1  3.80e+06  0.1790382407  1.466988e-01 0.95899999999999999996
1  3.98e+06  0.1788278154  1.466988e-01 0.95899999999999999996
1  4.17e+06  0.1786304183  1.466988e-01 0.95899999999999999996
1  4.37e+06  0.1784454267  1.466988e-01 0.95899999999999999996
1  4.57e+06  0.1782722041  1.466988e-01 0.95899999999999999996
1  4.79e+06  0.1781101115  1.466988e-01 0.95899999999999999996
1  5.01e+06  0.1779585165  1.466988e-01 0.95899999999999999996
1  5.25e+06  0.1778167999  1.466988e-01 0.95899999999999999996
1  5.50e+06  0.177684361  1.466988e-01 0.95899999999999999996
1  5.75e+06  0.1775606212  1.466988e-01 0.95899999999999999996
1  6.03e+06  0.1774450263  1.466988e-01 0.95899999999999999996
1  6.31e+06  0.1773368655  1.466988e-01 0.95899999999999999996
1  6.61e+06  0.1772360196  1.466988e-01 0.95899999999999999996
1  6.92e+06  0.1771418149  1.466988e-01 0.95899999999999999996
1  7.24e+06  0.1770538052  1.466988e-01 0.95899999999999999996
1  7.59e+06  0.176971571  1.466988e-01 0.95899999999999999996
1  7.94e+06  0.1768947188  1.466988e-01 0.95899999999999999996
1  8.32e+06  0.1768228803  1.466988e-01 0.95899999999999999996
1  8.71e+06  0.1767557111  1.466988e-01 0.95899999999999999996
1  9.12e+06  0.1766928899  1.466988e-01 0.95899999999999999996
1  9.55e+06  0.1766341168  1.466988e-01 0.95899999999999999996
1  1.00e+07  0.1765791129  1.466988e-01 0.95899999999999999996
