1  1.00e-03  0.1762686867  1.615369e-01 1.05599999999999999997
1  1.05e-03  0.1762686849  1.615369e-01 1.05599999999999999997
1  1.10e-03  0.1762686856  1.615369e-01 1.05599999999999999997
1  1.15e-03  0.1762686876  1.615369e-01 1.05599999999999999997
1  1.20e-03  0.1762686865  1.615369e-01 1.05599999999999999997
1  1.26e-03  0.1762686869  1.615369e-01 1.05599999999999999997
1  1.32e-03  0.1762686848  1.615369e-01 1.05599999999999999997
1  1.38e-03  0.1762686839  1.615369e-01 1.05599999999999999997
1  1.45e-03  0.1762686875  1.615369e-01 1.05599999999999999997
1  1.51e-03  0.1762686844  1.615369e-01 1.05599999999999999997
1  1.58e-03  0.176268683  1.615369e-01 1.05599999999999999997
1  1.66e-03  0.1762686883  1.615369e-01 1.05599999999999999997
1  1.74e-03  0.1762686889  1.615369e-01 1.05599999999999999997
1  1.82e-03  0.1762686895  1.615369e-01 1.05599999999999999997
1  1.91e-03  0.1762686827  1.615369e-01 1.05599999999999999997
1  2.00e-03  0.1762686831  1.615369e-01 1.05599999999999999997
1  2.09e-03  0.1762686863  1.615369e-01 1.05599999999999999997
1  2.19e-03  0.1762686867  1.615369e-01 1.05599999999999999997
1  2.29e-03  0.1762686852  1.615369e-01 1.05599999999999999997
1  2.40e-03  0.1762686923  1.615369e-01 1.05599999999999999997
1  2.51e-03  0.1762686878  1.615369e-01 1.05599999999999999997
1  2.63e-03  0.176268699  1.615369e-01 1.05599999999999999997
1  2.75e-03  0.1762686917  1.615369e-01 1.05599999999999999997
1  2.88e-03  0.1762686878  1.615369e-01 1.05599999999999999997
1  3.02e-03  0.1762686929  1.615369e-01 1.05599999999999999997
1  3.16e-03  0.1762686892  1.615369e-01 1.05599999999999999997
1  3.31e-03  0.1762686891  1.615369e-01 1.05599999999999999997
1  3.47e-03  0.1762686812  1.615369e-01 1.05599999999999999997
1  3.63e-03  0.1762686793  1.615369e-01 1.05599999999999999997
1  3.80e-03  0.1762686831  1.615369e-01 1.05599999999999999997
1  3.98e-03  0.1762686928  1.615369e-01 1.05599999999999999997
1  4.17e-03  0.1762686782  1.615369e-01 1.05599999999999999997
1  4.37e-03  0.1762686926  1.615369e-01 1.05599999999999999997
1  4.57e-03  0.1762686909  1.615369e-01 1.05599999999999999997
1  4.79e-03  0.1762686812  1.615369e-01 1.05599999999999999997
1  5.01e-03  0.1762686952  1.615369e-01 1.05599999999999999997
1  5.25e-03  0.1762686933  1.615369e-01 1.05599999999999999997
1  5.50e-03  0.1762686772  1.615369e-01 1.05599999999999999997
1  5.75e-03  0.1762686856  1.615369e-01 1.05599999999999999997
1  6.03e-03  0.1762686971  1.615369e-01 1.05599999999999999997
1  6.31e-03  0.176268688  1.615369e-01 1.05599999999999999997
1  6.61e-03  0.1762686976  1.615369e-01 1.05599999999999999997
1  6.92e-03  0.1762686838  1.615369e-01 1.05599999999999999997
1  7.24e-03  0.1762686758  1.615369e-01 1.05599999999999999997
1  7.59e-03  0.1762686972  1.615369e-01 1.05599999999999999997
1  7.94e-03  0.1762686883  1.615369e-01 1.05599999999999999997
1  8.32e-03  0.1762686807  1.615369e-01 1.05599999999999999997
1  8.71e-03  0.1762686892  1.615369e-01 1.05599999999999999997
1  9.12e-03  0.1762686715  1.615369e-01 1.05599999999999999997
1  9.55e-03  0.1762687055  1.615369e-01 1.05599999999999999997
1  1.00e-02  0.1762686967  1.615369e-01 1.05599999999999999997
1  1.05e-02  0.1762686724  1.615369e-01 1.05599999999999999997
1  1.10e-02  0.1762686695  1.615369e-01 1.05599999999999999997
1  1.15e-02  0.1762686913  1.615369e-01 1.05599999999999999997
1  1.20e-02  0.1762686978  1.615369e-01 1.05599999999999999997
1  1.26e-02  0.1762686944  1.615369e-01 1.05599999999999999997
1  1.32e-02  0.1762686848  1.615369e-01 1.05599999999999999997
1  1.38e-02  0.1762687058  1.615369e-01 1.05599999999999999997
1  1.45e-02  0.1762686947  1.615369e-01 1.05599999999999999997
1  1.51e-02  0.1762686817  1.615369e-01 1.05599999999999999997
1  1.58e-02  0.1762687019  1.615369e-01 1.05599999999999999997
1  1.66e-02  0.1762687057  1.615369e-01 1.05599999999999999997
1  1.74e-02  0.176268672  1.615369e-01 1.05599999999999999997
1  1.82e-02  0.1762687258  1.615369e-01 1.05599999999999999997
1  1.91e-02  0.1762686788  1.615369e-01 1.05599999999999999997
1  2.00e-02  0.1762686988  1.615369e-01 1.05599999999999999997
1  2.09e-02  0.1762685967  1.615369e-01 1.05599999999999999997
1  2.19e-02  0.1762687446  1.615369e-01 1.05599999999999999997
1  2.29e-02  0.1762687447  1.615369e-01 1.05599999999999999997
1  2.40e-02  0.1762686751  1.615369e-01 1.05599999999999999997
1  2.51e-02  0.1762685651  1.615369e-01 1.05599999999999999997
1  2.63e-02  0.1762684261  1.615369e-01 1.05599999999999999997
1  2.75e-02  0.1762687612  1.615369e-01 1.05599999999999999997
1  2.88e-02  0.1762687838  1.615369e-01 1.05599999999999999997
1  3.02e-02  0.1762687817  1.615369e-01 1.05599999999999999997
1  3.16e-02  0.1762694495  1.615369e-01 1.05599999999999999997
1  3.31e-02  0.176260798  1.615369e-01 1.05599999999999999997
1  3.47e-02  0.1762688021  1.615369e-01 1.05599999999999999997
1  3.63e-02  0.1762545529  1.615369e-01 1.05599999999999999997
1  3.80e-02  0.17626869  1.615369e-01 1.05599999999999999997
1  3.98e-02  0.1762658471  1.615369e-01 1.05599999999999999997
1  4.17e-02  0.17626846  1.615369e-01 1.05599999999999999997
1  4.37e-02  0.1762685916  1.615369e-01 1.05599999999999999997
1  4.57e-02  0.1762685562  1.615369e-01 1.05599999999999999997
1  4.79e-02  0.1762686427  1.615369e-01 1.05599999999999999997
1  5.01e-02  0.1762686316  1.615369e-01 1.05599999999999999997
1  5.25e-02  0.1762687404  1.615369e-01 1.05599999999999999997
1  5.50e-02  0.1762680227  1.615369e-01 1.05599999999999999997
1  5.75e-02  0.1762687628  1.615369e-01 1.05599999999999999997
1  6.03e-02  0.1762676244  1.615369e-01 1.05599999999999999997
1  6.31e-02  0.1762687338  1.615369e-01 1.05599999999999999997
1  6.61e-02  0.1762688403  1.615369e-01 1.05599999999999999997
1  6.92e-02  0.176268085  1.615369e-01 1.05599999999999999997
1  7.24e-02  0.1762684991  1.615369e-01 1.05599999999999999997
1  7.59e-02  0.1762685117  1.615369e-01 1.05599999999999999997
1  7.94e-02  0.1762652012  1.615369e-01 1.05599999999999999997
1  8.32e-02  0.1762679578  1.615369e-01 1.05599999999999999997
1  8.71e-02  0.1762684081  1.615369e-01 1.05599999999999999997
1  9.12e-02  0.1762685175  1.615369e-01 1.05599999999999999997
1  9.55e-02  0.1762684504  1.615369e-01 1.05599999999999999997
1  1.00e-01  0.1762685318  1.615369e-01 1.05599999999999999997
1  1.05e-01  0.1762685706  1.615369e-01 1.05599999999999999997
1  1.10e-01  0.1762684774  1.615369e-01 1.05599999999999999997
1  1.15e-01  0.1762688853  1.615369e-01 1.05599999999999999997
1  1.20e-01  0.1762687389  1.615369e-01 1.05599999999999999997
1  1.26e-01  0.1762685997  1.615369e-01 1.05599999999999999997
1  1.32e-01  0.1762689077  1.615369e-01 1.05599999999999999997
1  1.38e-01  0.176268537  1.615369e-01 1.05599999999999999997
1  1.45e-01  0.1762687983  1.615369e-01 1.05599999999999999997
1  1.51e-01  0.1762687396  1.615369e-01 1.05599999999999999997
1  1.58e-01  0.1762690346  1.615369e-01 1.05599999999999999997
1  1.66e-01  0.1762687058  1.615369e-01 1.05599999999999999997
1  1.74e-01  0.1762684938  1.615369e-01 1.05599999999999999997
1  1.82e-01  0.1762686609  1.615369e-01 1.05599999999999999997
1  1.91e-01  0.1762688089  1.615369e-01 1.05599999999999999997
1  2.00e-01  0.1762688556  1.615369e-01 1.05599999999999999997
1  2.09e-01  0.1762689637  1.615369e-01 1.05599999999999999997
1  2.19e-01  0.1762688165  1.615369e-01 1.05599999999999999997
1  2.29e-01  0.1762686657  1.615369e-01 1.05599999999999999997
1  2.40e-01  0.176268672  1.615369e-01 1.05599999999999999997
1  2.51e-01  0.1762693261  1.615369e-01 1.05599999999999999997
1  2.63e-01  0.1762687842  1.615369e-01 1.05599999999999999997
1  2.75e-01  0.1762681958  1.615369e-01 1.05599999999999999997
1  2.88e-01  0.1762691881  1.615369e-01 1.05599999999999999997
1  3.02e-01  0.1762693205  1.615369e-01 1.05599999999999999997
1  3.16e-01  0.1762692769  1.615369e-01 1.05599999999999999997
1  3.31e-01  0.1762684404  1.615369e-01 1.05599999999999999997
1  3.47e-01  0.1762690957  1.615369e-01 1.05599999999999999997
1  3.63e-01  0.1762684649  1.615369e-01 1.05599999999999999997
1  3.80e-01  0.1762695288  1.615369e-01 1.05599999999999999997
1  3.98e-01  0.1762696326  1.615369e-01 1.05599999999999999997
1  4.17e-01  0.1762688809  1.615369e-01 1.05599999999999999997
1  4.37e-01  0.1762693245  1.615369e-01 1.05599999999999999997
1  4.57e-01  0.1762686875  1.615369e-01 1.05599999999999999997
1  4.79e-01  0.1762698524  1.615369e-01 1.05599999999999999997
1  5.01e-01  0.1762691474  1.615369e-01 1.05599999999999999997
1  5.25e-01  0.1762694272  1.615369e-01 1.05599999999999999997
1  5.50e-01  0.1762693182  1.615369e-01 1.05599999999999999997
1  5.75e-01  0.1762703509  1.615369e-01 1.05599999999999999997
1  6.03e-01  0.1762703468  1.615369e-01 1.05599999999999999997
1  6.31e-01  0.1762681235  1.615369e-01 1.05599999999999999997
1  6.61e-01  0.1762680842  1.615369e-01 1.05599999999999999997
1  6.92e-01  0.1762691491  1.615369e-01 1.05599999999999999997
1  7.24e-01  0.1762685805  1.615369e-01 1.05599999999999999997
1  7.59e-01  0.1762698015  1.615369e-01 1.05599999999999999997
1  7.94e-01  0.1762683552  1.615369e-01 1.05599999999999999997
1  8.32e-01  0.1762710453  1.615369e-01 1.05599999999999999997
1  8.71e-01  0.1762690079  1.615369e-01 1.05599999999999999997
1  9.12e-01  0.1762686783  1.615369e-01 1.05599999999999999997
1  9.55e-01  0.1762708854  1.615369e-01 1.05599999999999999997
1  1.00e+00  0.1762935202  1.615369e-01 1.05599999999999999997
1  1.05e+00  0.1762712314  1.615369e-01 1.05599999999999999997
1  1.10e+00  0.1762686952  1.615369e-01 1.05599999999999999997
1  1.15e+00  0.1762690843  1.615369e-01 1.05599999999999999997
1  1.20e+00  0.1762679963  1.615369e-01 1.05599999999999999997
1  1.26e+00  0.1762685377  1.615369e-01 1.05599999999999999997
1  1.32e+00  0.1762726153  1.615369e-01 1.05599999999999999997
1  1.38e+00  0.1762698899  1.615369e-01 1.05599999999999999997
1  1.45e+00  0.17626981  1.615369e-01 1.05599999999999999997
1  1.51e+00  0.1762687008  1.615369e-01 1.05599999999999999997
1  1.58e+00  0.1762719658  1.615369e-01 1.05599999999999999997
1  1.66e+00  0.1762736055  1.615369e-01 1.05599999999999999997
1  1.74e+00  0.1762712342  1.615369e-01 1.05599999999999999997
1  1.82e+00  0.1762740799  1.615369e-01 1.05599999999999999997
1  1.91e+00  0.1762739144  1.615369e-01 1.05599999999999999997
1  2.00e+00  0.1762697411  1.615369e-01 1.05599999999999999997
1  2.09e+00  0.1762728862  1.615369e-01 1.05599999999999999997
1  2.19e+00  0.1762692142  1.615369e-01 1.05599999999999999997
1  2.29e+00  0.1762707658  1.615369e-01 1.05599999999999999997
1  2.40e+00  0.176240159  1.615369e-01 1.05599999999999999997
1  2.51e+00  0.1762750543  1.615369e-01 1.05599999999999999997
1  2.63e+00  0.1762762677  1.615369e-01 1.05599999999999999997
1  2.75e+00  0.1762897008  1.615369e-01 1.05599999999999999997
1  2.88e+00  0.1762777057  1.615369e-01 1.05599999999999999997
1  3.02e+00  0.1762725152  1.615369e-01 1.05599999999999999997
1  3.16e+00  0.1762885458  1.615369e-01 1.05599999999999999997
1  3.31e+00  0.1762779218  1.615369e-01 1.05599999999999999997
1  3.47e+00  0.1762717038  1.615369e-01 1.05599999999999999997
1  3.63e+00  0.176280611  1.615369e-01 1.05599999999999999997
1  3.80e+00  0.1762723305  1.615369e-01 1.05599999999999999997
1  3.98e+00  0.1763010076  1.615369e-01 1.05599999999999999997
1  4.17e+00  0.1762796149  1.615369e-01 1.05599999999999999997
1  4.37e+00  0.1762704922  1.615369e-01 1.05599999999999999997
1  4.57e+00  0.1762715888  1.615369e-01 1.05599999999999999997
1  4.79e+00  0.176271631  1.615369e-01 1.05599999999999999997
1  5.01e+00  0.1762833317  1.615369e-01 1.05599999999999999997
1  5.25e+00  0.1762746129  1.615369e-01 1.05599999999999999997
1  5.50e+00  0.1762829303  1.615369e-01 1.05599999999999999997
1  5.75e+00  0.1762847243  1.615369e-01 1.05599999999999999997
1  6.03e+00  0.1762724335  1.615369e-01 1.05599999999999999997
1  6.31e+00  0.1762879203  1.615369e-01 1.05599999999999999997
1  6.61e+00  0.1762370182  1.615369e-01 1.05599999999999999997
1  6.92e+00  0.1762787735  1.615369e-01 1.05599999999999999997
1  7.24e+00  0.1762728095  1.615369e-01 1.05599999999999999997
1  7.59e+00  0.1762617552  1.615369e-01 1.05599999999999999997
1  7.94e+00  0.176312058  1.615369e-01 1.05599999999999999997
1  8.32e+00  0.1762911591  1.615369e-01 1.05599999999999999997
1  8.71e+00  0.1763209529  1.615369e-01 1.05599999999999999997
1  9.12e+00  0.1762716283  1.615369e-01 1.05599999999999999997
1  9.55e+00  0.1762432853  1.615369e-01 1.05599999999999999997
1  1.00e+01  0.176272993  1.615369e-01 1.05599999999999999997
1  1.05e+01  0.17629913  1.615369e-01 1.05599999999999999997
1  1.10e+01  0.1762698375  1.615369e-01 1.05599999999999999997
1  1.15e+01  0.1762723435  1.615369e-01 1.05599999999999999997
1  1.20e+01  0.176273707  1.615369e-01 1.05599999999999999997
1  1.26e+01  0.1763108443  1.615369e-01 1.05599999999999999997
1  1.32e+01  0.1762829315  1.615369e-01 1.05599999999999999997
1  1.38e+01  0.1762700016  1.615369e-01 1.05599999999999999997
1  1.45e+01  0.1762764052  1.615369e-01 1.05599999999999999997
1  1.51e+01  0.1762741325  1.615369e-01 1.05599999999999999997
1  1.58e+01  0.1762870319  1.615369e-01 1.05599999999999999997
1  1.66e+01  0.1763179781  1.615369e-01 1.05599999999999999997
1  1.74e+01  0.1762896218  1.615369e-01 1.05599999999999999997
1  1.82e+01  0.1763033585  1.615369e-01 1.05599999999999999997
1  1.91e+01  0.1763093971  1.615369e-01 1.05599999999999999997
1  2.00e+01  0.176271641  1.615369e-01 1.05599999999999999997
1  2.09e+01  0.1764481179  1.615369e-01 1.05599999999999999997
1  2.19e+01  0.1765000234  1.615369e-01 1.05599999999999999997
1  2.29e+01  0.1763017764  1.615369e-01 1.05599999999999999997
1  2.40e+01  0.1761728171  1.615369e-01 1.05599999999999999997
1  2.51e+01  0.1764058546  1.615369e-01 1.05599999999999999997
1  2.63e+01  0.1763048525  1.615369e-01 1.05599999999999999997
1  2.75e+01  0.1762358749  1.615369e-01 1.05599999999999999997
1  2.88e+01  0.1762167564  1.615369e-01 1.05599999999999999997
1  3.02e+01  0.1763176937  1.615369e-01 1.05599999999999999997
1  3.16e+01  0.1762468567  1.615369e-01 1.05599999999999999997
1  3.31e+01  0.1762824032  1.615369e-01 1.05599999999999999997
1  3.47e+01  0.1763655925  1.615369e-01 1.05599999999999999997
1  3.63e+01  0.176183341  1.615369e-01 1.05599999999999999997
1  3.80e+01  0.1763599968  1.615369e-01 1.05599999999999999997
1  3.98e+01  0.1763014751  1.615369e-01 1.05599999999999999997
1  4.17e+01  0.1763350806  1.615369e-01 1.05599999999999999997
1  4.37e+01  0.1764275977  1.615369e-01 1.05599999999999999997
1  4.57e+01  0.176525617  1.615369e-01 1.05599999999999999997
1  4.79e+01  0.1763070173  1.615369e-01 1.05599999999999999997
1  5.01e+01  0.1764765747  1.615369e-01 1.05599999999999999997
1  5.25e+01  0.1763968822  1.615369e-01 1.05599999999999999997
1  5.50e+01  0.1761560027  1.615369e-01 1.05599999999999999997
1  5.75e+01  0.176340843  1.615369e-01 1.05599999999999999997
1  6.03e+01  0.1763748128  1.615369e-01 1.05599999999999999997
1  6.31e+01  0.1762658434  1.615369e-01 1.05599999999999999997
1  6.61e+01  0.1763105885  1.615369e-01 1.05599999999999999997
1  6.92e+01  0.1765849728  1.615369e-01 1.05599999999999999997
1  7.24e+01  0.1761895041  1.615369e-01 1.05599999999999999997
1  7.59e+01  0.1763508663  1.615369e-01 1.05599999999999999997
1  7.94e+01  0.1762171461  1.615369e-01 1.05599999999999999997
1  8.32e+01  0.176463424  1.615369e-01 1.05599999999999999997
1  8.71e+01  0.1764945789  1.615369e-01 1.05599999999999999997
1  9.12e+01  0.176233203  1.615369e-01 1.05599999999999999997
1  9.55e+01  0.1764380637  1.615369e-01 1.05599999999999999997
1  1.00e+02  0.1764056568  1.615369e-01 1.05599999999999999997
1  1.05e+02  0.1763930587  1.615369e-01 1.05599999999999999997
1  1.10e+02  0.1765154282  1.615369e-01 1.05599999999999999997
1  1.15e+02  0.1766332419  1.615369e-01 1.05599999999999999997
1  1.20e+02  0.1764413734  1.615369e-01 1.05599999999999999997
1  1.26e+02  0.1765295063  1.615369e-01 1.05599999999999999997
1  1.32e+02  0.1766833961  1.615369e-01 1.05599999999999999997
1  1.38e+02  0.1767004898  1.615369e-01 1.05599999999999999997
1  1.45e+02  0.1765085683  1.615369e-01 1.05599999999999999997
1  1.51e+02  0.1763735703  1.615369e-01 1.05599999999999999997
1  1.58e+02  0.1766461958  1.615369e-01 1.05599999999999999997
1  1.66e+02  0.1764491587  1.615369e-01 1.05599999999999999997
1  1.74e+02  0.1762724443  1.615369e-01 1.05599999999999999997
1  1.82e+02  0.176281971  1.615369e-01 1.05599999999999999997
1  1.91e+02  0.1763102038  1.615369e-01 1.05599999999999999997
1  2.00e+02  0.1764155938  1.615369e-01 1.05599999999999999997
1  2.09e+02  0.1769578876  1.615369e-01 1.05599999999999999997
1  2.19e+02  0.1762863985  1.615369e-01 1.05599999999999999997
1  2.29e+02  0.1768176185  1.615369e-01 1.05599999999999999997
1  2.40e+02  0.1769834772  1.615369e-01 1.05599999999999999997
1  2.51e+02  0.1767631338  1.615369e-01 1.05599999999999999997
1  2.63e+02  0.1762761575  1.615369e-01 1.05599999999999999997
1  2.75e+02  0.1770309163  1.615369e-01 1.05599999999999999997
1  2.88e+02  0.1772043226  1.615369e-01 1.05599999999999999997
1  3.02e+02  0.1771012208  1.615369e-01 1.05599999999999999997
1  3.16e+02  0.1762723406  1.615369e-01 1.05599999999999999997
1  3.31e+02  0.1773384229  1.615369e-01 1.05599999999999999997
1  3.47e+02  0.1774360499  1.615369e-01 1.05599999999999999997
1  3.63e+02  0.1774157242  1.615369e-01 1.05599999999999999997
1  3.80e+02  0.1762962993  1.615369e-01 1.05599999999999999997
1  3.98e+02  0.1772530686  1.615369e-01 1.05599999999999999997
1  4.17e+02  0.1773334707  1.615369e-01 1.05599999999999999997
1  4.37e+02  0.1763873686  1.615369e-01 1.05599999999999999997
1  4.57e+02  0.1776054897  1.615369e-01 1.05599999999999999997
1  4.79e+02  0.1767284243  1.615369e-01 1.05599999999999999997
1  5.01e+02  0.1770783238  1.615369e-01 1.05599999999999999997
1  5.25e+02  0.1778948466  1.615369e-01 1.05599999999999999997
1  5.50e+02  0.1765122257  1.615369e-01 1.05599999999999999997
1  5.75e+02  0.1761504524  1.615369e-01 1.05599999999999999997
1  6.03e+02  0.1765037266  1.615369e-01 1.05599999999999999997
1  6.31e+02  0.1783337737  1.615369e-01 1.05599999999999999997
1  6.61e+02  0.1765249175  1.615369e-01 1.05599999999999999997
1  6.92e+02  0.1762312741  1.615369e-01 1.05599999999999999997
1  7.24e+02  0.1764199809  1.615369e-01 1.05599999999999999997
1  7.59e+02  0.1790233691  1.615369e-01 1.05599999999999999997
1  7.94e+02  0.1766656317  1.615369e-01 1.05599999999999999997
1  8.32e+02  0.176279409  1.615369e-01 1.05599999999999999997
1  8.71e+02  0.176252544  1.615369e-01 1.05599999999999999997
1  9.12e+02  0.1794272636  1.615369e-01 1.05599999999999999997
1  9.55e+02  0.1764091957  1.615369e-01 1.05599999999999999997
1  1.00e+03  0.1770517586  1.615369e-01 1.05599999999999999997
1  1.05e+03  0.1778981031  1.615369e-01 1.05599999999999999997
1  1.10e+03  0.1803965607  1.615369e-01 1.05599999999999999997
1  1.15e+03  0.1771351496  1.615369e-01 1.05599999999999999997
1  1.20e+03  0.1789731332  1.615369e-01 1.05599999999999999997
1  1.26e+03  0.1783436199  1.615369e-01 1.05599999999999999997
1  1.32e+03  0.1725403185  1.615369e-01 1.05599999999999999997
1  1.38e+03  0.1744726882  1.615369e-01 1.05599999999999999997
1  1.45e+03  0.1794501571  1.615369e-01 1.05599999999999999997
1  1.51e+03  0.1875972104  1.615369e-01 1.05599999999999999997
1  1.58e+03  0.1780982599  1.615369e-01 1.05599999999999999997
1  1.66e+03  0.1756178763  1.615369e-01 1.05599999999999999997
1  1.74e+03  0.1756789843  1.615369e-01 1.05599999999999999997
1  1.82e+03  0.1858416667  1.615369e-01 1.05599999999999999997
1  1.91e+03  0.1579469542  1.615369e-01 1.05599999999999999997
1  2.00e+03  0.1758992879  1.615369e-01 1.05599999999999999997
1  2.09e+03  0.1558078267  1.615369e-01 1.05599999999999999997
1  2.19e+03  0.1478848434  1.615369e-01 1.05599999999999999997
1  2.29e+03  0.1530742413  1.615369e-01 1.05599999999999999997
1  2.40e+03  0.1694421605  1.615369e-01 1.05599999999999999997
1  2.51e+03  0.2280961998  1.615369e-01 1.05599999999999999997
1  2.63e+03  0.2218502164  1.615369e-01 1.05599999999999999997
1  2.75e+03  0.2084418327  1.615369e-01 1.05599999999999999997
1  2.88e+03  0.2046801469  1.615369e-01 1.05599999999999999997
1  3.02e+03  0.2666439612  1.615369e-01 1.05599999999999999997
1  3.16e+03  0.2419868521  1.615369e-01 1.05599999999999999997
1  3.31e+03  0.2139520739  1.615369e-01 1.05599999999999999997
1  3.47e+03  0.2142907931  1.615369e-01 1.05599999999999999997
1  3.63e+03  0.2262267353  1.615369e-01 1.05599999999999999997
1  3.80e+03  0.1666805735  1.615369e-01 1.05599999999999999997
1  3.98e+03  0.09810900991  1.615369e-01 1.05599999999999999997
1  4.17e+03  0.1892653673  1.615369e-01 1.05599999999999999997
1  4.37e+03  0.08637028385  1.615369e-01 1.05599999999999999997
1  4.57e+03  0.1734528092  1.615369e-01 1.05599999999999999997
1  4.79e+03  0.1222383422  1.615369e-01 1.05599999999999999997
1  5.01e+03  0.08469363798  1.615369e-01 1.05599999999999999997
1  5.25e+03  0.132947272  1.615369e-01 1.05599999999999999997
1  5.50e+03  0.1694731087  1.615369e-01 1.05599999999999999997
1  5.75e+03  0.1985281931  1.615369e-01 1.05599999999999999997
1  6.03e+03  0.1844316677  1.615369e-01 1.05599999999999999997
1  6.31e+03  0.1326438037  1.615369e-01 1.05599999999999999997
1  6.61e+03  0.08544133239  1.615369e-01 1.05599999999999999997
1  6.92e+03  0.1947222056  1.615369e-01 1.05599999999999999997
1  7.24e+03  0.3011433038  1.615369e-01 1.05599999999999999997
1  7.59e+03  0.08823194594  1.615369e-01 1.05599999999999999997
1  7.94e+03  0.3273051305  1.615369e-01 1.05599999999999999997
1  8.32e+03  0.1160049926  1.615369e-01 1.05599999999999999997
1  8.71e+03  0.3658608782  1.615369e-01 1.05599999999999999997
1  9.12e+03  0.09310680667  1.615369e-01 1.05599999999999999997
1  9.55e+03  0.3051805123  1.615369e-01 1.05599999999999999997
1  1.00e+04  0.355517371  1.615369e-01 1.05599999999999999997
1  1.05e+04  0.1777431097  1.615369e-01 1.05599999999999999997
1  1.10e+04  0.1201151743  1.615369e-01 1.05599999999999999997
1  1.15e+04  0.2406529952  1.615369e-01 1.05599999999999999997
1  1.20e+04  0.3414092329  1.615369e-01 1.05599999999999999997
1  1.26e+04  0.4190888106  1.615369e-01 1.05599999999999999997
1  1.32e+04  0.4041796255  1.615369e-01 1.05599999999999999997
1  1.38e+04  0.4453428346  1.615369e-01 1.05599999999999999997
1  1.45e+04  0.3917485277  1.615369e-01 1.05599999999999999997
1  1.51e+04  0.4149574015  1.615369e-01 1.05599999999999999997
1  1.58e+04  0.2584981122  1.615369e-01 1.05599999999999999997
1  1.66e+04  0.1879519191  1.615369e-01 1.05599999999999999997
1  1.74e+04  0.1702959413  1.615369e-01 1.05599999999999999997
1  1.82e+04  0.2909532715  1.615369e-01 1.05599999999999999997
1  1.91e+04  0.478169414  1.615369e-01 1.05599999999999999997
1  2.00e+04  0.2751321205  1.615369e-01 1.05599999999999999997
1  2.09e+04  0.1561847535  1.615369e-01 1.05599999999999999997
1  2.19e+04  0.3907144293  1.615369e-01 1.05599999999999999997
1  2.29e+04  0.3630037686  1.615369e-01 1.05599999999999999997
1  2.40e+04  0.1984658364  1.615369e-01 1.05599999999999999997
1  2.51e+04  0.4573769739  1.615369e-01 1.05599999999999999997
1  2.63e+04  0.2460839125  1.615369e-01 1.05599999999999999997
1  2.75e+04  0.4382251955  1.615369e-01 1.05599999999999999997
1  2.88e+04  0.2857710618  1.615369e-01 1.05599999999999999997
1  3.02e+04  0.30529488  1.615369e-01 1.05599999999999999997
1  3.16e+04  0.4200855335  1.615369e-01 1.05599999999999999997
1  3.31e+04  0.3109534483  1.615369e-01 1.05599999999999999997
1  3.47e+04  0.3044466177  1.615369e-01 1.05599999999999999997
1  3.63e+04  0.4887689127  1.615369e-01 1.05599999999999999997
1  3.80e+04  0.198135498  1.615369e-01 1.05599999999999999997
1  3.98e+04  0.5255184762  1.615369e-01 1.05599999999999999997
1  4.17e+04  0.1698322023  1.615369e-01 1.05599999999999999997
1  4.37e+04  0.4694581316  1.615369e-01 1.05599999999999999997
1  4.57e+04  0.4038041625  1.615369e-01 1.05599999999999999997
1  4.79e+04  0.1841111049  1.615369e-01 1.05599999999999999997
1  5.01e+04  0.4404088959  1.615369e-01 1.05599999999999999997
1  5.25e+04  0.4605756101  1.615369e-01 1.05599999999999999997
1  5.50e+04  0.1818878132  1.615369e-01 1.05599999999999999997
1  5.75e+04  0.4340596931  1.615369e-01 1.05599999999999999997
1  6.03e+04  0.4825863525  1.615369e-01 1.05599999999999999997
1  6.31e+04  0.1888767242  1.615369e-01 1.05599999999999999997
1  6.61e+04  0.3255224771  1.615369e-01 1.05599999999999999997
1  6.92e+04  0.5097531559  1.615369e-01 1.05599999999999999997
1  7.24e+04  0.3390919843  1.615369e-01 1.05599999999999999997
1  7.59e+04  0.1808715828  1.615369e-01 1.05599999999999999997
1  7.94e+04  0.2560745505  1.615369e-01 1.05599999999999999997
1  8.32e+04  0.3990455511  1.615369e-01 1.05599999999999999997
1  8.71e+04  0.4242763732  1.615369e-01 1.05599999999999999997
1  9.12e+04  0.3059802296  1.615369e-01 1.05599999999999999997
1  9.55e+04  0.1856348624  1.615369e-01 1.05599999999999999997
1  1.00e+05  0.21913686  1.615369e-01 1.05599999999999999997
1  1.05e+05  0.375448948  1.615369e-01 1.05599999999999999997
1  1.10e+05  0.4695843937  1.615369e-01 1.05599999999999999997
1  1.15e+05  0.3965383756  1.615369e-01 1.05599999999999999997
1  1.20e+05  0.246625803  1.615369e-01 1.05599999999999999997
1  1.26e+05  0.1808189367  1.615369e-01 1.05599999999999999997
1  1.32e+05  0.2549538757  1.615369e-01 1.05599999999999999997
1  1.38e+05  0.3870842019  1.615369e-01 1.05599999999999999997
1  1.45e+05  0.4591021884  1.615369e-01 1.05599999999999999997
1  1.51e+05  0.4215518358  1.615369e-01 1.05599999999999999997
1  1.58e+05  0.3141094848  1.615369e-01 1.05599999999999999997
1  1.66e+05  0.2146539842  1.615369e-01 1.05599999999999999997
1  1.74e+05  0.1784838293  1.615369e-01 1.05599999999999999997
1  1.82e+05  0.2115799192  1.615369e-01 1.05599999999999999997
1  1.91e+05  0.2816680451  1.615369e-01 1.05599999999999999997
1  2.00e+05  0.3462596091  1.615369e-01 1.05599999999999999997
1  2.09e+05  0.3760364511  1.615369e-01 1.05599999999999999997
1  2.19e+05  0.3637393722  1.615369e-01 1.05599999999999999997
1  2.29e+05  0.3202204188  1.615369e-01 1.05599999999999999997
1  2.40e+05  0.2645699575  1.615369e-01 1.05599999999999999997
1  2.51e+05  0.2147537464  1.615369e-01 1.05599999999999999997
1  2.63e+05  0.1821157623  1.615369e-01 1.05599999999999999997
1  2.75e+05  0.1701109139  1.615369e-01 1.05599999999999999997
1  2.88e+05  0.1759379266  1.615369e-01 1.05599999999999999997
1  3.02e+05  0.1933551052  1.615369e-01 1.05599999999999999997
1  3.16e+05  0.2153577867  1.615369e-01 1.05599999999999999997
1  3.31e+05  0.2360347363  1.615369e-01 1.05599999999999999997
1  3.47e+05  0.2514629432  1.615369e-01 1.05599999999999999997
1  3.63e+05  0.259822389  1.615369e-01 1.05599999999999999997
1  3.80e+05  0.2610289746  1.615369e-01 1.05599999999999999997
1  3.98e+05  0.2561657627  1.615369e-01 1.05599999999999999997
1  4.17e+05  0.2469131528  1.615369e-01 1.05599999999999999997
1  4.37e+05  0.2350892887  1.615369e-01 1.05599999999999999997
1  4.57e+05  0.2223399476  1.615369e-01 1.05599999999999999997
1  4.79e+05  0.2099707351  1.615369e-01 1.05599999999999999997
1  5.01e+05  0.1988912986  1.615369e-01 1.05599999999999999997
1  5.25e+05  0.1896348818  1.615369e-01 1.05599999999999999997
1  5.50e+05  0.1824199408  1.615369e-01 1.05599999999999999997
1  5.75e+05  0.1772282709  1.615369e-01 1.05599999999999999997
1  6.03e+05  0.1738825892  1.615369e-01 1.05599999999999999997
1  6.31e+05  0.1721138881  1.615369e-01 1.05599999999999999997
1  6.61e+05  0.1716505046  1.615369e-01 1.05599999999999999997
1  6.92e+05  0.172190607  1.615369e-01 1.05599999999999999997
1  7.24e+05  0.1733922366  1.615369e-01 1.05599999999999999997
1  7.59e+05  0.1749973256  1.615369e-01 1.05599999999999999997
1  7.94e+05  0.1768209434  1.615369e-01 1.05599999999999999997
1  8.32e+05  0.1787056599  1.615369e-01 1.05599999999999999997
1  8.71e+05  0.1805346473  1.615369e-01 1.05599999999999999997
1  9.12e+05  0.1822264889  1.615369e-01 1.05599999999999999997
1  9.55e+05  0.1837292203  1.615369e-01 1.05599999999999999997
1  1.00e+06  0.1850068795  1.615369e-01 1.05599999999999999997
1  1.05e+06  0.186064597  1.615369e-01 1.05599999999999999997
1  1.10e+06  0.186896765  1.615369e-01 1.05599999999999999997
1  1.15e+06  0.1875151265  1.615369e-01 1.05599999999999999997
1  1.20e+06  0.187937284  1.615369e-01 1.05599999999999999997
1  1.26e+06  0.1881841699  1.615369e-01 1.05599999999999999997
1  1.32e+06  0.1882781462  1.615369e-01 1.05599999999999999997
1  1.38e+06  0.1882416314  1.615369e-01 1.05599999999999999997
1  1.45e+06  0.1880961547  1.615369e-01 1.05599999999999999997
1  1.51e+06  0.1878617457  1.615369e-01 1.05599999999999999997
1  1.58e+06  0.1875565796  1.615369e-01 1.05599999999999999997
1  1.66e+06  0.1871968127  1.615369e-01 1.05599999999999999997
1  1.74e+06  0.1867965529  1.615369e-01 1.05599999999999999997
1  1.82e+06  0.186367923  1.615369e-01 1.05599999999999999997
1  1.91e+06  0.1859211835  1.615369e-01 1.05599999999999999997
1  2.00e+06  0.1854648914  1.615369e-01 1.05599999999999999997
1  2.09e+06  0.1850043888  1.615369e-01 1.05599999999999999997
1  2.19e+06  0.1845488754  1.615369e-01 1.05599999999999999997
1  2.29e+06  0.184101011  1.615369e-01 1.05599999999999999997
1  2.40e+06  0.1836642947  1.615369e-01 1.05599999999999999997
1  2.51e+06  0.1832413692  1.615369e-01 1.05599999999999999997
1  2.63e+06  0.182834158  1.615369e-01 1.05599999999999999997
1  2.75e+06  0.1824439866  1.615369e-01 1.05599999999999999997
1  2.88e+06  0.1820716896  1.615369e-01 1.05599999999999999997
1  3.02e+06  0.1817177026  1.615369e-01 1.05599999999999999997
1  3.16e+06  0.1813821413  1.615369e-01 1.05599999999999999997
1  3.31e+06  0.1810648688  1.615369e-01 1.05599999999999999997
1  3.47e+06  0.1807655519  1.615369e-01 1.05599999999999999997
1  3.63e+06  0.1804837085  1.615369e-01 1.05599999999999999997
1  3.80e+06  0.1802187464  1.615369e-01 1.05599999999999999997
1  3.98e+06  0.179969996  1.615369e-01 1.05599999999999999997
1  4.17e+06  0.1797363047  1.615369e-01 1.05599999999999999997
1  4.37e+06  0.1795178192  1.615369e-01 1.05599999999999999997
1  4.57e+06  0.1793133018  1.615369e-01 1.05599999999999999997
1  4.79e+06  0.1791219856  1.615369e-01 1.05599999999999999997
1  5.01e+06  0.1789431134  1.615369e-01 1.05599999999999999997
1  5.25e+06  0.178775945  1.615369e-01 1.05599999999999999997
1  5.50e+06  0.1786197636  1.615369e-01 1.05599999999999999997
1  5.75e+06  0.1784738791  1.615369e-01 1.05599999999999999997
1  6.03e+06  0.1783376317  1.615369e-01 1.05599999999999999997
1  6.31e+06  0.1782103932  1.615369e-01 1.05599999999999999997
1  6.61e+06  0.1780915683  1.615369e-01 1.05599999999999999997
1  6.92e+06  0.1779805942  1.615369e-01 1.05599999999999999997
1  7.24e+06  0.1778769411  1.615369e-01 1.05599999999999999997
1  7.59e+06  0.1777801113  1.615369e-01 1.05599999999999999997
1  7.94e+06  0.1776896378  1.615369e-01 1.05599999999999999997
1  8.32e+06  0.1776049743  1.615369e-01 1.05599999999999999997
1  8.71e+06  0.1775259416  1.615369e-01 1.05599999999999999997
1  9.12e+06  0.177452039  1.615369e-01 1.05599999999999999997
1  9.55e+06  0.1773829116  1.615369e-01 1.05599999999999999997
1  1.00e+07  0.1773182289  1.615369e-01 1.05599999999999999997
