1  1.00e-03  0.2764978126  1.534295e-01 1.00299999999999999995
1  1.05e-03  0.27649781  1.534295e-01 1.00299999999999999995
1  1.10e-03  0.2764978104  1.534295e-01 1.00299999999999999995
1  1.15e-03  0.2764978145  1.534295e-01 1.00299999999999999995
1  1.20e-03  0.2764978115  1.534295e-01 1.00299999999999999995
1  1.26e-03  0.2764978142  1.534295e-01 1.00299999999999999995
1  1.32e-03  0.2764978151  1.534295e-01 1.00299999999999999995
1  1.38e-03  0.2764978131  1.534295e-01 1.00299999999999999995
1  1.45e-03  0.2764978124  1.534295e-01 1.00299999999999999995
1  1.51e-03  0.2764978087  1.534295e-01 1.00299999999999999995
1  1.58e-03  0.2764978093  1.534295e-01 1.00299999999999999995
1  1.66e-03  0.2764978091  1.534295e-01 1.00299999999999999995
1  1.74e-03  0.2764978108  1.534295e-01 1.00299999999999999995
1  1.82e-03  0.2764978115  1.534295e-01 1.00299999999999999995
1  1.91e-03  0.2764978078  1.534295e-01 1.00299999999999999995
1  2.00e-03  0.2764978098  1.534295e-01 1.00299999999999999995
1  2.09e-03  0.2764978141  1.534295e-01 1.00299999999999999995
1  2.19e-03  0.2764978154  1.534295e-01 1.00299999999999999995
1  2.29e-03  0.2764978149  1.534295e-01 1.00299999999999999995
1  2.40e-03  0.276497815  1.534295e-01 1.00299999999999999995
1  2.51e-03  0.2764978142  1.534295e-01 1.00299999999999999995
1  2.63e-03  0.2764978121  1.534295e-01 1.00299999999999999995
1  2.75e-03  0.2764978114  1.534295e-01 1.00299999999999999995
1  2.88e-03  0.2764978159  1.534295e-01 1.00299999999999999995
1  3.02e-03  0.2764978168  1.534295e-01 1.00299999999999999995
1  3.16e-03  0.2764978144  1.534295e-01 1.00299999999999999995
1  3.31e-03  0.2764978172  1.534295e-01 1.00299999999999999995
1  3.47e-03  0.2764978144  1.534295e-01 1.00299999999999999995
1  3.63e-03  0.2764978116  1.534295e-01 1.00299999999999999995
1  3.80e-03  0.2764978134  1.534295e-01 1.00299999999999999995
1  3.98e-03  0.2764978114  1.534295e-01 1.00299999999999999995
1  4.17e-03  0.2764978183  1.534295e-01 1.00299999999999999995
1  4.37e-03  0.2764978131  1.534295e-01 1.00299999999999999995
1  4.57e-03  0.2764978127  1.534295e-01 1.00299999999999999995
1  4.79e-03  0.2764978125  1.534295e-01 1.00299999999999999995
1  5.01e-03  0.2764978128  1.534295e-01 1.00299999999999999995
1  5.25e-03  0.2764978152  1.534295e-01 1.00299999999999999995
1  5.50e-03  0.2764978133  1.534295e-01 1.00299999999999999995
1  5.75e-03  0.276497818  1.534295e-01 1.00299999999999999995
1  6.03e-03  0.2764978174  1.534295e-01 1.00299999999999999995
1  6.31e-03  0.2764978133  1.534295e-01 1.00299999999999999995
1  6.61e-03  0.2764978179  1.534295e-01 1.00299999999999999995
1  6.92e-03  0.2764978141  1.534295e-01 1.00299999999999999995
1  7.24e-03  0.276497816  1.534295e-01 1.00299999999999999995
1  7.59e-03  0.2764978187  1.534295e-01 1.00299999999999999995
1  7.94e-03  0.2764978133  1.534295e-01 1.00299999999999999995
1  8.32e-03  0.2764978148  1.534295e-01 1.00299999999999999995
1  8.71e-03  0.2764978129  1.534295e-01 1.00299999999999999995
1  9.12e-03  0.2764978146  1.534295e-01 1.00299999999999999995
1  9.55e-03  0.276497811  1.534295e-01 1.00299999999999999995
1  1.00e-02  0.2764978147  1.534295e-01 1.00299999999999999995
1  1.05e-02  0.2764978049  1.534295e-01 1.00299999999999999995
1  1.10e-02  0.2764978141  1.534295e-01 1.00299999999999999995
1  1.15e-02  0.2764978094  1.534295e-01 1.00299999999999999995
1  1.20e-02  0.2764978099  1.534295e-01 1.00299999999999999995
1  1.26e-02  0.2764978192  1.534295e-01 1.00299999999999999995
1  1.32e-02  0.2764978074  1.534295e-01 1.00299999999999999995
1  1.38e-02  0.2764978109  1.534295e-01 1.00299999999999999995
1  1.45e-02  0.2764978088  1.534295e-01 1.00299999999999999995
1  1.51e-02  0.2764978085  1.534295e-01 1.00299999999999999995
1  1.58e-02  0.276497811  1.534295e-01 1.00299999999999999995
1  1.66e-02  0.2764978184  1.534295e-01 1.00299999999999999995
1  1.74e-02  0.2764978084  1.534295e-01 1.00299999999999999995
1  1.82e-02  0.2764978178  1.534295e-01 1.00299999999999999995
1  1.91e-02  0.2764978168  1.534295e-01 1.00299999999999999995
1  2.00e-02  0.276497827  1.534295e-01 1.00299999999999999995
1  2.09e-02  0.2764978137  1.534295e-01 1.00299999999999999995
1  2.19e-02  0.2764978307  1.534295e-01 1.00299999999999999995
1  2.29e-02  0.2764978254  1.534295e-01 1.00299999999999999995
1  2.40e-02  0.2764978181  1.534295e-01 1.00299999999999999995
1  2.51e-02  0.2764977525  1.534295e-01 1.00299999999999999995
1  2.63e-02  0.2764887056  1.534295e-01 1.00299999999999999995
1  2.75e-02  0.2764977807  1.534295e-01 1.00299999999999999995
1  2.88e-02  0.2764978224  1.534295e-01 1.00299999999999999995
1  3.02e-02  0.2764978377  1.534295e-01 1.00299999999999999995
1  3.16e-02  0.2764978551  1.534295e-01 1.00299999999999999995
1  3.31e-02  0.2764978167  1.534295e-01 1.00299999999999999995
1  3.47e-02  0.2764978279  1.534295e-01 1.00299999999999999995
1  3.63e-02  0.2764977726  1.534295e-01 1.00299999999999999995
1  3.80e-02  0.2764978191  1.534295e-01 1.00299999999999999995
1  3.98e-02  0.2764977773  1.534295e-01 1.00299999999999999995
1  4.17e-02  0.2764976771  1.534295e-01 1.00299999999999999995
1  4.37e-02  0.2764977683  1.534295e-01 1.00299999999999999995
1  4.57e-02  0.2764977435  1.534295e-01 1.00299999999999999995
1  4.79e-02  0.2764977715  1.534295e-01 1.00299999999999999995
1  5.01e-02  0.2764977365  1.534295e-01 1.00299999999999999995
1  5.25e-02  0.2764978097  1.534295e-01 1.00299999999999999995
1  5.50e-02  0.2764977937  1.534295e-01 1.00299999999999999995
1  5.75e-02  0.2764978123  1.534295e-01 1.00299999999999999995
1  6.03e-02  0.2764978343  1.534295e-01 1.00299999999999999995
1  6.31e-02  0.27649779  1.534295e-01 1.00299999999999999995
1  6.61e-02  0.27649783  1.534295e-01 1.00299999999999999995
1  6.92e-02  0.276497832  1.534295e-01 1.00299999999999999995
1  7.24e-02  0.2764976027  1.534295e-01 1.00299999999999999995
1  7.59e-02  0.276497837  1.534295e-01 1.00299999999999999995
1  7.94e-02  0.2764978156  1.534295e-01 1.00299999999999999995
1  8.32e-02  0.2764976697  1.534295e-01 1.00299999999999999995
1  8.71e-02  0.2764977035  1.534295e-01 1.00299999999999999995
1  9.12e-02  0.2764977953  1.534295e-01 1.00299999999999999995
1  9.55e-02  0.2764977786  1.534295e-01 1.00299999999999999995
1  1.00e-01  0.2764977721  1.534295e-01 1.00299999999999999995
1  1.05e-01  0.2764977735  1.534295e-01 1.00299999999999999995
1  1.10e-01  0.2764977703  1.534295e-01 1.00299999999999999995
1  1.15e-01  0.2764978253  1.534295e-01 1.00299999999999999995
1  1.20e-01  0.2764978775  1.534295e-01 1.00299999999999999995
1  1.26e-01  0.2764977983  1.534295e-01 1.00299999999999999995
1  1.32e-01  0.2764978159  1.534295e-01 1.00299999999999999995
1  1.38e-01  0.2764977574  1.534295e-01 1.00299999999999999995
1  1.45e-01  0.2764978976  1.534295e-01 1.00299999999999999995
1  1.51e-01  0.2764978402  1.534295e-01 1.00299999999999999995
1  1.58e-01  0.2764979168  1.534295e-01 1.00299999999999999995
1  1.66e-01  0.2764979003  1.534295e-01 1.00299999999999999995
1  1.74e-01  0.2764978017  1.534295e-01 1.00299999999999999995
1  1.82e-01  0.2764978537  1.534295e-01 1.00299999999999999995
1  1.91e-01  0.2764978569  1.534295e-01 1.00299999999999999995
1  2.00e-01  0.2764978933  1.534295e-01 1.00299999999999999995
1  2.09e-01  0.2764978581  1.534295e-01 1.00299999999999999995
1  2.19e-01  0.2764978247  1.534295e-01 1.00299999999999999995
1  2.29e-01  0.2764978328  1.534295e-01 1.00299999999999999995
1  2.40e-01  0.2764978187  1.534295e-01 1.00299999999999999995
1  2.51e-01  0.2764979667  1.534295e-01 1.00299999999999999995
1  2.63e-01  0.2764978391  1.534295e-01 1.00299999999999999995
1  2.75e-01  0.2764978302  1.534295e-01 1.00299999999999999995
1  2.88e-01  0.2764979314  1.534295e-01 1.00299999999999999995
1  3.02e-01  0.2764979011  1.534295e-01 1.00299999999999999995
1  3.16e-01  0.2764978674  1.534295e-01 1.00299999999999999995
1  3.31e-01  0.2764977703  1.534295e-01 1.00299999999999999995
1  3.47e-01  0.2764982352  1.534295e-01 1.00299999999999999995
1  3.63e-01  0.2764977726  1.534295e-01 1.00299999999999999995
1  3.80e-01  0.2764979338  1.534295e-01 1.00299999999999999995
1  3.98e-01  0.2764979674  1.534295e-01 1.00299999999999999995
1  4.17e-01  0.2764979795  1.534295e-01 1.00299999999999999995
1  4.37e-01  0.2764978142  1.534295e-01 1.00299999999999999995
1  4.57e-01  0.2764978031  1.534295e-01 1.00299999999999999995
1  4.79e-01  0.2764979416  1.534295e-01 1.00299999999999999995
1  5.01e-01  0.276498905  1.534295e-01 1.00299999999999999995
1  5.25e-01  0.2764977228  1.534295e-01 1.00299999999999999995
1  5.50e-01  0.2764977891  1.534295e-01 1.00299999999999999995
1  5.75e-01  0.2764979803  1.534295e-01 1.00299999999999999995
1  6.03e-01  0.2764978345  1.534295e-01 1.00299999999999999995
1  6.31e-01  0.2764977572  1.534295e-01 1.00299999999999999995
1  6.61e-01  0.276498259  1.534295e-01 1.00299999999999999995
1  6.92e-01  0.2764997344  1.534295e-01 1.00299999999999999995
1  7.24e-01  0.2765003533  1.534295e-01 1.00299999999999999995
1  7.59e-01  0.2765009013  1.534295e-01 1.00299999999999999995
1  7.94e-01  0.2764981689  1.534295e-01 1.00299999999999999995
1  8.32e-01  0.2764978345  1.534295e-01 1.00299999999999999995
1  8.71e-01  0.2764984195  1.534295e-01 1.00299999999999999995
1  9.12e-01  0.276498363  1.534295e-01 1.00299999999999999995
1  9.55e-01  0.2764983098  1.534295e-01 1.00299999999999999995
1  1.00e+00  0.2764985136  1.534295e-01 1.00299999999999999995
1  1.05e+00  0.2764977692  1.534295e-01 1.00299999999999999995
1  1.10e+00  0.2764979285  1.534295e-01 1.00299999999999999995
1  1.15e+00  0.2764985887  1.534295e-01 1.00299999999999999995
1  1.20e+00  0.2764971323  1.534295e-01 1.00299999999999999995
1  1.26e+00  0.2764874397  1.534295e-01 1.00299999999999999995
1  1.32e+00  0.2764986057  1.534295e-01 1.00299999999999999995
1  1.38e+00  0.2764979232  1.534295e-01 1.00299999999999999995
1  1.45e+00  0.2764979698  1.534295e-01 1.00299999999999999995
1  1.51e+00  0.2764981256  1.534295e-01 1.00299999999999999995
1  1.58e+00  0.2764969705  1.534295e-01 1.00299999999999999995
1  1.66e+00  0.2764987223  1.534295e-01 1.00299999999999999995
1  1.74e+00  0.276498982  1.534295e-01 1.00299999999999999995
1  1.82e+00  0.2764978277  1.534295e-01 1.00299999999999999995
1  1.91e+00  0.2764979831  1.534295e-01 1.00299999999999999995
1  2.00e+00  0.2764989557  1.534295e-01 1.00299999999999999995
1  2.09e+00  0.2764974231  1.534295e-01 1.00299999999999999995
1  2.19e+00  0.2764976567  1.534295e-01 1.00299999999999999995
1  2.29e+00  0.2764994128  1.534295e-01 1.00299999999999999995
1  2.40e+00  0.276499264  1.534295e-01 1.00299999999999999995
1  2.51e+00  0.2764988862  1.534295e-01 1.00299999999999999995
1  2.63e+00  0.2764995446  1.534295e-01 1.00299999999999999995
1  2.75e+00  0.2764991053  1.534295e-01 1.00299999999999999995
1  2.88e+00  0.2764990189  1.534295e-01 1.00299999999999999995
1  3.02e+00  0.2764939303  1.534295e-01 1.00299999999999999995
1  3.16e+00  0.2764978496  1.534295e-01 1.00299999999999999995
1  3.31e+00  0.2764985235  1.534295e-01 1.00299999999999999995
1  3.47e+00  0.2765001165  1.534295e-01 1.00299999999999999995
1  3.63e+00  0.2764978814  1.534295e-01 1.00299999999999999995
1  3.80e+00  0.2764991877  1.534295e-01 1.00299999999999999995
1  3.98e+00  0.2765057459  1.534295e-01 1.00299999999999999995
1  4.17e+00  0.2764990101  1.534295e-01 1.00299999999999999995
1  4.37e+00  0.2764980452  1.534295e-01 1.00299999999999999995
1  4.57e+00  0.2764979725  1.534295e-01 1.00299999999999999995
1  4.79e+00  0.2764978172  1.534295e-01 1.00299999999999999995
1  5.01e+00  0.276497426  1.534295e-01 1.00299999999999999995
1  5.25e+00  0.2765006937  1.534295e-01 1.00299999999999999995
1  5.50e+00  0.276500936  1.534295e-01 1.00299999999999999995
1  5.75e+00  0.2765027343  1.534295e-01 1.00299999999999999995
1  6.03e+00  0.276504249  1.534295e-01 1.00299999999999999995
1  6.31e+00  0.2764989884  1.534295e-01 1.00299999999999999995
1  6.61e+00  0.2765014565  1.534295e-01 1.00299999999999999995
1  6.92e+00  0.276502703  1.534295e-01 1.00299999999999999995
1  7.24e+00  0.2765012158  1.534295e-01 1.00299999999999999995
1  7.59e+00  0.2765028179  1.534295e-01 1.00299999999999999995
1  7.94e+00  0.2765033577  1.534295e-01 1.00299999999999999995
1  8.32e+00  0.2764992527  1.534295e-01 1.00299999999999999995
1  8.71e+00  0.2764967314  1.534295e-01 1.00299999999999999995
1  9.12e+00  0.2764934684  1.534295e-01 1.00299999999999999995
1  9.55e+00  0.2765171461  1.534295e-01 1.00299999999999999995
1  1.00e+01  0.2765047228  1.534295e-01 1.00299999999999999995
1  1.05e+01  0.2765015709  1.534295e-01 1.00299999999999999995
1  1.10e+01  0.276500458  1.534295e-01 1.00299999999999999995
1  1.15e+01  0.2765028526  1.534295e-01 1.00299999999999999995
1  1.20e+01  0.2764986998  1.534295e-01 1.00299999999999999995
1  1.26e+01  0.2765062302  1.534295e-01 1.00299999999999999995
1  1.32e+01  0.2765040427  1.534295e-01 1.00299999999999999995
1  1.38e+01  0.2764996567  1.534295e-01 1.00299999999999999995
1  1.45e+01  0.2765124978  1.534295e-01 1.00299999999999999995
1  1.51e+01  0.2765073014  1.534295e-01 1.00299999999999999995
1  1.58e+01  0.2765016522  1.534295e-01 1.00299999999999999995
1  1.66e+01  0.2765133385  1.534295e-01 1.00299999999999999995
1  1.74e+01  0.2765007945  1.534295e-01 1.00299999999999999995
1  1.82e+01  0.2765116049  1.534295e-01 1.00299999999999999995
1  1.91e+01  0.2764981534  1.534295e-01 1.00299999999999999995
1  2.00e+01  0.2765226891  1.534295e-01 1.00299999999999999995
1  2.09e+01  0.2765912335  1.534295e-01 1.00299999999999999995
1  2.19e+01  0.2764953356  1.534295e-01 1.00299999999999999995
1  2.29e+01  0.2765129128  1.534295e-01 1.00299999999999999995
1  2.40e+01  0.2765004489  1.534295e-01 1.00299999999999999995
1  2.51e+01  0.2764615758  1.534295e-01 1.00299999999999999995
1  2.63e+01  0.2765221494  1.534295e-01 1.00299999999999999995
1  2.75e+01  0.2764282781  1.534295e-01 1.00299999999999999995
1  2.88e+01  0.2765517708  1.534295e-01 1.00299999999999999995
1  3.02e+01  0.2764826196  1.534295e-01 1.00299999999999999995
1  3.16e+01  0.2764659558  1.534295e-01 1.00299999999999999995
1  3.31e+01  0.2765033276  1.534295e-01 1.00299999999999999995
1  3.47e+01  0.2765120314  1.534295e-01 1.00299999999999999995
1  3.63e+01  0.2764989673  1.534295e-01 1.00299999999999999995
1  3.80e+01  0.2764849086  1.534295e-01 1.00299999999999999995
1  3.98e+01  0.2764887274  1.534295e-01 1.00299999999999999995
1  4.17e+01  0.2765887457  1.534295e-01 1.00299999999999999995
1  4.37e+01  0.276409472  1.534295e-01 1.00299999999999999995
1  4.57e+01  0.2764478341  1.534295e-01 1.00299999999999999995
1  4.79e+01  0.2765478104  1.534295e-01 1.00299999999999999995
1  5.01e+01  0.2765336669  1.534295e-01 1.00299999999999999995
1  5.25e+01  0.2764451204  1.534295e-01 1.00299999999999999995
1  5.50e+01  0.2764974081  1.534295e-01 1.00299999999999999995
1  5.75e+01  0.2764755948  1.534295e-01 1.00299999999999999995
1  6.03e+01  0.2764942657  1.534295e-01 1.00299999999999999995
1  6.31e+01  0.2764967088  1.534295e-01 1.00299999999999999995
1  6.61e+01  0.2764952014  1.534295e-01 1.00299999999999999995
1  6.92e+01  0.2764031064  1.534295e-01 1.00299999999999999995
1  7.24e+01  0.2764500346  1.534295e-01 1.00299999999999999995
1  7.59e+01  0.2765817485  1.534295e-01 1.00299999999999999995
1  7.94e+01  0.2765447176  1.534295e-01 1.00299999999999999995
1  8.32e+01  0.2765976238  1.534295e-01 1.00299999999999999995
1  8.71e+01  0.2764464659  1.534295e-01 1.00299999999999999995
1  9.12e+01  0.2765065156  1.534295e-01 1.00299999999999999995
1  9.55e+01  0.276474918  1.534295e-01 1.00299999999999999995
1  1.00e+02  0.2765132587  1.534295e-01 1.00299999999999999995
1  1.05e+02  0.2765243039  1.534295e-01 1.00299999999999999995
1  1.10e+02  0.2764757975  1.534295e-01 1.00299999999999999995
1  1.15e+02  0.2765175288  1.534295e-01 1.00299999999999999995
1  1.20e+02  0.2765628938  1.534295e-01 1.00299999999999999995
1  1.26e+02  0.276564567  1.534295e-01 1.00299999999999999995
1  1.32e+02  0.2765673684  1.534295e-01 1.00299999999999999995
1  1.38e+02  0.2765069874  1.534295e-01 1.00299999999999999995
1  1.45e+02  0.2766050352  1.534295e-01 1.00299999999999999995
1  1.51e+02  0.2764571687  1.534295e-01 1.00299999999999999995
1  1.58e+02  0.2765903006  1.534295e-01 1.00299999999999999995
1  1.66e+02  0.2764783487  1.534295e-01 1.00299999999999999995
1  1.74e+02  0.2765536737  1.534295e-01 1.00299999999999999995
1  1.82e+02  0.2766654971  1.534295e-01 1.00299999999999999995
1  1.91e+02  0.2766297403  1.534295e-01 1.00299999999999999995
1  2.00e+02  0.2766326124  1.534295e-01 1.00299999999999999995
1  2.09e+02  0.2765652972  1.534295e-01 1.00299999999999999995
1  2.19e+02  0.2765375288  1.534295e-01 1.00299999999999999995
1  2.29e+02  0.2765965807  1.534295e-01 1.00299999999999999995
1  2.40e+02  0.276682514  1.534295e-01 1.00299999999999999995
1  2.51e+02  0.2767114333  1.534295e-01 1.00299999999999999995
1  2.63e+02  0.276544007  1.534295e-01 1.00299999999999999995
1  2.75e+02  0.276666955  1.534295e-01 1.00299999999999999995
1  2.88e+02  0.276520409  1.534295e-01 1.00299999999999999995
1  3.02e+02  0.2764954904  1.534295e-01 1.00299999999999999995
1  3.16e+02  0.2767602754  1.534295e-01 1.00299999999999999995
1  3.31e+02  0.2765651747  1.534295e-01 1.00299999999999999995
1  3.47e+02  0.2767138301  1.534295e-01 1.00299999999999999995
1  3.63e+02  0.2766845028  1.534295e-01 1.00299999999999999995
1  3.80e+02  0.2765290122  1.534295e-01 1.00299999999999999995
1  3.98e+02  0.2766448986  1.534295e-01 1.00299999999999999995
1  4.17e+02  0.2768208827  1.534295e-01 1.00299999999999999995
1  4.37e+02  0.2766002045  1.534295e-01 1.00299999999999999995
1  4.57e+02  0.2766071641  1.534295e-01 1.00299999999999999995
1  4.79e+02  0.2765327428  1.534295e-01 1.00299999999999999995
1  5.01e+02  0.2765137907  1.534295e-01 1.00299999999999999995
1  5.25e+02  0.2766115542  1.534295e-01 1.00299999999999999995
1  5.50e+02  0.2767642472  1.534295e-01 1.00299999999999999995
1  5.75e+02  0.2769279354  1.534295e-01 1.00299999999999999995
1  6.03e+02  0.2769639432  1.534295e-01 1.00299999999999999995
1  6.31e+02  0.2765822977  1.534295e-01 1.00299999999999999995
1  6.61e+02  0.2769745342  1.534295e-01 1.00299999999999999995
1  6.92e+02  0.2767610534  1.534295e-01 1.00299999999999999995
1  7.24e+02  0.2768624454  1.534295e-01 1.00299999999999999995
1  7.59e+02  0.2770127294  1.534295e-01 1.00299999999999999995
1  7.94e+02  0.2768930558  1.534295e-01 1.00299999999999999995
1  8.32e+02  0.2765130663  1.534295e-01 1.00299999999999999995
1  8.71e+02  0.2765283981  1.534295e-01 1.00299999999999999995
1  9.12e+02  0.277269536  1.534295e-01 1.00299999999999999995
1  9.55e+02  0.2765562817  1.534295e-01 1.00299999999999999995
1  1.00e+03  0.2767965391  1.534295e-01 1.00299999999999999995
1  1.05e+03  0.276709607  1.534295e-01 1.00299999999999999995
1  1.10e+03  0.2777041988  1.534295e-01 1.00299999999999999995
1  1.15e+03  0.276526399  1.534295e-01 1.00299999999999999995
1  1.20e+03  0.2781641834  1.534295e-01 1.00299999999999999995
1  1.26e+03  0.2773692323  1.534295e-01 1.00299999999999999995
1  1.32e+03  0.276352056  1.534295e-01 1.00299999999999999995
1  1.38e+03  0.2750581651  1.534295e-01 1.00299999999999999995
1  1.45e+03  0.278273079  1.534295e-01 1.00299999999999999995
1  1.51e+03  0.2759443718  1.534295e-01 1.00299999999999999995
1  1.58e+03  0.2793665586  1.534295e-01 1.00299999999999999995
1  1.66e+03  0.2806773881  1.534295e-01 1.00299999999999999995
1  1.74e+03  0.2780349471  1.534295e-01 1.00299999999999999995
1  1.82e+03  0.2733789247  1.534295e-01 1.00299999999999999995
1  1.91e+03  0.2768676385  1.534295e-01 1.00299999999999999995
1  2.00e+03  0.2699493088  1.534295e-01 1.00299999999999999995
1  2.09e+03  0.2748219706  1.534295e-01 1.00299999999999999995
1  2.19e+03  0.2798468243  1.534295e-01 1.00299999999999999995
1  2.29e+03  0.2835200913  1.534295e-01 1.00299999999999999995
1  2.40e+03  0.2869203162  1.534295e-01 1.00299999999999999995
1  2.51e+03  0.2808033355  1.534295e-01 1.00299999999999999995
1  2.63e+03  0.2791805081  1.534295e-01 1.00299999999999999995
1  2.75e+03  0.2947193408  1.534295e-01 1.00299999999999999995
1  2.88e+03  0.2832519249  1.534295e-01 1.00299999999999999995
1  3.02e+03  0.2771706762  1.534295e-01 1.00299999999999999995
1  3.16e+03  0.2875905733  1.534295e-01 1.00299999999999999995
1  3.31e+03  0.2899735077  1.534295e-01 1.00299999999999999995
1  3.47e+03  0.2842548613  1.534295e-01 1.00299999999999999995
1  3.63e+03  0.2724323419  1.534295e-01 1.00299999999999999995
1  3.80e+03  0.2595754519  1.534295e-01 1.00299999999999999995
1  3.98e+03  0.2767482631  1.534295e-01 1.00299999999999999995
1  4.17e+03  0.2681167706  1.534295e-01 1.00299999999999999995
1  4.37e+03  0.2662583461  1.534295e-01 1.00299999999999999995
1  4.57e+03  0.2619023425  1.534295e-01 1.00299999999999999995
1  4.79e+03  0.2761652942  1.534295e-01 1.00299999999999999995
1  5.01e+03  0.2632796311  1.534295e-01 1.00299999999999999995
1  5.25e+03  0.255297797  1.534295e-01 1.00299999999999999995
1  5.50e+03  0.2576713772  1.534295e-01 1.00299999999999999995
1  5.75e+03  0.2623951896  1.534295e-01 1.00299999999999999995
1  6.03e+03  0.2581914949  1.534295e-01 1.00299999999999999995
1  6.31e+03  0.2547482399  1.534295e-01 1.00299999999999999995
1  6.61e+03  0.2666402175  1.534295e-01 1.00299999999999999995
1  6.92e+03  0.3066541044  1.534295e-01 1.00299999999999999995
1  7.24e+03  0.2811812427  1.534295e-01 1.00299999999999999995
1  7.59e+03  0.271268081  1.534295e-01 1.00299999999999999995
1  7.94e+03  0.3157456767  1.534295e-01 1.00299999999999999995
1  8.32e+03  0.2647428323  1.534295e-01 1.00299999999999999995
1  8.71e+03  0.3227582288  1.534295e-01 1.00299999999999999995
1  9.12e+03  0.2813263072  1.534295e-01 1.00299999999999999995
1  9.55e+03  0.2782074247  1.534295e-01 1.00299999999999999995
1  1.00e+04  0.325393237  1.534295e-01 1.00299999999999999995
1  1.05e+04  0.3205812559  1.534295e-01 1.00299999999999999995
1  1.10e+04  0.2669922864  1.534295e-01 1.00299999999999999995
1  1.15e+04  0.2702485142  1.534295e-01 1.00299999999999999995
1  1.20e+04  0.2901488268  1.534295e-01 1.00299999999999999995
1  1.26e+04  0.3266267044  1.534295e-01 1.00299999999999999995
1  1.32e+04  0.3164114354  1.534295e-01 1.00299999999999999995
1  1.38e+04  0.3441628086  1.534295e-01 1.00299999999999999995
1  1.45e+04  0.3123973964  1.534295e-01 1.00299999999999999995
1  1.51e+04  0.3176103187  1.534295e-01 1.00299999999999999995
1  1.58e+04  0.2818462387  1.534295e-01 1.00299999999999999995
1  1.66e+04  0.2670078014  1.534295e-01 1.00299999999999999995
1  1.74e+04  0.3312591967  1.534295e-01 1.00299999999999999995
1  1.82e+04  0.353280046  1.534295e-01 1.00299999999999999995
1  1.91e+04  0.3807768785  1.534295e-01 1.00299999999999999995
1  2.00e+04  0.2845235435  1.534295e-01 1.00299999999999999995
1  2.09e+04  0.3042600482  1.534295e-01 1.00299999999999999995
1  2.19e+04  0.3981795841  1.534295e-01 1.00299999999999999995
1  2.29e+04  0.3030473011  1.534295e-01 1.00299999999999999995
1  2.40e+04  0.3321550263  1.534295e-01 1.00299999999999999995
1  2.51e+04  0.3947506569  1.534295e-01 1.00299999999999999995
1  2.63e+04  0.2793384996  1.534295e-01 1.00299999999999999995
1  2.75e+04  0.414541766  1.534295e-01 1.00299999999999999995
1  2.88e+04  0.2886632868  1.534295e-01 1.00299999999999999995
1  3.02e+04  0.3758807311  1.534295e-01 1.00299999999999999995
1  3.16e+04  0.3288327061  1.534295e-01 1.00299999999999999995
1  3.31e+04  0.3810754722  1.534295e-01 1.00299999999999999995
1  3.47e+04  0.2941102087  1.534295e-01 1.00299999999999999995
1  3.63e+04  0.4216437417  1.534295e-01 1.00299999999999999995
1  3.80e+04  0.2819823473  1.534295e-01 1.00299999999999999995
1  3.98e+04  0.4153492531  1.534295e-01 1.00299999999999999995
1  4.17e+04  0.2982890894  1.534295e-01 1.00299999999999999995
1  4.37e+04  0.3561833388  1.534295e-01 1.00299999999999999995
1  4.57e+04  0.3982621205  1.534295e-01 1.00299999999999999995
1  4.79e+04  0.2864938672  1.534295e-01 1.00299999999999999995
1  5.01e+04  0.347560323  1.534295e-01 1.00299999999999999995
1  5.25e+04  0.412246168  1.534295e-01 1.00299999999999999995
1  5.50e+04  0.2913820181  1.534295e-01 1.00299999999999999995
1  5.75e+04  0.3465249073  1.534295e-01 1.00299999999999999995
1  6.03e+04  0.4179995355  1.534295e-01 1.00299999999999999995
1  6.31e+04  0.301445222  1.534295e-01 1.00299999999999999995
1  6.61e+04  0.3070717916  1.534295e-01 1.00299999999999999995
1  6.92e+04  0.3991159455  1.534295e-01 1.00299999999999999995
1  7.24e+04  0.364517115  1.534295e-01 1.00299999999999999995
1  7.59e+04  0.2881630934  1.534295e-01 1.00299999999999999995
1  7.94e+04  0.2915178493  1.534295e-01 1.00299999999999999995
1  8.32e+04  0.3459061494  1.534295e-01 1.00299999999999999995
1  8.71e+04  0.3750335966  1.534295e-01 1.00299999999999999995
1  9.12e+04  0.3441304958  1.534295e-01 1.00299999999999999995
1  9.55e+04  0.2897061323  1.534295e-01 1.00299999999999999995
1  1.00e+05  0.2816688154  1.534295e-01 1.00299999999999999995
1  1.05e+05  0.3341159173  1.534295e-01 1.00299999999999999995
1  1.10e+05  0.3847469183  1.534295e-01 1.00299999999999999995
1  1.15e+05  0.3754523188  1.534295e-01 1.00299999999999999995
1  1.20e+05  0.3202586085  1.534295e-01 1.00299999999999999995
1  1.26e+05  0.2802014273  1.534295e-01 1.00299999999999999995
1  1.32e+05  0.2926923296  1.534295e-01 1.00299999999999999995
1  1.38e+05  0.3404163093  1.534295e-01 1.00299999999999999995
1  1.45e+05  0.3785305319  1.534295e-01 1.00299999999999999995
1  1.51e+05  0.3780042616  1.534295e-01 1.00299999999999999995
1  1.58e+05  0.3438068671  1.534295e-01 1.00299999999999999995
1  1.66e+05  0.3024968721  1.534295e-01 1.00299999999999999995
1  1.74e+05  0.2789969543  1.534295e-01 1.00299999999999999995
1  1.82e+05  0.2820290475  1.534295e-01 1.00299999999999999995
1  1.91e+05  0.3040021844  1.534295e-01 1.00299999999999999995
1  2.00e+05  0.3298608931  1.534295e-01 1.00299999999999999995
1  2.09e+05  0.3466140965  1.534295e-01 1.00299999999999999995
1  2.19e+05  0.3484806596  1.534295e-01 1.00299999999999999995
1  2.29e+05  0.3369983804  1.534295e-01 1.00299999999999999995
1  2.40e+05  0.3180944733  1.534295e-01 1.00299999999999999995
1  2.51e+05  0.2985629241  1.534295e-01 1.00299999999999999995
1  2.63e+05  0.2835443773  1.534295e-01 1.00299999999999999995
1  2.75e+05  0.2754983126  1.534295e-01 1.00299999999999999995
1  2.88e+05  0.2743928115  1.534295e-01 1.00299999999999999995
1  3.02e+05  0.2785442013  1.534295e-01 1.00299999999999999995
1  3.16e+05  0.2855861782  1.534295e-01 1.00299999999999999995
1  3.31e+05  0.2932443096  1.534295e-01 1.00299999999999999995
1  3.47e+05  0.2997943647  1.534295e-01 1.00299999999999999995
1  3.63e+05  0.3042235269  1.534295e-01 1.00299999999999999995
1  3.80e+05  0.3061810053  1.534295e-01 1.00299999999999999995
1  3.98e+05  0.3058165984  1.534295e-01 1.00299999999999999995
1  4.17e+05  0.3035872091  1.534295e-01 1.00299999999999999995
1  4.37e+05  0.300082478  1.534295e-01 1.00299999999999999995
1  4.57e+05  0.295893964  1.534295e-01 1.00299999999999999995
1  4.79e+05  0.2915329447  1.534295e-01 1.00299999999999999995
1  5.01e+05  0.2873906393  1.534295e-01 1.00299999999999999995
1  5.25e+05  0.2837298824  1.534295e-01 1.00299999999999999995
1  5.50e+05  0.2806967867  1.534295e-01 1.00299999999999999995
1  5.75e+05  0.2783427075  1.534295e-01 1.00299999999999999995
1  6.03e+05  0.2766494317  1.534295e-01 1.00299999999999999995
1  6.31e+05  0.2755530766  1.534295e-01 1.00299999999999999995
1  6.61e+05  0.2749763905  1.534295e-01 1.00299999999999999995
1  6.92e+05  0.2748094371  1.534295e-01 1.00299999999999999995
1  7.24e+05  0.2749533466  1.534295e-01 1.00299999999999999995
1  7.59e+05  0.2753117357  1.534295e-01 1.00299999999999999995
1  7.94e+05  0.2758108272  1.534295e-01 1.00299999999999999995
1  8.32e+05  0.2763844535  1.534295e-01 1.00299999999999999995
1  8.71e+05  0.2769875125  1.534295e-01 1.00299999999999999995
1  9.12e+05  0.2775797391  1.534295e-01 1.00299999999999999995
1  9.55e+05  0.2781345015  1.534295e-01 1.00299999999999999995
1  1.00e+06  0.2786343237  1.534295e-01 1.00299999999999999995
1  1.05e+06  0.2790690797  1.534295e-01 1.00299999999999999995
1  1.10e+06  0.2794343223  1.534295e-01 1.00299999999999999995
1  1.15e+06  0.279729818  1.534295e-01 1.00299999999999999995
1  1.20e+06  0.2799583139  1.534295e-01 1.00299999999999999995
1  1.26e+06  0.2801245365  1.534295e-01 1.00299999999999999995
1  1.32e+06  0.2802344044  1.534295e-01 1.00299999999999999995
1  1.38e+06  0.2802944299  1.534295e-01 1.00299999999999999995
1  1.45e+06  0.2803112783  1.534295e-01 1.00299999999999999995
1  1.51e+06  0.2802914572  1.534295e-01 1.00299999999999999995
1  1.58e+06  0.2802411091  1.534295e-01 1.00299999999999999995
1  1.66e+06  0.2801658831  1.534295e-01 1.00299999999999999995
1  1.74e+06  0.2800708667  1.534295e-01 1.00299999999999999995
1  1.82e+06  0.2799600909  1.534295e-01 1.00299999999999999995
1  1.91e+06  0.2798384583  1.534295e-01 1.00299999999999999995
1  2.00e+06  0.2797088207  1.534295e-01 1.00299999999999999995
1  2.09e+06  0.2795740311  1.534295e-01 1.00299999999999999995
1  2.19e+06  0.2794364742  1.534295e-01 1.00299999999999999995
1  2.29e+06  0.2792981165  1.534295e-01 1.00299999999999999995
1  2.40e+06  0.2791605555  1.534295e-01 1.00299999999999999995
1  2.51e+06  0.2790250673  1.534295e-01 1.00299999999999999995
1  2.63e+06  0.2788926521  1.534295e-01 1.00299999999999999995
1  2.75e+06  0.2787640743  1.534295e-01 1.00299999999999999995
1  2.88e+06  0.2786398997  1.534295e-01 1.00299999999999999995
1  3.02e+06  0.2785205282  1.534295e-01 1.00299999999999999995
1  3.16e+06  0.2784062225  1.534295e-01 1.00299999999999999995
1  3.31e+06  0.2782971328  1.534295e-01 1.00299999999999999995
1  3.47e+06  0.2781933187  1.534295e-01 1.00299999999999999995
1  3.63e+06  0.278094646  1.534295e-01 1.00299999999999999995
1  3.80e+06  0.278001296  1.534295e-01 1.00299999999999999995
1  3.98e+06  0.2779130221  1.534295e-01 1.00299999999999999995
1  4.17e+06  0.2778296762  1.534295e-01 1.00299999999999999995
1  4.37e+06  0.2777510858  1.534295e-01 1.00299999999999999995
1  4.57e+06  0.2776770614  1.534295e-01 1.00299999999999999995
1  4.79e+06  0.2776074026  1.534295e-01 1.00299999999999999995
1  5.01e+06  0.2775419024  1.534295e-01 1.00299999999999999995
1  5.25e+06  0.2774803519  1.534295e-01 1.00299999999999999995
1  5.50e+06  0.2774225425  1.534295e-01 1.00299999999999999995
1  5.75e+06  0.277368269  1.534295e-01 1.00299999999999999995
1  6.03e+06  0.2773173309  1.534295e-01 1.00299999999999999995
1  6.31e+06  0.277269534  1.534295e-01 1.00299999999999999995
1  6.61e+06  0.2772246913  1.534295e-01 1.00299999999999999995
1  6.92e+06  0.2771826237  1.534295e-01 1.00299999999999999995
1  7.24e+06  0.2771431292  1.534295e-01 1.00299999999999999995
1  7.59e+06  0.2771061103  1.534295e-01 1.00299999999999999995
1  7.94e+06  0.2770713792  1.534295e-01 1.00299999999999999995
1  8.32e+06  0.2770387905  1.534295e-01 1.00299999999999999995
1  8.71e+06  0.2770082072  1.534295e-01 1.00299999999999999995
1  9.12e+06  0.2769795006  1.534295e-01 1.00299999999999999995
1  9.55e+06  0.2769525494  1.534295e-01 1.00299999999999999995
1  1.00e+07  0.2769272402  1.534295e-01 1.00299999999999999995
