1  1.00e-03  0.2721562627  1.382854e-01 0.90399999999999999995
1  1.05e-03  0.2721562625  1.382854e-01 0.90399999999999999995
1  1.10e-03  0.2721562702  1.382854e-01 0.90399999999999999995
1  1.15e-03  0.2721562691  1.382854e-01 0.90399999999999999995
1  1.20e-03  0.2721562654  1.382854e-01 0.90399999999999999995
1  1.26e-03  0.2721562705  1.382854e-01 0.90399999999999999995
1  1.32e-03  0.2721562684  1.382854e-01 0.90399999999999999995
1  1.38e-03  0.2721562716  1.382854e-01 0.90399999999999999995
1  1.45e-03  0.2721562704  1.382854e-01 0.90399999999999999995
1  1.51e-03  0.2721562661  1.382854e-01 0.90399999999999999995
1  1.58e-03  0.2721562659  1.382854e-01 0.90399999999999999995
1  1.66e-03  0.2721562656  1.382854e-01 0.90399999999999999995
1  1.74e-03  0.2721562658  1.382854e-01 0.90399999999999999995
1  1.82e-03  0.2721562657  1.382854e-01 0.90399999999999999995
1  1.91e-03  0.272156267  1.382854e-01 0.90399999999999999995
1  2.00e-03  0.2721562679  1.382854e-01 0.90399999999999999995
1  2.09e-03  0.2721562653  1.382854e-01 0.90399999999999999995
1  2.19e-03  0.2721562699  1.382854e-01 0.90399999999999999995
1  2.29e-03  0.2721562691  1.382854e-01 0.90399999999999999995
1  2.40e-03  0.2721562695  1.382854e-01 0.90399999999999999995
1  2.51e-03  0.2721562664  1.382854e-01 0.90399999999999999995
1  2.63e-03  0.2721562697  1.382854e-01 0.90399999999999999995
1  2.75e-03  0.2721562709  1.382854e-01 0.90399999999999999995
1  2.88e-03  0.2721562652  1.382854e-01 0.90399999999999999995
1  3.02e-03  0.272156272  1.382854e-01 0.90399999999999999995
1  3.16e-03  0.2721562768  1.382854e-01 0.90399999999999999995
1  3.31e-03  0.2721562679  1.382854e-01 0.90399999999999999995
1  3.47e-03  0.2721562719  1.382854e-01 0.90399999999999999995
1  3.63e-03  0.2721562684  1.382854e-01 0.90399999999999999995
1  3.80e-03  0.2721562722  1.382854e-01 0.90399999999999999995
1  3.98e-03  0.2721562696  1.382854e-01 0.90399999999999999995
1  4.17e-03  0.2721562625  1.382854e-01 0.90399999999999999995
1  4.37e-03  0.2721562673  1.382854e-01 0.90399999999999999995
1  4.57e-03  0.2721562685  1.382854e-01 0.90399999999999999995
1  4.79e-03  0.272156271  1.382854e-01 0.90399999999999999995
1  5.01e-03  0.2721562715  1.382854e-01 0.90399999999999999995
1  5.25e-03  0.2721562679  1.382854e-01 0.90399999999999999995
1  5.50e-03  0.2721562693  1.382854e-01 0.90399999999999999995
1  5.75e-03  0.2721562683  1.382854e-01 0.90399999999999999995
1  6.03e-03  0.272156269  1.382854e-01 0.90399999999999999995
1  6.31e-03  0.2721562742  1.382854e-01 0.90399999999999999995
1  6.61e-03  0.272156269  1.382854e-01 0.90399999999999999995
1  6.92e-03  0.2721562722  1.382854e-01 0.90399999999999999995
1  7.24e-03  0.272156271  1.382854e-01 0.90399999999999999995
1  7.59e-03  0.2721562688  1.382854e-01 0.90399999999999999995
1  7.94e-03  0.2721562716  1.382854e-01 0.90399999999999999995
1  8.32e-03  0.2721562645  1.382854e-01 0.90399999999999999995
1  8.71e-03  0.2721562658  1.382854e-01 0.90399999999999999995
1  9.12e-03  0.2721562668  1.382854e-01 0.90399999999999999995
1  9.55e-03  0.2721562674  1.382854e-01 0.90399999999999999995
1  1.00e-02  0.2721562626  1.382854e-01 0.90399999999999999995
1  1.05e-02  0.2721562733  1.382854e-01 0.90399999999999999995
1  1.10e-02  0.2721562629  1.382854e-01 0.90399999999999999995
1  1.15e-02  0.2721562753  1.382854e-01 0.90399999999999999995
1  1.20e-02  0.2721562761  1.382854e-01 0.90399999999999999995
1  1.26e-02  0.2721562622  1.382854e-01 0.90399999999999999995
1  1.32e-02  0.2721562757  1.382854e-01 0.90399999999999999995
1  1.38e-02  0.2721562749  1.382854e-01 0.90399999999999999995
1  1.45e-02  0.2721562756  1.382854e-01 0.90399999999999999995
1  1.51e-02  0.2721562766  1.382854e-01 0.90399999999999999995
1  1.58e-02  0.2721562747  1.382854e-01 0.90399999999999999995
1  1.66e-02  0.2721562673  1.382854e-01 0.90399999999999999995
1  1.74e-02  0.2721562778  1.382854e-01 0.90399999999999999995
1  1.82e-02  0.2721562699  1.382854e-01 0.90399999999999999995
1  1.91e-02  0.2721562777  1.382854e-01 0.90399999999999999995
1  2.00e-02  0.2721562682  1.382854e-01 0.90399999999999999995
1  2.09e-02  0.2721562761  1.382854e-01 0.90399999999999999995
1  2.19e-02  0.2721562673  1.382854e-01 0.90399999999999999995
1  2.29e-02  0.2721562795  1.382854e-01 0.90399999999999999995
1  2.40e-02  0.2721562809  1.382854e-01 0.90399999999999999995
1  2.51e-02  0.2721563278  1.382854e-01 0.90399999999999999995
1  2.63e-02  0.2721562978  1.382854e-01 0.90399999999999999995
1  2.75e-02  0.2721562281  1.382854e-01 0.90399999999999999995
1  2.88e-02  0.272156285  1.382854e-01 0.90399999999999999995
1  3.02e-02  0.2721562942  1.382854e-01 0.90399999999999999995
1  3.16e-02  0.2721562926  1.382854e-01 0.90399999999999999995
1  3.31e-02  0.2721562523  1.382854e-01 0.90399999999999999995
1  3.47e-02  0.2721562497  1.382854e-01 0.90399999999999999995
1  3.63e-02  0.2721562611  1.382854e-01 0.90399999999999999995
1  3.80e-02  0.2721562276  1.382854e-01 0.90399999999999999995
1  3.98e-02  0.2721562868  1.382854e-01 0.90399999999999999995
1  4.17e-02  0.2721487225  1.382854e-01 0.90399999999999999995
1  4.37e-02  0.2721562085  1.382854e-01 0.90399999999999999995
1  4.57e-02  0.2721562893  1.382854e-01 0.90399999999999999995
1  4.79e-02  0.2721563804  1.382854e-01 0.90399999999999999995
1  5.01e-02  0.272156239  1.382854e-01 0.90399999999999999995
1  5.25e-02  0.2721562442  1.382854e-01 0.90399999999999999995
1  5.50e-02  0.2721562352  1.382854e-01 0.90399999999999999995
1  5.75e-02  0.2721562285  1.382854e-01 0.90399999999999999995
1  6.03e-02  0.2721562373  1.382854e-01 0.90399999999999999995
1  6.31e-02  0.2721561827  1.382854e-01 0.90399999999999999995
1  6.61e-02  0.2721562423  1.382854e-01 0.90399999999999999995
1  6.92e-02  0.2721562947  1.382854e-01 0.90399999999999999995
1  7.24e-02  0.2721562788  1.382854e-01 0.90399999999999999995
1  7.59e-02  0.2721562297  1.382854e-01 0.90399999999999999995
1  7.94e-02  0.2721562509  1.382854e-01 0.90399999999999999995
1  8.32e-02  0.2721562829  1.382854e-01 0.90399999999999999995
1  8.71e-02  0.2721562883  1.382854e-01 0.90399999999999999995
1  9.12e-02  0.2721562635  1.382854e-01 0.90399999999999999995
1  9.55e-02  0.2721561517  1.382854e-01 0.90399999999999999995
1  1.00e-01  0.2721562589  1.382854e-01 0.90399999999999999995
1  1.05e-01  0.2721562835  1.382854e-01 0.90399999999999999995
1  1.10e-01  0.2721562909  1.382854e-01 0.90399999999999999995
1  1.15e-01  0.272156218  1.382854e-01 0.90399999999999999995
1  1.20e-01  0.272156246  1.382854e-01 0.90399999999999999995
1  1.26e-01  0.2721563355  1.382854e-01 0.90399999999999999995
1  1.32e-01  0.2721562136  1.382854e-01 0.90399999999999999995
1  1.38e-01  0.2721562491  1.382854e-01 0.90399999999999999995
1  1.45e-01  0.2721565674  1.382854e-01 0.90399999999999999995
1  1.51e-01  0.2721563176  1.382854e-01 0.90399999999999999995
1  1.58e-01  0.2721562355  1.382854e-01 0.90399999999999999995
1  1.66e-01  0.2721562367  1.382854e-01 0.90399999999999999995
1  1.74e-01  0.2721563074  1.382854e-01 0.90399999999999999995
1  1.82e-01  0.2721562751  1.382854e-01 0.90399999999999999995
1  1.91e-01  0.2721565155  1.382854e-01 0.90399999999999999995
1  2.00e-01  0.2721563269  1.382854e-01 0.90399999999999999995
1  2.09e-01  0.2721562722  1.382854e-01 0.90399999999999999995
1  2.19e-01  0.2721562836  1.382854e-01 0.90399999999999999995
1  2.29e-01  0.272156419  1.382854e-01 0.90399999999999999995
1  2.40e-01  0.2721564397  1.382854e-01 0.90399999999999999995
1  2.51e-01  0.2721564548  1.382854e-01 0.90399999999999999995
1  2.63e-01  0.2721564543  1.382854e-01 0.90399999999999999995
1  2.75e-01  0.2721564701  1.382854e-01 0.90399999999999999995
1  2.88e-01  0.2721564576  1.382854e-01 0.90399999999999999995
1  3.02e-01  0.2721563034  1.382854e-01 0.90399999999999999995
1  3.16e-01  0.2721563266  1.382854e-01 0.90399999999999999995
1  3.31e-01  0.2721562237  1.382854e-01 0.90399999999999999995
1  3.47e-01  0.2721841436  1.382854e-01 0.90399999999999999995
1  3.63e-01  0.2721562543  1.382854e-01 0.90399999999999999995
1  3.80e-01  0.272156545  1.382854e-01 0.90399999999999999995
1  3.98e-01  0.2721565623  1.382854e-01 0.90399999999999999995
1  4.17e-01  0.2721562702  1.382854e-01 0.90399999999999999995
1  4.37e-01  0.2721564285  1.382854e-01 0.90399999999999999995
1  4.57e-01  0.2721562401  1.382854e-01 0.90399999999999999995
1  4.79e-01  0.2721564849  1.382854e-01 0.90399999999999999995
1  5.01e-01  0.2721562495  1.382854e-01 0.90399999999999999995
1  5.25e-01  0.2721562537  1.382854e-01 0.90399999999999999995
1  5.50e-01  0.2721562141  1.382854e-01 0.90399999999999999995
1  5.75e-01  0.2721562354  1.382854e-01 0.90399999999999999995
1  6.03e-01  0.2721556253  1.382854e-01 0.90399999999999999995
1  6.31e-01  0.2721562686  1.382854e-01 0.90399999999999999995
1  6.61e-01  0.272156779  1.382854e-01 0.90399999999999999995
1  6.92e-01  0.272158127  1.382854e-01 0.90399999999999999995
1  7.24e-01  0.2721568175  1.382854e-01 0.90399999999999999995
1  7.59e-01  0.2721563572  1.382854e-01 0.90399999999999999995
1  7.94e-01  0.2721607423  1.382854e-01 0.90399999999999999995
1  8.32e-01  0.2721565167  1.382854e-01 0.90399999999999999995
1  8.71e-01  0.272156378  1.382854e-01 0.90399999999999999995
1  9.12e-01  0.2721562488  1.382854e-01 0.90399999999999999995
1  9.55e-01  0.2721573741  1.382854e-01 0.90399999999999999995
1  1.00e+00  0.2721564613  1.382854e-01 0.90399999999999999995
1  1.05e+00  0.2721569255  1.382854e-01 0.90399999999999999995
1  1.10e+00  0.2721569925  1.382854e-01 0.90399999999999999995
1  1.15e+00  0.2721565398  1.382854e-01 0.90399999999999999995
1  1.20e+00  0.2721564655  1.382854e-01 0.90399999999999999995
1  1.26e+00  0.2721572731  1.382854e-01 0.90399999999999999995
1  1.32e+00  0.2721559661  1.382854e-01 0.90399999999999999995
1  1.38e+00  0.2721572628  1.382854e-01 0.90399999999999999995
1  1.45e+00  0.2721572072  1.382854e-01 0.90399999999999999995
1  1.51e+00  0.2721564046  1.382854e-01 0.90399999999999999995
1  1.58e+00  0.2721575352  1.382854e-01 0.90399999999999999995
1  1.66e+00  0.2721567793  1.382854e-01 0.90399999999999999995
1  1.74e+00  0.2721570442  1.382854e-01 0.90399999999999999995
1  1.82e+00  0.2721573721  1.382854e-01 0.90399999999999999995
1  1.91e+00  0.2721578578  1.382854e-01 0.90399999999999999995
1  2.00e+00  0.2721564224  1.382854e-01 0.90399999999999999995
1  2.09e+00  0.2721580237  1.382854e-01 0.90399999999999999995
1  2.19e+00  0.2721581486  1.382854e-01 0.90399999999999999995
1  2.29e+00  0.2721601444  1.382854e-01 0.90399999999999999995
1  2.40e+00  0.2721561497  1.382854e-01 0.90399999999999999995
1  2.51e+00  0.2721564532  1.382854e-01 0.90399999999999999995
1  2.63e+00  0.2721586048  1.382854e-01 0.90399999999999999995
1  2.75e+00  0.2721592181  1.382854e-01 0.90399999999999999995
1  2.88e+00  0.2721571129  1.382854e-01 0.90399999999999999995
1  3.02e+00  0.2721573791  1.382854e-01 0.90399999999999999995
1  3.16e+00  0.2721584991  1.382854e-01 0.90399999999999999995
1  3.31e+00  0.2721524608  1.382854e-01 0.90399999999999999995
1  3.47e+00  0.2721564132  1.382854e-01 0.90399999999999999995
1  3.63e+00  0.2721595996  1.382854e-01 0.90399999999999999995
1  3.80e+00  0.2721507045  1.382854e-01 0.90399999999999999995
1  3.98e+00  0.2721565159  1.382854e-01 0.90399999999999999995
1  4.17e+00  0.2721563448  1.382854e-01 0.90399999999999999995
1  4.37e+00  0.2721573973  1.382854e-01 0.90399999999999999995
1  4.57e+00  0.2721563035  1.382854e-01 0.90399999999999999995
1  4.79e+00  0.272156947  1.382854e-01 0.90399999999999999995
1  5.01e+00  0.2721585235  1.382854e-01 0.90399999999999999995
1  5.25e+00  0.272151932  1.382854e-01 0.90399999999999999995
1  5.50e+00  0.2721608626  1.382854e-01 0.90399999999999999995
1  5.75e+00  0.2721600749  1.382854e-01 0.90399999999999999995
1  6.03e+00  0.2721587025  1.382854e-01 0.90399999999999999995
1  6.31e+00  0.2721607444  1.382854e-01 0.90399999999999999995
1  6.61e+00  0.2721599357  1.382854e-01 0.90399999999999999995
1  6.92e+00  0.2721665929  1.382854e-01 0.90399999999999999995
1  7.24e+00  0.2721561144  1.382854e-01 0.90399999999999999995
1  7.59e+00  0.272166538  1.382854e-01 0.90399999999999999995
1  7.94e+00  0.2721622069  1.382854e-01 0.90399999999999999995
1  8.32e+00  0.2721576302  1.382854e-01 0.90399999999999999995
1  8.71e+00  0.2721752104  1.382854e-01 0.90399999999999999995
1  9.12e+00  0.2721553686  1.382854e-01 0.90399999999999999995
1  9.55e+00  0.2721509708  1.382854e-01 0.90399999999999999995
1  1.00e+01  0.2721591614  1.382854e-01 0.90399999999999999995
1  1.05e+01  0.2721746917  1.382854e-01 0.90399999999999999995
1  1.10e+01  0.2721573065  1.382854e-01 0.90399999999999999995
1  1.15e+01  0.2721557735  1.382854e-01 0.90399999999999999995
1  1.20e+01  0.2721665321  1.382854e-01 0.90399999999999999995
1  1.26e+01  0.2721601626  1.382854e-01 0.90399999999999999995
1  1.32e+01  0.2721643138  1.382854e-01 0.90399999999999999995
1  1.38e+01  0.2721680251  1.382854e-01 0.90399999999999999995
1  1.45e+01  0.2721691712  1.382854e-01 0.90399999999999999995
1  1.51e+01  0.2721595603  1.382854e-01 0.90399999999999999995
1  1.58e+01  0.2721425139  1.382854e-01 0.90399999999999999995
1  1.66e+01  0.2721831246  1.382854e-01 0.90399999999999999995
1  1.74e+01  0.2721583016  1.382854e-01 0.90399999999999999995
1  1.82e+01  0.2721722595  1.382854e-01 0.90399999999999999995
1  1.91e+01  0.2721566125  1.382854e-01 0.90399999999999999995
1  2.00e+01  0.2721668902  1.382854e-01 0.90399999999999999995
1  2.09e+01  0.2722526653  1.382854e-01 0.90399999999999999995
1  2.19e+01  0.272189573  1.382854e-01 0.90399999999999999995
1  2.29e+01  0.2721537067  1.382854e-01 0.90399999999999999995
1  2.40e+01  0.2720563116  1.382854e-01 0.90399999999999999995
1  2.51e+01  0.2722288461  1.382854e-01 0.90399999999999999995
1  2.63e+01  0.2721077847  1.382854e-01 0.90399999999999999995
1  2.75e+01  0.2722353235  1.382854e-01 0.90399999999999999995
1  2.88e+01  0.2722102476  1.382854e-01 0.90399999999999999995
1  3.02e+01  0.2721334375  1.382854e-01 0.90399999999999999995
1  3.16e+01  0.2723099631  1.382854e-01 0.90399999999999999995
1  3.31e+01  0.2721481271  1.382854e-01 0.90399999999999999995
1  3.47e+01  0.2721805877  1.382854e-01 0.90399999999999999995
1  3.63e+01  0.2720993115  1.382854e-01 0.90399999999999999995
1  3.80e+01  0.2721900526  1.382854e-01 0.90399999999999999995
1  3.98e+01  0.2722320547  1.382854e-01 0.90399999999999999995
1  4.17e+01  0.2720938539  1.382854e-01 0.90399999999999999995
1  4.37e+01  0.2721346993  1.382854e-01 0.90399999999999999995
1  4.57e+01  0.2722386324  1.382854e-01 0.90399999999999999995
1  4.79e+01  0.2721662213  1.382854e-01 0.90399999999999999995
1  5.01e+01  0.2722147987  1.382854e-01 0.90399999999999999995
1  5.25e+01  0.2721535592  1.382854e-01 0.90399999999999999995
1  5.50e+01  0.2721643344  1.382854e-01 0.90399999999999999995
1  5.75e+01  0.2722104364  1.382854e-01 0.90399999999999999995
1  6.03e+01  0.2721985002  1.382854e-01 0.90399999999999999995
1  6.31e+01  0.2721894453  1.382854e-01 0.90399999999999999995
1  6.61e+01  0.2721247577  1.382854e-01 0.90399999999999999995
1  6.92e+01  0.2721620795  1.382854e-01 0.90399999999999999995
1  7.24e+01  0.2721429529  1.382854e-01 0.90399999999999999995
1  7.59e+01  0.2721844434  1.382854e-01 0.90399999999999999995
1  7.94e+01  0.2721937384  1.382854e-01 0.90399999999999999995
1  8.32e+01  0.2722643634  1.382854e-01 0.90399999999999999995
1  8.71e+01  0.2721518561  1.382854e-01 0.90399999999999999995
1  9.12e+01  0.2721817885  1.382854e-01 0.90399999999999999995
1  9.55e+01  0.2720869809  1.382854e-01 0.90399999999999999995
1  1.00e+02  0.2722078804  1.382854e-01 0.90399999999999999995
1  1.05e+02  0.2721918329  1.382854e-01 0.90399999999999999995
1  1.10e+02  0.2722450995  1.382854e-01 0.90399999999999999995
1  1.15e+02  0.2721990315  1.382854e-01 0.90399999999999999995
1  1.20e+02  0.2721617444  1.382854e-01 0.90399999999999999995
1  1.26e+02  0.2722896221  1.382854e-01 0.90399999999999999995
1  1.32e+02  0.2721892965  1.382854e-01 0.90399999999999999995
1  1.38e+02  0.2722443942  1.382854e-01 0.90399999999999999995
1  1.45e+02  0.2722746839  1.382854e-01 0.90399999999999999995
1  1.51e+02  0.2722103675  1.382854e-01 0.90399999999999999995
1  1.58e+02  0.2722367402  1.382854e-01 0.90399999999999999995
1  1.66e+02  0.2722312893  1.382854e-01 0.90399999999999999995
1  1.74e+02  0.2722192746  1.382854e-01 0.90399999999999999995
1  1.82e+02  0.2722095126  1.382854e-01 0.90399999999999999995
1  1.91e+02  0.272327672  1.382854e-01 0.90399999999999999995
1  2.00e+02  0.2723811841  1.382854e-01 0.90399999999999999995
1  2.09e+02  0.2723674243  1.382854e-01 0.90399999999999999995
1  2.19e+02  0.2723143527  1.382854e-01 0.90399999999999999995
1  2.29e+02  0.2721518957  1.382854e-01 0.90399999999999999995
1  2.40e+02  0.2723080662  1.382854e-01 0.90399999999999999995
1  2.51e+02  0.2723582313  1.382854e-01 0.90399999999999999995
1  2.63e+02  0.272369073  1.382854e-01 0.90399999999999999995
1  2.75e+02  0.2721679048  1.382854e-01 0.90399999999999999995
1  2.88e+02  0.2724134031  1.382854e-01 0.90399999999999999995
1  3.02e+02  0.2724461676  1.382854e-01 0.90399999999999999995
1  3.16e+02  0.2724026131  1.382854e-01 0.90399999999999999995
1  3.31e+02  0.2721657282  1.382854e-01 0.90399999999999999995
1  3.47e+02  0.2724268341  1.382854e-01 0.90399999999999999995
1  3.63e+02  0.2724388131  1.382854e-01 0.90399999999999999995
1  3.80e+02  0.2724038493  1.382854e-01 0.90399999999999999995
1  3.98e+02  0.2723427286  1.382854e-01 0.90399999999999999995
1  4.17e+02  0.2721351862  1.382854e-01 0.90399999999999999995
1  4.37e+02  0.2721566622  1.382854e-01 0.90399999999999999995
1  4.57e+02  0.2724900266  1.382854e-01 0.90399999999999999995
1  4.79e+02  0.2721104165  1.382854e-01 0.90399999999999999995
1  5.01e+02  0.2722694164  1.382854e-01 0.90399999999999999995
1  5.25e+02  0.2721941139  1.382854e-01 0.90399999999999999995
1  5.50e+02  0.2726272113  1.382854e-01 0.90399999999999999995
1  5.75e+02  0.2722331641  1.382854e-01 0.90399999999999999995
1  6.03e+02  0.2722000047  1.382854e-01 0.90399999999999999995
1  6.31e+02  0.2725314961  1.382854e-01 0.90399999999999999995
1  6.61e+02  0.2723471588  1.382854e-01 0.90399999999999999995
1  6.92e+02  0.2727701812  1.382854e-01 0.90399999999999999995
1  7.24e+02  0.2727878671  1.382854e-01 0.90399999999999999995
1  7.59e+02  0.2724317496  1.382854e-01 0.90399999999999999995
1  7.94e+02  0.2726967601  1.382854e-01 0.90399999999999999995
1  8.32e+02  0.2721503264  1.382854e-01 0.90399999999999999995
1  8.71e+02  0.2721518617  1.382854e-01 0.90399999999999999995
1  9.12e+02  0.2724386325  1.382854e-01 0.90399999999999999995
1  9.55e+02  0.2729702264  1.382854e-01 0.90399999999999999995
1  1.00e+03  0.2724832718  1.382854e-01 0.90399999999999999995
1  1.05e+03  0.271934657  1.382854e-01 0.90399999999999999995
1  1.10e+03  0.2719794764  1.382854e-01 0.90399999999999999995
1  1.15e+03  0.2744727679  1.382854e-01 0.90399999999999999995
1  1.20e+03  0.2720445296  1.382854e-01 0.90399999999999999995
1  1.26e+03  0.2718629951  1.382854e-01 0.90399999999999999995
1  1.32e+03  0.2709746348  1.382854e-01 0.90399999999999999995
1  1.38e+03  0.2716796864  1.382854e-01 0.90399999999999999995
1  1.45e+03  0.273930047  1.382854e-01 0.90399999999999999995
1  1.51e+03  0.272924876  1.382854e-01 0.90399999999999999995
1  1.58e+03  0.2731214252  1.382854e-01 0.90399999999999999995
1  1.66e+03  0.2753194006  1.382854e-01 0.90399999999999999995
1  1.74e+03  0.2729467186  1.382854e-01 0.90399999999999999995
1  1.82e+03  0.2682820949  1.382854e-01 0.90399999999999999995
1  1.91e+03  0.2722659444  1.382854e-01 0.90399999999999999995
1  2.00e+03  0.2647398882  1.382854e-01 0.90399999999999999995
1  2.09e+03  0.2725384751  1.382854e-01 0.90399999999999999995
1  2.19e+03  0.2746606016  1.382854e-01 0.90399999999999999995
1  2.29e+03  0.2759509235  1.382854e-01 0.90399999999999999995
1  2.40e+03  0.282987754  1.382854e-01 0.90399999999999999995
1  2.51e+03  0.2902180309  1.382854e-01 0.90399999999999999995
1  2.63e+03  0.2748847336  1.382854e-01 0.90399999999999999995
1  2.75e+03  0.2893475127  1.382854e-01 0.90399999999999999995
1  2.88e+03  0.2754063058  1.382854e-01 0.90399999999999999995
1  3.02e+03  0.2967362844  1.382854e-01 0.90399999999999999995
1  3.16e+03  0.2894142542  1.382854e-01 0.90399999999999999995
1  3.31e+03  0.2774661387  1.382854e-01 0.90399999999999999995
1  3.47e+03  0.2729643568  1.382854e-01 0.90399999999999999995
1  3.63e+03  0.2810036911  1.382854e-01 0.90399999999999999995
1  3.80e+03  0.280708845  1.382854e-01 0.90399999999999999995
1  3.98e+03  0.2556001252  1.382854e-01 0.90399999999999999995
1  4.17e+03  0.2612415491  1.382854e-01 0.90399999999999999995
1  4.37e+03  0.2633183293  1.382854e-01 0.90399999999999999995
1  4.57e+03  0.2598656869  1.382854e-01 0.90399999999999999995
1  4.79e+03  0.2484786686  1.382854e-01 0.90399999999999999995
1  5.01e+03  0.2700257958  1.382854e-01 0.90399999999999999995
1  5.25e+03  0.2739047381  1.382854e-01 0.90399999999999999995
1  5.50e+03  0.2647409629  1.382854e-01 0.90399999999999999995
1  5.75e+03  0.2631599619  1.382854e-01 0.90399999999999999995
1  6.03e+03  0.2712098631  1.382854e-01 0.90399999999999999995
1  6.31e+03  0.2827972934  1.382854e-01 0.90399999999999999995
1  6.61e+03  0.3031081023  1.382854e-01 0.90399999999999999995
1  6.92e+03  0.2777197332  1.382854e-01 0.90399999999999999995
1  7.24e+03  0.2625549905  1.382854e-01 0.90399999999999999995
1  7.59e+03  0.3143684039  1.382854e-01 0.90399999999999999995
1  7.94e+03  0.2737489457  1.382854e-01 0.90399999999999999995
1  8.32e+03  0.3139855478  1.382854e-01 0.90399999999999999995
1  8.71e+03  0.276491421  1.382854e-01 0.90399999999999999995
1  9.12e+03  0.3389085627  1.382854e-01 0.90399999999999999995
1  9.55e+03  0.2611442571  1.382854e-01 0.90399999999999999995
1  1.00e+04  0.2956008121  1.382854e-01 0.90399999999999999995
1  1.05e+04  0.3368764096  1.382854e-01 0.90399999999999999995
1  1.10e+04  0.3368704883  1.382854e-01 0.90399999999999999995
1  1.15e+04  0.274524544  1.382854e-01 0.90399999999999999995
1  1.20e+04  0.2937024817  1.382854e-01 0.90399999999999999995
1  1.26e+04  0.2769078933  1.382854e-01 0.90399999999999999995
1  1.32e+04  0.2921363296  1.382854e-01 0.90399999999999999995
1  1.38e+04  0.2904266828  1.382854e-01 0.90399999999999999995
1  1.45e+04  0.2915460841  1.382854e-01 0.90399999999999999995
1  1.51e+04  0.2806555356  1.382854e-01 0.90399999999999999995
1  1.58e+04  0.3097344297  1.382854e-01 0.90399999999999999995
1  1.66e+04  0.3111618499  1.382854e-01 0.90399999999999999995
1  1.74e+04  0.3919716923  1.382854e-01 0.90399999999999999995
1  1.82e+04  0.3704569363  1.382854e-01 0.90399999999999999995
1  1.91e+04  0.326534947  1.382854e-01 0.90399999999999999995
1  2.00e+04  0.3073374408  1.382854e-01 0.90399999999999999995
1  2.09e+04  0.3663791611  1.382854e-01 0.90399999999999999995
1  2.19e+04  0.3927396429  1.382854e-01 0.90399999999999999995
1  2.29e+04  0.2894837015  1.382854e-01 0.90399999999999999995
1  2.40e+04  0.389673706  1.382854e-01 0.90399999999999999995
1  2.51e+04  0.3693527854  1.382854e-01 0.90399999999999999995
1  2.63e+04  0.2959044464  1.382854e-01 0.90399999999999999995
1  2.75e+04  0.4107573845  1.382854e-01 0.90399999999999999995
1  2.88e+04  0.2878412468  1.382854e-01 0.90399999999999999995
1  3.02e+04  0.4156395986  1.382854e-01 0.90399999999999999995
1  3.16e+04  0.2887494445  1.382854e-01 0.90399999999999999995
1  3.31e+04  0.4155961624  1.382854e-01 0.90399999999999999995
1  3.47e+04  0.2834415377  1.382854e-01 0.90399999999999999995
1  3.63e+04  0.4145612046  1.382854e-01 0.90399999999999999995
1  3.80e+04  0.3015896811  1.382854e-01 0.90399999999999999995
1  3.98e+04  0.392766619  1.382854e-01 0.90399999999999999995
1  4.17e+04  0.3371350739  1.382854e-01 0.90399999999999999995
1  4.37e+04  0.3144927294  1.382854e-01 0.90399999999999999995
1  4.57e+04  0.4062840737  1.382854e-01 0.90399999999999999995
1  4.79e+04  0.3049424359  1.382854e-01 0.90399999999999999995
1  5.01e+04  0.3136600644  1.382854e-01 0.90399999999999999995
1  5.25e+04  0.4138732643  1.382854e-01 0.90399999999999999995
1  5.50e+04  0.3110584578  1.382854e-01 0.90399999999999999995
1  5.75e+04  0.3159189819  1.382854e-01 0.90399999999999999995
1  6.03e+04  0.4177679559  1.382854e-01 0.90399999999999999995
1  6.31e+04  0.3225115951  1.382854e-01 0.90399999999999999995
1  6.61e+04  0.2856512184  1.382854e-01 0.90399999999999999995
1  6.92e+04  0.3744237311  1.382854e-01 0.90399999999999999995
1  7.24e+04  0.3706137141  1.382854e-01 0.90399999999999999995
1  7.59e+04  0.2968890237  1.382854e-01 0.90399999999999999995
1  7.94e+04  0.2801117473  1.382854e-01 0.90399999999999999995
1  8.32e+04  0.323621355  1.382854e-01 0.90399999999999999995
1  8.71e+04  0.3612624695  1.382854e-01 0.90399999999999999995
1  9.12e+04  0.3457206928  1.382854e-01 0.90399999999999999995
1  9.55e+04  0.2948476569  1.382854e-01 0.90399999999999999995
1  1.00e+05  0.27469646  1.382854e-01 0.90399999999999999995
1  1.05e+05  0.3147241458  1.382854e-01 0.90399999999999999995
1  1.10e+05  0.3670240767  1.382854e-01 0.90399999999999999995
1  1.15e+05  0.3701171647  1.382854e-01 0.90399999999999999995
1  1.20e+05  0.3236468416  1.382854e-01 0.90399999999999999995
1  1.26e+05  0.2803802866  1.382854e-01 0.90399999999999999995
1  1.32e+05  0.2822635116  1.382854e-01 0.90399999999999999995
1  1.38e+05  0.3220655573  1.382854e-01 0.90399999999999999995
1  1.45e+05  0.3606623114  1.382854e-01 0.90399999999999999995
1  1.51e+05  0.3671602398  1.382854e-01 0.90399999999999999995
1  1.58e+05  0.3406232664  1.382854e-01 0.90399999999999999995
1  1.66e+05  0.3027941411  1.382854e-01 0.90399999999999999995
1  1.74e+05  0.2774827882  1.382854e-01 0.90399999999999999995
1  1.82e+05  0.275457864  1.382854e-01 0.90399999999999999995
1  1.91e+05  0.2922432315  1.382854e-01 0.90399999999999999995
1  2.00e+05  0.315110045  1.382854e-01 0.90399999999999999995
1  2.09e+05  0.3318281215  1.382854e-01 0.90399999999999999995
1  2.19e+05  0.3360232579  1.382854e-01 0.90399999999999999995
1  2.29e+05  0.3279717168  1.382854e-01 0.90399999999999999995
1  2.40e+05  0.3123448449  1.382854e-01 0.90399999999999999995
1  2.51e+05  0.2950954093  1.382854e-01 0.90399999999999999995
1  2.63e+05  0.2810492298  1.382854e-01 0.90399999999999999995
1  2.75e+05  0.2727830278  1.382854e-01 0.90399999999999999995
1  2.88e+05  0.2706326706  1.382854e-01 0.90399999999999999995
1  3.02e+05  0.2733553162  1.382854e-01 0.90399999999999999995
1  3.16e+05  0.2789724057  1.382854e-01 0.90399999999999999995
1  3.31e+05  0.285480024  1.382854e-01 0.90399999999999999995
1  3.47e+05  0.2912941008  1.382854e-01 0.90399999999999999995
1  3.63e+05  0.2954306725  1.382854e-01 0.90399999999999999995
1  3.80e+05  0.2974898607  1.382854e-01 0.90399999999999999995
1  3.98e+05  0.297529211  1.382854e-01 0.90399999999999999995
1  4.17e+05  0.2958990742  1.382854e-01 0.90399999999999999995
1  4.37e+05  0.2930884017  1.382854e-01 0.90399999999999999995
1  4.57e+05  0.2896055301  1.382854e-01 0.90399999999999999995
1  4.79e+05  0.285900677  1.382854e-01 0.90399999999999999995
1  5.01e+05  0.2823260649  1.382854e-01 0.90399999999999999995
1  5.25e+05  0.279124679  1.382854e-01 0.90399999999999999995
1  5.50e+05  0.2764377455  1.382854e-01 0.90399999999999999995
1  5.75e+05  0.2743223117  1.382854e-01 0.90399999999999999995
1  6.03e+05  0.2727724822  1.382854e-01 0.90399999999999999995
1  6.31e+05  0.2717401026  1.382854e-01 0.90399999999999999995
1  6.61e+05  0.2711622476  1.382854e-01 0.90399999999999999995
1  6.92e+05  0.2709574465  1.382854e-01 0.90399999999999999995
1  7.24e+05  0.271022706  1.382854e-01 0.90399999999999999995
1  7.59e+05  0.2712857319  1.382854e-01 0.90399999999999999995
1  7.94e+05  0.2716791643  1.382854e-01 0.90399999999999999995
1  8.32e+05  0.2721470416  1.382854e-01 0.90399999999999999995
1  8.71e+05  0.2726449678  1.382854e-01 0.90399999999999999995
1  9.12e+05  0.27313935  1.382854e-01 0.90399999999999999995
1  9.55e+05  0.2736061141  1.382854e-01 0.90399999999999999995
1  1.00e+06  0.2740291952  1.382854e-01 0.90399999999999999995
1  1.05e+06  0.2743990031  1.382854e-01 0.90399999999999999995
1  1.10e+06  0.2747109847  1.382854e-01 0.90399999999999999995
1  1.15e+06  0.2749643533  1.382854e-01 0.90399999999999999995
1  1.20e+06  0.2751610124  1.382854e-01 0.90399999999999999995
1  1.26e+06  0.2753046757  1.382854e-01 0.90399999999999999995
1  1.32e+06  0.2754001718  1.382854e-01 0.90399999999999999995
1  1.38e+06  0.2754519235  1.382854e-01 0.90399999999999999995
1  1.45e+06  0.2754675974  1.382854e-01 0.90399999999999999995
1  1.51e+06  0.2754516172  1.382854e-01 0.90399999999999999995
1  1.58e+06  0.2754092126  1.382854e-01 0.90399999999999999995
1  1.66e+06  0.2753452137  1.382854e-01 0.90399999999999999995
1  1.74e+06  0.2752639854  1.382854e-01 0.90399999999999999995
1  1.82e+06  0.275169401  1.382854e-01 0.90399999999999999995
1  1.91e+06  0.2750648427  1.382854e-01 0.90399999999999999995
1  2.00e+06  0.2749532217  1.382854e-01 0.90399999999999999995
1  2.09e+06  0.2748370096  1.382854e-01 0.90399999999999999995
1  2.19e+06  0.2747182768  1.382854e-01 0.90399999999999999995
1  2.29e+06  0.2745987339  1.382854e-01 0.90399999999999999995
1  2.40e+06  0.2744797735  1.382854e-01 0.90399999999999999995
1  2.51e+06  0.2743625112  1.382854e-01 0.90399999999999999995
1  2.63e+06  0.274247823  1.382854e-01 0.90399999999999999995
1  2.75e+06  0.2741361309  1.382854e-01 0.90399999999999999995
1  2.88e+06  0.274028457  1.382854e-01 0.90399999999999999995
1  3.02e+06  0.2739248829  1.382854e-01 0.90399999999999999995
1  3.16e+06  0.2738256447  1.382854e-01 0.90399999999999999995
1  3.31e+06  0.2737308804  1.382854e-01 0.90399999999999999995
1  3.47e+06  0.2736406488  1.382854e-01 0.90399999999999999995
1  3.63e+06  0.2735549447  1.382854e-01 0.90399999999999999995
1  3.80e+06  0.2734737129  1.382854e-01 0.90399999999999999995
1  3.98e+06  0.2733968591  1.382854e-01 0.90399999999999999995
1  4.17e+06  0.2733242597  1.382854e-01 0.90399999999999999995
1  4.37e+06  0.2732557692  1.382854e-01 0.90399999999999999995
1  4.57e+06  0.273191227  1.382854e-01 0.90399999999999999995
1  4.79e+06  0.2731304622  1.382854e-01 0.90399999999999999995
1  5.01e+06  0.2730732985  1.382854e-01 0.90399999999999999995
1  5.25e+06  0.2730195569  1.382854e-01 0.90399999999999999995
1  5.50e+06  0.2729689942  1.382854e-01 0.90399999999999999995
1  5.75e+06  0.272921569  1.382854e-01 0.90399999999999999995
1  6.03e+06  0.2728770385  1.382854e-01 0.90399999999999999995
1  6.31e+06  0.2728352354  1.382854e-01 0.90399999999999999995
1  6.61e+06  0.272795999  1.382854e-01 0.90399999999999999995
1  6.92e+06  0.2727591747  1.382854e-01 0.90399999999999999995
1  7.24e+06  0.2727246153  1.382854e-01 0.90399999999999999995
1  7.59e+06  0.2726921806  1.382854e-01 0.90399999999999999995
1  7.94e+06  0.2726617376  1.382854e-01 0.90399999999999999995
1  8.32e+06  0.272633161  1.382854e-01 0.90399999999999999995
1  8.71e+06  0.272606332  1.382854e-01 0.90399999999999999995
1  9.12e+06  0.2725811393  1.382854e-01 0.90399999999999999995
1  9.55e+06  0.2725574779  1.382854e-01 0.90399999999999999995
1  1.00e+07  0.2725352496  1.382854e-01 0.90399999999999999995
