1  1.00e-03  0.2739384933  1.445572e-01 0.94499999999999999999
1  1.05e-03  0.2739384902  1.445572e-01 0.94499999999999999999
1  1.10e-03  0.2739384965  1.445572e-01 0.94499999999999999999
1  1.15e-03  0.2739384969  1.445572e-01 0.94499999999999999999
1  1.20e-03  0.2739384925  1.445572e-01 0.94499999999999999999
1  1.26e-03  0.273938498  1.445572e-01 0.94499999999999999999
1  1.32e-03  0.2739384969  1.445572e-01 0.94499999999999999999
1  1.38e-03  0.2739384971  1.445572e-01 0.94499999999999999999
1  1.45e-03  0.2739384978  1.445572e-01 0.94499999999999999999
1  1.51e-03  0.2739384917  1.445572e-01 0.94499999999999999999
1  1.58e-03  0.2739384925  1.445572e-01 0.94499999999999999999
1  1.66e-03  0.2739384921  1.445572e-01 0.94499999999999999999
1  1.74e-03  0.2739384935  1.445572e-01 0.94499999999999999999
1  1.82e-03  0.2739384937  1.445572e-01 0.94499999999999999999
1  1.91e-03  0.2739384907  1.445572e-01 0.94499999999999999999
1  2.00e-03  0.2739384933  1.445572e-01 0.94499999999999999999
1  2.09e-03  0.2739384916  1.445572e-01 0.94499999999999999999
1  2.19e-03  0.2739384987  1.445572e-01 0.94499999999999999999
1  2.29e-03  0.2739384986  1.445572e-01 0.94499999999999999999
1  2.40e-03  0.2739384974  1.445572e-01 0.94499999999999999999
1  2.51e-03  0.273938496  1.445572e-01 0.94499999999999999999
1  2.63e-03  0.2739384955  1.445572e-01 0.94499999999999999999
1  2.75e-03  0.2739384949  1.445572e-01 0.94499999999999999999
1  2.88e-03  0.2739384993  1.445572e-01 0.94499999999999999999
1  3.02e-03  0.273938496  1.445572e-01 0.94499999999999999999
1  3.16e-03  0.2739384984  1.445572e-01 0.94499999999999999999
1  3.31e-03  0.2739385009  1.445572e-01 0.94499999999999999999
1  3.47e-03  0.2739384964  1.445572e-01 0.94499999999999999999
1  3.63e-03  0.2739384933  1.445572e-01 0.94499999999999999999
1  3.80e-03  0.2739384965  1.445572e-01 0.94499999999999999999
1  3.98e-03  0.2739384952  1.445572e-01 0.94499999999999999999
1  4.17e-03  0.2739385021  1.445572e-01 0.94499999999999999999
1  4.37e-03  0.2739384973  1.445572e-01 0.94499999999999999999
1  4.57e-03  0.2739384962  1.445572e-01 0.94499999999999999999
1  4.79e-03  0.2739384945  1.445572e-01 0.94499999999999999999
1  5.01e-03  0.273938497  1.445572e-01 0.94499999999999999999
1  5.25e-03  0.2739384986  1.445572e-01 0.94499999999999999999
1  5.50e-03  0.2739384944  1.445572e-01 0.94499999999999999999
1  5.75e-03  0.2739384947  1.445572e-01 0.94499999999999999999
1  6.03e-03  0.2739385006  1.445572e-01 0.94499999999999999999
1  6.31e-03  0.2739384956  1.445572e-01 0.94499999999999999999
1  6.61e-03  0.2739385173  1.445572e-01 0.94499999999999999999
1  6.92e-03  0.2739384954  1.445572e-01 0.94499999999999999999
1  7.24e-03  0.2739384973  1.445572e-01 0.94499999999999999999
1  7.59e-03  0.2739385019  1.445572e-01 0.94499999999999999999
1  7.94e-03  0.2739384955  1.445572e-01 0.94499999999999999999
1  8.32e-03  0.2739384969  1.445572e-01 0.94499999999999999999
1  8.71e-03  0.2739384975  1.445572e-01 0.94499999999999999999
1  9.12e-03  0.2739384959  1.445572e-01 0.94499999999999999999
1  9.55e-03  0.27393849  1.445572e-01 0.94499999999999999999
1  1.00e-02  0.2739384801  1.445572e-01 0.94499999999999999999
1  1.05e-02  0.2739384906  1.445572e-01 0.94499999999999999999
1  1.10e-02  0.2739384949  1.445572e-01 0.94499999999999999999
1  1.15e-02  0.2739384935  1.445572e-01 0.94499999999999999999
1  1.20e-02  0.273938495  1.445572e-01 0.94499999999999999999
1  1.26e-02  0.2739385043  1.445572e-01 0.94499999999999999999
1  1.32e-02  0.2739384911  1.445572e-01 0.94499999999999999999
1  1.38e-02  0.2739384971  1.445572e-01 0.94499999999999999999
1  1.45e-02  0.2739384927  1.445572e-01 0.94499999999999999999
1  1.51e-02  0.2739384912  1.445572e-01 0.94499999999999999999
1  1.58e-02  0.2739384897  1.445572e-01 0.94499999999999999999
1  1.66e-02  0.2739385043  1.445572e-01 0.94499999999999999999
1  1.74e-02  0.2739384911  1.445572e-01 0.94499999999999999999
1  1.82e-02  0.2739385038  1.445572e-01 0.94499999999999999999
1  1.91e-02  0.2739384949  1.445572e-01 0.94499999999999999999
1  2.00e-02  0.2739385053  1.445572e-01 0.94499999999999999999
1  2.09e-02  0.2739384714  1.445572e-01 0.94499999999999999999
1  2.19e-02  0.2739385124  1.445572e-01 0.94499999999999999999
1  2.29e-02  0.2739385122  1.445572e-01 0.94499999999999999999
1  2.40e-02  0.2739384953  1.445572e-01 0.94499999999999999999
1  2.51e-02  0.2739388848  1.445572e-01 0.94499999999999999999
1  2.63e-02  0.2739385018  1.445572e-01 0.94499999999999999999
1  2.75e-02  0.2739384854  1.445572e-01 0.94499999999999999999
1  2.88e-02  0.2739385108  1.445572e-01 0.94499999999999999999
1  3.02e-02  0.2739385062  1.445572e-01 0.94499999999999999999
1  3.16e-02  0.2739385309  1.445572e-01 0.94499999999999999999
1  3.31e-02  0.2739384985  1.445572e-01 0.94499999999999999999
1  3.47e-02  0.2739385099  1.445572e-01 0.94499999999999999999
1  3.63e-02  0.2739385172  1.445572e-01 0.94499999999999999999
1  3.80e-02  0.2739384918  1.445572e-01 0.94499999999999999999
1  3.98e-02  0.2739384654  1.445572e-01 0.94499999999999999999
1  4.17e-02  0.2739385949  1.445572e-01 0.94499999999999999999
1  4.37e-02  0.2739384397  1.445572e-01 0.94499999999999999999
1  4.57e-02  0.2739381683  1.445572e-01 0.94499999999999999999
1  4.79e-02  0.2739384571  1.445572e-01 0.94499999999999999999
1  5.01e-02  0.2739384615  1.445572e-01 0.94499999999999999999
1  5.25e-02  0.273938494  1.445572e-01 0.94499999999999999999
1  5.50e-02  0.2739384741  1.445572e-01 0.94499999999999999999
1  5.75e-02  0.273938498  1.445572e-01 0.94499999999999999999
1  6.03e-02  0.2739385044  1.445572e-01 0.94499999999999999999
1  6.31e-02  0.2739389603  1.445572e-01 0.94499999999999999999
1  6.61e-02  0.2739385087  1.445572e-01 0.94499999999999999999
1  6.92e-02  0.2739384678  1.445572e-01 0.94499999999999999999
1  7.24e-02  0.2739385564  1.445572e-01 0.94499999999999999999
1  7.59e-02  0.2739385227  1.445572e-01 0.94499999999999999999
1  7.94e-02  0.2739385251  1.445572e-01 0.94499999999999999999
1  8.32e-02  0.273938506  1.445572e-01 0.94499999999999999999
1  8.71e-02  0.2739296115  1.445572e-01 0.94499999999999999999
1  9.12e-02  0.2739384277  1.445572e-01 0.94499999999999999999
1  9.55e-02  0.2739383993  1.445572e-01 0.94499999999999999999
1  1.00e-01  0.2739384235  1.445572e-01 0.94499999999999999999
1  1.05e-01  0.2739384475  1.445572e-01 0.94499999999999999999
1  1.10e-01  0.2739384314  1.445572e-01 0.94499999999999999999
1  1.15e-01  0.2739385382  1.445572e-01 0.94499999999999999999
1  1.20e-01  0.2739385109  1.445572e-01 0.94499999999999999999
1  1.26e-01  0.2739384755  1.445572e-01 0.94499999999999999999
1  1.32e-01  0.2739385356  1.445572e-01 0.94499999999999999999
1  1.38e-01  0.2739384613  1.445572e-01 0.94499999999999999999
1  1.45e-01  0.2739385412  1.445572e-01 0.94499999999999999999
1  1.51e-01  0.2739381408  1.445572e-01 0.94499999999999999999
1  1.58e-01  0.2739385704  1.445572e-01 0.94499999999999999999
1  1.66e-01  0.2739385948  1.445572e-01 0.94499999999999999999
1  1.74e-01  0.2739383987  1.445572e-01 0.94499999999999999999
1  1.82e-01  0.2739384339  1.445572e-01 0.94499999999999999999
1  1.91e-01  0.2739384672  1.445572e-01 0.94499999999999999999
1  2.00e-01  0.273938462  1.445572e-01 0.94499999999999999999
1  2.09e-01  0.273938616  1.445572e-01 0.94499999999999999999
1  2.19e-01  0.27393862  1.445572e-01 0.94499999999999999999
1  2.29e-01  0.2739384428  1.445572e-01 0.94499999999999999999
1  2.40e-01  0.2739384748  1.445572e-01 0.94499999999999999999
1  2.51e-01  0.2739386588  1.445572e-01 0.94499999999999999999
1  2.63e-01  0.2739384559  1.445572e-01 0.94499999999999999999
1  2.75e-01  0.2739384507  1.445572e-01 0.94499999999999999999
1  2.88e-01  0.2739384539  1.445572e-01 0.94499999999999999999
1  3.02e-01  0.273938402  1.445572e-01 0.94499999999999999999
1  3.16e-01  0.2739387646  1.445572e-01 0.94499999999999999999
1  3.31e-01  0.273938637  1.445572e-01 0.94499999999999999999
1  3.47e-01  0.2739382833  1.445572e-01 0.94499999999999999999
1  3.63e-01  0.2739386566  1.445572e-01 0.94499999999999999999
1  3.80e-01  0.2739384307  1.445572e-01 0.94499999999999999999
1  3.98e-01  0.2739384414  1.445572e-01 0.94499999999999999999
1  4.17e-01  0.2739387858  1.445572e-01 0.94499999999999999999
1  4.37e-01  0.2739396972  1.445572e-01 0.94499999999999999999
1  4.57e-01  0.2739388264  1.445572e-01 0.94499999999999999999
1  4.79e-01  0.2739385477  1.445572e-01 0.94499999999999999999
1  5.01e-01  0.273938847  1.445572e-01 0.94499999999999999999
1  5.25e-01  0.2739388218  1.445572e-01 0.94499999999999999999
1  5.50e-01  0.2739388963  1.445572e-01 0.94499999999999999999
1  5.75e-01  0.2739376889  1.445572e-01 0.94499999999999999999
1  6.03e-01  0.2739363463  1.445572e-01 0.94499999999999999999
1  6.31e-01  0.2739390305  1.445572e-01 0.94499999999999999999
1  6.61e-01  0.2739382793  1.445572e-01 0.94499999999999999999
1  6.92e-01  0.273938979  1.445572e-01 0.94499999999999999999
1  7.24e-01  0.273938459  1.445572e-01 0.94499999999999999999
1  7.59e-01  0.2739386637  1.445572e-01 0.94499999999999999999
1  7.94e-01  0.2739385389  1.445572e-01 0.94499999999999999999
1  8.32e-01  0.2739390024  1.445572e-01 0.94499999999999999999
1  8.71e-01  0.273937596  1.445572e-01 0.94499999999999999999
1  9.12e-01  0.2739386119  1.445572e-01 0.94499999999999999999
1  9.55e-01  0.2739385845  1.445572e-01 0.94499999999999999999
1  1.00e+00  0.2739384753  1.445572e-01 0.94499999999999999999
1  1.05e+00  0.2739385827  1.445572e-01 0.94499999999999999999
1  1.10e+00  0.2739393618  1.445572e-01 0.94499999999999999999
1  1.15e+00  0.2739393149  1.445572e-01 0.94499999999999999999
1  1.20e+00  0.2739393943  1.445572e-01 0.94499999999999999999
1  1.26e+00  0.2739390251  1.445572e-01 0.94499999999999999999
1  1.32e+00  0.2739389818  1.445572e-01 0.94499999999999999999
1  1.38e+00  0.2739391601  1.445572e-01 0.94499999999999999999
1  1.45e+00  0.2739388722  1.445572e-01 0.94499999999999999999
1  1.51e+00  0.2739387586  1.445572e-01 0.94499999999999999999
1  1.58e+00  0.2739397551  1.445572e-01 0.94499999999999999999
1  1.66e+00  0.2739391878  1.445572e-01 0.94499999999999999999
1  1.74e+00  0.2739394667  1.445572e-01 0.94499999999999999999
1  1.82e+00  0.2739393249  1.445572e-01 0.94499999999999999999
1  1.91e+00  0.2739395287  1.445572e-01 0.94499999999999999999
1  2.00e+00  0.2739384487  1.445572e-01 0.94499999999999999999
1  2.09e+00  0.2739391131  1.445572e-01 0.94499999999999999999
1  2.19e+00  0.2739390683  1.445572e-01 0.94499999999999999999
1  2.29e+00  0.2739385092  1.445572e-01 0.94499999999999999999
1  2.40e+00  0.2739428737  1.445572e-01 0.94499999999999999999
1  2.51e+00  0.2739389089  1.445572e-01 0.94499999999999999999
1  2.63e+00  0.2739390305  1.445572e-01 0.94499999999999999999
1  2.75e+00  0.2739400941  1.445572e-01 0.94499999999999999999
1  2.88e+00  0.2739405185  1.445572e-01 0.94499999999999999999
1  3.02e+00  0.2739368382  1.445572e-01 0.94499999999999999999
1  3.16e+00  0.2739391304  1.445572e-01 0.94499999999999999999
1  3.31e+00  0.2739349953  1.445572e-01 0.94499999999999999999
1  3.47e+00  0.2739414884  1.445572e-01 0.94499999999999999999
1  3.63e+00  0.2739386103  1.445572e-01 0.94499999999999999999
1  3.80e+00  0.2739403218  1.445572e-01 0.94499999999999999999
1  3.98e+00  0.2739412377  1.445572e-01 0.94499999999999999999
1  4.17e+00  0.2739406501  1.445572e-01 0.94499999999999999999
1  4.37e+00  0.2739383452  1.445572e-01 0.94499999999999999999
1  4.57e+00  0.2739363608  1.445572e-01 0.94499999999999999999
1  4.79e+00  0.2739408557  1.445572e-01 0.94499999999999999999
1  5.01e+00  0.2739390164  1.445572e-01 0.94499999999999999999
1  5.25e+00  0.2739487793  1.445572e-01 0.94499999999999999999
1  5.50e+00  0.273939762  1.445572e-01 0.94499999999999999999
1  5.75e+00  0.2739451787  1.445572e-01 0.94499999999999999999
1  6.03e+00  0.2739410563  1.445572e-01 0.94499999999999999999
1  6.31e+00  0.2739426833  1.445572e-01 0.94499999999999999999
1  6.61e+00  0.2739409952  1.445572e-01 0.94499999999999999999
1  6.92e+00  0.273940633  1.445572e-01 0.94499999999999999999
1  7.24e+00  0.2739389262  1.445572e-01 0.94499999999999999999
1  7.59e+00  0.273957978  1.445572e-01 0.94499999999999999999
1  7.94e+00  0.2739247699  1.445572e-01 0.94499999999999999999
1  8.32e+00  0.2739386172  1.445572e-01 0.94499999999999999999
1  8.71e+00  0.2739523147  1.445572e-01 0.94499999999999999999
1  9.12e+00  0.2739268139  1.445572e-01 0.94499999999999999999
1  9.55e+00  0.2739458186  1.445572e-01 0.94499999999999999999
1  1.00e+01  0.2739255946  1.445572e-01 0.94499999999999999999
1  1.05e+01  0.2739323972  1.445572e-01 0.94499999999999999999
1  1.10e+01  0.273941416  1.445572e-01 0.94499999999999999999
1  1.15e+01  0.2739420917  1.445572e-01 0.94499999999999999999
1  1.20e+01  0.273938631  1.445572e-01 0.94499999999999999999
1  1.26e+01  0.2739495146  1.445572e-01 0.94499999999999999999
1  1.32e+01  0.2739427137  1.445572e-01 0.94499999999999999999
1  1.38e+01  0.2739407387  1.445572e-01 0.94499999999999999999
1  1.45e+01  0.2739394899  1.445572e-01 0.94499999999999999999
1  1.51e+01  0.2739417198  1.445572e-01 0.94499999999999999999
1  1.58e+01  0.2739650103  1.445572e-01 0.94499999999999999999
1  1.66e+01  0.2739584205  1.445572e-01 0.94499999999999999999
1  1.74e+01  0.2739470657  1.445572e-01 0.94499999999999999999
1  1.82e+01  0.2739449097  1.445572e-01 0.94499999999999999999
1  1.91e+01  0.2739510371  1.445572e-01 0.94499999999999999999
1  2.00e+01  0.2739525809  1.445572e-01 0.94499999999999999999
1  2.09e+01  0.2739647372  1.445572e-01 0.94499999999999999999
1  2.19e+01  0.2739468016  1.445572e-01 0.94499999999999999999
1  2.29e+01  0.273998891  1.445572e-01 0.94499999999999999999
1  2.40e+01  0.2740092907  1.445572e-01 0.94499999999999999999
1  2.51e+01  0.273999098  1.445572e-01 0.94499999999999999999
1  2.63e+01  0.2738585361  1.445572e-01 0.94499999999999999999
1  2.75e+01  0.2740431676  1.445572e-01 0.94499999999999999999
1  2.88e+01  0.2739159683  1.445572e-01 0.94499999999999999999
1  3.02e+01  0.2738534306  1.445572e-01 0.94499999999999999999
1  3.16e+01  0.2740875523  1.445572e-01 0.94499999999999999999
1  3.31e+01  0.2739417622  1.445572e-01 0.94499999999999999999
1  3.47e+01  0.2738903725  1.445572e-01 0.94499999999999999999
1  3.63e+01  0.2739878567  1.445572e-01 0.94499999999999999999
1  3.80e+01  0.2738980558  1.445572e-01 0.94499999999999999999
1  3.98e+01  0.2739988537  1.445572e-01 0.94499999999999999999
1  4.17e+01  0.2740183949  1.445572e-01 0.94499999999999999999
1  4.37e+01  0.2739880251  1.445572e-01 0.94499999999999999999
1  4.57e+01  0.2739662237  1.445572e-01 0.94499999999999999999
1  4.79e+01  0.2739183392  1.445572e-01 0.94499999999999999999
1  5.01e+01  0.273906754  1.445572e-01 0.94499999999999999999
1  5.25e+01  0.274049146  1.445572e-01 0.94499999999999999999
1  5.50e+01  0.2740126927  1.445572e-01 0.94499999999999999999
1  5.75e+01  0.2739642333  1.445572e-01 0.94499999999999999999
1  6.03e+01  0.2739802382  1.445572e-01 0.94499999999999999999
1  6.31e+01  0.273991416  1.445572e-01 0.94499999999999999999
1  6.61e+01  0.2739648993  1.445572e-01 0.94499999999999999999
1  6.92e+01  0.2740562456  1.445572e-01 0.94499999999999999999
1  7.24e+01  0.2740573516  1.445572e-01 0.94499999999999999999
1  7.59e+01  0.27398369  1.445572e-01 0.94499999999999999999
1  7.94e+01  0.2739753216  1.445572e-01 0.94499999999999999999
1  8.32e+01  0.273950586  1.445572e-01 0.94499999999999999999
1  8.71e+01  0.2740504131  1.445572e-01 0.94499999999999999999
1  9.12e+01  0.27398363  1.445572e-01 0.94499999999999999999
1  9.55e+01  0.2739791131  1.445572e-01 0.94499999999999999999
1  1.00e+02  0.2739236715  1.445572e-01 0.94499999999999999999
1  1.05e+02  0.2740696769  1.445572e-01 0.94499999999999999999
1  1.10e+02  0.2739235042  1.445572e-01 0.94499999999999999999
1  1.15e+02  0.2739725645  1.445572e-01 0.94499999999999999999
1  1.20e+02  0.2740968851  1.445572e-01 0.94499999999999999999
1  1.26e+02  0.2740054939  1.445572e-01 0.94499999999999999999
1  1.32e+02  0.2739422385  1.445572e-01 0.94499999999999999999
1  1.38e+02  0.2739907397  1.445572e-01 0.94499999999999999999
1  1.45e+02  0.2740383697  1.445572e-01 0.94499999999999999999
1  1.51e+02  0.2739015596  1.445572e-01 0.94499999999999999999
1  1.58e+02  0.2741018553  1.445572e-01 0.94499999999999999999
1  1.66e+02  0.2738950843  1.445572e-01 0.94499999999999999999
1  1.74e+02  0.274072722  1.445572e-01 0.94499999999999999999
1  1.82e+02  0.2739980517  1.445572e-01 0.94499999999999999999
1  1.91e+02  0.2739236623  1.445572e-01 0.94499999999999999999
1  2.00e+02  0.2738881392  1.445572e-01 0.94499999999999999999
1  2.09e+02  0.2739361904  1.445572e-01 0.94499999999999999999
1  2.19e+02  0.2741116566  1.445572e-01 0.94499999999999999999
1  2.29e+02  0.2739709246  1.445572e-01 0.94499999999999999999
1  2.40e+02  0.2741208982  1.445572e-01 0.94499999999999999999
1  2.51e+02  0.2741206752  1.445572e-01 0.94499999999999999999
1  2.63e+02  0.2740752587  1.445572e-01 0.94499999999999999999
1  2.75e+02  0.2739501508  1.445572e-01 0.94499999999999999999
1  2.88e+02  0.2740452058  1.445572e-01 0.94499999999999999999
1  3.02e+02  0.2740895216  1.445572e-01 0.94499999999999999999
1  3.16e+02  0.273967882  1.445572e-01 0.94499999999999999999
1  3.31e+02  0.2741241872  1.445572e-01 0.94499999999999999999
1  3.47e+02  0.2739386395  1.445572e-01 0.94499999999999999999
1  3.63e+02  0.2739536807  1.445572e-01 0.94499999999999999999
1  3.80e+02  0.2740933904  1.445572e-01 0.94499999999999999999
1  3.98e+02  0.2740392119  1.445572e-01 0.94499999999999999999
1  4.17e+02  0.2742389495  1.445572e-01 0.94499999999999999999
1  4.37e+02  0.2741834046  1.445572e-01 0.94499999999999999999
1  4.57e+02  0.2739810439  1.445572e-01 0.94499999999999999999
1  4.79e+02  0.2742133634  1.445572e-01 0.94499999999999999999
1  5.01e+02  0.274321739  1.445572e-01 0.94499999999999999999
1  5.25e+02  0.2740545889  1.445572e-01 0.94499999999999999999
1  5.50e+02  0.2742573768  1.445572e-01 0.94499999999999999999
1  5.75e+02  0.2739259039  1.445572e-01 0.94499999999999999999
1  6.03e+02  0.2739592745  1.445572e-01 0.94499999999999999999
1  6.31e+02  0.2743001118  1.445572e-01 0.94499999999999999999
1  6.61e+02  0.2740655981  1.445572e-01 0.94499999999999999999
1  6.92e+02  0.2744070899  1.445572e-01 0.94499999999999999999
1  7.24e+02  0.2744051194  1.445572e-01 0.94499999999999999999
1  7.59e+02  0.2739597618  1.445572e-01 0.94499999999999999999
1  7.94e+02  0.2746404246  1.445572e-01 0.94499999999999999999
1  8.32e+02  0.2741455726  1.445572e-01 0.94499999999999999999
1  8.71e+02  0.2740879457  1.445572e-01 0.94499999999999999999
1  9.12e+02  0.2750390266  1.445572e-01 0.94499999999999999999
1  9.55e+02  0.2739294787  1.445572e-01 0.94499999999999999999
1  1.00e+03  0.2742464915  1.445572e-01 0.94499999999999999999
1  1.05e+03  0.2741299372  1.445572e-01 0.94499999999999999999
1  1.10e+03  0.2752993198  1.445572e-01 0.94499999999999999999
1  1.15e+03  0.2744473793  1.445572e-01 0.94499999999999999999
1  1.20e+03  0.2759145718  1.445572e-01 0.94499999999999999999
1  1.26e+03  0.274360558  1.445572e-01 0.94499999999999999999
1  1.32e+03  0.2739377014  1.445572e-01 0.94499999999999999999
1  1.38e+03  0.2734073305  1.445572e-01 0.94499999999999999999
1  1.45e+03  0.2732371362  1.445572e-01 0.94499999999999999999
1  1.51e+03  0.2767476364  1.445572e-01 0.94499999999999999999
1  1.58e+03  0.279482545  1.445572e-01 0.94499999999999999999
1  1.66e+03  0.2779834625  1.445572e-01 0.94499999999999999999
1  1.74e+03  0.2778436384  1.445572e-01 0.94499999999999999999
1  1.82e+03  0.2759175337  1.445572e-01 0.94499999999999999999
1  1.91e+03  0.2682128855  1.445572e-01 0.94499999999999999999
1  2.00e+03  0.2737720731  1.445572e-01 0.94499999999999999999
1  2.09e+03  0.2697439594  1.445572e-01 0.94499999999999999999
1  2.19e+03  0.266655862  1.445572e-01 0.94499999999999999999
1  2.29e+03  0.2682263745  1.445572e-01 0.94499999999999999999
1  2.40e+03  0.2704359733  1.445572e-01 0.94499999999999999999
1  2.51e+03  0.2813696865  1.445572e-01 0.94499999999999999999
1  2.63e+03  0.2932797536  1.445572e-01 0.94499999999999999999
1  2.75e+03  0.2744410513  1.445572e-01 0.94499999999999999999
1  2.88e+03  0.2962066763  1.445572e-01 0.94499999999999999999
1  3.02e+03  0.2874982836  1.445572e-01 0.94499999999999999999
1  3.16e+03  0.2707261606  1.445572e-01 0.94499999999999999999
1  3.31e+03  0.2660719516  1.445572e-01 0.94499999999999999999
1  3.47e+03  0.2623612886  1.445572e-01 0.94499999999999999999
1  3.63e+03  0.2629793347  1.445572e-01 0.94499999999999999999
1  3.80e+03  0.2768519009  1.445572e-01 0.94499999999999999999
1  3.98e+03  0.2750123198  1.445572e-01 0.94499999999999999999
1  4.17e+03  0.2517483577  1.445572e-01 0.94499999999999999999
1  4.37e+03  0.2755801492  1.445572e-01 0.94499999999999999999
1  4.57e+03  0.2509867375  1.445572e-01 0.94499999999999999999
1  4.79e+03  0.2641436112  1.445572e-01 0.94499999999999999999
1  5.01e+03  0.274939928  1.445572e-01 0.94499999999999999999
1  5.25e+03  0.2622037323  1.445572e-01 0.94499999999999999999
1  5.50e+03  0.2545841856  1.445572e-01 0.94499999999999999999
1  5.75e+03  0.2507718781  1.445572e-01 0.94499999999999999999
1  6.03e+03  0.2581820353  1.445572e-01 0.94499999999999999999
1  6.31e+03  0.263902002  1.445572e-01 0.94499999999999999999
1  6.61e+03  0.2954674766  1.445572e-01 0.94499999999999999999
1  6.92e+03  0.2984755017  1.445572e-01 0.94499999999999999999
1  7.24e+03  0.2584356084  1.445572e-01 0.94499999999999999999
1  7.59e+03  0.3016098054  1.445572e-01 0.94499999999999999999
1  7.94e+03  0.2897293362  1.445572e-01 0.94499999999999999999
1  8.32e+03  0.2941541829  1.445572e-01 0.94499999999999999999
1  8.71e+03  0.2912021851  1.445572e-01 0.94499999999999999999
1  9.12e+03  0.3236485662  1.445572e-01 0.94499999999999999999
1  9.55e+03  0.2532981842  1.445572e-01 0.94499999999999999999
1  1.00e+04  0.3138194165  1.445572e-01 0.94499999999999999999
1  1.05e+04  0.3385528536  1.445572e-01 0.94499999999999999999
1  1.10e+04  0.3059780199  1.445572e-01 0.94499999999999999999
1  1.15e+04  0.2614906401  1.445572e-01 0.94499999999999999999
1  1.20e+04  0.2818899535  1.445572e-01 0.94499999999999999999
1  1.26e+04  0.2907644109  1.445572e-01 0.94499999999999999999
1  1.32e+04  0.2971838898  1.445572e-01 0.94499999999999999999
1  1.38e+04  0.3081235394  1.445572e-01 0.94499999999999999999
1  1.45e+04  0.2947563291  1.445572e-01 0.94499999999999999999
1  1.51e+04  0.285680424  1.445572e-01 0.94499999999999999999
1  1.58e+04  0.2904947056  1.445572e-01 0.94499999999999999999
1  1.66e+04  0.2828850502  1.445572e-01 0.94499999999999999999
1  1.74e+04  0.3733856823  1.445572e-01 0.94499999999999999999
1  1.82e+04  0.3702621567  1.445572e-01 0.94499999999999999999
1  1.91e+04  0.3515084189  1.445572e-01 0.94499999999999999999
1  2.00e+04  0.289639561  1.445572e-01 0.94499999999999999999
1  2.09e+04  0.3399760389  1.445572e-01 0.94499999999999999999
1  2.19e+04  0.4038639354  1.445572e-01 0.94499999999999999999
1  2.29e+04  0.2873143931  1.445572e-01 0.94499999999999999999
1  2.40e+04  0.3676761987  1.445572e-01 0.94499999999999999999
1  2.51e+04  0.3853928348  1.445572e-01 0.94499999999999999999
1  2.63e+04  0.2821098447  1.445572e-01 0.94499999999999999999
1  2.75e+04  0.4184107959  1.445572e-01 0.94499999999999999999
1  2.88e+04  0.283306433  1.445572e-01 0.94499999999999999999
1  3.02e+04  0.4032589947  1.445572e-01 0.94499999999999999999
1  3.16e+04  0.3018222322  1.445572e-01 0.94499999999999999999
1  3.31e+04  0.4057916354  1.445572e-01 0.94499999999999999999
1  3.47e+04  0.2836726463  1.445572e-01 0.94499999999999999999
1  3.63e+04  0.4212432752  1.445572e-01 0.94499999999999999999
1  3.80e+04  0.2907672362  1.445572e-01 0.94499999999999999999
1  3.98e+04  0.4050215469  1.445572e-01 0.94499999999999999999
1  4.17e+04  0.3201878842  1.445572e-01 0.94499999999999999999
1  4.37e+04  0.3304792348  1.445572e-01 0.94499999999999999999
1  4.57e+04  0.4059431364  1.445572e-01 0.94499999999999999999
1  4.79e+04  0.2962488272  1.445572e-01 0.94499999999999999999
1  5.01e+04  0.3266207074  1.445572e-01 0.94499999999999999999
1  5.25e+04  0.4154696965  1.445572e-01 0.94499999999999999999
1  5.50e+04  0.3022957823  1.445572e-01 0.94499999999999999999
1  5.75e+04  0.3279026184  1.445572e-01 0.94499999999999999999
1  6.03e+04  0.4200248991  1.445572e-01 0.94499999999999999999
1  6.31e+04  0.3137359149  1.445572e-01 0.94499999999999999999
1  6.61e+04  0.2931486094  1.445572e-01 0.94499999999999999999
1  6.92e+04  0.3853909424  1.445572e-01 0.94499999999999999999
1  7.24e+04  0.3694447951  1.445572e-01 0.94499999999999999999
1  7.59e+04  0.2932252487  1.445572e-01 0.94499999999999999999
1  7.94e+04  0.2839879909  1.445572e-01 0.94499999999999999999
1  8.32e+04  0.3325540356  1.445572e-01 0.94499999999999999999
1  8.71e+04  0.3675408348  1.445572e-01 0.94499999999999999999
1  9.12e+04  0.345828317  1.445572e-01 0.94499999999999999999
1  9.55e+04  0.2928264416  1.445572e-01 0.94499999999999999999
1  1.00e+05  0.2770794637  1.445572e-01 0.94499999999999999999
1  1.05e+05  0.3224121582  1.445572e-01 0.94499999999999999999
1  1.10e+05  0.374714544  1.445572e-01 0.94499999999999999999
1  1.15e+05  0.3730512465  1.445572e-01 0.94499999999999999999
1  1.20e+05  0.3226954149  1.445572e-01 0.94499999999999999999
1  1.26e+05  0.2801960417  1.445572e-01 0.94499999999999999999
1  1.32e+05  0.2861932106  1.445572e-01 0.94499999999999999999
1  1.38e+05  0.3294623128  1.445572e-01 0.94499999999999999999
1  1.45e+05  0.3682751315  1.445572e-01 0.94499999999999999999
1  1.51e+05  0.3721558939  1.445572e-01 0.94499999999999999999
1  1.58e+05  0.3424379271  1.445572e-01 0.94499999999999999999
1  1.66e+05  0.3029224445  1.445572e-01 0.94499999999999999999
1  1.74e+05  0.2780662511  1.445572e-01 0.94499999999999999999
1  1.82e+05  0.2779501526  1.445572e-01 0.94499999999999999999
1  1.91e+05  0.2968652457  1.445572e-01 0.94499999999999999999
1  2.00e+05  0.3210815038  1.445572e-01 0.94499999999999999999
1  2.09e+05  0.3379724049  1.445572e-01 0.94499999999999999999
1  2.19e+05  0.3413350825  1.445572e-01 0.94499999999999999999
1  2.29e+05  0.3319278729  1.445572e-01 0.94499999999999999999
1  2.40e+05  0.314938071  1.445572e-01 0.94499999999999999999
1  2.51e+05  0.2966867301  1.445572e-01 0.94499999999999999999
1  2.63e+05  0.2821585211  1.445572e-01 0.94499999999999999999
1  2.75e+05  0.2739068401  1.445572e-01 0.94499999999999999999
1  2.88e+05  0.2721313814  1.445572e-01 0.94499999999999999999
1  3.02e+05  0.2754130296  1.445572e-01 0.94499999999999999999
1  3.16e+05  0.2816113154  1.445572e-01 0.94499999999999999999
1  3.31e+05  0.2886045696  1.445572e-01 0.94499999999999999999
1  3.47e+05  0.2947434813  1.445572e-01 0.94499999999999999999
1  3.63e+05  0.2990254924  1.445572e-01 0.94499999999999999999
1  3.80e+05  0.3010660094  1.445572e-01 0.94499999999999999999
1  3.98e+05  0.3009576284  1.445572e-01 0.94499999999999999999
1  4.17e+05  0.2990933679  1.445572e-01 0.94499999999999999999
1  4.37e+05  0.2960036962  1.445572e-01 0.94499999999999999999
1  4.57e+05  0.2922320485  1.445572e-01 0.94499999999999999999
1  4.79e+05  0.2882549756  1.445572e-01 0.94499999999999999999
1  5.01e+05  0.2844420097  1.445572e-01 0.94499999999999999999
1  5.25e+05  0.2810454366  1.445572e-01 0.94499999999999999999
1  5.50e+05  0.2782094049  1.445572e-01 0.94499999999999999999
1  5.75e+05  0.2759892848  1.445572e-01 0.94499999999999999999
1  6.03e+05  0.2743745473  1.445572e-01 0.94499999999999999999
1  6.31e+05  0.2733108085  1.445572e-01 0.94499999999999999999
1  6.61e+05  0.272732185  1.445572e-01 0.94499999999999999999
1  6.92e+05  0.2725369526  1.445572e-01 0.94499999999999999999
1  7.24e+05  0.2726309241  1.445572e-01 0.94499999999999999999
1  7.59e+05  0.2729317673  1.445572e-01 0.94499999999999999999
1  7.94e+05  0.2733678608  1.445572e-01 0.94499999999999999999
1  8.32e+05  0.2738799092  1.445572e-01 0.94499999999999999999
1  8.71e+05  0.2744210311  1.445572e-01 0.94499999999999999999
1  9.12e+05  0.274955884  1.445572e-01 0.94499999999999999999
1  9.55e+05  0.2754592549  1.445572e-01 0.94499999999999999999
1  1.00e+06  0.2759144287  1.445572e-01 0.94499999999999999999
1  1.05e+06  0.2763115401  1.445572e-01 0.94499999999999999999
1  1.10e+06  0.2766460386  1.445572e-01 0.94499999999999999999
1  1.15e+06  0.2769173355  1.445572e-01 0.94499999999999999999
1  1.20e+06  0.2771276608  1.445572e-01 0.94499999999999999999
1  1.26e+06  0.2772811317  1.445572e-01 0.94499999999999999999
1  1.32e+06  0.2773830182  1.445572e-01 0.94499999999999999999
1  1.38e+06  0.2774391811  1.445572e-01 0.94499999999999999999
1  1.45e+06  0.2774556589  1.445572e-01 0.94499999999999999999
1  1.51e+06  0.2774376111  1.445572e-01 0.94499999999999999999
1  1.58e+06  0.277392238  1.445572e-01 0.94499999999999999999
1  1.66e+06  0.2773238739  1.445572e-01 0.94499999999999999999
1  1.74e+06  0.2772371857  1.445572e-01 0.94499999999999999999
1  1.82e+06  0.2771363096  1.445572e-01 0.94499999999999999999
1  1.91e+06  0.277024854  1.445572e-01 0.94499999999999999999
1  2.00e+06  0.2769059218  1.445572e-01 0.94499999999999999999
1  2.09e+06  0.2767821454  1.445572e-01 0.94499999999999999999
1  2.19e+06  0.2766557279  1.445572e-01 0.94499999999999999999
1  2.29e+06  0.2765284882  1.445572e-01 0.94499999999999999999
1  2.40e+06  0.276401906  1.445572e-01 0.94499999999999999999
1  2.51e+06  0.2762771652  1.445572e-01 0.94499999999999999999
1  2.63e+06  0.2761551949  1.445572e-01 0.94499999999999999999
1  2.75e+06  0.2760367072  1.445572e-01 0.94499999999999999999
1  2.88e+06  0.2759222303  1.445572e-01 0.94499999999999999999
1  3.02e+06  0.2758119451  1.445572e-01 0.94499999999999999999
1  3.16e+06  0.2757065047  1.445572e-01 0.94499999999999999999
1  3.31e+06  0.2756058406  1.445572e-01 0.94499999999999999999
1  3.47e+06  0.2755100124  1.445572e-01 0.94499999999999999999
1  3.63e+06  0.2754190124  1.445572e-01 0.94499999999999999999
1  3.80e+06  0.2753327794  1.445572e-01 0.94499999999999999999
1  3.98e+06  0.2752512113  1.445572e-01 0.94499999999999999999
1  4.17e+06  0.2751741746  1.445572e-01 0.94499999999999999999
1  4.37e+06  0.2751015131  1.445572e-01 0.94499999999999999999
1  4.57e+06  0.2750330542  1.445572e-01 0.94499999999999999999
1  4.79e+06  0.2749686152  1.445572e-01 0.94499999999999999999
1  5.01e+06  0.2749080073  1.445572e-01 0.94499999999999999999
1  5.25e+06  0.2748510391  1.445572e-01 0.94499999999999999999
1  5.50e+06  0.2747975198  1.445572e-01 0.94499999999999999999
1  5.75e+06  0.2747472614  1.445572e-01 0.94499999999999999999
1  6.03e+06  0.2747000297  1.445572e-01 0.94499999999999999999
1  6.31e+06  0.2746557512  1.445572e-01 0.94499999999999999999
1  6.61e+06  0.2746141992  1.445572e-01 0.94499999999999999999
1  6.92e+06  0.2745752093  1.445572e-01 0.94499999999999999999
1  7.24e+06  0.2745386244  1.445572e-01 0.94499999999999999999
1  7.59e+06  0.2745042952  1.445572e-01 0.94499999999999999999
1  7.94e+06  0.2744720801  1.445572e-01 0.94499999999999999999
1  8.32e+06  0.2744418454  1.445572e-01 0.94499999999999999999
1  8.71e+06  0.2744134651  1.445572e-01 0.94499999999999999999
1  9.12e+06  0.2743868203  1.445572e-01 0.94499999999999999999
1  9.55e+06  0.2743617996  1.445572e-01 0.94499999999999999999
1  1.00e+07  0.2743382983  1.445572e-01 0.94499999999999999999
