1  1.00e-03  0.1758978718 67407.032 1.02200000000000000002
1  1.05e-03  0.175896382 67407.032 1.02200000000000000002
1  1.10e-03  0.1758963844 67407.032 1.02200000000000000002
1  1.15e-03  0.1758963855 67407.032 1.02200000000000000002
1  1.20e-03  0.1758963837 67407.032 1.02200000000000000002
1  1.26e-03  0.175896387 67407.032 1.02200000000000000002
1  1.32e-03  0.1758963832 67407.032 1.02200000000000000002
1  1.38e-03  0.175896382 67407.032 1.02200000000000000002
1  1.45e-03  0.1758963867 67407.032 1.02200000000000000002
1  1.51e-03  0.1758963808 67407.032 1.02200000000000000002
1  1.58e-03  0.1758963828 67407.032 1.02200000000000000002
1  1.66e-03  0.1758963861 67407.032 1.02200000000000000002
1  1.74e-03  0.1758963874 67407.032 1.02200000000000000002
1  1.82e-03  0.1758963879 67407.032 1.02200000000000000002
1  1.91e-03  0.1758963807 67407.032 1.02200000000000000002
1  2.00e-03  0.1758963805 67407.032 1.02200000000000000002
1  2.09e-03  0.1758963818 67407.032 1.02200000000000000002
1  2.19e-03  0.1758963873 67407.032 1.02200000000000000002
1  2.29e-03  0.175896384 67407.032 1.02200000000000000002
1  2.40e-03  0.1758963914 67407.032 1.02200000000000000002
1  2.51e-03  0.1758963869 67407.032 1.02200000000000000002
1  2.63e-03  0.1758964123 67407.032 1.02200000000000000002
1  2.75e-03  0.1758964105 67407.032 1.02200000000000000002
1  2.88e-03  0.1758963859 67407.032 1.02200000000000000002
1  3.02e-03  0.1758963909 67407.032 1.02200000000000000002
1  3.16e-03  0.1758963913 67407.032 1.02200000000000000002
1  3.31e-03  0.1758963902 67407.032 1.02200000000000000002
1  3.47e-03  0.1758963828 67407.032 1.02200000000000000002
1  3.63e-03  0.1758963796 67407.032 1.02200000000000000002
1  3.80e-03  0.1758963819 67407.032 1.02200000000000000002
1  3.98e-03  0.1758963881 67407.032 1.02200000000000000002
1  4.17e-03  0.1758963926 67407.032 1.02200000000000000002
1  4.37e-03  0.1758963915 67407.032 1.02200000000000000002
1  4.57e-03  0.1758963935 67407.032 1.02200000000000000002
1  4.79e-03  0.1758963785 67407.032 1.02200000000000000002
1  5.01e-03  0.1758963914 67407.032 1.02200000000000000002
1  5.25e-03  0.1758963966 67407.032 1.02200000000000000002
1  5.50e-03  0.1758963747 67407.032 1.02200000000000000002
1  5.75e-03  0.1758963892 67407.032 1.02200000000000000002
1  6.03e-03  0.1758963987 67407.032 1.02200000000000000002
1  6.31e-03  0.1758963843 67407.032 1.02200000000000000002
1  6.61e-03  0.1758964006 67407.032 1.02200000000000000002
1  6.92e-03  0.1758963832 67407.032 1.02200000000000000002
1  7.24e-03  0.1758963767 67407.032 1.02200000000000000002
1  7.59e-03  0.1758964 67407.032 1.02200000000000000002
1  7.94e-03  0.1758963822 67407.032 1.02200000000000000002
1  8.32e-03  0.1758963817 67407.032 1.02200000000000000002
1  8.71e-03  0.175896403 67407.032 1.02200000000000000002
1  9.12e-03  0.1758963714 67407.032 1.02200000000000000002
1  9.55e-03  0.1758963701 67407.032 1.02200000000000000002
1  1.00e-02  0.1758963925 67407.032 1.02200000000000000002
1  1.05e-02  0.1758963678 67407.032 1.02200000000000000002
1  1.10e-02  0.1758963712 67407.032 1.02200000000000000002
1  1.15e-02  0.1758963853 67407.032 1.02200000000000000002
1  1.20e-02  0.1758963924 67407.032 1.02200000000000000002
1  1.26e-02  0.1758963976 67407.032 1.02200000000000000002
1  1.32e-02  0.1758961072 67407.032 1.02200000000000000002
1  1.38e-02  0.1758964025 67407.032 1.02200000000000000002
1  1.45e-02  0.175896387 67407.032 1.02200000000000000002
1  1.51e-02  0.1758963773 67407.032 1.02200000000000000002
1  1.58e-02  0.1758964012 67407.032 1.02200000000000000002
1  1.66e-02  0.1758964171 67407.032 1.02200000000000000002
1  1.74e-02  0.175896372 67407.032 1.02200000000000000002
1  1.82e-02  0.1758964241 67407.032 1.02200000000000000002
1  1.91e-02  0.175896373 67407.032 1.02200000000000000002
1  2.00e-02  0.1758963934 67407.032 1.02200000000000000002
1  2.09e-02  0.1758964222 67407.032 1.02200000000000000002
1  2.19e-02  0.1758964367 67407.032 1.02200000000000000002
1  2.29e-02  0.1758964409 67407.032 1.02200000000000000002
1  2.40e-02  0.1758963717 67407.032 1.02200000000000000002
1  2.51e-02  0.1758961878 67407.032 1.02200000000000000002
1  2.63e-02  0.1758957881 67407.032 1.02200000000000000002
1  2.75e-02  0.1758964522 67407.032 1.02200000000000000002
1  2.88e-02  0.1758964791 67407.032 1.02200000000000000002
1  3.02e-02  0.1758965353 67407.032 1.02200000000000000002
1  3.16e-02  0.1758966332 67407.032 1.02200000000000000002
1  3.31e-02  0.1758964415 67407.032 1.02200000000000000002
1  3.47e-02  0.1758964155 67407.032 1.02200000000000000002
1  3.63e-02  0.1758965242 67407.032 1.02200000000000000002
1  3.80e-02  0.1758963213 67407.032 1.02200000000000000002
1  3.98e-02  0.1758965182 67407.032 1.02200000000000000002
1  4.17e-02  0.1758959747 67407.032 1.02200000000000000002
1  4.37e-02  0.1758963281 67407.032 1.02200000000000000002
1  4.57e-02  0.1758962697 67407.032 1.02200000000000000002
1  4.79e-02  0.1758963621 67407.032 1.02200000000000000002
1  5.01e-02  0.1758963718 67407.032 1.02200000000000000002
1  5.25e-02  0.175896434 67407.032 1.02200000000000000002
1  5.50e-02  0.1758963717 67407.032 1.02200000000000000002
1  5.75e-02  0.1758963675 67407.032 1.02200000000000000002
1  6.03e-02  0.1758963486 67407.032 1.02200000000000000002
1  6.31e-02  0.1758963573 67407.032 1.02200000000000000002
1  6.61e-02  0.1758964398 67407.032 1.02200000000000000002
1  6.92e-02  0.1758643263 67407.032 1.02200000000000000002
1  7.24e-02  0.1758959271 67407.032 1.02200000000000000002
1  7.59e-02  0.1758961667 67407.032 1.02200000000000000002
1  7.94e-02  0.175896763 67407.032 1.02200000000000000002
1  8.32e-02  0.1758129459 67407.032 1.02200000000000000002
1  8.71e-02  0.1758961335 67407.032 1.02200000000000000002
1  9.12e-02  0.1758963394 67407.032 1.02200000000000000002
1  9.55e-02  0.1758963274 67407.032 1.02200000000000000002
1  1.00e-01  0.1758964341 67407.032 1.02200000000000000002
1  1.05e-01  0.1758965901 67407.032 1.02200000000000000002
1  1.10e-01  0.1758964973 67407.032 1.02200000000000000002
1  1.15e-01  0.1758962965 67407.032 1.02200000000000000002
1  1.20e-01  0.1758963695 67407.032 1.02200000000000000002
1  1.26e-01  0.1758966619 67407.032 1.02200000000000000002
1  1.32e-01  0.1758962597 67407.032 1.02200000000000000002
1  1.38e-01  0.175896444 67407.032 1.02200000000000000002
1  1.45e-01  0.1758964327 67407.032 1.02200000000000000002
1  1.51e-01  0.1758962108 67407.032 1.02200000000000000002
1  1.58e-01  0.1758940042 67407.032 1.02200000000000000002
1  1.66e-01  0.1758963124 67407.032 1.02200000000000000002
1  1.74e-01  0.1758966726 67407.032 1.02200000000000000002
1  1.82e-01  0.1758967338 67407.032 1.02200000000000000002
1  1.91e-01  0.1758967575 67407.032 1.02200000000000000002
1  2.00e-01  0.1758968605 67407.032 1.02200000000000000002
1  2.09e-01  0.1758963259 67407.032 1.02200000000000000002
1  2.19e-01  0.1758962708 67407.032 1.02200000000000000002
1  2.29e-01  0.1758964935 67407.032 1.02200000000000000002
1  2.40e-01  0.1758963761 67407.032 1.02200000000000000002
1  2.51e-01  0.1758971196 67407.032 1.02200000000000000002
1  2.63e-01  0.1758963101 67407.032 1.02200000000000000002
1  2.75e-01  0.1758935124 67407.032 1.02200000000000000002
1  2.88e-01  0.1758963193 67407.032 1.02200000000000000002
1  3.02e-01  0.1758961718 67407.032 1.02200000000000000002
1  3.16e-01  0.1758962727 67407.032 1.02200000000000000002
1  3.31e-01  0.1758972001 67407.032 1.02200000000000000002
1  3.47e-01  0.175896527 67407.032 1.02200000000000000002
1  3.63e-01  0.1758973465 67407.032 1.02200000000000000002
1  3.80e-01  0.1758969804 67407.032 1.02200000000000000002
1  3.98e-01  0.1758973009 67407.032 1.02200000000000000002
1  4.17e-01  0.1758963074 67407.032 1.02200000000000000002
1  4.37e-01  0.1758973062 67407.032 1.02200000000000000002
1  4.57e-01  0.1758962708 67407.032 1.02200000000000000002
1  4.79e-01  0.1758970008 67407.032 1.02200000000000000002
1  5.01e-01  0.1758963747 67407.032 1.02200000000000000002
1  5.25e-01  0.1758997958 67407.032 1.02200000000000000002
1  5.50e-01  0.1758975008 67407.032 1.02200000000000000002
1  5.75e-01  0.1758963596 67407.032 1.02200000000000000002
1  6.03e-01  0.1758970812 67407.032 1.02200000000000000002
1  6.31e-01  0.1758931051 67407.032 1.02200000000000000002
1  6.61e-01  0.1758967119 67407.032 1.02200000000000000002
1  6.92e-01  0.1758962097 67407.032 1.02200000000000000002
1  7.24e-01  0.1758952715 67407.032 1.02200000000000000002
1  7.59e-01  0.175899625 67407.032 1.02200000000000000002
1  7.94e-01  0.1758969024 67407.032 1.02200000000000000002
1  8.32e-01  0.1758989596 67407.032 1.02200000000000000002
1  8.71e-01  0.175897075 67407.032 1.02200000000000000002
1  9.12e-01  0.1758990751 67407.032 1.02200000000000000002
1  9.55e-01  0.1758978359 67407.032 1.02200000000000000002
1  1.00e+00  0.1758993192 67407.032 1.02200000000000000002
1  1.05e+00  0.1758816936 67407.032 1.02200000000000000002
1  1.10e+00  0.1758987738 67407.032 1.02200000000000000002
1  1.15e+00  0.1758998661 67407.032 1.02200000000000000002
1  1.20e+00  0.1758943333 67407.032 1.02200000000000000002
1  1.26e+00  0.1758974407 67407.032 1.02200000000000000002
1  1.32e+00  0.1758971709 67407.032 1.02200000000000000002
1  1.38e+00  0.1759000199 67407.032 1.02200000000000000002
1  1.45e+00  0.1758962268 67407.032 1.02200000000000000002
1  1.51e+00  0.1759011412 67407.032 1.02200000000000000002
1  1.58e+00  0.1758922702 67407.032 1.02200000000000000002
1  1.66e+00  0.1758967677 67407.032 1.02200000000000000002
1  1.74e+00  0.1758969443 67407.032 1.02200000000000000002
1  1.82e+00  0.175900402 67407.032 1.02200000000000000002
1  1.91e+00  0.1758965971 67407.032 1.02200000000000000002
1  2.00e+00  0.1758964395 67407.032 1.02200000000000000002
1  2.09e+00  0.1759020172 67407.032 1.02200000000000000002
1  2.19e+00  0.1758919228 67407.032 1.02200000000000000002
1  2.29e+00  0.1758963864 67407.032 1.02200000000000000002
1  2.40e+00  0.1759013503 67407.032 1.02200000000000000002
1  2.51e+00  0.1759040685 67407.032 1.02200000000000000002
1  2.63e+00  0.1758982632 67407.032 1.02200000000000000002
1  2.75e+00  0.17590464 67407.032 1.02200000000000000002
1  2.88e+00  0.1758961995 67407.032 1.02200000000000000002
1  3.02e+00  0.1758938675 67407.032 1.02200000000000000002
1  3.16e+00  0.1758972066 67407.032 1.02200000000000000002
1  3.31e+00  0.1759339283 67407.032 1.02200000000000000002
1  3.47e+00  0.1759077471 67407.032 1.02200000000000000002
1  3.63e+00  0.1759021724 67407.032 1.02200000000000000002
1  3.80e+00  0.1759067221 67407.032 1.02200000000000000002
1  3.98e+00  0.1759179969 67407.032 1.02200000000000000002
1  4.17e+00  0.1759097341 67407.032 1.02200000000000000002
1  4.37e+00  0.1759095149 67407.032 1.02200000000000000002
1  4.57e+00  0.1758959306 67407.032 1.02200000000000000002
1  4.79e+00  0.1759114271 67407.032 1.02200000000000000002
1  5.01e+00  0.1759106591 67407.032 1.02200000000000000002
1  5.25e+00  0.1759100087 67407.032 1.02200000000000000002
1  5.50e+00  0.1758985445 67407.032 1.02200000000000000002
1  5.75e+00  0.175901027 67407.032 1.02200000000000000002
1  6.03e+00  0.1759076371 67407.032 1.02200000000000000002
1  6.31e+00  0.1758979872 67407.032 1.02200000000000000002
1  6.61e+00  0.1759060775 67407.032 1.02200000000000000002
1  6.92e+00  0.1759184741 67407.032 1.02200000000000000002
1  7.24e+00  0.175917769 67407.032 1.02200000000000000002
1  7.59e+00  0.1759216877 67407.032 1.02200000000000000002
1  7.94e+00  0.1759116069 67407.032 1.02200000000000000002
1  8.32e+00  0.1758979811 67407.032 1.02200000000000000002
1  8.71e+00  0.1758779248 67407.032 1.02200000000000000002
1  9.12e+00  0.1759261075 67407.032 1.02200000000000000002
1  9.55e+00  0.1758939883 67407.032 1.02200000000000000002
1  1.00e+01  0.1759053969 67407.032 1.02200000000000000002
1  1.05e+01  0.1759271498 67407.032 1.02200000000000000002
1  1.10e+01  0.175897156 67407.032 1.02200000000000000002
1  1.15e+01  0.1758985894 67407.032 1.02200000000000000002
1  1.20e+01  0.1759371392 67407.032 1.02200000000000000002
1  1.26e+01  0.1758983779 67407.032 1.02200000000000000002
1  1.32e+01  0.1759355637 67407.032 1.02200000000000000002
1  1.38e+01  0.1758974065 67407.032 1.02200000000000000002
1  1.45e+01  0.1758987196 67407.032 1.02200000000000000002
1  1.51e+01  0.1759294022 67407.032 1.02200000000000000002
1  1.58e+01  0.1759222519 67407.032 1.02200000000000000002
1  1.66e+01  0.1759093989 67407.032 1.02200000000000000002
1  1.74e+01  0.175936685 67407.032 1.02200000000000000002
1  1.82e+01  0.175937631 67407.032 1.02200000000000000002
1  1.91e+01  0.1759025347 67407.032 1.02200000000000000002
1  2.00e+01  0.1758050362 67407.032 1.02200000000000000002
1  2.09e+01  0.1759425572 67407.032 1.02200000000000000002
1  2.19e+01  0.1759712559 67407.032 1.02200000000000000002
1  2.29e+01  0.1758892063 67407.032 1.02200000000000000002
1  2.40e+01  0.1757883619 67407.032 1.02200000000000000002
1  2.51e+01  0.176266376 67407.032 1.02200000000000000002
1  2.63e+01  0.1759526605 67407.032 1.02200000000000000002
1  2.75e+01  0.1760387578 67407.032 1.02200000000000000002
1  2.88e+01  0.1759655177 67407.032 1.02200000000000000002
1  3.02e+01  0.1759206917 67407.032 1.02200000000000000002
1  3.16e+01  0.1759209912 67407.032 1.02200000000000000002
1  3.31e+01  0.1758892962 67407.032 1.02200000000000000002
1  3.47e+01  0.1762095228 67407.032 1.02200000000000000002
1  3.63e+01  0.1759695166 67407.032 1.02200000000000000002
1  3.80e+01  0.1758416291 67407.032 1.02200000000000000002
1  3.98e+01  0.1759987642 67407.032 1.02200000000000000002
1  4.17e+01  0.1760640927 67407.032 1.02200000000000000002
1  4.37e+01  0.1757641195 67407.032 1.02200000000000000002
1  4.57e+01  0.1760187799 67407.032 1.02200000000000000002
1  4.79e+01  0.1759328835 67407.032 1.02200000000000000002
1  5.01e+01  0.175897582 67407.032 1.02200000000000000002
1  5.25e+01  0.1760016534 67407.032 1.02200000000000000002
1  5.50e+01  0.1762858832 67407.032 1.02200000000000000002
1  5.75e+01  0.1761542541 67407.032 1.02200000000000000002
1  6.03e+01  0.1760470342 67407.032 1.02200000000000000002
1  6.31e+01  0.1759882898 67407.032 1.02200000000000000002
1  6.61e+01  0.1759028664 67407.032 1.02200000000000000002
1  6.92e+01  0.1761006004 67407.032 1.02200000000000000002
1  7.24e+01  0.1762984069 67407.032 1.02200000000000000002
1  7.59e+01  0.1761753938 67407.032 1.02200000000000000002
1  7.94e+01  0.1758868845 67407.032 1.02200000000000000002
1  8.32e+01  0.1760119078 67407.032 1.02200000000000000002
1  8.71e+01  0.176124283 67407.032 1.02200000000000000002
1  9.12e+01  0.1760378224 67407.032 1.02200000000000000002
1  9.55e+01  0.1761044297 67407.032 1.02200000000000000002
1  1.00e+02  0.1762474845 67407.032 1.02200000000000000002
1  1.05e+02  0.1762591008 67407.032 1.02200000000000000002
1  1.10e+02  0.1762278051 67407.032 1.02200000000000000002
1  1.15e+02  0.1759916663 67407.032 1.02200000000000000002
1  1.20e+02  0.1763317591 67407.032 1.02200000000000000002
1  1.26e+02  0.1758595704 67407.032 1.02200000000000000002
1  1.32e+02  0.1759860894 67407.032 1.02200000000000000002
1  1.38e+02  0.1762347285 67407.032 1.02200000000000000002
1  1.45e+02  0.1763555369 67407.032 1.02200000000000000002
1  1.51e+02  0.1760813576 67407.032 1.02200000000000000002
1  1.58e+02  0.1760603343 67407.032 1.02200000000000000002
1  1.66e+02  0.1760993306 67407.032 1.02200000000000000002
1  1.74e+02  0.1764654273 67407.032 1.02200000000000000002
1  1.82e+02  0.1758605672 67407.032 1.02200000000000000002
1  1.91e+02  0.1762700986 67407.032 1.02200000000000000002
1  2.00e+02  0.1765448627 67407.032 1.02200000000000000002
1  2.09e+02  0.1765741172 67407.032 1.02200000000000000002
1  2.19e+02  0.1765801363 67407.032 1.02200000000000000002
1  2.29e+02  0.1758934001 67407.032 1.02200000000000000002
1  2.40e+02  0.1766326543 67407.032 1.02200000000000000002
1  2.51e+02  0.1766060725 67407.032 1.02200000000000000002
1  2.63e+02  0.1766541507 67407.032 1.02200000000000000002
1  2.75e+02  0.1764004091 67407.032 1.02200000000000000002
1  2.88e+02  0.1764568262 67407.032 1.02200000000000000002
1  3.02e+02  0.1759851176 67407.032 1.02200000000000000002
1  3.16e+02  0.1760370048 67407.032 1.02200000000000000002
1  3.31e+02  0.1770649246 67407.032 1.02200000000000000002
1  3.47e+02  0.1762441096 67407.032 1.02200000000000000002
1  3.63e+02  0.1760412266 67407.032 1.02200000000000000002
1  3.80e+02  0.1766412785 67407.032 1.02200000000000000002
1  3.98e+02  0.1765512395 67407.032 1.02200000000000000002
1  4.17e+02  0.1771636023 67407.032 1.02200000000000000002
1  4.37e+02  0.1773784211 67407.032 1.02200000000000000002
1  4.57e+02  0.1762240149 67407.032 1.02200000000000000002
1  4.79e+02  0.1775693222 67407.032 1.02200000000000000002
1  5.01e+02  0.1771892448 67407.032 1.02200000000000000002
1  5.25e+02  0.1775293505 67407.032 1.02200000000000000002
1  5.50e+02  0.1761331 67407.032 1.02200000000000000002
1  5.75e+02  0.1775453054 67407.032 1.02200000000000000002
1  6.03e+02  0.1778241275 67407.032 1.02200000000000000002
1  6.31e+02  0.1765939001 67407.032 1.02200000000000000002
1  6.61e+02  0.1773599151 67407.032 1.02200000000000000002
1  6.92e+02  0.1759216278 67407.032 1.02200000000000000002
1  7.24e+02  0.1758718607 67407.032 1.02200000000000000002
1  7.59e+02  0.1777055277 67407.032 1.02200000000000000002
1  7.94e+02  0.1765417431 67407.032 1.02200000000000000002
1  8.32e+02  0.177816033 67407.032 1.02200000000000000002
1  8.71e+02  0.1786881801 67407.032 1.02200000000000000002
1  9.12e+02  0.178535947 67407.032 1.02200000000000000002
1  9.55e+02  0.1771569654 67407.032 1.02200000000000000002
1  1.00e+03  0.1759235046 67407.032 1.02200000000000000002
1  1.05e+03  0.1779435288 67407.032 1.02200000000000000002
1  1.10e+03  0.1800544689 67407.032 1.02200000000000000002
1  1.15e+03  0.1759710877 67407.032 1.02200000000000000002
1  1.20e+03  0.1819760466 67407.032 1.02200000000000000002
1  1.26e+03  0.1792466335 67407.032 1.02200000000000000002
1  1.32e+03  0.1754253985 67407.032 1.02200000000000000002
1  1.38e+03  0.1708148612 67407.032 1.02200000000000000002
1  1.45e+03  0.179520649 67407.032 1.02200000000000000002
1  1.51e+03  0.1795271768 67407.032 1.02200000000000000002
1  1.58e+03  0.1982512852 67407.032 1.02200000000000000002
1  1.66e+03  0.1968642042 67407.032 1.02200000000000000002
1  1.74e+03  0.1930742203 67407.032 1.02200000000000000002
1  1.82e+03  0.1769933541 67407.032 1.02200000000000000002
1  1.91e+03  0.1561515057 67407.032 1.02200000000000000002
1  2.00e+03  0.1717944177 67407.032 1.02200000000000000002
1  2.09e+03  0.1684548737 67407.032 1.02200000000000000002
1  2.19e+03  0.1526450917 67407.032 1.02200000000000000002
1  2.29e+03  0.1549912421 67407.032 1.02200000000000000002
1  2.40e+03  0.1679731063 67407.032 1.02200000000000000002
1  2.51e+03  0.2158073119 67407.032 1.02200000000000000002
1  2.63e+03  0.2435083545 67407.032 1.02200000000000000002
1  2.75e+03  0.1802732041 67407.032 1.02200000000000000002
1  2.88e+03  0.2507959054 67407.032 1.02200000000000000002
1  3.02e+03  0.2341737469 67407.032 1.02200000000000000002
1  3.16e+03  0.1680377319 67407.032 1.02200000000000000002
1  3.31e+03  0.1456176705 67407.032 1.02200000000000000002
1  3.47e+03  0.1319342525 67407.032 1.02200000000000000002
1  3.63e+03  0.1383577933 67407.032 1.02200000000000000002
1  3.80e+03  0.1911905999 67407.032 1.02200000000000000002
1  3.98e+03  0.1727552099 67407.032 1.02200000000000000002
1  4.17e+03  0.09585539725 67407.032 1.02200000000000000002
1  4.37e+03  0.1787747131 67407.032 1.02200000000000000002
1  4.57e+03  0.095162229 67407.032 1.02200000000000000002
1  4.79e+03  0.1372784367 67407.032 1.02200000000000000002
1  5.01e+03  0.1801482089 67407.032 1.02200000000000000002
1  5.25e+03  0.1351900534 67407.032 1.02200000000000000002
1  5.50e+03  0.1018237502 67407.032 1.02200000000000000002
1  5.75e+03  0.09317502635 67407.032 1.02200000000000000002
1  6.03e+03  0.1033771906 67407.032 1.02200000000000000002
1  6.31e+03  0.1490490705 67407.032 1.02200000000000000002
1  6.61e+03  0.2500292243 67407.032 1.02200000000000000002
1  6.92e+03  0.2672347797 67407.032 1.02200000000000000002
1  7.24e+03  0.09398263902 67407.032 1.02200000000000000002
1  7.59e+03  0.25219063 67407.032 1.02200000000000000002
1  7.94e+03  0.2322533743 67407.032 1.02200000000000000002
1  8.32e+03  0.1933473089 67407.032 1.02200000000000000002
1  8.71e+03  0.2440492 67407.032 1.02200000000000000002
1  9.12e+03  0.2954366223 67407.032 1.02200000000000000002
1  9.55e+03  0.1074293827 67407.032 1.02200000000000000002
1  1.00e+04  0.3328018611 67407.032 1.02200000000000000002
1  1.05e+04  0.3785745021 67407.032 1.02200000000000000002
1  1.10e+04  0.174233375 67407.032 1.02200000000000000002
1  1.15e+04  0.1071295299 67407.032 1.02200000000000000002
1  1.20e+04  0.1506716464 67407.032 1.02200000000000000002
1  1.26e+04  0.2841221051 67407.032 1.02200000000000000002
1  1.32e+04  0.2759183701 67407.032 1.02200000000000000002
1  1.38e+04  0.3526815767 67407.032 1.02200000000000000002
1  1.45e+04  0.2702156588 67407.032 1.02200000000000000002
1  1.51e+04  0.2720990482 67407.032 1.02200000000000000002
1  1.58e+04  0.146015281 67407.032 1.02200000000000000002
1  1.66e+04  0.1179316179 67407.032 1.02200000000000000002
1  1.74e+04  0.273430572 67407.032 1.02200000000000000002
1  1.82e+04  0.3957278369 67407.032 1.02200000000000000002
1  1.91e+04  0.4823551346 67407.032 1.02200000000000000002
1  2.00e+04  0.1779404267 67407.032 1.02200000000000000002
1  2.09e+04  0.1842177559 67407.032 1.02200000000000000002
1  2.19e+04  0.4812149932 67407.032 1.02200000000000000002
1  2.29e+04  0.271670217 67407.032 1.02200000000000000002
1  2.40e+04  0.22868218 67407.032 1.02200000000000000002
1  2.51e+04  0.5037668243 67407.032 1.02200000000000000002
1  2.63e+04  0.1887904666 67407.032 1.02200000000000000002
1  2.75e+04  0.4810494765 67407.032 1.02200000000000000002
1  2.88e+04  0.2452429863 67407.032 1.02200000000000000002
1  3.02e+04  0.3355694117 67407.032 1.02200000000000000002
1  3.16e+04  0.3937372146 67407.032 1.02200000000000000002
1  3.31e+04  0.3313658496 67407.032 1.02200000000000000002
1  3.47e+04  0.2731217068 67407.032 1.02200000000000000002
1  3.63e+04  0.4917498235 67407.032 1.02200000000000000002
1  3.80e+04  0.1836393314 67407.032 1.02200000000000000002
1  3.98e+04  0.535065247 67407.032 1.02200000000000000002
1  4.17e+04  0.1555725683 67407.032 1.02200000000000000002
1  4.37e+04  0.4668302252 67407.032 1.02200000000000000002
1  4.57e+04  0.3784191113 67407.032 1.02200000000000000002
1  4.79e+04  0.1707105673 67407.032 1.02200000000000000002
1  5.01e+04  0.4491755915 67407.032 1.02200000000000000002
1  5.25e+04  0.4205370951 67407.032 1.02200000000000000002
1  5.50e+04  0.1671760731 67407.032 1.02200000000000000002
1  5.75e+04  0.4649005101 67407.032 1.02200000000000000002
1  6.03e+04  0.4380995911 67407.032 1.02200000000000000002
1  6.31e+04  0.165567639 67407.032 1.02200000000000000002
1  6.61e+04  0.3577425351 67407.032 1.02200000000000000002
1  6.92e+04  0.4855091655 67407.032 1.02200000000000000002
1  7.24e+04  0.2805777294 67407.032 1.02200000000000000002
1  7.59e+04  0.1682070256 67407.032 1.02200000000000000002
1  7.94e+04  0.2780835348 67407.032 1.02200000000000000002
1  8.32e+04  0.4014348831 67407.032 1.02200000000000000002
1  8.71e+04  0.3814199045 67407.032 1.02200000000000000002
1  9.12e+04  0.2465254762 67407.032 1.02200000000000000002
1  9.55e+04  0.1667038521 67407.032 1.02200000000000000002
1  1.00e+05  0.2540074332 67407.032 1.02200000000000000002
1  1.05e+05  0.4070933914 67407.032 1.02200000000000000002
1  1.10e+05  0.4402580185 67407.032 1.02200000000000000002
1  1.15e+05  0.320730834 67407.032 1.02200000000000000002
1  1.20e+05  0.1919999676 67407.032 1.02200000000000000002
1  1.26e+05  0.1903059842 67407.032 1.02200000000000000002
1  1.32e+05  0.3054266586 67407.032 1.02200000000000000002
1  1.38e+05  0.4195789384 67407.032 1.02200000000000000002
1  1.45e+05  0.4356960974 67407.032 1.02200000000000000002
1  1.51e+05  0.3526005247 67407.032 1.02200000000000000002
1  1.58e+05  0.2417637752 67407.032 1.02200000000000000002
1  1.66e+05  0.1776055865 67407.032 1.02200000000000000002
1  1.74e+05  0.1880661178 67407.032 1.02200000000000000002
1  1.82e+05  0.2510525991 67407.032 1.02200000000000000002
1  1.91e+05  0.3216252157 67407.032 1.02200000000000000002
1  2.00e+05  0.3622825428 67407.032 1.02200000000000000002
1  2.09e+05  0.3587556079 67407.032 1.02200000000000000002
1  2.19e+05  0.3191228164 67407.032 1.02200000000000000002
1  2.29e+05  0.2633894199 67407.032 1.02200000000000000002
1  2.40e+05  0.2119954493 67407.032 1.02200000000000000002
1  2.51e+05  0.1784137359 67407.032 1.02200000000000000002
1  2.63e+05  0.1669933395 67407.032 1.02200000000000000002
1  2.75e+05  0.1746465394 67407.032 1.02200000000000000002
1  2.88e+05  0.1942084411 67407.032 1.02200000000000000002
1  3.02e+05  0.2177073039 67407.032 1.02200000000000000002
1  3.16e+05  0.2386115423 67407.032 1.02200000000000000002
1  3.31e+05  0.252854876 67407.032 1.02200000000000000002
1  3.47e+05  0.2588823443 67407.032 1.02200000000000000002
1  3.63e+05  0.257115748 67407.032 1.02200000000000000002
1  3.80e+05  0.2492058569 67407.032 1.02200000000000000002
1  3.98e+05  0.2373248291 67407.032 1.02200000000000000002
1  4.17e+05  0.223629119 67407.032 1.02200000000000000002
1  4.37e+05  0.2099276787 67407.032 1.02200000000000000002
1  4.57e+05  0.1975323454 67407.032 1.02200000000000000002
1  4.79e+05  0.1872418636 67407.032 1.02200000000000000002
1  5.01e+05  0.17940757 67407.032 1.02200000000000000002
1  5.25e+05  0.1740371614 67407.032 1.02200000000000000002
1  5.50e+05  0.1709055982 67407.032 1.02200000000000000002
1  5.75e+05  0.1696544963 67407.032 1.02200000000000000002
1  6.03e+05  0.1698711652 67407.032 1.02200000000000000002
1  6.31e+05  0.1711452031 67407.032 1.02200000000000000002
1  6.61e+05  0.1731650779 67407.032 1.02200000000000000002
1  6.92e+05  0.1755601939 67407.032 1.02200000000000000002
1  7.24e+05  0.1780525311 67407.032 1.02200000000000000002
1  7.59e+05  0.1804721025 67407.032 1.02200000000000000002
1  7.94e+05  0.1826906494 67407.032 1.02200000000000000002
1  8.32e+05  0.1846279959 67407.032 1.02200000000000000002
1  8.71e+05  0.1862424152 67407.032 1.02200000000000000002
1  9.12e+05  0.1875213936 67407.032 1.02200000000000000002
1  9.55e+05  0.1884734205 67407.032 1.02200000000000000002
1  1.00e+06  0.1891210956 67407.032 1.02200000000000000002
1  1.05e+06  0.1894956037 67407.032 1.02200000000000000002
1  1.10e+06  0.1896324754 67407.032 1.02200000000000000002
1  1.15e+06  0.189568475 67407.032 1.02200000000000000002
1  1.20e+06  0.1893394286 67407.032 1.02200000000000000002
1  1.26e+06  0.1889788055 67407.032 1.02200000000000000002
1  1.32e+06  0.1885168789 67407.032 1.02200000000000000002
1  1.38e+06  0.1879803177 67407.032 1.02200000000000000002
1  1.45e+06  0.187392085 67407.032 1.02200000000000000002
1  1.51e+06  0.1867715466 67407.032 1.02200000000000000002
1  1.58e+06  0.1861318538 67407.032 1.02200000000000000002
1  1.66e+06  0.185491936 67407.032 1.02200000000000000002
1  1.74e+06  0.1848589444 67407.032 1.02200000000000000002
1  1.82e+06  0.1842408264 67407.032 1.02200000000000000002
1  1.91e+06  0.1836435424 67407.032 1.02200000000000000002
1  2.00e+06  0.183071386 67407.032 1.02200000000000000002
1  2.09e+06  0.1825272743 67407.032 1.02200000000000000002
1  2.19e+06  0.1820130044 67407.032 1.02200000000000000002
1  2.29e+06  0.1815294764 67407.032 1.02200000000000000002
1  2.40e+06  0.181076884 67407.032 1.02200000000000000002
1  2.51e+06  0.1806548758 67407.032 1.02200000000000000002
1  2.63e+06  0.1802626891 67407.032 1.02200000000000000002
1  2.75e+06  0.1798992609 67407.032 1.02200000000000000002
1  2.88e+06  0.1795633178 67407.032 1.02200000000000000002
1  3.02e+06  0.1792534481 67407.032 1.02200000000000000002
1  3.16e+06  0.1789674396 67407.032 1.02200000000000000002
1  3.31e+06  0.1787052692 67407.032 1.02200000000000000002
1  3.47e+06  0.178464619 67407.032 1.02200000000000000002
1  3.63e+06  0.1782439864 67407.032 1.02200000000000000002
1  3.80e+06  0.1780419134 67407.032 1.02200000000000000002
1  3.98e+06  0.1778570003 67407.032 1.02200000000000000002
1  4.17e+06  0.177687915 67407.032 1.02200000000000000002
1  4.37e+06  0.1775333985 67407.032 1.02200000000000000002
1  4.57e+06  0.177392268 67407.032 1.02200000000000000002
1  4.79e+06  0.1772634178 67407.032 1.02200000000000000002
1  5.01e+06  0.1771458186 67407.032 1.02200000000000000002
1  5.25e+06  0.1770385158 67407.032 1.02200000000000000002
1  5.50e+06  0.1769406264 67407.032 1.02200000000000000002
1  5.75e+06  0.1768513362 67407.032 1.02200000000000000002
1  6.03e+06  0.1767698959 67407.032 1.02200000000000000002
1  6.31e+06  0.1766954386 67407.032 1.02200000000000000002
1  6.61e+06  0.1766277063 67407.032 1.02200000000000000002
1  6.92e+06  0.1765659253 67407.032 1.02200000000000000002
1  7.24e+06  0.1765095674 67407.032 1.02200000000000000002
1  7.59e+06  0.17645815 67407.032 1.02200000000000000002
1  7.94e+06  0.1764112325 67407.032 1.02200000000000000002
1  8.32e+06  0.1763684133 67407.032 1.02200000000000000002
1  8.71e+06  0.1763293262 67407.032 1.02200000000000000002
1  9.12e+06  0.1762936378 67407.032 1.02200000000000000002
1  9.55e+06  0.1762610443 67407.032 1.02200000000000000002
1  1.00e+07  0.1762312693 67407.032 1.02200000000000000002
