1  1.00e-03  0.1758963809 -11.42536 1.08400000000000000001
1  1.05e-03  0.1758963829 -11.42536 1.08400000000000000001
1  1.10e-03  0.1758963806 -11.42536 1.08400000000000000001
1  1.15e-03  0.1758963809 -11.42536 1.08400000000000000001
1  1.20e-03  0.1758963809 -11.42536 1.08400000000000000001
1  1.26e-03  0.1758963809 -11.42536 1.08400000000000000001
1  1.32e-03  0.1758963828 -11.42536 1.08400000000000000001
1  1.38e-03  0.1758963858 -11.42536 1.08400000000000000001
1  1.45e-03  0.1758963901 -11.42536 1.08400000000000000001
1  1.51e-03  0.1758963843 -11.42536 1.08400000000000000001
1  1.58e-03  0.1758963834 -11.42536 1.08400000000000000001
1  1.66e-03  0.1758963822 -11.42536 1.08400000000000000001
1  1.74e-03  0.1758963863 -11.42536 1.08400000000000000001
1  1.82e-03  0.1758963852 -11.42536 1.08400000000000000001
1  1.91e-03  0.1758963831 -11.42536 1.08400000000000000001
1  2.00e-03  0.1758963816 -11.42536 1.08400000000000000001
1  2.09e-03  0.1758963813 -11.42536 1.08400000000000000001
1  2.19e-03  0.1758963828 -11.42536 1.08400000000000000001
1  2.29e-03  0.1758963822 -11.42536 1.08400000000000000001
1  2.40e-03  0.1758963827 -11.42536 1.08400000000000000001
1  2.51e-03  0.1758963842 -11.42536 1.08400000000000000001
1  2.63e-03  0.175896384 -11.42536 1.08400000000000000001
1  2.75e-03  0.1758963839 -11.42536 1.08400000000000000001
1  2.88e-03  0.1758963843 -11.42536 1.08400000000000000001
1  3.02e-03  0.1758963851 -11.42536 1.08400000000000000001
1  3.16e-03  0.1758964825 -11.42536 1.08400000000000000001
1  3.31e-03  0.1758963807 -11.42536 1.08400000000000000001
1  3.47e-03  0.1758963644 -11.42536 1.08400000000000000001
1  3.63e-03  0.1758963834 -11.42536 1.08400000000000000001
1  3.80e-03  0.1758963809 -11.42536 1.08400000000000000001
1  3.98e-03  0.1758963763 -11.42536 1.08400000000000000001
1  4.17e-03  0.1758963846 -11.42536 1.08400000000000000001
1  4.37e-03  0.1758963864 -11.42536 1.08400000000000000001
1  4.57e-03  0.1758963901 -11.42536 1.08400000000000000001
1  4.79e-03  0.1758963854 -11.42536 1.08400000000000000001
1  5.01e-03  0.1758963882 -11.42536 1.08400000000000000001
1  5.25e-03  0.1758963913 -11.42536 1.08400000000000000001
1  5.50e-03  0.1758963846 -11.42536 1.08400000000000000001
1  5.75e-03  0.1758963894 -11.42536 1.08400000000000000001
1  6.03e-03  0.1758963925 -11.42536 1.08400000000000000001
1  6.31e-03  0.1758963892 -11.42536 1.08400000000000000001
1  6.61e-03  0.1758963912 -11.42536 1.08400000000000000001
1  6.92e-03  0.1758963894 -11.42536 1.08400000000000000001
1  7.24e-03  0.175896388 -11.42536 1.08400000000000000001
1  7.59e-03  0.1758966694 -11.42536 1.08400000000000000001
1  7.94e-03  0.1758963893 -11.42536 1.08400000000000000001
1  8.32e-03  0.1758963935 -11.42536 1.08400000000000000001
1  8.71e-03  0.1758963943 -11.42536 1.08400000000000000001
1  9.12e-03  0.1758963935 -11.42536 1.08400000000000000001
1  9.55e-03  0.1758963913 -11.42536 1.08400000000000000001
1  1.00e-02  0.1758963972 -11.42536 1.08400000000000000001
1  1.05e-02  0.1758966649 -11.42536 1.08400000000000000001
1  1.10e-02  0.1758963933 -11.42536 1.08400000000000000001
1  1.15e-02  0.1758963961 -11.42536 1.08400000000000000001
1  1.20e-02  0.1758963989 -11.42536 1.08400000000000000001
1  1.26e-02  0.1758963956 -11.42536 1.08400000000000000001
1  1.32e-02  0.1758963887 -11.42536 1.08400000000000000001
1  1.38e-02  0.1758963952 -11.42536 1.08400000000000000001
1  1.45e-02  0.1758969791 -11.42536 1.08400000000000000001
1  1.51e-02  0.1758963856 -11.42536 1.08400000000000000001
1  1.58e-02  0.175896414 -11.42536 1.08400000000000000001
1  1.66e-02  0.1758964026 -11.42536 1.08400000000000000001
1  1.74e-02  0.175896387 -11.42536 1.08400000000000000001
1  1.82e-02  0.1758964018 -11.42536 1.08400000000000000001
1  1.91e-02  0.1758963946 -11.42536 1.08400000000000000001
1  2.00e-02  0.1758964015 -11.42536 1.08400000000000000001
1  2.09e-02  0.1758964169 -11.42536 1.08400000000000000001
1  2.19e-02  0.1758964185 -11.42536 1.08400000000000000001
1  2.29e-02  0.1758963866 -11.42536 1.08400000000000000001
1  2.40e-02  0.1758964692 -11.42536 1.08400000000000000001
1  2.51e-02  0.1758970102 -11.42536 1.08400000000000000001
1  2.63e-02  0.1758965058 -11.42536 1.08400000000000000001
1  2.75e-02  0.1758966313 -11.42536 1.08400000000000000001
1  2.88e-02  0.1758965575 -11.42536 1.08400000000000000001
1  3.02e-02  0.1758964271 -11.42536 1.08400000000000000001
1  3.16e-02  0.1758964377 -11.42536 1.08400000000000000001
1  3.31e-02  0.1758964356 -11.42536 1.08400000000000000001
1  3.47e-02  0.1758964584 -11.42536 1.08400000000000000001
1  3.63e-02  0.1758964427 -11.42536 1.08400000000000000001
1  3.80e-02  0.1758964537 -11.42536 1.08400000000000000001
1  3.98e-02  0.1758964302 -11.42536 1.08400000000000000001
1  4.17e-02  0.1758964494 -11.42536 1.08400000000000000001
1  4.37e-02  0.1758962242 -11.42536 1.08400000000000000001
1  4.57e-02  0.1758967406 -11.42536 1.08400000000000000001
1  4.79e-02  0.1758963923 -11.42536 1.08400000000000000001
1  5.01e-02  0.1758964085 -11.42536 1.08400000000000000001
1  5.25e-02  0.1758965086 -11.42536 1.08400000000000000001
1  5.50e-02  0.1758964825 -11.42536 1.08400000000000000001
1  5.75e-02  0.1758965356 -11.42536 1.08400000000000000001
1  6.03e-02  0.1758965041 -11.42536 1.08400000000000000001
1  6.31e-02  0.1758964645 -11.42536 1.08400000000000000001
1  6.61e-02  0.1758964869 -11.42536 1.08400000000000000001
1  6.92e-02  0.1758965459 -11.42536 1.08400000000000000001
1  7.24e-02  0.1758964741 -11.42536 1.08400000000000000001
1  7.59e-02  0.1758965173 -11.42536 1.08400000000000000001
1  7.94e-02  0.1758964702 -11.42536 1.08400000000000000001
1  8.32e-02  0.1758964854 -11.42536 1.08400000000000000001
1  8.71e-02  0.175902312 -11.42536 1.08400000000000000001
1  9.12e-02  0.1758964755 -11.42536 1.08400000000000000001
1  9.55e-02  0.175896511 -11.42536 1.08400000000000000001
1  1.00e-01  0.1758972199 -11.42536 1.08400000000000000001
1  1.05e-01  0.1758965919 -11.42536 1.08400000000000000001
1  1.10e-01  0.1758965447 -11.42536 1.08400000000000000001
1  1.15e-01  0.1758965887 -11.42536 1.08400000000000000001
1  1.20e-01  0.1758965405 -11.42536 1.08400000000000000001
1  1.26e-01  0.1758965571 -11.42536 1.08400000000000000001
1  1.32e-01  0.1758965594 -11.42536 1.08400000000000000001
1  1.38e-01  0.1758965242 -11.42536 1.08400000000000000001
1  1.45e-01  0.17589652 -11.42536 1.08400000000000000001
1  1.51e-01  0.1758965609 -11.42536 1.08400000000000000001
1  1.58e-01  0.1758965603 -11.42536 1.08400000000000000001
1  1.66e-01  0.1758965759 -11.42536 1.08400000000000000001
1  1.74e-01  0.1758965398 -11.42536 1.08400000000000000001
1  1.82e-01  0.1758965963 -11.42536 1.08400000000000000001
1  1.91e-01  0.1758966991 -11.42536 1.08400000000000000001
1  2.00e-01  0.1758966896 -11.42536 1.08400000000000000001
1  2.09e-01  0.1758965274 -11.42536 1.08400000000000000001
1  2.19e-01  0.1758965511 -11.42536 1.08400000000000000001
1  2.29e-01  0.1758966152 -11.42536 1.08400000000000000001
1  2.40e-01  0.1758966046 -11.42536 1.08400000000000000001
1  2.51e-01  0.175896536 -11.42536 1.08400000000000000001
1  2.63e-01  0.1758964908 -11.42536 1.08400000000000000001
1  2.75e-01  0.1758965031 -11.42536 1.08400000000000000001
1  2.88e-01  0.1758965583 -11.42536 1.08400000000000000001
1  3.02e-01  0.1758966645 -11.42536 1.08400000000000000001
1  3.16e-01  0.1758967141 -11.42536 1.08400000000000000001
1  3.31e-01  0.1758965347 -11.42536 1.08400000000000000001
1  3.47e-01  0.175896793 -11.42536 1.08400000000000000001
1  3.63e-01  0.1758968928 -11.42536 1.08400000000000000001
1  3.80e-01  0.1759001851 -11.42536 1.08400000000000000001
1  3.98e-01  0.1758963947 -11.42536 1.08400000000000000001
1  4.17e-01  0.1758967034 -11.42536 1.08400000000000000001
1  4.37e-01  0.1758965523 -11.42536 1.08400000000000000001
1  4.57e-01  0.1758965596 -11.42536 1.08400000000000000001
1  4.79e-01  0.1758973136 -11.42536 1.08400000000000000001
1  5.01e-01  0.1758967972 -11.42536 1.08400000000000000001
1  5.25e-01  0.175891987 -11.42536 1.08400000000000000001
1  5.50e-01  0.1758965759 -11.42536 1.08400000000000000001
1  5.75e-01  0.1758969061 -11.42536 1.08400000000000000001
1  6.03e-01  0.1758968584 -11.42536 1.08400000000000000001
1  6.31e-01  0.1758967248 -11.42536 1.08400000000000000001
1  6.61e-01  0.1758970402 -11.42536 1.08400000000000000001
1  6.92e-01  0.1759029148 -11.42536 1.08400000000000000001
1  7.24e-01  0.1758965721 -11.42536 1.08400000000000000001
1  7.59e-01  0.1758964888 -11.42536 1.08400000000000000001
1  7.94e-01  0.1758968949 -11.42536 1.08400000000000000001
1  8.32e-01  0.1758945602 -11.42536 1.08400000000000000001
1  8.71e-01  0.1758966479 -11.42536 1.08400000000000000001
1  9.12e-01  0.1758970091 -11.42536 1.08400000000000000001
1  9.55e-01  0.1758966922 -11.42536 1.08400000000000000001
1  1.00e+00  0.1758967135 -11.42536 1.08400000000000000001
1  1.05e+00  0.1758968004 -11.42536 1.08400000000000000001
1  1.10e+00  0.1759001902 -11.42536 1.08400000000000000001
1  1.15e+00  0.1758968975 -11.42536 1.08400000000000000001
1  1.20e+00  0.1758967586 -11.42536 1.08400000000000000001
1  1.26e+00  0.1758972979 -11.42536 1.08400000000000000001
1  1.32e+00  0.1758959843 -11.42536 1.08400000000000000001
1  1.38e+00  0.1758970638 -11.42536 1.08400000000000000001
1  1.45e+00  0.1758995401 -11.42536 1.08400000000000000001
1  1.51e+00  0.1758964138 -11.42536 1.08400000000000000001
1  1.58e+00  0.175896655 -11.42536 1.08400000000000000001
1  1.66e+00  0.1758995308 -11.42536 1.08400000000000000001
1  1.74e+00  0.1758976737 -11.42536 1.08400000000000000001
1  1.82e+00  0.1758963269 -11.42536 1.08400000000000000001
1  1.91e+00  0.1758979195 -11.42536 1.08400000000000000001
1  2.00e+00  0.175897508 -11.42536 1.08400000000000000001
1  2.09e+00  0.1758962353 -11.42536 1.08400000000000000001
1  2.19e+00  0.1758963408 -11.42536 1.08400000000000000001
1  2.29e+00  0.1758964731 -11.42536 1.08400000000000000001
1  2.40e+00  0.1758977408 -11.42536 1.08400000000000000001
1  2.51e+00  0.1758964607 -11.42536 1.08400000000000000001
1  2.63e+00  0.1758977195 -11.42536 1.08400000000000000001
1  2.75e+00  0.1758983091 -11.42536 1.08400000000000000001
1  2.88e+00  0.1759476545 -11.42536 1.08400000000000000001
1  3.02e+00  0.1758727496 -11.42536 1.08400000000000000001
1  3.16e+00  0.175896839 -11.42536 1.08400000000000000001
1  3.31e+00  0.1758963226 -11.42536 1.08400000000000000001
1  3.47e+00  0.1758982574 -11.42536 1.08400000000000000001
1  3.63e+00  0.1759143944 -11.42536 1.08400000000000000001
1  3.80e+00  0.17589791 -11.42536 1.08400000000000000001
1  3.98e+00  0.1758971463 -11.42536 1.08400000000000000001
1  4.17e+00  0.1758986472 -11.42536 1.08400000000000000001
1  4.37e+00  0.1758944582 -11.42536 1.08400000000000000001
1  4.57e+00  0.1758972268 -11.42536 1.08400000000000000001
1  4.79e+00  0.1758985379 -11.42536 1.08400000000000000001
1  5.01e+00  0.1759001341 -11.42536 1.08400000000000000001
1  5.25e+00  0.1758990281 -11.42536 1.08400000000000000001
1  5.50e+00  0.1758965178 -11.42536 1.08400000000000000001
1  5.75e+00  0.1758768113 -11.42536 1.08400000000000000001
1  6.03e+00  0.1758932646 -11.42536 1.08400000000000000001
1  6.31e+00  0.1759592382 -11.42536 1.08400000000000000001
1  6.61e+00  0.1758981496 -11.42536 1.08400000000000000001
1  6.92e+00  0.1757980848 -11.42536 1.08400000000000000001
1  7.24e+00  0.175902937 -11.42536 1.08400000000000000001
1  7.59e+00  0.1758998592 -11.42536 1.08400000000000000001
1  7.94e+00  0.1759044847 -11.42536 1.08400000000000000001
1  8.32e+00  0.1759009463 -11.42536 1.08400000000000000001
1  8.71e+00  0.1759040011 -11.42536 1.08400000000000000001
1  9.12e+00  0.1759024817 -11.42536 1.08400000000000000001
1  9.55e+00  0.1758941207 -11.42536 1.08400000000000000001
1  1.00e+01  0.1759106532 -11.42536 1.08400000000000000001
1  1.05e+01  0.1759097376 -11.42536 1.08400000000000000001
1  1.10e+01  0.1759129776 -11.42536 1.08400000000000000001
1  1.15e+01  0.175896738 -11.42536 1.08400000000000000001
1  1.20e+01  0.1758972918 -11.42536 1.08400000000000000001
1  1.26e+01  0.1759048992 -11.42536 1.08400000000000000001
1  1.32e+01  0.1759360595 -11.42536 1.08400000000000000001
1  1.38e+01  0.1758985826 -11.42536 1.08400000000000000001
1  1.45e+01  0.1759015353 -11.42536 1.08400000000000000001
1  1.51e+01  0.1759074141 -11.42536 1.08400000000000000001
1  1.58e+01  0.1759099336 -11.42536 1.08400000000000000001
1  1.66e+01  0.1758986877 -11.42536 1.08400000000000000001
1  1.74e+01  0.1757916504 -11.42536 1.08400000000000000001
1  1.82e+01  0.1753354388 -11.42536 1.08400000000000000001
1  1.91e+01  0.1759035989 -11.42536 1.08400000000000000001
1  2.00e+01  0.1759036134 -11.42536 1.08400000000000000001
1  2.09e+01  0.1759214594 -11.42536 1.08400000000000000001
1  2.19e+01  0.1764298228 -11.42536 1.08400000000000000001
1  2.29e+01  0.1757253341 -11.42536 1.08400000000000000001
1  2.40e+01  0.1763969301 -11.42536 1.08400000000000000001
1  2.51e+01  0.1758847424 -11.42536 1.08400000000000000001
1  2.63e+01  0.1765799029 -11.42536 1.08400000000000000001
1  2.75e+01  0.1759933653 -11.42536 1.08400000000000000001
1  2.88e+01  0.1763911905 -11.42536 1.08400000000000000001
1  3.02e+01  0.1767006092 -11.42536 1.08400000000000000001
1  3.16e+01  0.1757011668 -11.42536 1.08400000000000000001
1  3.31e+01  0.1755242037 -11.42536 1.08400000000000000001
1  3.47e+01  0.1752700887 -11.42536 1.08400000000000000001
1  3.63e+01  0.1749773124 -11.42536 1.08400000000000000001
1  3.80e+01  0.1763835014 -11.42536 1.08400000000000000001
1  3.98e+01  0.1754913669 -11.42536 1.08400000000000000001
1  4.17e+01  0.1760874351 -11.42536 1.08400000000000000001
1  4.37e+01  0.1758907567 -11.42536 1.08400000000000000001
1  4.57e+01  0.1749805161 -11.42536 1.08400000000000000001
1  4.79e+01  0.1754809971 -11.42536 1.08400000000000000001
1  5.01e+01  0.1759292381 -11.42536 1.08400000000000000001
1  5.25e+01  0.175947572 -11.42536 1.08400000000000000001
1  5.50e+01  0.1759092454 -11.42536 1.08400000000000000001
1  5.75e+01  0.1766087479 -11.42536 1.08400000000000000001
1  6.03e+01  0.1756496956 -11.42536 1.08400000000000000001
1  6.31e+01  0.1752119128 -11.42536 1.08400000000000000001
1  6.61e+01  0.1758623309 -11.42536 1.08400000000000000001
1  6.92e+01  0.1758305521 -11.42536 1.08400000000000000001
1  7.24e+01  0.1759537921 -11.42536 1.08400000000000000001
1  7.59e+01  0.1757989298 -11.42536 1.08400000000000000001
1  7.94e+01  0.1752194603 -11.42536 1.08400000000000000001
1  8.32e+01  0.1759164226 -11.42536 1.08400000000000000001
1  8.71e+01  0.1759118381 -11.42536 1.08400000000000000001
1  9.12e+01  0.1760203387 -11.42536 1.08400000000000000001
1  9.55e+01  0.1759358908 -11.42536 1.08400000000000000001
1  1.00e+02  0.1767966151 -11.42536 1.08400000000000000001
1  1.05e+02  0.1761921371 -11.42536 1.08400000000000000001
1  1.10e+02  0.1760197077 -11.42536 1.08400000000000000001
1  1.15e+02  0.1759240512 -11.42536 1.08400000000000000001
1  1.20e+02  0.1760197543 -11.42536 1.08400000000000000001
1  1.26e+02  0.1753351239 -11.42536 1.08400000000000000001
1  1.32e+02  0.1761033018 -11.42536 1.08400000000000000001
1  1.38e+02  0.1759167726 -11.42536 1.08400000000000000001
1  1.45e+02  0.1759468377 -11.42536 1.08400000000000000001
1  1.51e+02  0.176029326 -11.42536 1.08400000000000000001
1  1.58e+02  0.1761985367 -11.42536 1.08400000000000000001
1  1.66e+02  0.1763584743 -11.42536 1.08400000000000000001
1  1.74e+02  0.1759479498 -11.42536 1.08400000000000000001
1  1.82e+02  0.1758903764 -11.42536 1.08400000000000000001
1  1.91e+02  0.17596575 -11.42536 1.08400000000000000001
1  2.00e+02  0.1757992718 -11.42536 1.08400000000000000001
1  2.09e+02  0.1759264895 -11.42536 1.08400000000000000001
1  2.19e+02  0.1759820987 -11.42536 1.08400000000000000001
1  2.29e+02  0.1760147009 -11.42536 1.08400000000000000001
1  2.40e+02  0.1759787486 -11.42536 1.08400000000000000001
1  2.51e+02  0.1758370949 -11.42536 1.08400000000000000001
1  2.63e+02  0.1750002352 -11.42536 1.08400000000000000001
1  2.75e+02  0.176096856 -11.42536 1.08400000000000000001
1  2.88e+02  0.1759487706 -11.42536 1.08400000000000000001
1  3.02e+02  0.1759452662 -11.42536 1.08400000000000000001
1  3.16e+02  0.1758458792 -11.42536 1.08400000000000000001
1  3.31e+02  0.1764538748 -11.42536 1.08400000000000000001
1  3.47e+02  0.1759663671 -11.42536 1.08400000000000000001
1  3.63e+02  0.1760353102 -11.42536 1.08400000000000000001
1  3.80e+02  0.1758668939 -11.42536 1.08400000000000000001
1  3.98e+02  0.1760542773 -11.42536 1.08400000000000000001
1  4.17e+02  0.1759629854 -11.42536 1.08400000000000000001
1  4.37e+02  0.1758899177 -11.42536 1.08400000000000000001
1  4.57e+02  0.1758689177 -11.42536 1.08400000000000000001
1  4.79e+02  0.1762116269 -11.42536 1.08400000000000000001
1  5.01e+02  0.176038814 -11.42536 1.08400000000000000001
1  5.25e+02  0.1763158095 -11.42536 1.08400000000000000001
1  5.50e+02  0.1762223652 -11.42536 1.08400000000000000001
1  5.75e+02  0.1759098013 -11.42536 1.08400000000000000001
1  6.03e+02  0.1762768296 -11.42536 1.08400000000000000001
1  6.31e+02  0.1766044113 -11.42536 1.08400000000000000001
1  6.61e+02  0.1757449577 -11.42536 1.08400000000000000001
1  6.92e+02  0.1754941162 -11.42536 1.08400000000000000001
1  7.24e+02  0.1761300206 -11.42536 1.08400000000000000001
1  7.59e+02  0.1760440315 -11.42536 1.08400000000000000001
1  7.94e+02  0.1760627902 -11.42536 1.08400000000000000001
1  8.32e+02  0.1761050319 -11.42536 1.08400000000000000001
1  8.71e+02  0.1756088023 -11.42536 1.08400000000000000001
1  9.12e+02  0.1753297147 -11.42536 1.08400000000000000001
1  9.55e+02  0.1762256736 -11.42536 1.08400000000000000001
1  1.00e+03  0.1775313484 -11.42536 1.08400000000000000001
1  1.05e+03  0.1767984878 -11.42536 1.08400000000000000001
1  1.10e+03  0.1743833754 -11.42536 1.08400000000000000001
1  1.15e+03  0.1747892305 -11.42536 1.08400000000000000001
1  1.20e+03  0.1775943032 -11.42536 1.08400000000000000001
1  1.26e+03  0.1798724587 -11.42536 1.08400000000000000001
1  1.32e+03  0.1769599745 -11.42536 1.08400000000000000001
1  1.38e+03  0.1745681111 -11.42536 1.08400000000000000001
1  1.45e+03  0.174266391 -11.42536 1.08400000000000000001
1  1.51e+03  0.1727490783 -11.42536 1.08400000000000000001
1  1.58e+03  0.1712038357 -11.42536 1.08400000000000000001
1  1.66e+03  0.175644011 -11.42536 1.08400000000000000001
1  1.74e+03  0.1879798004 -11.42536 1.08400000000000000001
1  1.82e+03  0.1841589744 -11.42536 1.08400000000000000001
1  1.91e+03  0.1733084932 -11.42536 1.08400000000000000001
1  2.00e+03  0.1725079609 -11.42536 1.08400000000000000001
1  2.09e+03  0.1656093231 -11.42536 1.08400000000000000001
1  2.19e+03  0.1581389173 -11.42536 1.08400000000000000001
1  2.29e+03  0.1652753605 -11.42536 1.08400000000000000001
1  2.40e+03  0.1769119794 -11.42536 1.08400000000000000001
1  2.51e+03  0.1624396426 -11.42536 1.08400000000000000001
1  2.63e+03  0.1818528634 -11.42536 1.08400000000000000001
1  2.75e+03  0.2111168726 -11.42536 1.08400000000000000001
1  2.88e+03  0.2058367626 -11.42536 1.08400000000000000001
1  3.02e+03  0.2110915288 -11.42536 1.08400000000000000001
1  3.16e+03  0.2258734105 -11.42536 1.08400000000000000001
1  3.31e+03  0.2416143977 -11.42536 1.08400000000000000001
1  3.47e+03  0.2084642291 -11.42536 1.08400000000000000001
1  3.63e+03  0.1783450355 -11.42536 1.08400000000000000001
1  3.80e+03  0.2322509045 -11.42536 1.08400000000000000001
1  3.98e+03  0.1736086051 -11.42536 1.08400000000000000001
1  4.17e+03  0.2324811357 -11.42536 1.08400000000000000001
1  4.37e+03  0.2139480314 -11.42536 1.08400000000000000001
1  4.57e+03  0.1476942372 -11.42536 1.08400000000000000001
1  4.79e+03  0.1513628807 -11.42536 1.08400000000000000001
1  5.01e+03  0.1982352666 -11.42536 1.08400000000000000001
1  5.25e+03  0.1641639964 -11.42536 1.08400000000000000001
1  5.50e+03  0.1266761009 -11.42536 1.08400000000000000001
1  5.75e+03  0.1992960641 -11.42536 1.08400000000000000001
1  6.03e+03  0.1892453072 -11.42536 1.08400000000000000001
1  6.31e+03  0.1412127751 -11.42536 1.08400000000000000001
1  6.61e+03  0.2562552896 -11.42536 1.08400000000000000001
1  6.92e+03  0.1953188042 -11.42536 1.08400000000000000001
1  7.24e+03  0.1112453502 -11.42536 1.08400000000000000001
1  7.59e+03  0.1603025345 -11.42536 1.08400000000000000001
1  7.94e+03  0.3040809303 -11.42536 1.08400000000000000001
1  8.32e+03  0.09808097549 -11.42536 1.08400000000000000001
1  8.71e+03  0.299929126 -11.42536 1.08400000000000000001
1  9.12e+03  0.2357351359 -11.42536 1.08400000000000000001
1  9.55e+03  0.0953365355 -11.42536 1.08400000000000000001
1  1.00e+04  0.2304704104 -11.42536 1.08400000000000000001
1  1.05e+04  0.2353701674 -11.42536 1.08400000000000000001
1  1.10e+04  0.3872212847 -11.42536 1.08400000000000000001
1  1.15e+04  0.2655634755 -11.42536 1.08400000000000000001
1  1.20e+04  0.2293892471 -11.42536 1.08400000000000000001
1  1.26e+04  0.5249387068 -11.42536 1.08400000000000000001
1  1.32e+04  0.1902870952 -11.42536 1.08400000000000000001
1  1.38e+04  0.3715100745 -11.42536 1.08400000000000000001
1  1.45e+04  0.2561799593 -11.42536 1.08400000000000000001
1  1.51e+04  0.2121826736 -11.42536 1.08400000000000000001
1  1.58e+04  0.2421303072 -11.42536 1.08400000000000000001
1  1.66e+04  0.4348101155 -11.42536 1.08400000000000000001
1  1.74e+04  0.1796542282 -11.42536 1.08400000000000000001
1  1.82e+04  0.2975337024 -11.42536 1.08400000000000000001
1  1.91e+04  0.3126509116 -11.42536 1.08400000000000000001
1  2.00e+04  0.4335949505 -11.42536 1.08400000000000000001
1  2.09e+04  0.3737684949 -11.42536 1.08400000000000000001
1  2.19e+04  0.3480983848 -11.42536 1.08400000000000000001
1  2.29e+04  0.4505564645 -11.42536 1.08400000000000000001
1  2.40e+04  0.1977131788 -11.42536 1.08400000000000000001
1  2.51e+04  0.3083620139 -11.42536 1.08400000000000000001
1  2.63e+04  0.2209754636 -11.42536 1.08400000000000000001
1  2.75e+04  0.5166162018 -11.42536 1.08400000000000000001
1  2.88e+04  0.3697865932 -11.42536 1.08400000000000000001
1  3.02e+04  0.3110123001 -11.42536 1.08400000000000000001
1  3.16e+04  0.2135469363 -11.42536 1.08400000000000000001
1  3.31e+04  0.5757899594 -11.42536 1.08400000000000000001
1  3.47e+04  0.2134577099 -11.42536 1.08400000000000000001
1  3.63e+04  0.5525187075 -11.42536 1.08400000000000000001
1  3.80e+04  0.2523323228 -11.42536 1.08400000000000000001
1  3.98e+04  0.1803327004 -11.42536 1.08400000000000000001
1  4.17e+04  0.4940403277 -11.42536 1.08400000000000000001
1  4.37e+04  0.3167344023 -11.42536 1.08400000000000000001
1  4.57e+04  0.5126597156 -11.42536 1.08400000000000000001
1  4.79e+04  0.4921764821 -11.42536 1.08400000000000000001
1  5.01e+04  0.1777341683 -11.42536 1.08400000000000000001
1  5.25e+04  0.3091698992 -11.42536 1.08400000000000000001
1  5.50e+04  0.2727093557 -11.42536 1.08400000000000000001
1  5.75e+04  0.3980507057 -11.42536 1.08400000000000000001
1  6.03e+04  0.2167296295 -11.42536 1.08400000000000000001
1  6.31e+04  0.3603602762 -11.42536 1.08400000000000000001
1  6.61e+04  0.6341976365 -11.42536 1.08400000000000000001
1  6.92e+04  0.3582232155 -11.42536 1.08400000000000000001
1  7.24e+04  0.261809379 -11.42536 1.08400000000000000001
1  7.59e+04  0.5195652293 -11.42536 1.08400000000000000001
1  7.94e+04  0.4793574837 -11.42536 1.08400000000000000001
1  8.32e+04  0.2286199386 -11.42536 1.08400000000000000001
1  8.71e+04  0.1872129818 -11.42536 1.08400000000000000001
1  9.12e+04  0.2597644566 -11.42536 1.08400000000000000001
1  9.55e+04  0.2405885014 -11.42536 1.08400000000000000001
1  1.00e+05  0.216250694 -11.42536 1.08400000000000000001
1  1.05e+05  0.2848305387 -11.42536 1.08400000000000000001
1  1.10e+05  0.3454671668 -11.42536 1.08400000000000000001
1  1.15e+05  0.2944045803 -11.42536 1.08400000000000000001
1  1.20e+05  0.2007676225 -11.42536 1.08400000000000000001
1  1.26e+05  0.2026777783 -11.42536 1.08400000000000000001
1  1.32e+05  0.3270385684 -11.42536 1.08400000000000000001
1  1.38e+05  0.4694086085 -11.42536 1.08400000000000000001
1  1.45e+05  0.5148342332 -11.42536 1.08400000000000000001
1  1.51e+05  0.4416904732 -11.42536 1.08400000000000000001
1  1.58e+05  0.3205699278 -11.42536 1.08400000000000000001
1  1.66e+05  0.2419400961 -11.42536 1.08400000000000000001
1  1.74e+05  0.2502611273 -11.42536 1.08400000000000000001
1  1.82e+05  0.3279597737 -11.42536 1.08400000000000000001
1  1.91e+05  0.421956853 -11.42536 1.08400000000000000001
1  2.00e+05  0.4816412354 -11.42536 1.08400000000000000001
1  2.09e+05  0.4831632328 -11.42536 1.08400000000000000001
1  2.19e+05  0.432751655 -11.42536 1.08400000000000000001
1  2.29e+05  0.3554610176 -11.42536 1.08400000000000000001
1  2.40e+05  0.2799544776 -11.42536 1.08400000000000000001
1  2.51e+05  0.2271626821 -11.42536 1.08400000000000000001
1  2.63e+05  0.2056829047 -11.42536 1.08400000000000000001
1  2.75e+05  0.2129231094 -11.42536 1.08400000000000000001
1  2.88e+05  0.2393286709 -11.42536 1.08400000000000000001
1  3.02e+05  0.2731284673 -11.42536 1.08400000000000000001
1  3.16e+05  0.3039847504 -11.42536 1.08400000000000000001
1  3.31e+05  0.3249672438 -11.42536 1.08400000000000000001
1  3.47e+05  0.3330033019 -11.42536 1.08400000000000000001
1  3.63e+05  0.3283008328 -11.42536 1.08400000000000000001
1  3.80e+05  0.313286552 -11.42536 1.08400000000000000001
1  3.98e+05  0.2914838193 -11.42536 1.08400000000000000001
1  4.17e+05  0.2665850328 -11.42536 1.08400000000000000001
1  4.37e+05  0.2418221647 -11.42536 1.08400000000000000001
1  4.57e+05  0.2196340222 -11.42536 1.08400000000000000001
1  4.79e+05  0.2015721911 -11.42536 1.08400000000000000001
1  5.01e+05  0.1883685407 -11.42536 1.08400000000000000001
1  5.25e+05  0.180091598 -11.42536 1.08400000000000000001
1  5.50e+05  0.1763348624 -11.42536 1.08400000000000000001
1  5.75e+05  0.1763987879 -11.42536 1.08400000000000000001
1  6.03e+05  0.1794448945 -11.42536 1.08400000000000000001
1  6.31e+05  0.1846132386 -11.42536 1.08400000000000000001
1  6.61e+05  0.1912491391 -11.42536 1.08400000000000000001
1  6.92e+05  0.1987597449 -11.42536 1.08400000000000000001
1  7.24e+05  0.2061059748 -11.42536 1.08400000000000000001
1  7.59e+05  0.2130071593 -11.42536 1.08400000000000000001
1  7.94e+05  0.2190457119 -11.42536 1.08400000000000000001
1  8.32e+05  0.2240250534 -11.42536 1.08400000000000000001
1  8.71e+05  0.2278742997 -11.42536 1.08400000000000000001
1  9.12e+05  0.230595935 -11.42536 1.08400000000000000001
1  9.55e+05  0.2322418069 -11.42536 1.08400000000000000001
1  1.00e+06  0.2329801229 -11.42536 1.08400000000000000001
1  1.05e+06  0.232815168 -11.42536 1.08400000000000000001
1  1.10e+06  0.2320187807 -11.42536 1.08400000000000000001
1  1.15e+06  0.2305519855 -11.42536 1.08400000000000000001
1  1.20e+06  0.2286189736 -11.42536 1.08400000000000000001
1  1.26e+06  0.2264383437 -11.42536 1.08400000000000000001
1  1.32e+06  0.2239040187 -11.42536 1.08400000000000000001
1  1.38e+06  0.2212052693 -11.42536 1.08400000000000000001
1  1.45e+06  0.2185186613 -11.42536 1.08400000000000000001
1  1.51e+06  0.2156976466 -11.42536 1.08400000000000000001
1  1.58e+06  0.212896095 -11.42536 1.08400000000000000001
1  1.66e+06  0.2102444777 -11.42536 1.08400000000000000001
1  1.74e+06  0.2075848676 -11.42536 1.08400000000000000001
1  1.82e+06  0.205117086 -11.42536 1.08400000000000000001
1  1.91e+06  0.202687377 -11.42536 1.08400000000000000001
1  2.00e+06  0.200392617 -11.42536 1.08400000000000000001
1  2.09e+06  0.198305637 -11.42536 1.08400000000000000001
1  2.19e+06  0.1962889318 -11.42536 1.08400000000000000001
1  2.29e+06  0.1944139035 -11.42536 1.08400000000000000001
1  2.40e+06  0.1927312297 -11.42536 1.08400000000000000001
1  2.51e+06  0.1911249005 -11.42536 1.08400000000000000001
1  2.63e+06  0.1896928348 -11.42536 1.08400000000000000001
1  2.75e+06  0.188333712 -11.42536 1.08400000000000000001
1  2.88e+06  0.1870900948 -11.42536 1.08400000000000000001
1  3.02e+06  0.1859900151 -11.42536 1.08400000000000000001
1  3.16e+06  0.1849527387 -11.42536 1.08400000000000000001
1  3.31e+06  0.1840095189 -11.42536 1.08400000000000000001
1  3.47e+06  0.1831802684 -11.42536 1.08400000000000000001
1  3.63e+06  0.1824019703 -11.42536 1.08400000000000000001
1  3.80e+06  0.1817200862 -11.42536 1.08400000000000000001
1  3.98e+06  0.1810816135 -11.42536 1.08400000000000000001
1  4.17e+06  0.180505378 -11.42536 1.08400000000000000001
1  4.37e+06  0.1800029262 -11.42536 1.08400000000000000001
1  4.57e+06  0.1795337707 -11.42536 1.08400000000000000001
1  4.79e+06  0.1791118628 -11.42536 1.08400000000000000001
1  5.01e+06  0.1787456366 -11.42536 1.08400000000000000001
1  5.25e+06  0.1784044156 -11.42536 1.08400000000000000001
1  5.50e+06  0.1780985704 -11.42536 1.08400000000000000001
1  5.75e+06  0.177834311 -11.42536 1.08400000000000000001
1  6.03e+06  0.1775885291 -11.42536 1.08400000000000000001
1  6.31e+06  0.1773768527 -11.42536 1.08400000000000000001
1  6.61e+06  0.1771801864 -11.42536 1.08400000000000000001
1  6.92e+06  0.1770048929 -11.42536 1.08400000000000000001
1  7.24e+06  0.1768547526 -11.42536 1.08400000000000000001
1  7.59e+06  0.1767154716 -11.42536 1.08400000000000000001
1  7.94e+06  0.1765918076 -11.42536 1.08400000000000000001
1  8.32e+06  0.176486584 -11.42536 1.08400000000000000001
1  8.71e+06  0.1763891274 -11.42536 1.08400000000000000001
1  9.12e+06  0.176306633 -11.42536 1.08400000000000000001
1  9.55e+06  0.1762303203 -11.42536 1.08400000000000000001
1  1.00e+07  0.1761631306 -11.42536 1.08400000000000000001
