1  1.00e-03  0.4495007951 -11.098619999999999 1.05300000000000000002
1  1.05e-03  0.4495007933 -11.098619999999999 1.05300000000000000002
1  1.10e-03  0.4495007916 -11.098619999999999 1.05300000000000000002
1  1.15e-03  0.4495007942 -11.098619999999999 1.05300000000000000002
1  1.20e-03  0.4495007939 -11.098619999999999 1.05300000000000000002
1  1.26e-03  0.4495007935 -11.098619999999999 1.05300000000000000002
1  1.32e-03  0.4495007914 -11.098619999999999 1.05300000000000000002
1  1.38e-03  0.4495007911 -11.098619999999999 1.05300000000000000002
1  1.45e-03  0.4495007957 -11.098619999999999 1.05300000000000000002
1  1.51e-03  0.4495007929 -11.098619999999999 1.05300000000000000002
1  1.58e-03  0.449500795 -11.098619999999999 1.05300000000000000002
1  1.66e-03  0.4495007937 -11.098619999999999 1.05300000000000000002
1  1.74e-03  0.4495007922 -11.098619999999999 1.05300000000000000002
1  1.82e-03  0.4495007906 -11.098619999999999 1.05300000000000000002
1  1.91e-03  0.4495007931 -11.098619999999999 1.05300000000000000002
1  2.00e-03  0.4495007941 -11.098619999999999 1.05300000000000000002
1  2.09e-03  0.4495007935 -11.098619999999999 1.05300000000000000002
1  2.19e-03  0.4495007956 -11.098619999999999 1.05300000000000000002
1  2.29e-03  0.4495007885 -11.098619999999999 1.05300000000000000002
1  2.40e-03  0.4495007932 -11.098619999999999 1.05300000000000000002
1  2.51e-03  0.4495007913 -11.098619999999999 1.05300000000000000002
1  2.63e-03  0.4495007909 -11.098619999999999 1.05300000000000000002
1  2.75e-03  0.4495007922 -11.098619999999999 1.05300000000000000002
1  2.88e-03  0.4495007921 -11.098619999999999 1.05300000000000000002
1  3.02e-03  0.4495007955 -11.098619999999999 1.05300000000000000002
1  3.16e-03  0.4495007947 -11.098619999999999 1.05300000000000000002
1  3.31e-03  0.4495007901 -11.098619999999999 1.05300000000000000002
1  3.47e-03  0.4495007909 -11.098619999999999 1.05300000000000000002
1  3.63e-03  0.4495007923 -11.098619999999999 1.05300000000000000002
1  3.80e-03  0.4495007891 -11.098619999999999 1.05300000000000000002
1  3.98e-03  0.4495007917 -11.098619999999999 1.05300000000000000002
1  4.17e-03  0.449500793 -11.098619999999999 1.05300000000000000002
1  4.37e-03  0.4495007874 -11.098619999999999 1.05300000000000000002
1  4.57e-03  0.4495007862 -11.098619999999999 1.05300000000000000002
1  4.79e-03  0.4495007885 -11.098619999999999 1.05300000000000000002
1  5.01e-03  0.4495007838 -11.098619999999999 1.05300000000000000002
1  5.25e-03  0.4495007943 -11.098619999999999 1.05300000000000000002
1  5.50e-03  0.4495007944 -11.098619999999999 1.05300000000000000002
1  5.75e-03  0.4495007938 -11.098619999999999 1.05300000000000000002
1  6.03e-03  0.4495007937 -11.098619999999999 1.05300000000000000002
1  6.31e-03  0.4495007906 -11.098619999999999 1.05300000000000000002
1  6.61e-03  0.4495007918 -11.098619999999999 1.05300000000000000002
1  6.92e-03  0.4495007909 -11.098619999999999 1.05300000000000000002
1  7.24e-03  0.4495007913 -11.098619999999999 1.05300000000000000002
1  7.59e-03  0.4495007837 -11.098619999999999 1.05300000000000000002
1  7.94e-03  0.4495007838 -11.098619999999999 1.05300000000000000002
1  8.32e-03  0.4495007858 -11.098619999999999 1.05300000000000000002
1  8.71e-03  0.4495007829 -11.098619999999999 1.05300000000000000002
1  9.12e-03  0.4495007906 -11.098619999999999 1.05300000000000000002
1  9.55e-03  0.4495007839 -11.098619999999999 1.05300000000000000002
1  1.00e-02  0.4495007798 -11.098619999999999 1.05300000000000000002
1  1.05e-02  0.4495007797 -11.098619999999999 1.05300000000000000002
1  1.10e-02  0.4495007838 -11.098619999999999 1.05300000000000000002
1  1.15e-02  0.44950078 -11.098619999999999 1.05300000000000000002
1  1.20e-02  0.4495007814 -11.098619999999999 1.05300000000000000002
1  1.26e-02  0.4495007818 -11.098619999999999 1.05300000000000000002
1  1.32e-02  0.4495007832 -11.098619999999999 1.05300000000000000002
1  1.38e-02  0.4495007738 -11.098619999999999 1.05300000000000000002
1  1.45e-02  0.4495007795 -11.098619999999999 1.05300000000000000002
1  1.51e-02  0.4495007818 -11.098619999999999 1.05300000000000000002
1  1.58e-02  0.4495007715 -11.098619999999999 1.05300000000000000002
1  1.66e-02  0.4495007738 -11.098619999999999 1.05300000000000000002
1  1.74e-02  0.4495007838 -11.098619999999999 1.05300000000000000002
1  1.82e-02  0.4495007799 -11.098619999999999 1.05300000000000000002
1  1.91e-02  0.4495007902 -11.098619999999999 1.05300000000000000002
1  2.00e-02  0.4495007875 -11.098619999999999 1.05300000000000000002
1  2.09e-02  0.4495007751 -11.098619999999999 1.05300000000000000002
1  2.19e-02  0.4495007811 -11.098619999999999 1.05300000000000000002
1  2.29e-02  0.449500779 -11.098619999999999 1.05300000000000000002
1  2.40e-02  0.4495007896 -11.098619999999999 1.05300000000000000002
1  2.51e-02  0.4495007773 -11.098619999999999 1.05300000000000000002
1  2.63e-02  0.4495007795 -11.098619999999999 1.05300000000000000002
1  2.75e-02  0.4495007756 -11.098619999999999 1.05300000000000000002
1  2.88e-02  0.4495007334 -11.098619999999999 1.05300000000000000002
1  3.02e-02  0.4495008225 -11.098619999999999 1.05300000000000000002
1  3.16e-02  0.4495002923 -11.098619999999999 1.05300000000000000002
1  3.31e-02  0.4494938921 -11.098619999999999 1.05300000000000000002
1  3.47e-02  0.4495006762 -11.098619999999999 1.05300000000000000002
1  3.63e-02  0.4495007012 -11.098619999999999 1.05300000000000000002
1  3.80e-02  0.4495006754 -11.098619999999999 1.05300000000000000002
1  3.98e-02  0.4495006154 -11.098619999999999 1.05300000000000000002
1  4.17e-02  0.4495006503 -11.098619999999999 1.05300000000000000002
1  4.37e-02  0.4495007149 -11.098619999999999 1.05300000000000000002
1  4.57e-02  0.4495007134 -11.098619999999999 1.05300000000000000002
1  4.79e-02  0.4495007069 -11.098619999999999 1.05300000000000000002
1  5.01e-02  0.4495006927 -11.098619999999999 1.05300000000000000002
1  5.25e-02  0.4495007041 -11.098619999999999 1.05300000000000000002
1  5.50e-02  0.4495007066 -11.098619999999999 1.05300000000000000002
1  5.75e-02  0.4495007146 -11.098619999999999 1.05300000000000000002
1  6.03e-02  0.4495007669 -11.098619999999999 1.05300000000000000002
1  6.31e-02  0.4495007095 -11.098619999999999 1.05300000000000000002
1  6.61e-02  0.4495006739 -11.098619999999999 1.05300000000000000002
1  6.92e-02  0.4495007334 -11.098619999999999 1.05300000000000000002
1  7.24e-02  0.4495006965 -11.098619999999999 1.05300000000000000002
1  7.59e-02  0.4495006284 -11.098619999999999 1.05300000000000000002
1  7.94e-02  0.4495006281 -11.098619999999999 1.05300000000000000002
1  8.32e-02  0.4495006396 -11.098619999999999 1.05300000000000000002
1  8.71e-02  0.4495007001 -11.098619999999999 1.05300000000000000002
1  9.12e-02  0.4495004327 -11.098619999999999 1.05300000000000000002
1  9.55e-02  0.4495006682 -11.098619999999999 1.05300000000000000002
1  1.00e-01  0.4495006995 -11.098619999999999 1.05300000000000000002
1  1.05e-01  0.4495006771 -11.098619999999999 1.05300000000000000002
1  1.10e-01  0.4495006949 -11.098619999999999 1.05300000000000000002
1  1.15e-01  0.4495006999 -11.098619999999999 1.05300000000000000002
1  1.20e-01  0.4495006279 -11.098619999999999 1.05300000000000000002
1  1.26e-01  0.4495006729 -11.098619999999999 1.05300000000000000002
1  1.32e-01  0.449500698 -11.098619999999999 1.05300000000000000002
1  1.38e-01  0.4495005431 -11.098619999999999 1.05300000000000000002
1  1.45e-01  0.4495002173 -11.098619999999999 1.05300000000000000002
1  1.51e-01  0.4495000004 -11.098619999999999 1.05300000000000000002
1  1.58e-01  0.4495006249 -11.098619999999999 1.05300000000000000002
1  1.66e-01  0.4495006978 -11.098619999999999 1.05300000000000000002
1  1.74e-01  0.4495005369 -11.098619999999999 1.05300000000000000002
1  1.82e-01  0.4495006187 -11.098619999999999 1.05300000000000000002
1  1.91e-01  0.4495006829 -11.098619999999999 1.05300000000000000002
1  2.00e-01  0.4495006759 -11.098619999999999 1.05300000000000000002
1  2.09e-01  0.4495006422 -11.098619999999999 1.05300000000000000002
1  2.19e-01  0.4495005162 -11.098619999999999 1.05300000000000000002
1  2.29e-01  0.449500645 -11.098619999999999 1.05300000000000000002
1  2.40e-01  0.4495006863 -11.098619999999999 1.05300000000000000002
1  2.51e-01  0.4495008707 -11.098619999999999 1.05300000000000000002
1  2.63e-01  0.4495005087 -11.098619999999999 1.05300000000000000002
1  2.75e-01  0.4495006267 -11.098619999999999 1.05300000000000000002
1  2.88e-01  0.4494995115 -11.098619999999999 1.05300000000000000002
1  3.02e-01  0.4495005681 -11.098619999999999 1.05300000000000000002
1  3.16e-01  0.4495005116 -11.098619999999999 1.05300000000000000002
1  3.31e-01  0.4495006369 -11.098619999999999 1.05300000000000000002
1  3.47e-01  0.4495005416 -11.098619999999999 1.05300000000000000002
1  3.63e-01  0.4495007259 -11.098619999999999 1.05300000000000000002
1  3.80e-01  0.4495004394 -11.098619999999999 1.05300000000000000002
1  3.98e-01  0.4495005034 -11.098619999999999 1.05300000000000000002
1  4.17e-01  0.4494908127 -11.098619999999999 1.05300000000000000002
1  4.37e-01  0.4495004802 -11.098619999999999 1.05300000000000000002
1  4.57e-01  0.4495004264 -11.098619999999999 1.05300000000000000002
1  4.79e-01  0.4495005743 -11.098619999999999 1.05300000000000000002
1  5.01e-01  0.4495004908 -11.098619999999999 1.05300000000000000002
1  5.25e-01  0.4495005628 -11.098619999999999 1.05300000000000000002
1  5.50e-01  0.4495006291 -11.098619999999999 1.05300000000000000002
1  5.75e-01  0.4495002352 -11.098619999999999 1.05300000000000000002
1  6.03e-01  0.4495002106 -11.098619999999999 1.05300000000000000002
1  6.31e-01  0.4495004106 -11.098619999999999 1.05300000000000000002
1  6.61e-01  0.4495005601 -11.098619999999999 1.05300000000000000002
1  6.92e-01  0.4495003417 -11.098619999999999 1.05300000000000000002
1  7.24e-01  0.4495003234 -11.098619999999999 1.05300000000000000002
1  7.59e-01  0.449500384 -11.098619999999999 1.05300000000000000002
1  7.94e-01  0.4495003923 -11.098619999999999 1.05300000000000000002
1  8.32e-01  0.4495002604 -11.098619999999999 1.05300000000000000002
1  8.71e-01  0.4495006729 -11.098619999999999 1.05300000000000000002
1  9.12e-01  0.4495008496 -11.098619999999999 1.05300000000000000002
1  9.55e-01  0.4495075228 -11.098619999999999 1.05300000000000000002
1  1.00e+00  0.4494999497 -11.098619999999999 1.05300000000000000002
1  1.05e+00  0.4495004787 -11.098619999999999 1.05300000000000000002
1  1.10e+00  0.4495000882 -11.098619999999999 1.05300000000000000002
1  1.15e+00  0.4495001933 -11.098619999999999 1.05300000000000000002
1  1.20e+00  0.4495001537 -11.098619999999999 1.05300000000000000002
1  1.26e+00  0.4495042863 -11.098619999999999 1.05300000000000000002
1  1.32e+00  0.4495001733 -11.098619999999999 1.05300000000000000002
1  1.38e+00  0.4495007828 -11.098619999999999 1.05300000000000000002
1  1.45e+00  0.4494995324 -11.098619999999999 1.05300000000000000002
1  1.51e+00  0.4494992622 -11.098619999999999 1.05300000000000000002
1  1.58e+00  0.449491022 -11.098619999999999 1.05300000000000000002
1  1.66e+00  0.4494998539 -11.098619999999999 1.05300000000000000002
1  1.74e+00  0.4495003506 -11.098619999999999 1.05300000000000000002
1  1.82e+00  0.4495004884 -11.098619999999999 1.05300000000000000002
1  1.91e+00  0.4494990051 -11.098619999999999 1.05300000000000000002
1  2.00e+00  0.449499558 -11.098619999999999 1.05300000000000000002
1  2.09e+00  0.4494991569 -11.098619999999999 1.05300000000000000002
1  2.19e+00  0.4494995693 -11.098619999999999 1.05300000000000000002
1  2.29e+00  0.4495078876 -11.098619999999999 1.05300000000000000002
1  2.40e+00  0.44952204 -11.098619999999999 1.05300000000000000002
1  2.51e+00  0.4495000694 -11.098619999999999 1.05300000000000000002
1  2.63e+00  0.4494984766 -11.098619999999999 1.05300000000000000002
1  2.75e+00  0.4494987325 -11.098619999999999 1.05300000000000000002
1  2.88e+00  0.4495190386 -11.098619999999999 1.05300000000000000002
1  3.02e+00  0.449499526 -11.098619999999999 1.05300000000000000002
1  3.16e+00  0.4494993765 -11.098619999999999 1.05300000000000000002
1  3.31e+00  0.4494995789 -11.098619999999999 1.05300000000000000002
1  3.47e+00  0.4495001753 -11.098619999999999 1.05300000000000000002
1  3.63e+00  0.449499221 -11.098619999999999 1.05300000000000000002
1  3.80e+00  0.4494995363 -11.098619999999999 1.05300000000000000002
1  3.98e+00  0.4494985131 -11.098619999999999 1.05300000000000000002
1  4.17e+00  0.4494989864 -11.098619999999999 1.05300000000000000002
1  4.37e+00  0.4495015972 -11.098619999999999 1.05300000000000000002
1  4.57e+00  0.4495039811 -11.098619999999999 1.05300000000000000002
1  4.79e+00  0.4494975426 -11.098619999999999 1.05300000000000000002
1  5.01e+00  0.4494964001 -11.098619999999999 1.05300000000000000002
1  5.25e+00  0.4494963248 -11.098619999999999 1.05300000000000000002
1  5.50e+00  0.4495059069 -11.098619999999999 1.05300000000000000002
1  5.75e+00  0.4494988155 -11.098619999999999 1.05300000000000000002
1  6.03e+00  0.4495003618 -11.098619999999999 1.05300000000000000002
1  6.31e+00  0.4495013173 -11.098619999999999 1.05300000000000000002
1  6.61e+00  0.4495019226 -11.098619999999999 1.05300000000000000002
1  6.92e+00  0.4495684619 -11.098619999999999 1.05300000000000000002
1  7.24e+00  0.4494620527 -11.098619999999999 1.05300000000000000002
1  7.59e+00  0.4493982351 -11.098619999999999 1.05300000000000000002
1  7.94e+00  0.4496179812 -11.098619999999999 1.05300000000000000002
1  8.32e+00  0.4495810986 -11.098619999999999 1.05300000000000000002
1  8.71e+00  0.449490657 -11.098619999999999 1.05300000000000000002
1  9.12e+00  0.4494932114 -11.098619999999999 1.05300000000000000002
1  9.55e+00  0.4494940091 -11.098619999999999 1.05300000000000000002
1  1.00e+01  0.4494977211 -11.098619999999999 1.05300000000000000002
1  1.05e+01  0.4494934004 -11.098619999999999 1.05300000000000000002
1  1.10e+01  0.4494925749 -11.098619999999999 1.05300000000000000002
1  1.15e+01  0.4495281568 -11.098619999999999 1.05300000000000000002
1  1.20e+01  0.449490339 -11.098619999999999 1.05300000000000000002
1  1.26e+01  0.4494952249 -11.098619999999999 1.05300000000000000002
1  1.32e+01  0.4495347359 -11.098619999999999 1.05300000000000000002
1  1.38e+01  0.4494719567 -11.098619999999999 1.05300000000000000002
1  1.45e+01  0.4494928549 -11.098619999999999 1.05300000000000000002
1  1.51e+01  0.4494913679 -11.098619999999999 1.05300000000000000002
1  1.58e+01  0.4495016701 -11.098619999999999 1.05300000000000000002
1  1.66e+01  0.4495020696 -11.098619999999999 1.05300000000000000002
1  1.74e+01  0.4496476073 -11.098619999999999 1.05300000000000000002
1  1.82e+01  0.4493921403 -11.098619999999999 1.05300000000000000002
1  1.91e+01  0.4491290292 -11.098619999999999 1.05300000000000000002
1  2.00e+01  0.4494686709 -11.098619999999999 1.05300000000000000002
1  2.09e+01  0.4499956348 -11.098619999999999 1.05300000000000000002
1  2.19e+01  0.4502559769 -11.098619999999999 1.05300000000000000002
1  2.29e+01  0.4492091825 -11.098619999999999 1.05300000000000000002
1  2.40e+01  0.4491146456 -11.098619999999999 1.05300000000000000002
1  2.51e+01  0.449321922 -11.098619999999999 1.05300000000000000002
1  2.63e+01  0.4489610176 -11.098619999999999 1.05300000000000000002
1  2.75e+01  0.4498879747 -11.098619999999999 1.05300000000000000002
1  2.88e+01  0.4490605202 -11.098619999999999 1.05300000000000000002
1  3.02e+01  0.4490365472 -11.098619999999999 1.05300000000000000002
1  3.16e+01  0.4495978186 -11.098619999999999 1.05300000000000000002
1  3.31e+01  0.449650534 -11.098619999999999 1.05300000000000000002
1  3.47e+01  0.4493748653 -11.098619999999999 1.05300000000000000002
1  3.63e+01  0.4497683648 -11.098619999999999 1.05300000000000000002
1  3.80e+01  0.4493285891 -11.098619999999999 1.05300000000000000002
1  3.98e+01  0.4494391735 -11.098619999999999 1.05300000000000000002
1  4.17e+01  0.4494699767 -11.098619999999999 1.05300000000000000002
1  4.37e+01  0.4494410868 -11.098619999999999 1.05300000000000000002
1  4.57e+01  0.4498349576 -11.098619999999999 1.05300000000000000002
1  4.79e+01  0.4499133117 -11.098619999999999 1.05300000000000000002
1  5.01e+01  0.4494497211 -11.098619999999999 1.05300000000000000002
1  5.25e+01  0.4496476868 -11.098619999999999 1.05300000000000000002
1  5.50e+01  0.4494168786 -11.098619999999999 1.05300000000000000002
1  5.75e+01  0.4495423398 -11.098619999999999 1.05300000000000000002
1  6.03e+01  0.4495328649 -11.098619999999999 1.05300000000000000002
1  6.31e+01  0.4494018675 -11.098619999999999 1.05300000000000000002
1  6.61e+01  0.4494810813 -11.098619999999999 1.05300000000000000002
1  6.92e+01  0.4494986531 -11.098619999999999 1.05300000000000000002
1  7.24e+01  0.4494250391 -11.098619999999999 1.05300000000000000002
1  7.59e+01  0.4491590481 -11.098619999999999 1.05300000000000000002
1  7.94e+01  0.4490705462 -11.098619999999999 1.05300000000000000002
1  8.32e+01  0.4494972479 -11.098619999999999 1.05300000000000000002
1  8.71e+01  0.4494474422 -11.098619999999999 1.05300000000000000002
1  9.12e+01  0.4493765317 -11.098619999999999 1.05300000000000000002
1  9.55e+01  0.4494284066 -11.098619999999999 1.05300000000000000002
1  1.00e+02  0.449640994 -11.098619999999999 1.05300000000000000002
1  1.05e+02  0.4496096309 -11.098619999999999 1.05300000000000000002
1  1.10e+02  0.4491484426 -11.098619999999999 1.05300000000000000002
1  1.15e+02  0.4494903023 -11.098619999999999 1.05300000000000000002
1  1.20e+02  0.4493794687 -11.098619999999999 1.05300000000000000002
1  1.26e+02  0.4492111551 -11.098619999999999 1.05300000000000000002
1  1.32e+02  0.4494155631 -11.098619999999999 1.05300000000000000002
1  1.38e+02  0.4495859824 -11.098619999999999 1.05300000000000000002
1  1.45e+02  0.4494090351 -11.098619999999999 1.05300000000000000002
1  1.51e+02  0.4493747519 -11.098619999999999 1.05300000000000000002
1  1.58e+02  0.4489409033 -11.098619999999999 1.05300000000000000002
1  1.66e+02  0.4493428769 -11.098619999999999 1.05300000000000000002
1  1.74e+02  0.4493592069 -11.098619999999999 1.05300000000000000002
1  1.82e+02  0.4493665545 -11.098619999999999 1.05300000000000000002
1  1.91e+02  0.4494356107 -11.098619999999999 1.05300000000000000002
1  2.00e+02  0.4494093428 -11.098619999999999 1.05300000000000000002
1  2.09e+02  0.4490338607 -11.098619999999999 1.05300000000000000002
1  2.19e+02  0.4494626171 -11.098619999999999 1.05300000000000000002
1  2.29e+02  0.4492885738 -11.098619999999999 1.05300000000000000002
1  2.40e+02  0.4494217057 -11.098619999999999 1.05300000000000000002
1  2.51e+02  0.4493858593 -11.098619999999999 1.05300000000000000002
1  2.63e+02  0.4495327568 -11.098619999999999 1.05300000000000000002
1  2.75e+02  0.4493029384 -11.098619999999999 1.05300000000000000002
1  2.88e+02  0.449340403 -11.098619999999999 1.05300000000000000002
1  3.02e+02  0.4494390334 -11.098619999999999 1.05300000000000000002
1  3.16e+02  0.449407082 -11.098619999999999 1.05300000000000000002
1  3.31e+02  0.4497982091 -11.098619999999999 1.05300000000000000002
1  3.47e+02  0.4492229034 -11.098619999999999 1.05300000000000000002
1  3.63e+02  0.4495007875 -11.098619999999999 1.05300000000000000002
1  3.80e+02  0.449394379 -11.098619999999999 1.05300000000000000002
1  3.98e+02  0.4494972262 -11.098619999999999 1.05300000000000000002
1  4.17e+02  0.449284993 -11.098619999999999 1.05300000000000000002
1  4.37e+02  0.4494503228 -11.098619999999999 1.05300000000000000002
1  4.57e+02  0.4495171354 -11.098619999999999 1.05300000000000000002
1  4.79e+02  0.449502519 -11.098619999999999 1.05300000000000000002
1  5.01e+02  0.4492492818 -11.098619999999999 1.05300000000000000002
1  5.25e+02  0.4491175844 -11.098619999999999 1.05300000000000000002
1  5.50e+02  0.4491410112 -11.098619999999999 1.05300000000000000002
1  5.75e+02  0.449315442 -11.098619999999999 1.05300000000000000002
1  6.03e+02  0.4493734512 -11.098619999999999 1.05300000000000000002
1  6.31e+02  0.4488614695 -11.098619999999999 1.05300000000000000002
1  6.61e+02  0.4490102945 -11.098619999999999 1.05300000000000000002
1  6.92e+02  0.4494390042 -11.098619999999999 1.05300000000000000002
1  7.24e+02  0.4490388372 -11.098619999999999 1.05300000000000000002
1  7.59e+02  0.4495693974 -11.098619999999999 1.05300000000000000002
1  7.94e+02  0.4494959092 -11.098619999999999 1.05300000000000000002
1  8.32e+02  0.4491916093 -11.098619999999999 1.05300000000000000002
1  8.71e+02  0.449265334 -11.098619999999999 1.05300000000000000002
1  9.12e+02  0.4497138709 -11.098619999999999 1.05300000000000000002
1  9.55e+02  0.4494324334 -11.098619999999999 1.05300000000000000002
1  1.00e+03  0.4495562793 -11.098619999999999 1.05300000000000000002
1  1.05e+03  0.4489168942 -11.098619999999999 1.05300000000000000002
1  1.10e+03  0.4500323975 -11.098619999999999 1.05300000000000000002
1  1.15e+03  0.4505664149 -11.098619999999999 1.05300000000000000002
1  1.20e+03  0.4496940454 -11.098619999999999 1.05300000000000000002
1  1.26e+03  0.4481887804 -11.098619999999999 1.05300000000000000002
1  1.32e+03  0.4466360593 -11.098619999999999 1.05300000000000000002
1  1.38e+03  0.4519585381 -11.098619999999999 1.05300000000000000002
1  1.45e+03  0.4524028192 -11.098619999999999 1.05300000000000000002
1  1.51e+03  0.4495370249 -11.098619999999999 1.05300000000000000002
1  1.58e+03  0.4469118005 -11.098619999999999 1.05300000000000000002
1  1.66e+03  0.4488681323 -11.098619999999999 1.05300000000000000002
1  1.74e+03  0.4455589412 -11.098619999999999 1.05300000000000000002
1  1.82e+03  0.4413262036 -11.098619999999999 1.05300000000000000002
1  1.91e+03  0.4455224537 -11.098619999999999 1.05300000000000000002
1  2.00e+03  0.4575840704 -11.098619999999999 1.05300000000000000002
1  2.09e+03  0.4619694035 -11.098619999999999 1.05300000000000000002
1  2.19e+03  0.4632702449 -11.098619999999999 1.05300000000000000002
1  2.29e+03  0.4607696191 -11.098619999999999 1.05300000000000000002
1  2.40e+03  0.4429240791 -11.098619999999999 1.05300000000000000002
1  2.51e+03  0.4514946568 -11.098619999999999 1.05300000000000000002
1  2.63e+03  0.4295175743 -11.098619999999999 1.05300000000000000002
1  2.75e+03  0.4526226795 -11.098619999999999 1.05300000000000000002
1  2.88e+03  0.4271858093 -11.098619999999999 1.05300000000000000002
1  3.02e+03  0.4066280092 -11.098619999999999 1.05300000000000000002
1  3.16e+03  0.4019314626 -11.098619999999999 1.05300000000000000002
1  3.31e+03  0.4117110065 -11.098619999999999 1.05300000000000000002
1  3.47e+03  0.4436197724 -11.098619999999999 1.05300000000000000002
1  3.63e+03  0.4473681036 -11.098619999999999 1.05300000000000000002
1  3.80e+03  0.41365693 -11.098619999999999 1.05300000000000000002
1  3.98e+03  0.4677020966 -11.098619999999999 1.05300000000000000002
1  4.17e+03  0.4221889907 -11.098619999999999 1.05300000000000000002
1  4.37e+03  0.4551222928 -11.098619999999999 1.05300000000000000002
1  4.57e+03  0.4452670393 -11.098619999999999 1.05300000000000000002
1  4.79e+03  0.4443202156 -11.098619999999999 1.05300000000000000002
1  5.01e+03  0.4409454123 -11.098619999999999 1.05300000000000000002
1  5.25e+03  0.4579153142 -11.098619999999999 1.05300000000000000002
1  5.50e+03  0.4570271146 -11.098619999999999 1.05300000000000000002
1  5.75e+03  0.4570569277 -11.098619999999999 1.05300000000000000002
1  6.03e+03  0.4212727982 -11.098619999999999 1.05300000000000000002
1  6.31e+03  0.4549648943 -11.098619999999999 1.05300000000000000002
1  6.61e+03  0.4317174079 -11.098619999999999 1.05300000000000000002
1  6.92e+03  0.4611109588 -11.098619999999999 1.05300000000000000002
1  7.24e+03  0.3117766896 -11.098619999999999 1.05300000000000000002
1  7.59e+03  0.4856852054 -11.098619999999999 1.05300000000000000002
1  7.94e+03  0.3590815557 -11.098619999999999 1.05300000000000000002
1  8.32e+03  0.4726894809 -11.098619999999999 1.05300000000000000002
1  8.71e+03  0.3671107682 -11.098619999999999 1.05300000000000000002
1  9.12e+03  0.2957495122 -11.098619999999999 1.05300000000000000002
1  9.55e+03  0.469294946 -11.098619999999999 1.05300000000000000002
1  1.00e+04  0.3844720544 -11.098619999999999 1.05300000000000000002
1  1.05e+04  0.4764144593 -11.098619999999999 1.05300000000000000002
1  1.10e+04  0.3019020024 -11.098619999999999 1.05300000000000000002
1  1.15e+04  0.2637874543 -11.098619999999999 1.05300000000000000002
1  1.20e+04  0.472678445 -11.098619999999999 1.05300000000000000002
1  1.26e+04  0.3518948102 -11.098619999999999 1.05300000000000000002
1  1.32e+04  0.4057193003 -11.098619999999999 1.05300000000000000002
1  1.38e+04  0.3990925708 -11.098619999999999 1.05300000000000000002
1  1.45e+04  0.255728072 -11.098619999999999 1.05300000000000000002
1  1.51e+04  0.3930604434 -11.098619999999999 1.05300000000000000002
1  1.58e+04  0.2140301502 -11.098619999999999 1.05300000000000000002
1  1.66e+04  0.4108488354 -11.098619999999999 1.05300000000000000002
1  1.74e+04  0.4601081586 -11.098619999999999 1.05300000000000000002
1  1.82e+04  0.3229383188 -11.098619999999999 1.05300000000000000002
1  1.91e+04  0.4437605259 -11.098619999999999 1.05300000000000000002
1  2.00e+04  0.3218707114 -11.098619999999999 1.05300000000000000002
1  2.09e+04  0.4391828628 -11.098619999999999 1.05300000000000000002
1  2.19e+04  0.4303249991 -11.098619999999999 1.05300000000000000002
1  2.29e+04  0.3569274734 -11.098619999999999 1.05300000000000000002
1  2.40e+04  0.3588066892 -11.098619999999999 1.05300000000000000002
1  2.51e+04  0.3657003204 -11.098619999999999 1.05300000000000000002
1  2.63e+04  0.4544621903 -11.098619999999999 1.05300000000000000002
1  2.75e+04  0.1298342457 -11.098619999999999 1.05300000000000000002
1  2.88e+04  0.4489192 -11.098619999999999 1.05300000000000000002
1  3.02e+04  0.3103216756 -11.098619999999999 1.05300000000000000002
1  3.16e+04  0.4552023879 -11.098619999999999 1.05300000000000000002
1  3.31e+04  0.2536284595 -11.098619999999999 1.05300000000000000002
1  3.47e+04  0.4430583673 -11.098619999999999 1.05300000000000000002
1  3.63e+04  0.1551240589 -11.098619999999999 1.05300000000000000002
1  3.80e+04  0.3902692415 -11.098619999999999 1.05300000000000000002
1  3.98e+04  0.4274271749 -11.098619999999999 1.05300000000000000002
1  4.17e+04  0.3492597438 -11.098619999999999 1.05300000000000000002
1  4.37e+04  0.4320657827 -11.098619999999999 1.05300000000000000002
1  4.57e+04  0.2740299073 -11.098619999999999 1.05300000000000000002
1  4.79e+04  0.1861698312 -11.098619999999999 1.05300000000000000002
1  5.01e+04  0.4537568212 -11.098619999999999 1.05300000000000000002
1  5.25e+04  0.2857309752 -11.098619999999999 1.05300000000000000002
1  5.50e+04  0.3259447823 -11.098619999999999 1.05300000000000000002
1  5.75e+04  0.4317209373 -11.098619999999999 1.05300000000000000002
1  6.03e+04  0.4467626958 -11.098619999999999 1.05300000000000000002
1  6.31e+04  0.3572850221 -11.098619999999999 1.05300000000000000002
1  6.61e+04  0.3000054065 -11.098619999999999 1.05300000000000000002
1  6.92e+04  0.4247450146 -11.098619999999999 1.05300000000000000002
1  7.24e+04  0.3860670214 -11.098619999999999 1.05300000000000000002
1  7.59e+04  0.1928965354 -11.098619999999999 1.05300000000000000002
1  7.94e+04  0.2325140407 -11.098619999999999 1.05300000000000000002
1  8.32e+04  0.4167182764 -11.098619999999999 1.05300000000000000002
1  8.71e+04  0.4288565509 -11.098619999999999 1.05300000000000000002
1  9.12e+04  0.3167303924 -11.098619999999999 1.05300000000000000002
1  9.55e+04  0.2935064941 -11.098619999999999 1.05300000000000000002
1  1.00e+05  0.3710009902 -11.098619999999999 1.05300000000000000002
1  1.05e+05  0.4343887797 -11.098619999999999 1.05300000000000000002
1  1.10e+05  0.4439850716 -11.098619999999999 1.05300000000000000002
1  1.15e+05  0.4356760554 -11.098619999999999 1.05300000000000000002
1  1.20e+05  0.4287176765 -11.098619999999999 1.05300000000000000002
1  1.26e+05  0.4116573427 -11.098619999999999 1.05300000000000000002
1  1.32e+05  0.3849080173 -11.098619999999999 1.05300000000000000002
1  1.38e+05  0.3721026343 -11.098619999999999 1.05300000000000000002
1  1.45e+05  0.3903755562 -11.098619999999999 1.05300000000000000002
1  1.51e+05  0.4273743576 -11.098619999999999 1.05300000000000000002
1  1.58e+05  0.4516592776 -11.098619999999999 1.05300000000000000002
1  1.66e+05  0.4404390152 -11.098619999999999 1.05300000000000000002
1  1.74e+05  0.3964833385 -11.098619999999999 1.05300000000000000002
1  1.82e+05  0.3433551623 -11.098619999999999 1.05300000000000000002
1  1.91e+05  0.3079088745 -11.098619999999999 1.05300000000000000002
1  2.00e+05  0.3048249228 -11.098619999999999 1.05300000000000000002
1  2.09e+05  0.3316062692 -11.098619999999999 1.05300000000000000002
1  2.19e+05  0.3734400049 -11.098619999999999 1.05300000000000000002
1  2.29e+05  0.4123188309 -11.098619999999999 1.05300000000000000002
1  2.40e+05  0.4348466793 -11.098619999999999 1.05300000000000000002
1  2.51e+05  0.4359014374 -11.098619999999999 1.05300000000000000002
1  2.63e+05  0.4181872179 -11.098619999999999 1.05300000000000000002
1  2.75e+05  0.3893131597 -11.098619999999999 1.05300000000000000002
1  2.88e+05  0.3582850694 -11.098619999999999 1.05300000000000000002
1  3.02e+05  0.3327313097 -11.098619999999999 1.05300000000000000002
1  3.16e+05  0.3174073199 -11.098619999999999 1.05300000000000000002
1  3.31e+05  0.3139133992 -11.098619999999999 1.05300000000000000002
1  3.47e+05  0.3212436474 -11.098619999999999 1.05300000000000000002
1  3.63e+05  0.3367207695 -11.098619999999999 1.05300000000000000002
1  3.80e+05  0.3569593261 -11.098619999999999 1.05300000000000000002
1  3.98e+05  0.3786415226 -11.098619999999999 1.05300000000000000002
1  4.17e+05  0.3990208847 -11.098619999999999 1.05300000000000000002
1  4.37e+05  0.416161454 -11.098619999999999 1.05300000000000000002
1  4.57e+05  0.4289695631 -11.098619999999999 1.05300000000000000002
1  4.79e+05  0.437090754 -11.098619999999999 1.05300000000000000002
1  5.01e+05  0.4407386275 -11.098619999999999 1.05300000000000000002
1  5.25e+05  0.4405065812 -11.098619999999999 1.05300000000000000002
1  5.50e+05  0.4371953867 -11.098619999999999 1.05300000000000000002
1  5.75e+05  0.4316737964 -11.098619999999999 1.05300000000000000002
1  6.03e+05  0.4247776752 -11.098619999999999 1.05300000000000000002
1  6.31e+05  0.4172456612 -11.098619999999999 1.05300000000000000002
1  6.61e+05  0.4088590216 -11.098619999999999 1.05300000000000000002
1  6.92e+05  0.4011971015 -11.098619999999999 1.05300000000000000002
1  7.24e+05  0.3942697502 -11.098619999999999 1.05300000000000000002
1  7.59e+05  0.3885402482 -11.098619999999999 1.05300000000000000002
1  7.94e+05  0.3841301754 -11.098619999999999 1.05300000000000000002
1  8.32e+05  0.3811450858 -11.098619999999999 1.05300000000000000002
1  8.71e+05  0.3793152272 -11.098619999999999 1.05300000000000000002
1  9.12e+05  0.3786467706 -11.098619999999999 1.05300000000000000002
1  9.55e+05  0.3789964196 -11.098619999999999 1.05300000000000000002
1  1.00e+06  0.380202248 -11.098619999999999 1.05300000000000000002
1  1.05e+06  0.3820981124 -11.098619999999999 1.05300000000000000002
1  1.10e+06  0.3845472999 -11.098619999999999 1.05300000000000000002
1  1.15e+06  0.3874104738 -11.098619999999999 1.05300000000000000002
1  1.20e+06  0.3905106953 -11.098619999999999 1.05300000000000000002
1  1.26e+06  0.3938418147 -11.098619999999999 1.05300000000000000002
1  1.32e+06  0.3972686418 -11.098619999999999 1.05300000000000000002
1  1.38e+06  0.4007172127 -11.098619999999999 1.05300000000000000002
1  1.45e+06  0.4040625951 -11.098619999999999 1.05300000000000000002
1  1.51e+06  0.4073905857 -11.098619999999999 1.05300000000000000002
1  1.58e+06  0.410601441 -11.098619999999999 1.05300000000000000002
1  1.66e+06  0.4136077025 -11.098619999999999 1.05300000000000000002
1  1.74e+06  0.4165194998 -11.098619999999999 1.05300000000000000002
1  1.82e+06  0.4192621585 -11.098619999999999 1.05300000000000000002
1  1.91e+06  0.4218305742 -11.098619999999999 1.05300000000000000002
1  2.00e+06  0.4241726041 -11.098619999999999 1.05300000000000000002
1  2.09e+06  0.4263962878 -11.098619999999999 1.05300000000000000002
1  2.19e+06  0.4284520249 -11.098619999999999 1.05300000000000000002
1  2.29e+06  0.4303463363 -11.098619999999999 1.05300000000000000002
1  2.40e+06  0.4320480903 -11.098619999999999 1.05300000000000000002
1  2.51e+06  0.4336464687 -11.098619999999999 1.05300000000000000002
1  2.63e+06  0.435108532 -11.098619999999999 1.05300000000000000002
1  2.75e+06  0.4364433931 -11.098619999999999 1.05300000000000000002
1  2.88e+06  0.4376319616 -11.098619999999999 1.05300000000000000002
1  3.02e+06  0.4387417462 -11.098619999999999 1.05300000000000000002
1  3.16e+06  0.4397506834 -11.098619999999999 1.05300000000000000002
1  3.31e+06  0.4406452488 -11.098619999999999 1.05300000000000000002
1  3.47e+06  0.441478448 -11.098619999999999 1.05300000000000000002
1  3.63e+06  0.4422338489 -11.098619999999999 1.05300000000000000002
1  3.80e+06  0.4429182491 -11.098619999999999 1.05300000000000000002
1  3.98e+06  0.4435228842 -11.098619999999999 1.05300000000000000002
1  4.17e+06  0.444085106 -11.098619999999999 1.05300000000000000002
1  4.37e+06  0.4445937638 -11.098619999999999 1.05300000000000000002
1  4.57e+06  0.4450538147 -11.098619999999999 1.05300000000000000002
1  4.79e+06  0.4454594471 -11.098619999999999 1.05300000000000000002
1  5.01e+06  0.4458364646 -11.098619999999999 1.05300000000000000002
1  5.25e+06  0.446177274 -11.098619999999999 1.05300000000000000002
1  5.50e+06  0.4464853308 -11.098619999999999 1.05300000000000000002
1  5.75e+06  0.4467567242 -11.098619999999999 1.05300000000000000002
1  6.03e+06  0.4470090645 -11.098619999999999 1.05300000000000000002
1  6.31e+06  0.4472371743 -11.098619999999999 1.05300000000000000002
1  6.61e+06  0.4474381305 -11.098619999999999 1.05300000000000000002
1  6.92e+06  0.4476250943 -11.098619999999999 1.05300000000000000002
1  7.24e+06  0.4477941801 -11.098619999999999 1.05300000000000000002
1  7.59e+06  0.4479471298 -11.098619999999999 1.05300000000000000002
1  7.94e+06  0.4480819532 -11.098619999999999 1.05300000000000000002
1  8.32e+06  0.448207534 -11.098619999999999 1.05300000000000000002
1  8.71e+06  0.4483212249 -11.098619999999999 1.05300000000000000002
1  9.12e+06  0.4484241858 -11.098619999999999 1.05300000000000000002
1  9.55e+06  0.4485150595 -11.098619999999999 1.05300000000000000002
1  1.00e+07  0.4485998237 -11.098619999999999 1.05300000000000000002
