1  1.00e-03  0.3478500471  1.644434e-01 1.07499999999999999993
1  1.05e-03  0.3478500432  1.644434e-01 1.07499999999999999993
1  1.10e-03  0.3478500474  1.644434e-01 1.07499999999999999993
1  1.15e-03  0.3478500428  1.644434e-01 1.07499999999999999993
1  1.20e-03  0.3478500461  1.644434e-01 1.07499999999999999993
1  1.26e-03  0.3478500437  1.644434e-01 1.07499999999999999993
1  1.32e-03  0.3478500473  1.644434e-01 1.07499999999999999993
1  1.38e-03  0.3478500417  1.644434e-01 1.07499999999999999993
1  1.45e-03  0.3478500457  1.644434e-01 1.07499999999999999993
1  1.51e-03  0.347850048  1.644434e-01 1.07499999999999999993
1  1.58e-03  0.3478500416  1.644434e-01 1.07499999999999999993
1  1.66e-03  0.3478500482  1.644434e-01 1.07499999999999999993
1  1.74e-03  0.3478500478  1.644434e-01 1.07499999999999999993
1  1.82e-03  0.3478500444  1.644434e-01 1.07499999999999999993
1  1.91e-03  0.3478500462  1.644434e-01 1.07499999999999999993
1  2.00e-03  0.3478500401  1.644434e-01 1.07499999999999999993
1  2.09e-03  0.3478500315  1.644434e-01 1.07499999999999999993
1  2.19e-03  0.3478500471  1.644434e-01 1.07499999999999999993
1  2.29e-03  0.347850045  1.644434e-01 1.07499999999999999993
1  2.40e-03  0.3478500467  1.644434e-01 1.07499999999999999993
1  2.51e-03  0.3478500478  1.644434e-01 1.07499999999999999993
1  2.63e-03  0.3478500434  1.644434e-01 1.07499999999999999993
1  2.75e-03  0.3478500468  1.644434e-01 1.07499999999999999993
1  2.88e-03  0.3478500453  1.644434e-01 1.07499999999999999993
1  3.02e-03  0.3478500467  1.644434e-01 1.07499999999999999993
1  3.16e-03  0.3478500464  1.644434e-01 1.07499999999999999993
1  3.31e-03  0.3478500456  1.644434e-01 1.07499999999999999993
1  3.47e-03  0.3478500447  1.644434e-01 1.07499999999999999993
1  3.63e-03  0.3478500432  1.644434e-01 1.07499999999999999993
1  3.80e-03  0.3478500449  1.644434e-01 1.07499999999999999993
1  3.98e-03  0.3478500468  1.644434e-01 1.07499999999999999993
1  4.17e-03  0.3478500467  1.644434e-01 1.07499999999999999993
1  4.37e-03  0.3478500461  1.644434e-01 1.07499999999999999993
1  4.57e-03  0.3478500461  1.644434e-01 1.07499999999999999993
1  4.79e-03  0.347850043  1.644434e-01 1.07499999999999999993
1  5.01e-03  0.3478500457  1.644434e-01 1.07499999999999999993
1  5.25e-03  0.3478500437  1.644434e-01 1.07499999999999999993
1  5.50e-03  0.3478500467  1.644434e-01 1.07499999999999999993
1  5.75e-03  0.347850043  1.644434e-01 1.07499999999999999993
1  6.03e-03  0.3478500473  1.644434e-01 1.07499999999999999993
1  6.31e-03  0.3478500444  1.644434e-01 1.07499999999999999993
1  6.61e-03  0.3478500471  1.644434e-01 1.07499999999999999993
1  6.92e-03  0.3478500447  1.644434e-01 1.07499999999999999993
1  7.24e-03  0.3478500449  1.644434e-01 1.07499999999999999993
1  7.59e-03  0.3478500471  1.644434e-01 1.07499999999999999993
1  7.94e-03  0.347850042  1.644434e-01 1.07499999999999999993
1  8.32e-03  0.3478500451  1.644434e-01 1.07499999999999999993
1  8.71e-03  0.3478500445  1.644434e-01 1.07499999999999999993
1  9.12e-03  0.3478500432  1.644434e-01 1.07499999999999999993
1  9.55e-03  0.347850041  1.644434e-01 1.07499999999999999993
1  1.00e-02  0.3478500452  1.644434e-01 1.07499999999999999993
1  1.05e-02  0.3478500395  1.644434e-01 1.07499999999999999993
1  1.10e-02  0.3478500418  1.644434e-01 1.07499999999999999993
1  1.15e-02  0.3478500405  1.644434e-01 1.07499999999999999993
1  1.20e-02  0.3478500414  1.644434e-01 1.07499999999999999993
1  1.26e-02  0.3478500433  1.644434e-01 1.07499999999999999993
1  1.32e-02  0.3478500398  1.644434e-01 1.07499999999999999993
1  1.38e-02  0.3478500415  1.644434e-01 1.07499999999999999993
1  1.45e-02  0.3478500414  1.644434e-01 1.07499999999999999993
1  1.51e-02  0.3478501023  1.644434e-01 1.07499999999999999993
1  1.58e-02  0.34785004  1.644434e-01 1.07499999999999999993
1  1.66e-02  0.3478500411  1.644434e-01 1.07499999999999999993
1  1.74e-02  0.3478500364  1.644434e-01 1.07499999999999999993
1  1.82e-02  0.3478500422  1.644434e-01 1.07499999999999999993
1  1.91e-02  0.3478500375  1.644434e-01 1.07499999999999999993
1  2.00e-02  0.3478500415  1.644434e-01 1.07499999999999999993
1  2.09e-02  0.3478500421  1.644434e-01 1.07499999999999999993
1  2.19e-02  0.3478500458  1.644434e-01 1.07499999999999999993
1  2.29e-02  0.34785005  1.644434e-01 1.07499999999999999993
1  2.40e-02  0.3478501383  1.644434e-01 1.07499999999999999993
1  2.51e-02  0.347850047  1.644434e-01 1.07499999999999999993
1  2.63e-02  0.3478500449  1.644434e-01 1.07499999999999999993
1  2.75e-02  0.3478500307  1.644434e-01 1.07499999999999999993
1  2.88e-02  0.3478500228  1.644434e-01 1.07499999999999999993
1  3.02e-02  0.3478500423  1.644434e-01 1.07499999999999999993
1  3.16e-02  0.3478500524  1.644434e-01 1.07499999999999999993
1  3.31e-02  0.3478500782  1.644434e-01 1.07499999999999999993
1  3.47e-02  0.347850033  1.644434e-01 1.07499999999999999993
1  3.63e-02  0.3478500023  1.644434e-01 1.07499999999999999993
1  3.80e-02  0.3478499441  1.644434e-01 1.07499999999999999993
1  3.98e-02  0.3478500241  1.644434e-01 1.07499999999999999993
1  4.17e-02  0.3478500637  1.644434e-01 1.07499999999999999993
1  4.37e-02  0.3478500075  1.644434e-01 1.07499999999999999993
1  4.57e-02  0.3478500124  1.644434e-01 1.07499999999999999993
1  4.79e-02  0.3478498837  1.644434e-01 1.07499999999999999993
1  5.01e-02  0.3478499923  1.644434e-01 1.07499999999999999993
1  5.25e-02  0.3478500221  1.644434e-01 1.07499999999999999993
1  5.50e-02  0.347850095  1.644434e-01 1.07499999999999999993
1  5.75e-02  0.3478500148  1.644434e-01 1.07499999999999999993
1  6.03e-02  0.3478500264  1.644434e-01 1.07499999999999999993
1  6.31e-02  0.3478500264  1.644434e-01 1.07499999999999999993
1  6.61e-02  0.3478500196  1.644434e-01 1.07499999999999999993
1  6.92e-02  0.3478500106  1.644434e-01 1.07499999999999999993
1  7.24e-02  0.3478500082  1.644434e-01 1.07499999999999999993
1  7.59e-02  0.3478500053  1.644434e-01 1.07499999999999999993
1  7.94e-02  0.3478500409  1.644434e-01 1.07499999999999999993
1  8.32e-02  0.3478498767  1.644434e-01 1.07499999999999999993
1  8.71e-02  0.3478499983  1.644434e-01 1.07499999999999999993
1  9.12e-02  0.3478499562  1.644434e-01 1.07499999999999999993
1  9.55e-02  0.3478499937  1.644434e-01 1.07499999999999999993
1  1.00e-01  0.3478499852  1.644434e-01 1.07499999999999999993
1  1.05e-01  0.3478499577  1.644434e-01 1.07499999999999999993
1  1.10e-01  0.3478499939  1.644434e-01 1.07499999999999999993
1  1.15e-01  0.3478499891  1.644434e-01 1.07499999999999999993
1  1.20e-01  0.3478500221  1.644434e-01 1.07499999999999999993
1  1.26e-01  0.3478499673  1.644434e-01 1.07499999999999999993
1  1.32e-01  0.3478499764  1.644434e-01 1.07499999999999999993
1  1.38e-01  0.3478491563  1.644434e-01 1.07499999999999999993
1  1.45e-01  0.3478500161  1.644434e-01 1.07499999999999999993
1  1.51e-01  0.3478500353  1.644434e-01 1.07499999999999999993
1  1.58e-01  0.3478497717  1.644434e-01 1.07499999999999999993
1  1.66e-01  0.3478499648  1.644434e-01 1.07499999999999999993
1  1.74e-01  0.3478500191  1.644434e-01 1.07499999999999999993
1  1.82e-01  0.3478499769  1.644434e-01 1.07499999999999999993
1  1.91e-01  0.3478500291  1.644434e-01 1.07499999999999999993
1  2.00e-01  0.3478499624  1.644434e-01 1.07499999999999999993
1  2.09e-01  0.347849946  1.644434e-01 1.07499999999999999993
1  2.19e-01  0.3478499278  1.644434e-01 1.07499999999999999993
1  2.29e-01  0.3478500221  1.644434e-01 1.07499999999999999993
1  2.40e-01  0.3478499994  1.644434e-01 1.07499999999999999993
1  2.51e-01  0.3478499624  1.644434e-01 1.07499999999999999993
1  2.63e-01  0.3478499788  1.644434e-01 1.07499999999999999993
1  2.75e-01  0.3478499547  1.644434e-01 1.07499999999999999993
1  2.88e-01  0.3478498881  1.644434e-01 1.07499999999999999993
1  3.02e-01  0.347850018  1.644434e-01 1.07499999999999999993
1  3.16e-01  0.3478499427  1.644434e-01 1.07499999999999999993
1  3.31e-01  0.3478499342  1.644434e-01 1.07499999999999999993
1  3.47e-01  0.3478500377  1.644434e-01 1.07499999999999999993
1  3.63e-01  0.3478498961  1.644434e-01 1.07499999999999999993
1  3.80e-01  0.3478499847  1.644434e-01 1.07499999999999999993
1  3.98e-01  0.3478500247  1.644434e-01 1.07499999999999999993
1  4.17e-01  0.3478498772  1.644434e-01 1.07499999999999999993
1  4.37e-01  0.3478500167  1.644434e-01 1.07499999999999999993
1  4.57e-01  0.3478500008  1.644434e-01 1.07499999999999999993
1  4.79e-01  0.3478499724  1.644434e-01 1.07499999999999999993
1  5.01e-01  0.3478500192  1.644434e-01 1.07499999999999999993
1  5.25e-01  0.347849998  1.644434e-01 1.07499999999999999993
1  5.50e-01  0.3478500732  1.644434e-01 1.07499999999999999993
1  5.75e-01  0.3478496041  1.644434e-01 1.07499999999999999993
1  6.03e-01  0.3478497726  1.644434e-01 1.07499999999999999993
1  6.31e-01  0.3478499139  1.644434e-01 1.07499999999999999993
1  6.61e-01  0.3478564183  1.644434e-01 1.07499999999999999993
1  6.92e-01  0.3478495012  1.644434e-01 1.07499999999999999993
1  7.24e-01  0.3478498353  1.644434e-01 1.07499999999999999993
1  7.59e-01  0.3478496818  1.644434e-01 1.07499999999999999993
1  7.94e-01  0.3478500557  1.644434e-01 1.07499999999999999993
1  8.32e-01  0.3478487139  1.644434e-01 1.07499999999999999993
1  8.71e-01  0.3478497053  1.644434e-01 1.07499999999999999993
1  9.12e-01  0.3478411606  1.644434e-01 1.07499999999999999993
1  9.55e-01  0.3478498658  1.644434e-01 1.07499999999999999993
1  1.00e+00  0.3478487892  1.644434e-01 1.07499999999999999993
1  1.05e+00  0.3478495301  1.644434e-01 1.07499999999999999993
1  1.10e+00  0.3478498881  1.644434e-01 1.07499999999999999993
1  1.15e+00  0.3478499328  1.644434e-01 1.07499999999999999993
1  1.20e+00  0.3478500122  1.644434e-01 1.07499999999999999993
1  1.26e+00  0.3478563896  1.644434e-01 1.07499999999999999993
1  1.32e+00  0.3478494563  1.644434e-01 1.07499999999999999993
1  1.38e+00  0.3478493018  1.644434e-01 1.07499999999999999993
1  1.45e+00  0.3478494532  1.644434e-01 1.07499999999999999993
1  1.51e+00  0.347849952  1.644434e-01 1.07499999999999999993
1  1.58e+00  0.3478495298  1.644434e-01 1.07499999999999999993
1  1.66e+00  0.3478494608  1.644434e-01 1.07499999999999999993
1  1.74e+00  0.3478496755  1.644434e-01 1.07499999999999999993
1  1.82e+00  0.3478495384  1.644434e-01 1.07499999999999999993
1  1.91e+00  0.347848804  1.644434e-01 1.07499999999999999993
1  2.00e+00  0.3478497323  1.644434e-01 1.07499999999999999993
1  2.09e+00  0.3478497752  1.644434e-01 1.07499999999999999993
1  2.19e+00  0.3478499206  1.644434e-01 1.07499999999999999993
1  2.29e+00  0.3478494866  1.644434e-01 1.07499999999999999993
1  2.40e+00  0.3478380723  1.644434e-01 1.07499999999999999993
1  2.51e+00  0.347849683  1.644434e-01 1.07499999999999999993
1  2.63e+00  0.3478490285  1.644434e-01 1.07499999999999999993
1  2.75e+00  0.3478484275  1.644434e-01 1.07499999999999999993
1  2.88e+00  0.3478488692  1.644434e-01 1.07499999999999999993
1  3.02e+00  0.3478488638  1.644434e-01 1.07499999999999999993
1  3.16e+00  0.3478491443  1.644434e-01 1.07499999999999999993
1  3.31e+00  0.3478588979  1.644434e-01 1.07499999999999999993
1  3.47e+00  0.3478013074  1.644434e-01 1.07499999999999999993
1  3.63e+00  0.3478034226  1.644434e-01 1.07499999999999999993
1  3.80e+00  0.3478492144  1.644434e-01 1.07499999999999999993
1  3.98e+00  0.3478493089  1.644434e-01 1.07499999999999999993
1  4.17e+00  0.3478604025  1.644434e-01 1.07499999999999999993
1  4.37e+00  0.3478511103  1.644434e-01 1.07499999999999999993
1  4.57e+00  0.3478500281  1.644434e-01 1.07499999999999999993
1  4.79e+00  0.3478485213  1.644434e-01 1.07499999999999999993
1  5.01e+00  0.347849096  1.644434e-01 1.07499999999999999993
1  5.25e+00  0.3478486749  1.644434e-01 1.07499999999999999993
1  5.50e+00  0.3479123775  1.644434e-01 1.07499999999999999993
1  5.75e+00  0.347854836  1.644434e-01 1.07499999999999999993
1  6.03e+00  0.3478479137  1.644434e-01 1.07499999999999999993
1  6.31e+00  0.3478503465  1.644434e-01 1.07499999999999999993
1  6.61e+00  0.3478493366  1.644434e-01 1.07499999999999999993
1  6.92e+00  0.3478216987  1.644434e-01 1.07499999999999999993
1  7.24e+00  0.3478546805  1.644434e-01 1.07499999999999999993
1  7.59e+00  0.3479255027  1.644434e-01 1.07499999999999999993
1  7.94e+00  0.3479069897  1.644434e-01 1.07499999999999999993
1  8.32e+00  0.3477818962  1.644434e-01 1.07499999999999999993
1  8.71e+00  0.3478562805  1.644434e-01 1.07499999999999999993
1  9.12e+00  0.3478417227  1.644434e-01 1.07499999999999999993
1  9.55e+00  0.3478086673  1.644434e-01 1.07499999999999999993
1  1.00e+01  0.3478597459  1.644434e-01 1.07499999999999999993
1  1.05e+01  0.3478237601  1.644434e-01 1.07499999999999999993
1  1.10e+01  0.3478771501  1.644434e-01 1.07499999999999999993
1  1.15e+01  0.3478425409  1.644434e-01 1.07499999999999999993
1  1.20e+01  0.3478452495  1.644434e-01 1.07499999999999999993
1  1.26e+01  0.3478466323  1.644434e-01 1.07499999999999999993
1  1.32e+01  0.3478493061  1.644434e-01 1.07499999999999999993
1  1.38e+01  0.3478461706  1.644434e-01 1.07499999999999999993
1  1.45e+01  0.3478503195  1.644434e-01 1.07499999999999999993
1  1.51e+01  0.3478406287  1.644434e-01 1.07499999999999999993
1  1.58e+01  0.3477783021  1.644434e-01 1.07499999999999999993
1  1.66e+01  0.3478074836  1.644434e-01 1.07499999999999999993
1  1.74e+01  0.34783559  1.644434e-01 1.07499999999999999993
1  1.82e+01  0.3478428817  1.644434e-01 1.07499999999999999993
1  1.91e+01  0.3478497624  1.644434e-01 1.07499999999999999993
1  2.00e+01  0.3478502962  1.644434e-01 1.07499999999999999993
1  2.09e+01  0.3479351489  1.644434e-01 1.07499999999999999993
1  2.19e+01  0.347704835  1.644434e-01 1.07499999999999999993
1  2.29e+01  0.3475789774  1.644434e-01 1.07499999999999999993
1  2.40e+01  0.3476320502  1.644434e-01 1.07499999999999999993
1  2.51e+01  0.3477899309  1.644434e-01 1.07499999999999999993
1  2.63e+01  0.34820407  1.644434e-01 1.07499999999999999993
1  2.75e+01  0.347434753  1.644434e-01 1.07499999999999999993
1  2.88e+01  0.348134262  1.644434e-01 1.07499999999999999993
1  3.02e+01  0.3481305772  1.644434e-01 1.07499999999999999993
1  3.16e+01  0.3476756537  1.644434e-01 1.07499999999999999993
1  3.31e+01  0.3477061892  1.644434e-01 1.07499999999999999993
1  3.47e+01  0.3477515976  1.644434e-01 1.07499999999999999993
1  3.63e+01  0.3481325943  1.644434e-01 1.07499999999999999993
1  3.80e+01  0.3478074826  1.644434e-01 1.07499999999999999993
1  3.98e+01  0.3476297498  1.644434e-01 1.07499999999999999993
1  4.17e+01  0.3478340086  1.644434e-01 1.07499999999999999993
1  4.37e+01  0.3477807715  1.644434e-01 1.07499999999999999993
1  4.57e+01  0.3476007135  1.644434e-01 1.07499999999999999993
1  4.79e+01  0.3479425574  1.644434e-01 1.07499999999999999993
1  5.01e+01  0.3477968752  1.644434e-01 1.07499999999999999993
1  5.25e+01  0.3478144916  1.644434e-01 1.07499999999999999993
1  5.50e+01  0.3478592525  1.644434e-01 1.07499999999999999993
1  5.75e+01  0.3481899531  1.644434e-01 1.07499999999999999993
1  6.03e+01  0.3480418434  1.644434e-01 1.07499999999999999993
1  6.31e+01  0.3479170252  1.644434e-01 1.07499999999999999993
1  6.61e+01  0.347809148  1.644434e-01 1.07499999999999999993
1  6.92e+01  0.347849969  1.644434e-01 1.07499999999999999993
1  7.24e+01  0.3478332769  1.644434e-01 1.07499999999999999993
1  7.59e+01  0.3475680312  1.644434e-01 1.07499999999999999993
1  7.94e+01  0.347742108  1.644434e-01 1.07499999999999999993
1  8.32e+01  0.3478214377  1.644434e-01 1.07499999999999999993
1  8.71e+01  0.3478686794  1.644434e-01 1.07499999999999999993
1  9.12e+01  0.3478005837  1.644434e-01 1.07499999999999999993
1  9.55e+01  0.3479086196  1.644434e-01 1.07499999999999999993
1  1.00e+02  0.3477576958  1.644434e-01 1.07499999999999999993
1  1.05e+02  0.3478249611  1.644434e-01 1.07499999999999999993
1  1.10e+02  0.3477942148  1.644434e-01 1.07499999999999999993
1  1.15e+02  0.3478425144  1.644434e-01 1.07499999999999999993
1  1.20e+02  0.3476994274  1.644434e-01 1.07499999999999999993
1  1.26e+02  0.3476727367  1.644434e-01 1.07499999999999999993
1  1.32e+02  0.3477795443  1.644434e-01 1.07499999999999999993
1  1.38e+02  0.3478915584  1.644434e-01 1.07499999999999999993
1  1.45e+02  0.3477830113  1.644434e-01 1.07499999999999999993
1  1.51e+02  0.3478085936  1.644434e-01 1.07499999999999999993
1  1.58e+02  0.3478319338  1.644434e-01 1.07499999999999999993
1  1.66e+02  0.3478141835  1.644434e-01 1.07499999999999999993
1  1.74e+02  0.3477613498  1.644434e-01 1.07499999999999999993
1  1.82e+02  0.3478246969  1.644434e-01 1.07499999999999999993
1  1.91e+02  0.3478049264  1.644434e-01 1.07499999999999999993
1  2.00e+02  0.3477840152  1.644434e-01 1.07499999999999999993
1  2.09e+02  0.3478365991  1.644434e-01 1.07499999999999999993
1  2.19e+02  0.347782196  1.644434e-01 1.07499999999999999993
1  2.29e+02  0.3477200971  1.644434e-01 1.07499999999999999993
1  2.40e+02  0.3477750624  1.644434e-01 1.07499999999999999993
1  2.51e+02  0.3477515851  1.644434e-01 1.07499999999999999993
1  2.63e+02  0.3480358553  1.644434e-01 1.07499999999999999993
1  2.75e+02  0.3478097232  1.644434e-01 1.07499999999999999993
1  2.88e+02  0.3477243998  1.644434e-01 1.07499999999999999993
1  3.02e+02  0.3477530239  1.644434e-01 1.07499999999999999993
1  3.16e+02  0.3478041993  1.644434e-01 1.07499999999999999993
1  3.31e+02  0.3477024486  1.644434e-01 1.07499999999999999993
1  3.47e+02  0.3477906556  1.644434e-01 1.07499999999999999993
1  3.63e+02  0.3477604353  1.644434e-01 1.07499999999999999993
1  3.80e+02  0.3477618989  1.644434e-01 1.07499999999999999993
1  3.98e+02  0.3478170742  1.644434e-01 1.07499999999999999993
1  4.17e+02  0.3478397776  1.644434e-01 1.07499999999999999993
1  4.37e+02  0.3480326734  1.644434e-01 1.07499999999999999993
1  4.57e+02  0.3478906  1.644434e-01 1.07499999999999999993
1  4.79e+02  0.3477305914  1.644434e-01 1.07499999999999999993
1  5.01e+02  0.347647693  1.644434e-01 1.07499999999999999993
1  5.25e+02  0.3477296818  1.644434e-01 1.07499999999999999993
1  5.50e+02  0.3476815864  1.644434e-01 1.07499999999999999993
1  5.75e+02  0.3476754313  1.644434e-01 1.07499999999999999993
1  6.03e+02  0.3475365436  1.644434e-01 1.07499999999999999993
1  6.31e+02  0.3478905035  1.644434e-01 1.07499999999999999993
1  6.61e+02  0.3475025329  1.644434e-01 1.07499999999999999993
1  6.92e+02  0.3475620267  1.644434e-01 1.07499999999999999993
1  7.24e+02  0.3475796506  1.644434e-01 1.07499999999999999993
1  7.59e+02  0.3478846249  1.644434e-01 1.07499999999999999993
1  7.94e+02  0.3475520454  1.644434e-01 1.07499999999999999993
1  8.32e+02  0.3477332967  1.644434e-01 1.07499999999999999993
1  8.71e+02  0.3475829071  1.644434e-01 1.07499999999999999993
1  9.12e+02  0.347905562  1.644434e-01 1.07499999999999999993
1  9.55e+02  0.3474016978  1.644434e-01 1.07499999999999999993
1  1.00e+03  0.3477425051  1.644434e-01 1.07499999999999999993
1  1.05e+03  0.3479153095  1.644434e-01 1.07499999999999999993
1  1.10e+03  0.3475318929  1.644434e-01 1.07499999999999999993
1  1.15e+03  0.3475902093  1.644434e-01 1.07499999999999999993
1  1.20e+03  0.3469953646  1.644434e-01 1.07499999999999999993
1  1.26e+03  0.3475503256  1.644434e-01 1.07499999999999999993
1  1.32e+03  0.3478741434  1.644434e-01 1.07499999999999999993
1  1.38e+03  0.3486755704  1.644434e-01 1.07499999999999999993
1  1.45e+03  0.3470001392  1.644434e-01 1.07499999999999999993
1  1.51e+03  0.3479850052  1.644434e-01 1.07499999999999999993
1  1.58e+03  0.3471910092  1.644434e-01 1.07499999999999999993
1  1.66e+03  0.347013031  1.644434e-01 1.07499999999999999993
1  1.74e+03  0.3484014784  1.644434e-01 1.07499999999999999993
1  1.82e+03  0.3482732631  1.644434e-01 1.07499999999999999993
1  1.91e+03  0.3482208756  1.644434e-01 1.07499999999999999993
1  2.00e+03  0.3492819594  1.644434e-01 1.07499999999999999993
1  2.09e+03  0.3519247821  1.644434e-01 1.07499999999999999993
1  2.19e+03  0.3506490591  1.644434e-01 1.07499999999999999993
1  2.29e+03  0.3496866471  1.644434e-01 1.07499999999999999993
1  2.40e+03  0.3497872262  1.644434e-01 1.07499999999999999993
1  2.51e+03  0.3454511502  1.644434e-01 1.07499999999999999993
1  2.63e+03  0.3390787328  1.644434e-01 1.07499999999999999993
1  2.75e+03  0.3471369262  1.644434e-01 1.07499999999999999993
1  2.88e+03  0.3400743495  1.644434e-01 1.07499999999999999993
1  3.02e+03  0.3394664462  1.644434e-01 1.07499999999999999993
1  3.16e+03  0.3467231023  1.644434e-01 1.07499999999999999993
1  3.31e+03  0.349497363  1.644434e-01 1.07499999999999999993
1  3.47e+03  0.3480194552  1.644434e-01 1.07499999999999999993
1  3.63e+03  0.3462238833  1.644434e-01 1.07499999999999999993
1  3.80e+03  0.346139669  1.644434e-01 1.07499999999999999993
1  3.98e+03  0.3558544469  1.644434e-01 1.07499999999999999993
1  4.17e+03  0.3497372011  1.644434e-01 1.07499999999999999993
1  4.37e+03  0.3570078785  1.644434e-01 1.07499999999999999993
1  4.57e+03  0.3460126047  1.644434e-01 1.07499999999999999993
1  4.79e+03  0.3571865379  1.644434e-01 1.07499999999999999993
1  5.01e+03  0.3627517118  1.644434e-01 1.07499999999999999993
1  5.25e+03  0.3568285878  1.644434e-01 1.07499999999999999993
1  5.50e+03  0.3420192921  1.644434e-01 1.07499999999999999993
1  5.75e+03  0.3518005477  1.644434e-01 1.07499999999999999993
1  6.03e+03  0.3463798259  1.644434e-01 1.07499999999999999993
1  6.31e+03  0.3465278882  1.644434e-01 1.07499999999999999993
1  6.61e+03  0.3700851949  1.644434e-01 1.07499999999999999993
1  6.92e+03  0.3567474553  1.644434e-01 1.07499999999999999993
1  7.24e+03  0.3472699602  1.644434e-01 1.07499999999999999993
1  7.59e+03  0.3536292835  1.644434e-01 1.07499999999999999993
1  7.94e+03  0.3413119126  1.644434e-01 1.07499999999999999993
1  8.32e+03  0.3478194757  1.644434e-01 1.07499999999999999993
1  8.71e+03  0.3530063925  1.644434e-01 1.07499999999999999993
1  9.12e+03  0.3608494009  1.644434e-01 1.07499999999999999993
1  9.55e+03  0.3603693923  1.644434e-01 1.07499999999999999993
1  1.00e+04  0.3012685083  1.644434e-01 1.07499999999999999993
1  1.05e+04  0.3566870552  1.644434e-01 1.07499999999999999993
1  1.10e+04  0.3582480613  1.644434e-01 1.07499999999999999993
1  1.15e+04  0.3513906674  1.644434e-01 1.07499999999999999993
1  1.20e+04  0.3004421338  1.644434e-01 1.07499999999999999993
1  1.26e+04  0.3637908883  1.644434e-01 1.07499999999999999993
1  1.32e+04  0.2756922913  1.644434e-01 1.07499999999999999993
1  1.38e+04  0.3607904485  1.644434e-01 1.07499999999999999993
1  1.45e+04  0.2791379398  1.644434e-01 1.07499999999999999993
1  1.51e+04  0.3584544807  1.644434e-01 1.07499999999999999993
1  1.58e+04  0.3115890482  1.644434e-01 1.07499999999999999993
1  1.66e+04  0.3594607586  1.644434e-01 1.07499999999999999993
1  1.74e+04  0.3580543028  1.644434e-01 1.07499999999999999993
1  1.82e+04  0.3190583783  1.644434e-01 1.07499999999999999993
1  1.91e+04  0.3473531169  1.644434e-01 1.07499999999999999993
1  2.00e+04  0.3106120755  1.644434e-01 1.07499999999999999993
1  2.09e+04  0.3537094513  1.644434e-01 1.07499999999999999993
1  2.19e+04  0.3445936752  1.644434e-01 1.07499999999999999993
1  2.29e+04  0.3012248889  1.644434e-01 1.07499999999999999993
1  2.40e+04  0.3520333655  1.644434e-01 1.07499999999999999993
1  2.51e+04  0.329133731  1.644434e-01 1.07499999999999999993
1  2.63e+04  0.3503659063  1.644434e-01 1.07499999999999999993
1  2.75e+04  0.3007857872  1.644434e-01 1.07499999999999999993
1  2.88e+04  0.3107109701  1.644434e-01 1.07499999999999999993
1  3.02e+04  0.333567391  1.644434e-01 1.07499999999999999993
1  3.16e+04  0.3418162315  1.644434e-01 1.07499999999999999993
1  3.31e+04  0.3283904334  1.644434e-01 1.07499999999999999993
1  3.47e+04  0.3181825145  1.644434e-01 1.07499999999999999993
1  3.63e+04  0.2876650685  1.644434e-01 1.07499999999999999993
1  3.80e+04  0.3451413406  1.644434e-01 1.07499999999999999993
1  3.98e+04  0.310052058  1.644434e-01 1.07499999999999999993
1  4.17e+04  0.3525334444  1.644434e-01 1.07499999999999999993
1  4.37e+04  0.3270709277  1.644434e-01 1.07499999999999999993
1  4.57e+04  0.3042085051  1.644434e-01 1.07499999999999999993
1  4.79e+04  0.3542943887  1.644434e-01 1.07499999999999999993
1  5.01e+04  0.27601733  1.644434e-01 1.07499999999999999993
1  5.25e+04  0.3036231143  1.644434e-01 1.07499999999999999993
1  5.50e+04  0.353734079  1.644434e-01 1.07499999999999999993
1  5.75e+04  0.3090505105  1.644434e-01 1.07499999999999999993
1  6.03e+04  0.3204317342  1.644434e-01 1.07499999999999999993
1  6.31e+04  0.3529004062  1.644434e-01 1.07499999999999999993
1  6.61e+04  0.3444461124  1.644434e-01 1.07499999999999999993
1  6.92e+04  0.3147300042  1.644434e-01 1.07499999999999999993
1  7.24e+04  0.3171120417  1.644434e-01 1.07499999999999999993
1  7.59e+04  0.3504511561  1.644434e-01 1.07499999999999999993
1  7.94e+04  0.3440444187  1.644434e-01 1.07499999999999999993
1  8.32e+04  0.2975101044  1.644434e-01 1.07499999999999999993
1  8.71e+04  0.2881195329  1.644434e-01 1.07499999999999999993
1  9.12e+04  0.3291641187  1.644434e-01 1.07499999999999999993
1  9.55e+04  0.3552015155  1.644434e-01 1.07499999999999999993
1  1.00e+05  0.3332677364  1.644434e-01 1.07499999999999999993
1  1.05e+05  0.3008479091  1.644434e-01 1.07499999999999999993
1  1.10e+05  0.3003847456  1.644434e-01 1.07499999999999999993
1  1.15e+05  0.3281751669  1.644434e-01 1.07499999999999999993
1  1.20e+05  0.352343638  1.644434e-01 1.07499999999999999993
1  1.26e+05  0.3536146696  1.644434e-01 1.07499999999999999993
1  1.32e+05  0.3385746431  1.644434e-01 1.07499999999999999993
1  1.38e+05  0.3247692958  1.644434e-01 1.07499999999999999993
1  1.45e+05  0.3229682711  1.644434e-01 1.07499999999999999993
1  1.51e+05  0.3320857552  1.644434e-01 1.07499999999999999993
1  1.58e+05  0.3445582343  1.644434e-01 1.07499999999999999993
1  1.66e+05  0.3534422741  1.644434e-01 1.07499999999999999993
1  1.74e+05  0.3559048848  1.644434e-01 1.07499999999999999993
1  1.82e+05  0.3529143893  1.644434e-01 1.07499999999999999993
1  1.91e+05  0.3472625498  1.644434e-01 1.07499999999999999993
1  2.00e+05  0.3417491592  1.644434e-01 1.07499999999999999993
1  2.09e+05  0.3382274179  1.644434e-01 1.07499999999999999993
1  2.19e+05  0.3374115792  1.644434e-01 1.07499999999999999993
1  2.29e+05  0.3391005369  1.644434e-01 1.07499999999999999993
1  2.40e+05  0.3425349994  1.644434e-01 1.07499999999999999993
1  2.51e+05  0.3467375238  1.644434e-01 1.07499999999999999993
1  2.63e+05  0.3507761993  1.644434e-01 1.07499999999999999993
1  2.75e+05  0.3539360748  1.644434e-01 1.07499999999999999993
1  2.88e+05  0.3558007755  1.644434e-01 1.07499999999999999993
1  3.02e+05  0.3562573811  1.644434e-01 1.07499999999999999993
1  3.16e+05  0.355445495  1.644434e-01 1.07499999999999999993
1  3.31e+05  0.353675351  1.644434e-01 1.07499999999999999993
1  3.47e+05  0.3513385703  1.644434e-01 1.07499999999999999993
1  3.63e+05  0.3488296307  1.644434e-01 1.07499999999999999993
1  3.80e+05  0.3464885089  1.644434e-01 1.07499999999999999993
1  3.98e+05  0.3445676657  1.644434e-01 1.07499999999999999993
1  4.17e+05  0.3432211041  1.644434e-01 1.07499999999999999993
1  4.37e+05  0.3425101664  1.644434e-01 1.07499999999999999993
1  4.57e+05  0.3424197992  1.644434e-01 1.07499999999999999993
1  4.79e+05  0.3428795536  1.644434e-01 1.07499999999999999993
1  5.01e+05  0.3437849184  1.644434e-01 1.07499999999999999993
1  5.25e+05  0.3450161247  1.644434e-01 1.07499999999999999993
1  5.50e+05  0.3464529556  1.644434e-01 1.07499999999999999993
1  5.75e+05  0.3479851665  1.644434e-01 1.07499999999999999993
1  6.03e+05  0.3495188264  1.644434e-01 1.07499999999999999993
1  6.31e+05  0.3509792751  1.644434e-01 1.07499999999999999993
1  6.61e+05  0.3523508038  1.644434e-01 1.07499999999999999993
1  6.92e+05  0.3535819427  1.644434e-01 1.07499999999999999993
1  7.24e+05  0.354631766  1.644434e-01 1.07499999999999999993
1  7.59e+05  0.3554464393  1.644434e-01 1.07499999999999999993
1  7.94e+05  0.3560358783  1.644434e-01 1.07499999999999999993
1  8.32e+05  0.3564091191  1.644434e-01 1.07499999999999999993
1  8.71e+05  0.3565846934  1.644434e-01 1.07499999999999999993
1  9.12e+05  0.3565869048  1.644434e-01 1.07499999999999999993
1  9.55e+05  0.3564428161  1.644434e-01 1.07499999999999999993
1  1.00e+06  0.3561799648  1.644434e-01 1.07499999999999999993
1  1.05e+06  0.3558367602  1.644434e-01 1.07499999999999999993
1  1.10e+06  0.3554153896  1.644434e-01 1.07499999999999999993
1  1.15e+06  0.354946783  1.644434e-01 1.07499999999999999993
1  1.20e+06  0.35444935  1.644434e-01 1.07499999999999999993
1  1.26e+06  0.3539384593  1.644434e-01 1.07499999999999999993
1  1.32e+06  0.3534265882  1.644434e-01 1.07499999999999999993
1  1.38e+06  0.3529235727  1.644434e-01 1.07499999999999999993
1  1.45e+06  0.3524369126  1.644434e-01 1.07499999999999999993
1  1.51e+06  0.3519720944  1.644434e-01 1.07499999999999999993
1  1.58e+06  0.3515329105  1.644434e-01 1.07499999999999999993
1  1.66e+06  0.3511217575  1.644434e-01 1.07499999999999999993
1  1.74e+06  0.3507399068  1.644434e-01 1.07499999999999999993
1  1.82e+06  0.3503877421  1.644434e-01 1.07499999999999999993
1  1.91e+06  0.3500649641  1.644434e-01 1.07499999999999999993
1  2.00e+06  0.3497707626  1.644434e-01 1.07499999999999999993
1  2.09e+06  0.3495039593  1.644434e-01 1.07499999999999999993
1  2.19e+06  0.3492740542  1.644434e-01 1.07499999999999999993
1  2.29e+06  0.3490568097  1.644434e-01 1.07499999999999999993
1  2.40e+06  0.3488622989  1.644434e-01 1.07499999999999999993
1  2.51e+06  0.348688821  1.644434e-01 1.07499999999999999993
1  2.63e+06  0.3485346865  1.644434e-01 1.07499999999999999993
1  2.75e+06  0.3483982496  1.644434e-01 1.07499999999999999993
1  2.88e+06  0.3482779298  1.644434e-01 1.07499999999999999993
1  3.02e+06  0.348172228  1.644434e-01 1.07499999999999999993
1  3.16e+06  0.3480797354  1.644434e-01 1.07499999999999999993
1  3.31e+06  0.3479991388  1.644434e-01 1.07499999999999999993
1  3.47e+06  0.3479292223  1.644434e-01 1.07499999999999999993
1  3.63e+06  0.3478688666  1.644434e-01 1.07499999999999999993
1  3.80e+06  0.3478170464  1.644434e-01 1.07499999999999999993
1  3.98e+06  0.3477728264  1.644434e-01 1.07499999999999999993
1  4.17e+06  0.3477353565  1.644434e-01 1.07499999999999999993
1  4.37e+06  0.3477068479  1.644434e-01 1.07499999999999999993
1  4.57e+06  0.3476803749  1.644434e-01 1.07499999999999999993
1  4.79e+06  0.347658584  1.644434e-01 1.07499999999999999993
1  5.01e+06  0.3476409107  1.644434e-01 1.07499999999999999993
1  5.25e+06  0.3476268492  1.644434e-01 1.07499999999999999993
1  5.50e+06  0.3476159465  1.644434e-01 1.07499999999999999993
1  5.75e+06  0.3476077985  1.644434e-01 1.07499999999999999993
1  6.03e+06  0.3476020445  1.644434e-01 1.07499999999999999993
1  6.31e+06  0.3475983638  1.644434e-01 1.07499999999999999993
1  6.61e+06  0.3475964716  1.644434e-01 1.07499999999999999993
1  6.92e+06  0.3475961151  1.644434e-01 1.07499999999999999993
1  7.24e+06  0.3475970706  1.644434e-01 1.07499999999999999993
1  7.59e+06  0.3475991405  1.644434e-01 1.07499999999999999993
1  7.94e+06  0.3476021502  1.644434e-01 1.07499999999999999993
1  8.32e+06  0.3476059461  1.644434e-01 1.07499999999999999993
1  8.71e+06  0.3476110953  1.644434e-01 1.07499999999999999993
1  9.12e+06  0.3476160096  1.644434e-01 1.07499999999999999993
1  9.55e+06  0.347621359  1.644434e-01 1.07499999999999999993
1  1.00e+07  0.3476270522  1.644434e-01 1.07499999999999999993
