1  1.00e-03  0.1760119801  1.558770e-01 1.01899999999999999996
1  1.05e-03  0.1760119786  1.558770e-01 1.01899999999999999996
1  1.10e-03  0.1760119766  1.558770e-01 1.01899999999999999996
1  1.15e-03  0.1760119787  1.558770e-01 1.01899999999999999996
1  1.20e-03  0.1760119785  1.558770e-01 1.01899999999999999996
1  1.26e-03  0.1760119794  1.558770e-01 1.01899999999999999996
1  1.32e-03  0.1760119827  1.558770e-01 1.01899999999999999996
1  1.38e-03  0.1760119806  1.558770e-01 1.01899999999999999996
1  1.45e-03  0.1760119781  1.558770e-01 1.01899999999999999996
1  1.51e-03  0.1760119787  1.558770e-01 1.01899999999999999996
1  1.58e-03  0.1760119818  1.558770e-01 1.01899999999999999996
1  1.66e-03  0.1760119768  1.558770e-01 1.01899999999999999996
1  1.74e-03  0.1760119785  1.558770e-01 1.01899999999999999996
1  1.82e-03  0.1760119789  1.558770e-01 1.01899999999999999996
1  1.91e-03  0.1760119788  1.558770e-01 1.01899999999999999996
1  2.00e-03  0.176011981  1.558770e-01 1.01899999999999999996
1  2.09e-03  0.1760119831  1.558770e-01 1.01899999999999999996
1  2.19e-03  0.1760119856  1.558770e-01 1.01899999999999999996
1  2.29e-03  0.1760119852  1.558770e-01 1.01899999999999999996
1  2.40e-03  0.1760119815  1.558770e-01 1.01899999999999999996
1  2.51e-03  0.1760119836  1.558770e-01 1.01899999999999999996
1  2.63e-03  0.1760120111  1.558770e-01 1.01899999999999999996
1  2.75e-03  0.1760120302  1.558770e-01 1.01899999999999999996
1  2.88e-03  0.1760119893  1.558770e-01 1.01899999999999999996
1  3.02e-03  0.176011987  1.558770e-01 1.01899999999999999996
1  3.16e-03  0.1760119817  1.558770e-01 1.01899999999999999996
1  3.31e-03  0.1760119915  1.558770e-01 1.01899999999999999996
1  3.47e-03  0.1760119822  1.558770e-01 1.01899999999999999996
1  3.63e-03  0.1760119842  1.558770e-01 1.01899999999999999996
1  3.80e-03  0.1760119876  1.558770e-01 1.01899999999999999996
1  3.98e-03  0.1760119738  1.558770e-01 1.01899999999999999996
1  4.17e-03  0.1760119937  1.558770e-01 1.01899999999999999996
1  4.37e-03  0.1760119781  1.558770e-01 1.01899999999999999996
1  4.57e-03  0.176011975  1.558770e-01 1.01899999999999999996
1  4.79e-03  0.1760119865  1.558770e-01 1.01899999999999999996
1  5.01e-03  0.1760119747  1.558770e-01 1.01899999999999999996
1  5.25e-03  0.1760119818  1.558770e-01 1.01899999999999999996
1  5.50e-03  0.1760119891  1.558770e-01 1.01899999999999999996
1  5.75e-03  0.176012002  1.558770e-01 1.01899999999999999996
1  6.03e-03  0.1760119886  1.558770e-01 1.01899999999999999996
1  6.31e-03  0.1760119844  1.558770e-01 1.01899999999999999996
1  6.61e-03  0.1760119904  1.558770e-01 1.01899999999999999996
1  6.92e-03  0.1760119979  1.558770e-01 1.01899999999999999996
1  7.24e-03  0.1760119915  1.558770e-01 1.01899999999999999996
1  7.59e-03  0.1760119873  1.558770e-01 1.01899999999999999996
1  7.94e-03  0.1760119837  1.558770e-01 1.01899999999999999996
1  8.32e-03  0.1760119843  1.558770e-01 1.01899999999999999996
1  8.71e-03  0.1760119767  1.558770e-01 1.01899999999999999996
1  9.12e-03  0.1760119929  1.558770e-01 1.01899999999999999996
1  9.55e-03  0.1760119898  1.558770e-01 1.01899999999999999996
1  1.00e-02  0.1760119677  1.558770e-01 1.01899999999999999996
1  1.05e-02  0.1760119761  1.558770e-01 1.01899999999999999996
1  1.10e-02  0.1760119991  1.558770e-01 1.01899999999999999996
1  1.15e-02  0.1760119674  1.558770e-01 1.01899999999999999996
1  1.20e-02  0.1760119661  1.558770e-01 1.01899999999999999996
1  1.26e-02  0.1760119922  1.558770e-01 1.01899999999999999996
1  1.32e-02  0.1760116728  1.558770e-01 1.01899999999999999996
1  1.38e-02  0.1760119617  1.558770e-01 1.01899999999999999996
1  1.45e-02  0.1760119677  1.558770e-01 1.01899999999999999996
1  1.51e-02  0.1760119771  1.558770e-01 1.01899999999999999996
1  1.58e-02  0.1760119654  1.558770e-01 1.01899999999999999996
1  1.66e-02  0.1760119649  1.558770e-01 1.01899999999999999996
1  1.74e-02  0.1760119779  1.558770e-01 1.01899999999999999996
1  1.82e-02  0.1760119661  1.558770e-01 1.01899999999999999996
1  1.91e-02  0.1760120224  1.558770e-01 1.01899999999999999996
1  2.00e-02  0.1760120296  1.558770e-01 1.01899999999999999996
1  2.09e-02  0.1760119587  1.558770e-01 1.01899999999999999996
1  2.19e-02  0.1760120133  1.558770e-01 1.01899999999999999996
1  2.29e-02  0.1760119841  1.558770e-01 1.01899999999999999996
1  2.40e-02  0.1760120382  1.558770e-01 1.01899999999999999996
1  2.51e-02  0.1760117649  1.558770e-01 1.01899999999999999996
1  2.63e-02  0.1760112396  1.558770e-01 1.01899999999999999996
1  2.75e-02  0.1760119933  1.558770e-01 1.01899999999999999996
1  2.88e-02  0.176011987  1.558770e-01 1.01899999999999999996
1  3.02e-02  0.1760121504  1.558770e-01 1.01899999999999999996
1  3.16e-02  0.1760001531  1.558770e-01 1.01899999999999999996
1  3.31e-02  0.1760119358  1.558770e-01 1.01899999999999999996
1  3.47e-02  0.1760119503  1.558770e-01 1.01899999999999999996
1  3.63e-02  0.1760121247  1.558770e-01 1.01899999999999999996
1  3.80e-02  0.1760119686  1.558770e-01 1.01899999999999999996
1  3.98e-02  0.1760119478  1.558770e-01 1.01899999999999999996
1  4.17e-02  0.1760115662  1.558770e-01 1.01899999999999999996
1  4.37e-02  0.1760118435  1.558770e-01 1.01899999999999999996
1  4.57e-02  0.1760116971  1.558770e-01 1.01899999999999999996
1  4.79e-02  0.176011834  1.558770e-01 1.01899999999999999996
1  5.01e-02  0.1760118228  1.558770e-01 1.01899999999999999996
1  5.25e-02  0.1760118389  1.558770e-01 1.01899999999999999996
1  5.50e-02  0.1760118019  1.558770e-01 1.01899999999999999996
1  5.75e-02  0.1760118836  1.558770e-01 1.01899999999999999996
1  6.03e-02  0.1760121188  1.558770e-01 1.01899999999999999996
1  6.31e-02  0.1760118037  1.558770e-01 1.01899999999999999996
1  6.61e-02  0.1760119237  1.558770e-01 1.01899999999999999996
1  6.92e-02  0.1759891166  1.558770e-01 1.01899999999999999996
1  7.24e-02  0.1760112998  1.558770e-01 1.01899999999999999996
1  7.59e-02  0.1760115644  1.558770e-01 1.01899999999999999996
1  7.94e-02  0.1760120726  1.558770e-01 1.01899999999999999996
1  8.32e-02  0.1759174372  1.558770e-01 1.01899999999999999996
1  8.71e-02  0.1760118785  1.558770e-01 1.01899999999999999996
1  9.12e-02  0.1760120334  1.558770e-01 1.01899999999999999996
1  9.55e-02  0.1760120009  1.558770e-01 1.01899999999999999996
1  1.00e-01  0.1760120064  1.558770e-01 1.01899999999999999996
1  1.05e-01  0.1760120072  1.558770e-01 1.01899999999999999996
1  1.10e-01  0.1760120485  1.558770e-01 1.01899999999999999996
1  1.15e-01  0.1760118067  1.558770e-01 1.01899999999999999996
1  1.20e-01  0.1760121881  1.558770e-01 1.01899999999999999996
1  1.26e-01  0.176012138  1.558770e-01 1.01899999999999999996
1  1.32e-01  0.1760117975  1.558770e-01 1.01899999999999999996
1  1.38e-01  0.1760119245  1.558770e-01 1.01899999999999999996
1  1.45e-01  0.1760120861  1.558770e-01 1.01899999999999999996
1  1.51e-01  0.1760123103  1.558770e-01 1.01899999999999999996
1  1.58e-01  0.1760119422  1.558770e-01 1.01899999999999999996
1  1.66e-01  0.1760121641  1.558770e-01 1.01899999999999999996
1  1.74e-01  0.1760123117  1.558770e-01 1.01899999999999999996
1  1.82e-01  0.1760122892  1.558770e-01 1.01899999999999999996
1  1.91e-01  0.1760122233  1.558770e-01 1.01899999999999999996
1  2.00e-01  0.1760123272  1.558770e-01 1.01899999999999999996
1  2.09e-01  0.1760144189  1.558770e-01 1.01899999999999999996
1  2.19e-01  0.1760120333  1.558770e-01 1.01899999999999999996
1  2.29e-01  0.1760125859  1.558770e-01 1.01899999999999999996
1  2.40e-01  0.176012726  1.558770e-01 1.01899999999999999996
1  2.51e-01  0.1760119119  1.558770e-01 1.01899999999999999996
1  2.63e-01  0.1760127394  1.558770e-01 1.01899999999999999996
1  2.75e-01  0.1760112658  1.558770e-01 1.01899999999999999996
1  2.88e-01  0.1760124707  1.558770e-01 1.01899999999999999996
1  3.02e-01  0.1760121037  1.558770e-01 1.01899999999999999996
1  3.16e-01  0.176011339  1.558770e-01 1.01899999999999999996
1  3.31e-01  0.1760132311  1.558770e-01 1.01899999999999999996
1  3.47e-01  0.1760126026  1.558770e-01 1.01899999999999999996
1  3.63e-01  0.1760126702  1.558770e-01 1.01899999999999999996
1  3.80e-01  0.1760125387  1.558770e-01 1.01899999999999999996
1  3.98e-01  0.1760125024  1.558770e-01 1.01899999999999999996
1  4.17e-01  0.1760122056  1.558770e-01 1.01899999999999999996
1  4.37e-01  0.1760130333  1.558770e-01 1.01899999999999999996
1  4.57e-01  0.1760131943  1.558770e-01 1.01899999999999999996
1  4.79e-01  0.1760128823  1.558770e-01 1.01899999999999999996
1  5.01e-01  0.1760135701  1.558770e-01 1.01899999999999999996
1  5.25e-01  0.1760133155  1.558770e-01 1.01899999999999999996
1  5.50e-01  0.1760136626  1.558770e-01 1.01899999999999999996
1  5.75e-01  0.1760122445  1.558770e-01 1.01899999999999999996
1  6.03e-01  0.1760122292  1.558770e-01 1.01899999999999999996
1  6.31e-01  0.1760144754  1.558770e-01 1.01899999999999999996
1  6.61e-01  0.1760124988  1.558770e-01 1.01899999999999999996
1  6.92e-01  0.1760140904  1.558770e-01 1.01899999999999999996
1  7.24e-01  0.1760130024  1.558770e-01 1.01899999999999999996
1  7.59e-01  0.176007258  1.558770e-01 1.01899999999999999996
1  7.94e-01  0.1759846099  1.558770e-01 1.01899999999999999996
1  8.32e-01  0.1760133994  1.558770e-01 1.01899999999999999996
1  8.71e-01  0.176013054  1.558770e-01 1.01899999999999999996
1  9.12e-01  0.1760126986  1.558770e-01 1.01899999999999999996
1  9.55e-01  0.1760151183  1.558770e-01 1.01899999999999999996
1  1.00e+00  0.1760147374  1.558770e-01 1.01899999999999999996
1  1.05e+00  0.1760082045  1.558770e-01 1.01899999999999999996
1  1.10e+00  0.1760222779  1.558770e-01 1.01899999999999999996
1  1.15e+00  0.1760152272  1.558770e-01 1.01899999999999999996
1  1.20e+00  0.1760090095  1.558770e-01 1.01899999999999999996
1  1.26e+00  0.1759851123  1.558770e-01 1.01899999999999999996
1  1.32e+00  0.1760137903  1.558770e-01 1.01899999999999999996
1  1.38e+00  0.1760154505  1.558770e-01 1.01899999999999999996
1  1.45e+00  0.1760157449  1.558770e-01 1.01899999999999999996
1  1.51e+00  0.1760123143  1.558770e-01 1.01899999999999999996
1  1.58e+00  0.1760098419  1.558770e-01 1.01899999999999999996
1  1.66e+00  0.1760155362  1.558770e-01 1.01899999999999999996
1  1.74e+00  0.1760129758  1.558770e-01 1.01899999999999999996
1  1.82e+00  0.1760174642  1.558770e-01 1.01899999999999999996
1  1.91e+00  0.1760180121  1.558770e-01 1.01899999999999999996
1  2.00e+00  0.1760125224  1.558770e-01 1.01899999999999999996
1  2.09e+00  0.1760152086  1.558770e-01 1.01899999999999999996
1  2.19e+00  0.1760097005  1.558770e-01 1.01899999999999999996
1  2.29e+00  0.1759967687  1.558770e-01 1.01899999999999999996
1  2.40e+00  0.1759857194  1.558770e-01 1.01899999999999999996
1  2.51e+00  0.1760183308  1.558770e-01 1.01899999999999999996
1  2.63e+00  0.1760176329  1.558770e-01 1.01899999999999999996
1  2.75e+00  0.1760007629  1.558770e-01 1.01899999999999999996
1  2.88e+00  0.1760184247  1.558770e-01 1.01899999999999999996
1  3.02e+00  0.1760042373  1.558770e-01 1.01899999999999999996
1  3.16e+00  0.1760118553  1.558770e-01 1.01899999999999999996
1  3.31e+00  0.176005203  1.558770e-01 1.01899999999999999996
1  3.47e+00  0.1760223485  1.558770e-01 1.01899999999999999996
1  3.63e+00  0.1760177888  1.558770e-01 1.01899999999999999996
1  3.80e+00  0.1760238804  1.558770e-01 1.01899999999999999996
1  3.98e+00  0.1760190751  1.558770e-01 1.01899999999999999996
1  4.17e+00  0.1760164421  1.558770e-01 1.01899999999999999996
1  4.37e+00  0.176025442  1.558770e-01 1.01899999999999999996
1  4.57e+00  0.1760270166  1.558770e-01 1.01899999999999999996
1  4.79e+00  0.1760272293  1.558770e-01 1.01899999999999999996
1  5.01e+00  0.1759794351  1.558770e-01 1.01899999999999999996
1  5.25e+00  0.1760227615  1.558770e-01 1.01899999999999999996
1  5.50e+00  0.1760137333  1.558770e-01 1.01899999999999999996
1  5.75e+00  0.176016324  1.558770e-01 1.01899999999999999996
1  6.03e+00  0.176024392  1.558770e-01 1.01899999999999999996
1  6.31e+00  0.1760148213  1.558770e-01 1.01899999999999999996
1  6.61e+00  0.1760120857  1.558770e-01 1.01899999999999999996
1  6.92e+00  0.1760165629  1.558770e-01 1.01899999999999999996
1  7.24e+00  0.176035491  1.558770e-01 1.01899999999999999996
1  7.59e+00  0.1760774913  1.558770e-01 1.01899999999999999996
1  7.94e+00  0.1760099574  1.558770e-01 1.01899999999999999996
1  8.32e+00  0.1760336497  1.558770e-01 1.01899999999999999996
1  8.71e+00  0.1760938705  1.558770e-01 1.01899999999999999996
1  9.12e+00  0.1759890836  1.558770e-01 1.01899999999999999996
1  9.55e+00  0.1759172258  1.558770e-01 1.01899999999999999996
1  1.00e+01  0.1760367095  1.558770e-01 1.01899999999999999996
1  1.05e+01  0.1760044044  1.558770e-01 1.01899999999999999996
1  1.10e+01  0.1760195103  1.558770e-01 1.01899999999999999996
1  1.15e+01  0.1760309665  1.558770e-01 1.01899999999999999996
1  1.20e+01  0.1760110492  1.558770e-01 1.01899999999999999996
1  1.26e+01  0.1760466585  1.558770e-01 1.01899999999999999996
1  1.32e+01  0.1760364816  1.558770e-01 1.01899999999999999996
1  1.38e+01  0.176015447  1.558770e-01 1.01899999999999999996
1  1.45e+01  0.1760221633  1.558770e-01 1.01899999999999999996
1  1.51e+01  0.1760296058  1.558770e-01 1.01899999999999999996
1  1.58e+01  0.176021939  1.558770e-01 1.01899999999999999996
1  1.66e+01  0.1760660758  1.558770e-01 1.01899999999999999996
1  1.74e+01  0.1760198839  1.558770e-01 1.01899999999999999996
1  1.82e+01  0.1760669589  1.558770e-01 1.01899999999999999996
1  1.91e+01  0.1760289613  1.558770e-01 1.01899999999999999996
1  2.00e+01  0.1760303488  1.558770e-01 1.01899999999999999996
1  2.09e+01  0.1761661738  1.558770e-01 1.01899999999999999996
1  2.19e+01  0.1760175786  1.558770e-01 1.01899999999999999996
1  2.29e+01  0.1760914704  1.558770e-01 1.01899999999999999996
1  2.40e+01  0.1761515023  1.558770e-01 1.01899999999999999996
1  2.51e+01  0.176263878  1.558770e-01 1.01899999999999999996
1  2.63e+01  0.1762226562  1.558770e-01 1.01899999999999999996
1  2.75e+01  0.1761497171  1.558770e-01 1.01899999999999999996
1  2.88e+01  0.1761430535  1.558770e-01 1.01899999999999999996
1  3.02e+01  0.1760692546  1.558770e-01 1.01899999999999999996
1  3.16e+01  0.1761773412  1.558770e-01 1.01899999999999999996
1  3.31e+01  0.1763039662  1.558770e-01 1.01899999999999999996
1  3.47e+01  0.1760114087  1.558770e-01 1.01899999999999999996
1  3.63e+01  0.1761545681  1.558770e-01 1.01899999999999999996
1  3.80e+01  0.1761435089  1.558770e-01 1.01899999999999999996
1  3.98e+01  0.1760867587  1.558770e-01 1.01899999999999999996
1  4.17e+01  0.1759665315  1.558770e-01 1.01899999999999999996
1  4.37e+01  0.176092974  1.558770e-01 1.01899999999999999996
1  4.57e+01  0.1762012036  1.558770e-01 1.01899999999999999996
1  4.79e+01  0.1761316287  1.558770e-01 1.01899999999999999996
1  5.01e+01  0.1761700415  1.558770e-01 1.01899999999999999996
1  5.25e+01  0.1758736582  1.558770e-01 1.01899999999999999996
1  5.50e+01  0.1761508361  1.558770e-01 1.01899999999999999996
1  5.75e+01  0.1760967985  1.558770e-01 1.01899999999999999996
1  6.03e+01  0.1762097564  1.558770e-01 1.01899999999999999996
1  6.31e+01  0.1761962796  1.558770e-01 1.01899999999999999996
1  6.61e+01  0.1762037364  1.558770e-01 1.01899999999999999996
1  6.92e+01  0.1763065584  1.558770e-01 1.01899999999999999996
1  7.24e+01  0.1760475788  1.558770e-01 1.01899999999999999996
1  7.59e+01  0.1761466394  1.558770e-01 1.01899999999999999996
1  7.94e+01  0.176033148  1.558770e-01 1.01899999999999999996
1  8.32e+01  0.1762523139  1.558770e-01 1.01899999999999999996
1  8.71e+01  0.1761741524  1.558770e-01 1.01899999999999999996
1  9.12e+01  0.1760548451  1.558770e-01 1.01899999999999999996
1  9.55e+01  0.1763583707  1.558770e-01 1.01899999999999999996
1  1.00e+02  0.1763572744  1.558770e-01 1.01899999999999999996
1  1.05e+02  0.175985251  1.558770e-01 1.01899999999999999996
1  1.10e+02  0.1762965148  1.558770e-01 1.01899999999999999996
1  1.15e+02  0.1763400214  1.558770e-01 1.01899999999999999996
1  1.20e+02  0.1761191714  1.558770e-01 1.01899999999999999996
1  1.26e+02  0.1760903163  1.558770e-01 1.01899999999999999996
1  1.32e+02  0.1760255613  1.558770e-01 1.01899999999999999996
1  1.38e+02  0.1764740147  1.558770e-01 1.01899999999999999996
1  1.45e+02  0.1759571032  1.558770e-01 1.01899999999999999996
1  1.51e+02  0.1764353499  1.558770e-01 1.01899999999999999996
1  1.58e+02  0.176186376  1.558770e-01 1.01899999999999999996
1  1.66e+02  0.1762068738  1.558770e-01 1.01899999999999999996
1  1.74e+02  0.1765557828  1.558770e-01 1.01899999999999999996
1  1.82e+02  0.1765482162  1.558770e-01 1.01899999999999999996
1  1.91e+02  0.1764849201  1.558770e-01 1.01899999999999999996
1  2.00e+02  0.176566153  1.558770e-01 1.01899999999999999996
1  2.09e+02  0.1764916097  1.558770e-01 1.01899999999999999996
1  2.19e+02  0.1760763589  1.558770e-01 1.01899999999999999996
1  2.29e+02  0.1763658219  1.558770e-01 1.01899999999999999996
1  2.40e+02  0.1766996047  1.558770e-01 1.01899999999999999996
1  2.51e+02  0.1765799918  1.558770e-01 1.01899999999999999996
1  2.63e+02  0.1759759914  1.558770e-01 1.01899999999999999996
1  2.75e+02  0.1768733993  1.558770e-01 1.01899999999999999996
1  2.88e+02  0.1764739133  1.558770e-01 1.01899999999999999996
1  3.02e+02  0.1766689087  1.558770e-01 1.01899999999999999996
1  3.16e+02  0.1769537477  1.558770e-01 1.01899999999999999996
1  3.31e+02  0.1761125884  1.558770e-01 1.01899999999999999996
1  3.47e+02  0.1761652414  1.558770e-01 1.01899999999999999996
1  3.63e+02  0.1761221855  1.558770e-01 1.01899999999999999996
1  3.80e+02  0.177110204  1.558770e-01 1.01899999999999999996
1  3.98e+02  0.176078212  1.558770e-01 1.01899999999999999996
1  4.17e+02  0.1759162042  1.558770e-01 1.01899999999999999996
1  4.37e+02  0.176497757  1.558770e-01 1.01899999999999999996
1  4.57e+02  0.1771626866  1.558770e-01 1.01899999999999999996
1  4.79e+02  0.1772666107  1.558770e-01 1.01899999999999999996
1  5.01e+02  0.1774361782  1.558770e-01 1.01899999999999999996
1  5.25e+02  0.1772990698  1.558770e-01 1.01899999999999999996
1  5.50e+02  0.1766719687  1.558770e-01 1.01899999999999999996
1  5.75e+02  0.1759502851  1.558770e-01 1.01899999999999999996
1  6.03e+02  0.1762054799  1.558770e-01 1.01899999999999999996
1  6.31e+02  0.1779960373  1.558770e-01 1.01899999999999999996
1  6.61e+02  0.1760146321  1.558770e-01 1.01899999999999999996
1  6.92e+02  0.1762824116  1.558770e-01 1.01899999999999999996
1  7.24e+02  0.1758986348  1.558770e-01 1.01899999999999999996
1  7.59e+02  0.1779019718  1.558770e-01 1.01899999999999999996
1  7.94e+02  0.1761239395  1.558770e-01 1.01899999999999999996
1  8.32e+02  0.1772032974  1.558770e-01 1.01899999999999999996
1  8.71e+02  0.1777102835  1.558770e-01 1.01899999999999999996
1  9.12e+02  0.1760111977  1.558770e-01 1.01899999999999999996
1  9.55e+02  0.1793555608  1.558770e-01 1.01899999999999999996
1  1.00e+03  0.1773343272  1.558770e-01 1.01899999999999999996
1  1.05e+03  0.1753358295  1.558770e-01 1.01899999999999999996
1  1.10e+03  0.1782859617  1.558770e-01 1.01899999999999999996
1  1.15e+03  0.1814016621  1.558770e-01 1.01899999999999999996
1  1.20e+03  0.1823240371  1.558770e-01 1.01899999999999999996
1  1.26e+03  0.1767140497  1.558770e-01 1.01899999999999999996
1  1.32e+03  0.1758385752  1.558770e-01 1.01899999999999999996
1  1.38e+03  0.1735010972  1.558770e-01 1.01899999999999999996
1  1.45e+03  0.1754652104  1.558770e-01 1.01899999999999999996
1  1.51e+03  0.1810596504  1.558770e-01 1.01899999999999999996
1  1.58e+03  0.1982261147  1.558770e-01 1.01899999999999999996
1  1.66e+03  0.1991057616  1.558770e-01 1.01899999999999999996
1  1.74e+03  0.1933458635  1.558770e-01 1.01899999999999999996
1  1.82e+03  0.1684458329  1.558770e-01 1.01899999999999999996
1  1.91e+03  0.1676492415  1.558770e-01 1.01899999999999999996
1  2.00e+03  0.1552332057  1.558770e-01 1.01899999999999999996
1  2.09e+03  0.1793519954  1.558770e-01 1.01899999999999999996
1  2.19e+03  0.1838537573  1.558770e-01 1.01899999999999999996
1  2.29e+03  0.1934575483  1.558770e-01 1.01899999999999999996
1  2.40e+03  0.2211051461  1.558770e-01 1.01899999999999999996
1  2.51e+03  0.2233300787  1.558770e-01 1.01899999999999999996
1  2.63e+03  0.1738895999  1.558770e-01 1.01899999999999999996
1  2.75e+03  0.263239959  1.558770e-01 1.01899999999999999996
1  2.88e+03  0.1795872864  1.558770e-01 1.01899999999999999996
1  3.02e+03  0.2060541425  1.558770e-01 1.01899999999999999996
1  3.16e+03  0.2493032316  1.558770e-01 1.01899999999999999996
1  3.31e+03  0.2497075384  1.558770e-01 1.01899999999999999996
1  3.47e+03  0.2333823291  1.558770e-01 1.01899999999999999996
1  3.63e+03  0.1866706891  1.558770e-01 1.01899999999999999996
1  3.80e+03  0.1100857288  1.558770e-01 1.01899999999999999996
1  3.98e+03  0.1502678313  1.558770e-01 1.01899999999999999996
1  4.17e+03  0.1622316122  1.558770e-01 1.01899999999999999996
1  4.37e+03  0.1094615233  1.558770e-01 1.01899999999999999996
1  4.57e+03  0.1317672331  1.558770e-01 1.01899999999999999996
1  4.79e+03  0.1665213858  1.558770e-01 1.01899999999999999996
1  5.01e+03  0.1029739109  1.558770e-01 1.01899999999999999996
1  5.25e+03  0.09146154313  1.558770e-01 1.01899999999999999996
1  5.50e+03  0.1159000136  1.558770e-01 1.01899999999999999996
1  5.75e+03  0.1386338061  1.558770e-01 1.01899999999999999996
1  6.03e+03  0.1271567409  1.558770e-01 1.01899999999999999996
1  6.31e+03  0.0789189571  1.558770e-01 1.01899999999999999996
1  6.61e+03  0.1228417158  1.558770e-01 1.01899999999999999996
1  6.92e+03  0.27112148  1.558770e-01 1.01899999999999999996
1  7.24e+03  0.2477124768  1.558770e-01 1.01899999999999999996
1  7.59e+03  0.1192217701  1.558770e-01 1.01899999999999999996
1  7.94e+03  0.3435520531  1.558770e-01 1.01899999999999999996
1  8.32e+03  0.1259414714  1.558770e-01 1.01899999999999999996
1  8.71e+03  0.3640416493  1.558770e-01 1.01899999999999999996
1  9.12e+03  0.1801617968  1.558770e-01 1.01899999999999999996
1  9.55e+03  0.2319064615  1.558770e-01 1.01899999999999999996
1  1.00e+04  0.3796593642  1.558770e-01 1.01899999999999999996
1  1.05e+04  0.221817497  1.558770e-01 1.01899999999999999996
1  1.10e+04  0.199222066  1.558770e-01 1.01899999999999999996
1  1.15e+04  0.2035149951  1.558770e-01 1.01899999999999999996
1  1.20e+04  0.3561476854  1.558770e-01 1.01899999999999999996
1  1.26e+04  0.3715543729  1.558770e-01 1.01899999999999999996
1  1.32e+04  0.4031943603  1.558770e-01 1.01899999999999999996
1  1.38e+04  0.3907831353  1.558770e-01 1.01899999999999999996
1  1.45e+04  0.4028844669  1.558770e-01 1.01899999999999999996
1  1.51e+04  0.3968097365  1.558770e-01 1.01899999999999999996
1  1.58e+04  0.3644738153  1.558770e-01 1.01899999999999999996
1  1.66e+04  0.3199627689  1.558770e-01 1.01899999999999999996
1  1.74e+04  0.2519617609  1.558770e-01 1.01899999999999999996
1  1.82e+04  0.2423998368  1.558770e-01 1.01899999999999999996
1  1.91e+04  0.3433853342  1.558770e-01 1.01899999999999999996
1  2.00e+04  0.4630685687  1.558770e-01 1.01899999999999999996
1  2.09e+04  0.2634471488  1.558770e-01 1.01899999999999999996
1  2.19e+04  0.2549375024  1.558770e-01 1.01899999999999999996
1  2.29e+04  0.4973828735  1.558770e-01 1.01899999999999999996
1  2.40e+04  0.2647653348  1.558770e-01 1.01899999999999999996
1  2.51e+04  0.274605652  1.558770e-01 1.01899999999999999996
1  2.63e+04  0.5149339925  1.558770e-01 1.01899999999999999996
1  2.75e+04  0.2162485819  1.558770e-01 1.01899999999999999996
1  2.88e+04  0.5109935137  1.558770e-01 1.01899999999999999996
1  3.02e+04  0.2397091628  1.558770e-01 1.01899999999999999996
1  3.16e+04  0.4496593738  1.558770e-01 1.01899999999999999996
1  3.31e+04  0.2761835885  1.558770e-01 1.01899999999999999996
1  3.47e+04  0.5280369091  1.558770e-01 1.01899999999999999996
1  3.63e+04  0.1931800603  1.558770e-01 1.01899999999999999996
1  3.80e+04  0.5185955661  1.558770e-01 1.01899999999999999996
1  3.98e+04  0.2387750726  1.558770e-01 1.01899999999999999996
1  4.17e+04  0.4649925546  1.558770e-01 1.01899999999999999996
1  4.37e+04  0.3828423391  1.558770e-01 1.01899999999999999996
1  4.57e+04  0.2267530794  1.558770e-01 1.01899999999999999996
1  4.79e+04  0.4946285054  1.558770e-01 1.01899999999999999996
1  5.01e+04  0.3804606848  1.558770e-01 1.01899999999999999996
1  5.25e+04  0.1907215646  1.558770e-01 1.01899999999999999996
1  5.50e+04  0.4941381333  1.558770e-01 1.01899999999999999996
1  5.75e+04  0.4085241303  1.558770e-01 1.01899999999999999996
1  6.03e+04  0.1972157283  1.558770e-01 1.01899999999999999996
1  6.31e+04  0.4624501356  1.558770e-01 1.01899999999999999996
1  6.61e+04  0.4671791927  1.558770e-01 1.01899999999999999996
1  6.92e+04  0.2109226263  1.558770e-01 1.01899999999999999996
1  7.24e+04  0.2486030777  1.558770e-01 1.01899999999999999996
1  7.59e+04  0.4225069442  1.558770e-01 1.01899999999999999996
1  7.94e+04  0.4149952717  1.558770e-01 1.01899999999999999996
1  8.32e+04  0.2716939448  1.558770e-01 1.01899999999999999996
1  8.71e+04  0.1826006315  1.558770e-01 1.01899999999999999996
1  9.12e+04  0.2495672126  1.558770e-01 1.01899999999999999996
1  9.55e+04  0.3943397244  1.558770e-01 1.01899999999999999996
1  1.00e+05  0.4361719792  1.558770e-01 1.01899999999999999996
1  1.05e+05  0.3193569124  1.558770e-01 1.01899999999999999996
1  1.10e+05  0.1893550427  1.558770e-01 1.01899999999999999996
1  1.15e+05  0.2027922453  1.558770e-01 1.01899999999999999996
1  1.20e+05  0.3407445274  1.558770e-01 1.01899999999999999996
1  1.26e+05  0.4526089372  1.558770e-01 1.01899999999999999996
1  1.32e+05  0.4327775789  1.558770e-01 1.01899999999999999996
1  1.38e+05  0.31273461  1.558770e-01 1.01899999999999999996
1  1.45e+05  0.2035782253  1.558770e-01 1.01899999999999999996
1  1.51e+05  0.185973131  1.558770e-01 1.01899999999999999996
1  1.58e+05  0.2563204025  1.558770e-01 1.01899999999999999996
1  1.66e+05  0.3515302835  1.558770e-01 1.01899999999999999996
1  1.74e+05  0.4066749722  1.558770e-01 1.01899999999999999996
1  1.82e+05  0.3949087669  1.558770e-01 1.01899999999999999996
1  1.91e+05  0.3314684061  1.558770e-01 1.01899999999999999996
1  2.00e+05  0.2532285816  1.558770e-01 1.01899999999999999996
1  2.09e+05  0.1944128658  1.558770e-01 1.01899999999999999996
1  2.19e+05  0.1722202606  1.558770e-01 1.01899999999999999996
1  2.29e+05  0.1851405083  1.558770e-01 1.01899999999999999996
1  2.40e+05  0.2195485165  1.558770e-01 1.01899999999999999996
1  2.51e+05  0.2584844454  1.558770e-01 1.01899999999999999996
1  2.63e+05  0.2883491906  1.558770e-01 1.01899999999999999996
1  2.75e+05  0.3019726027  1.558770e-01 1.01899999999999999996
1  2.88e+05  0.2985296127  1.558770e-01 1.01899999999999999996
1  3.02e+05  0.2816455436  1.558770e-01 1.01899999999999999996
1  3.16e+05  0.257009521  1.558770e-01 1.01899999999999999996
1  3.31e+05  0.230367392  1.558770e-01 1.01899999999999999996
1  3.47e+05  0.2062621799  1.558770e-01 1.01899999999999999996
1  3.63e+05  0.1875210532  1.558770e-01 1.01899999999999999996
1  3.80e+05  0.1752969809  1.558770e-01 1.01899999999999999996
1  3.98e+05  0.1694251692  1.558770e-01 1.01899999999999999996
1  4.17e+05  0.1688898158  1.558770e-01 1.01899999999999999996
1  4.37e+05  0.1722641695  1.558770e-01 1.01899999999999999996
1  4.57e+05  0.1780534017  1.558770e-01 1.01899999999999999996
1  4.79e+05  0.1849200582  1.558770e-01 1.01899999999999999996
1  5.01e+05  0.1918025958  1.558770e-01 1.01899999999999999996
1  5.25e+05  0.1979517736  1.558770e-01 1.01899999999999999996
1  5.50e+05  0.2029126499  1.558770e-01 1.01899999999999999996
1  5.75e+05  0.2064765904  1.558770e-01 1.01899999999999999996
1  6.03e+05  0.208621734  1.558770e-01 1.01899999999999999996
1  6.31e+05  0.2094541351  1.558770e-01 1.01899999999999999996
1  6.61e+05  0.20914074  1.558770e-01 1.01899999999999999996
1  6.92e+05  0.2078473427  1.558770e-01 1.01899999999999999996
1  7.24e+05  0.2059087984  1.558770e-01 1.01899999999999999996
1  7.59e+05  0.2035038499  1.558770e-01 1.01899999999999999996
1  7.94e+05  0.2008177406  1.558770e-01 1.01899999999999999996
1  8.32e+05  0.1980052193  1.558770e-01 1.01899999999999999996
1  8.71e+05  0.1951893245  1.558770e-01 1.01899999999999999996
1  9.12e+05  0.1924630074  1.558770e-01 1.01899999999999999996
1  9.55e+05  0.1898924042  1.558770e-01 1.01899999999999999996
1  1.00e+06  0.1875208837  1.558770e-01 1.01899999999999999996
1  1.05e+06  0.185373272  1.558770e-01 1.01899999999999999996
1  1.10e+06  0.1834598742  1.558770e-01 1.01899999999999999996
1  1.15e+06  0.1817800763  1.558770e-01 1.01899999999999999996
1  1.20e+06  0.1803254286  1.558770e-01 1.01899999999999999996
1  1.26e+06  0.1790821869  1.558770e-01 1.01899999999999999996
1  1.32e+06  0.1780333395  1.558770e-01 1.01899999999999999996
1  1.38e+06  0.1771601723  1.558770e-01 1.01899999999999999996
1  1.45e+06  0.1764434371  1.558770e-01 1.01899999999999999996
1  1.51e+06  0.1758641915  1.558770e-01 1.01899999999999999996
1  1.58e+06  0.1754043727  1.558770e-01 1.01899999999999999996
1  1.66e+06  0.1750471651  1.558770e-01 1.01899999999999999996
1  1.74e+06  0.1747772084  1.558770e-01 1.01899999999999999996
1  1.82e+06  0.1745826087  1.558770e-01 1.01899999999999999996
1  1.91e+06  0.174447095  1.558770e-01 1.01899999999999999996
1  2.00e+06  0.1743620146  1.558770e-01 1.01899999999999999996
1  2.09e+06  0.174318021  1.558770e-01 1.01899999999999999996
1  2.19e+06  0.1743070704  1.558770e-01 1.01899999999999999996
1  2.29e+06  0.174322299  1.558770e-01 1.01899999999999999996
1  2.40e+06  0.1743578982  1.558770e-01 1.01899999999999999996
1  2.51e+06  0.1744089915  1.558770e-01 1.01899999999999999996
1  2.63e+06  0.1744715178  1.558770e-01 1.01899999999999999996
1  2.75e+06  0.1745421235  1.558770e-01 1.01899999999999999996
1  2.88e+06  0.1746180637  1.558770e-01 1.01899999999999999996
1  3.02e+06  0.1746971133  1.558770e-01 1.01899999999999999996
1  3.16e+06  0.1747774883  1.558770e-01 1.01899999999999999996
1  3.31e+06  0.1748577769  1.558770e-01 1.01899999999999999996
1  3.47e+06  0.1749368787  1.558770e-01 1.01899999999999999996
1  3.63e+06  0.1750139527  1.558770e-01 1.01899999999999999996
1  3.80e+06  0.1750888182  1.558770e-01 1.01899999999999999996
1  3.98e+06  0.1751600942  1.558770e-01 1.01899999999999999996
1  4.17e+06  0.1752279614  1.558770e-01 1.01899999999999999996
1  4.37e+06  0.1752922285  1.558770e-01 1.01899999999999999996
1  4.57e+06  0.1753527969  1.558770e-01 1.01899999999999999996
1  4.79e+06  0.1754096414  1.558770e-01 1.01899999999999999996
1  5.01e+06  0.1754627944  1.558770e-01 1.01899999999999999996
1  5.25e+06  0.1755123321  1.558770e-01 1.01899999999999999996
1  5.50e+06  0.1755583642  1.558770e-01 1.01899999999999999996
1  5.75e+06  0.175601024  1.558770e-01 1.01899999999999999996
1  6.03e+06  0.1756404619  1.558770e-01 1.01899999999999999996
1  6.31e+06  0.1756768392  1.558770e-01 1.01899999999999999996
1  6.61e+06  0.1757103236  1.558770e-01 1.01899999999999999996
1  6.92e+06  0.1757410848  1.558770e-01 1.01899999999999999996
1  7.24e+06  0.1757692926  1.558770e-01 1.01899999999999999996
1  7.59e+06  0.175795229  1.558770e-01 1.01899999999999999996
1  7.94e+06  0.1758188162  1.558770e-01 1.01899999999999999996
1  8.32e+06  0.1758403371  1.558770e-01 1.01899999999999999996
1  8.71e+06  0.1758599419  1.558770e-01 1.01899999999999999996
1  9.12e+06  0.1758777738  1.558770e-01 1.01899999999999999996
1  9.55e+06  0.1758939684  1.558770e-01 1.01899999999999999996
1  1.00e+07  0.1759086538  1.558770e-01 1.01899999999999999996
