1  1.00e-03  0.3746308559  1.528176e-01 0.99899999999999999998
1  1.05e-03  0.3746308554  1.528176e-01 0.99899999999999999998
1  1.10e-03  0.3746308571  1.528176e-01 0.99899999999999999998
1  1.15e-03  0.3746308498  1.528176e-01 0.99899999999999999998
1  1.20e-03  0.3746308552  1.528176e-01 0.99899999999999999998
1  1.26e-03  0.374630858  1.528176e-01 0.99899999999999999998
1  1.32e-03  0.3746308548  1.528176e-01 0.99899999999999999998
1  1.38e-03  0.3746308529  1.528176e-01 0.99899999999999999998
1  1.45e-03  0.3746308562  1.528176e-01 0.99899999999999999998
1  1.51e-03  0.3746308566  1.528176e-01 0.99899999999999999998
1  1.58e-03  0.3746308582  1.528176e-01 0.99899999999999999998
1  1.66e-03  0.3746308559  1.528176e-01 0.99899999999999999998
1  1.74e-03  0.3746308565  1.528176e-01 0.99899999999999999998
1  1.82e-03  0.374630857  1.528176e-01 0.99899999999999999998
1  1.91e-03  0.3746308513  1.528176e-01 0.99899999999999999998
1  2.00e-03  0.3746308553  1.528176e-01 0.99899999999999999998
1  2.09e-03  0.374630857  1.528176e-01 0.99899999999999999998
1  2.19e-03  0.3746308541  1.528176e-01 0.99899999999999999998
1  2.29e-03  0.3746308514  1.528176e-01 0.99899999999999999998
1  2.40e-03  0.3746308524  1.528176e-01 0.99899999999999999998
1  2.51e-03  0.3746308578  1.528176e-01 0.99899999999999999998
1  2.63e-03  0.3746308563  1.528176e-01 0.99899999999999999998
1  2.75e-03  0.3746308551  1.528176e-01 0.99899999999999999998
1  2.88e-03  0.3746308531  1.528176e-01 0.99899999999999999998
1  3.02e-03  0.3746308559  1.528176e-01 0.99899999999999999998
1  3.16e-03  0.3746308563  1.528176e-01 0.99899999999999999998
1  3.31e-03  0.3746308553  1.528176e-01 0.99899999999999999998
1  3.47e-03  0.3746308567  1.528176e-01 0.99899999999999999998
1  3.63e-03  0.3746308537  1.528176e-01 0.99899999999999999998
1  3.80e-03  0.374630855  1.528176e-01 0.99899999999999999998
1  3.98e-03  0.374630857  1.528176e-01 0.99899999999999999998
1  4.17e-03  0.374630853  1.528176e-01 0.99899999999999999998
1  4.37e-03  0.3746308553  1.528176e-01 0.99899999999999999998
1  4.57e-03  0.3746308573  1.528176e-01 0.99899999999999999998
1  4.79e-03  0.3746308557  1.528176e-01 0.99899999999999999998
1  5.01e-03  0.3746308561  1.528176e-01 0.99899999999999999998
1  5.25e-03  0.3746308573  1.528176e-01 0.99899999999999999998
1  5.50e-03  0.3746308497  1.528176e-01 0.99899999999999999998
1  5.75e-03  0.3746308557  1.528176e-01 0.99899999999999999998
1  6.03e-03  0.3746308556  1.528176e-01 0.99899999999999999998
1  6.31e-03  0.3746308546  1.528176e-01 0.99899999999999999998
1  6.61e-03  0.3746308565  1.528176e-01 0.99899999999999999998
1  6.92e-03  0.3746308533  1.528176e-01 0.99899999999999999998
1  7.24e-03  0.3746308561  1.528176e-01 0.99899999999999999998
1  7.59e-03  0.3746308554  1.528176e-01 0.99899999999999999998
1  7.94e-03  0.3746308531  1.528176e-01 0.99899999999999999998
1  8.32e-03  0.3746308552  1.528176e-01 0.99899999999999999998
1  8.71e-03  0.3746308567  1.528176e-01 0.99899999999999999998
1  9.12e-03  0.374630852  1.528176e-01 0.99899999999999999998
1  9.55e-03  0.3746308508  1.528176e-01 0.99899999999999999998
1  1.00e-02  0.3746308551  1.528176e-01 0.99899999999999999998
1  1.05e-02  0.3746308517  1.528176e-01 0.99899999999999999998
1  1.10e-02  0.3746308488  1.528176e-01 0.99899999999999999998
1  1.15e-02  0.3746308549  1.528176e-01 0.99899999999999999998
1  1.20e-02  0.3746308518  1.528176e-01 0.99899999999999999998
1  1.26e-02  0.3746308558  1.528176e-01 0.99899999999999999998
1  1.32e-02  0.3746309399  1.528176e-01 0.99899999999999999998
1  1.38e-02  0.3746308549  1.528176e-01 0.99899999999999999998
1  1.45e-02  0.3746308507  1.528176e-01 0.99899999999999999998
1  1.51e-02  0.3746308519  1.528176e-01 0.99899999999999999998
1  1.58e-02  0.3746308531  1.528176e-01 0.99899999999999999998
1  1.66e-02  0.3746309157  1.528176e-01 0.99899999999999999998
1  1.74e-02  0.37463085  1.528176e-01 0.99899999999999999998
1  1.82e-02  0.3746308534  1.528176e-01 0.99899999999999999998
1  1.91e-02  0.3746308499  1.528176e-01 0.99899999999999999998
1  2.00e-02  0.3746308508  1.528176e-01 0.99899999999999999998
1  2.09e-02  0.3746308537  1.528176e-01 0.99899999999999999998
1  2.19e-02  0.3746308529  1.528176e-01 0.99899999999999999998
1  2.29e-02  0.3746308839  1.528176e-01 0.99899999999999999998
1  2.40e-02  0.374631641  1.528176e-01 0.99899999999999999998
1  2.51e-02  0.3746308554  1.528176e-01 0.99899999999999999998
1  2.63e-02  0.3746308549  1.528176e-01 0.99899999999999999998
1  2.75e-02  0.3746308424  1.528176e-01 0.99899999999999999998
1  2.88e-02  0.3746308415  1.528176e-01 0.99899999999999999998
1  3.02e-02  0.3746308482  1.528176e-01 0.99899999999999999998
1  3.16e-02  0.3746308473  1.528176e-01 0.99899999999999999998
1  3.31e-02  0.3746308538  1.528176e-01 0.99899999999999999998
1  3.47e-02  0.3746308511  1.528176e-01 0.99899999999999999998
1  3.63e-02  0.3746308307  1.528176e-01 0.99899999999999999998
1  3.80e-02  0.3746308422  1.528176e-01 0.99899999999999999998
1  3.98e-02  0.3746308592  1.528176e-01 0.99899999999999999998
1  4.17e-02  0.3746308462  1.528176e-01 0.99899999999999999998
1  4.37e-02  0.374630827  1.528176e-01 0.99899999999999999998
1  4.57e-02  0.3746308364  1.528176e-01 0.99899999999999999998
1  4.79e-02  0.374630696  1.528176e-01 0.99899999999999999998
1  5.01e-02  0.3746308188  1.528176e-01 0.99899999999999999998
1  5.25e-02  0.3746308371  1.528176e-01 0.99899999999999999998
1  5.50e-02  0.3746308364  1.528176e-01 0.99899999999999999998
1  5.75e-02  0.3746308399  1.528176e-01 0.99899999999999999998
1  6.03e-02  0.3746308345  1.528176e-01 0.99899999999999999998
1  6.31e-02  0.3746308431  1.528176e-01 0.99899999999999999998
1  6.61e-02  0.3746308341  1.528176e-01 0.99899999999999999998
1  6.92e-02  0.3746308197  1.528176e-01 0.99899999999999999998
1  7.24e-02  0.3746308424  1.528176e-01 0.99899999999999999998
1  7.59e-02  0.3746295585  1.528176e-01 0.99899999999999999998
1  7.94e-02  0.3746308409  1.528176e-01 0.99899999999999999998
1  8.32e-02  0.3746307699  1.528176e-01 0.99899999999999999998
1  8.71e-02  0.3746308022  1.528176e-01 0.99899999999999999998
1  9.12e-02  0.3746308227  1.528176e-01 0.99899999999999999998
1  9.55e-02  0.3746308054  1.528176e-01 0.99899999999999999998
1  1.00e-01  0.3746315188  1.528176e-01 0.99899999999999999998
1  1.05e-01  0.3746307939  1.528176e-01 0.99899999999999999998
1  1.10e-01  0.3746308106  1.528176e-01 0.99899999999999999998
1  1.15e-01  0.3746308241  1.528176e-01 0.99899999999999999998
1  1.20e-01  0.3746308209  1.528176e-01 0.99899999999999999998
1  1.26e-01  0.3746308093  1.528176e-01 0.99899999999999999998
1  1.32e-01  0.374630862  1.528176e-01 0.99899999999999999998
1  1.38e-01  0.3746308215  1.528176e-01 0.99899999999999999998
1  1.45e-01  0.3746308289  1.528176e-01 0.99899999999999999998
1  1.51e-01  0.3746308232  1.528176e-01 0.99899999999999999998
1  1.58e-01  0.3746308345  1.528176e-01 0.99899999999999999998
1  1.66e-01  0.3746304861  1.528176e-01 0.99899999999999999998
1  1.74e-01  0.3746307748  1.528176e-01 0.99899999999999999998
1  1.82e-01  0.3746307347  1.528176e-01 0.99899999999999999998
1  1.91e-01  0.3746307966  1.528176e-01 0.99899999999999999998
1  2.00e-01  0.3746307604  1.528176e-01 0.99899999999999999998
1  2.09e-01  0.3746308317  1.528176e-01 0.99899999999999999998
1  2.19e-01  0.3746308055  1.528176e-01 0.99899999999999999998
1  2.29e-01  0.374630768  1.528176e-01 0.99899999999999999998
1  2.40e-01  0.3746307772  1.528176e-01 0.99899999999999999998
1  2.51e-01  0.3746308144  1.528176e-01 0.99899999999999999998
1  2.63e-01  0.3746307683  1.528176e-01 0.99899999999999999998
1  2.75e-01  0.3746306842  1.528176e-01 0.99899999999999999998
1  2.88e-01  0.3746304741  1.528176e-01 0.99899999999999999998
1  3.02e-01  0.3746307772  1.528176e-01 0.99899999999999999998
1  3.16e-01  0.374630789  1.528176e-01 0.99899999999999999998
1  3.31e-01  0.3746308279  1.528176e-01 0.99899999999999999998
1  3.47e-01  0.3746307503  1.528176e-01 0.99899999999999999998
1  3.63e-01  0.3746307547  1.528176e-01 0.99899999999999999998
1  3.80e-01  0.3746307251  1.528176e-01 0.99899999999999999998
1  3.98e-01  0.3746307222  1.528176e-01 0.99899999999999999998
1  4.17e-01  0.3746308333  1.528176e-01 0.99899999999999999998
1  4.37e-01  0.3746307207  1.528176e-01 0.99899999999999999998
1  4.57e-01  0.374630763  1.528176e-01 0.99899999999999999998
1  4.79e-01  0.3746307197  1.528176e-01 0.99899999999999999998
1  5.01e-01  0.3746308311  1.528176e-01 0.99899999999999999998
1  5.25e-01  0.3746307824  1.528176e-01 0.99899999999999999998
1  5.50e-01  0.3746308025  1.528176e-01 0.99899999999999999998
1  5.75e-01  0.3746297946  1.528176e-01 0.99899999999999999998
1  6.03e-01  0.3746306242  1.528176e-01 0.99899999999999999998
1  6.31e-01  0.3746300573  1.528176e-01 0.99899999999999999998
1  6.61e-01  0.3746307176  1.528176e-01 0.99899999999999999998
1  6.92e-01  0.3746308278  1.528176e-01 0.99899999999999999998
1  7.24e-01  0.3746306937  1.528176e-01 0.99899999999999999998
1  7.59e-01  0.374630353  1.528176e-01 0.99899999999999999998
1  7.94e-01  0.3746307631  1.528176e-01 0.99899999999999999998
1  8.32e-01  0.3746308786  1.528176e-01 0.99899999999999999998
1  8.71e-01  0.3746306209  1.528176e-01 0.99899999999999999998
1  9.12e-01  0.3746305994  1.528176e-01 0.99899999999999999998
1  9.55e-01  0.3746307156  1.528176e-01 0.99899999999999999998
1  1.00e+00  0.3746305538  1.528176e-01 0.99899999999999999998
1  1.05e+00  0.3746306708  1.528176e-01 0.99899999999999999998
1  1.10e+00  0.3746307555  1.528176e-01 0.99899999999999999998
1  1.15e+00  0.3746305437  1.528176e-01 0.99899999999999999998
1  1.20e+00  0.3746307597  1.528176e-01 0.99899999999999999998
1  1.26e+00  0.3746308242  1.528176e-01 0.99899999999999999998
1  1.32e+00  0.374630481  1.528176e-01 0.99899999999999999998
1  1.38e+00  0.3746337476  1.528176e-01 0.99899999999999999998
1  1.45e+00  0.3746281796  1.528176e-01 0.99899999999999999998
1  1.51e+00  0.3746304673  1.528176e-01 0.99899999999999999998
1  1.58e+00  0.3746324477  1.528176e-01 0.99899999999999999998
1  1.66e+00  0.3746309638  1.528176e-01 0.99899999999999999998
1  1.74e+00  0.3746310745  1.528176e-01 0.99899999999999999998
1  1.82e+00  0.37463024  1.528176e-01 0.99899999999999999998
1  1.91e+00  0.3746303894  1.528176e-01 0.99899999999999999998
1  2.00e+00  0.3746308348  1.528176e-01 0.99899999999999999998
1  2.09e+00  0.3746304778  1.528176e-01 0.99899999999999999998
1  2.19e+00  0.3746307362  1.528176e-01 0.99899999999999999998
1  2.29e+00  0.3746305505  1.528176e-01 0.99899999999999999998
1  2.40e+00  0.3746310553  1.528176e-01 0.99899999999999999998
1  2.51e+00  0.374630212  1.528176e-01 0.99899999999999999998
1  2.63e+00  0.374630701  1.528176e-01 0.99899999999999999998
1  2.75e+00  0.374630891  1.528176e-01 0.99899999999999999998
1  2.88e+00  0.3746294869  1.528176e-01 0.99899999999999999998
1  3.02e+00  0.3746303627  1.528176e-01 0.99899999999999999998
1  3.16e+00  0.3746293074  1.528176e-01 0.99899999999999999998
1  3.31e+00  0.3746230952  1.528176e-01 0.99899999999999999998
1  3.47e+00  0.374632862  1.528176e-01 0.99899999999999999998
1  3.63e+00  0.3746397388  1.528176e-01 0.99899999999999999998
1  3.80e+00  0.3746300932  1.528176e-01 0.99899999999999999998
1  3.98e+00  0.3746302283  1.528176e-01 0.99899999999999999998
1  4.17e+00  0.3746307199  1.528176e-01 0.99899999999999999998
1  4.37e+00  0.3746291361  1.528176e-01 0.99899999999999999998
1  4.57e+00  0.3746296145  1.528176e-01 0.99899999999999999998
1  4.79e+00  0.3746296592  1.528176e-01 0.99899999999999999998
1  5.01e+00  0.3746296601  1.528176e-01 0.99899999999999999998
1  5.25e+00  0.3746296114  1.528176e-01 0.99899999999999999998
1  5.50e+00  0.3744996846  1.528176e-01 0.99899999999999999998
1  5.75e+00  0.3746681305  1.528176e-01 0.99899999999999999998
1  6.03e+00  0.3746284532  1.528176e-01 0.99899999999999999998
1  6.31e+00  0.3746301471  1.528176e-01 0.99899999999999999998
1  6.61e+00  0.3746292785  1.528176e-01 0.99899999999999999998
1  6.92e+00  0.3746286025  1.528176e-01 0.99899999999999999998
1  7.24e+00  0.3746306988  1.528176e-01 0.99899999999999999998
1  7.59e+00  0.3746306054  1.528176e-01 0.99899999999999999998
1  7.94e+00  0.3746288131  1.528176e-01 0.99899999999999999998
1  8.32e+00  0.3746311064  1.528176e-01 0.99899999999999999998
1  8.71e+00  0.3746263265  1.528176e-01 0.99899999999999999998
1  9.12e+00  0.3745781335  1.528176e-01 0.99899999999999999998
1  9.55e+00  0.3746246208  1.528176e-01 0.99899999999999999998
1  1.00e+01  0.3745289956  1.528176e-01 0.99899999999999999998
1  1.05e+01  0.3745581696  1.528176e-01 0.99899999999999999998
1  1.10e+01  0.3745704638  1.528176e-01 0.99899999999999999998
1  1.15e+01  0.3746292998  1.528176e-01 0.99899999999999999998
1  1.20e+01  0.3746377218  1.528176e-01 0.99899999999999999998
1  1.26e+01  0.3746356248  1.528176e-01 0.99899999999999999998
1  1.32e+01  0.3746248383  1.528176e-01 0.99899999999999999998
1  1.38e+01  0.3746305877  1.528176e-01 0.99899999999999999998
1  1.45e+01  0.3746268271  1.528176e-01 0.99899999999999999998
1  1.51e+01  0.3746265439  1.528176e-01 0.99899999999999999998
1  1.58e+01  0.3746318178  1.528176e-01 0.99899999999999999998
1  1.66e+01  0.3746388404  1.528176e-01 0.99899999999999999998
1  1.74e+01  0.3750350515  1.528176e-01 0.99899999999999999998
1  1.82e+01  0.3742473244  1.528176e-01 0.99899999999999999998
1  1.91e+01  0.3743912651  1.528176e-01 0.99899999999999999998
1  2.00e+01  0.3746286738  1.528176e-01 0.99899999999999999998
1  2.09e+01  0.3743395431  1.528176e-01 0.99899999999999999998
1  2.19e+01  0.3746654343  1.528176e-01 0.99899999999999999998
1  2.29e+01  0.3744577741  1.528176e-01 0.99899999999999999998
1  2.40e+01  0.3748224121  1.528176e-01 0.99899999999999999998
1  2.51e+01  0.3744720628  1.528176e-01 0.99899999999999999998
1  2.63e+01  0.3746326327  1.528176e-01 0.99899999999999999998
1  2.75e+01  0.374665755  1.528176e-01 0.99899999999999999998
1  2.88e+01  0.3745155959  1.528176e-01 0.99899999999999999998
1  3.02e+01  0.3747739356  1.528176e-01 0.99899999999999999998
1  3.16e+01  0.3747212342  1.528176e-01 0.99899999999999999998
1  3.31e+01  0.3744670923  1.528176e-01 0.99899999999999999998
1  3.47e+01  0.3742556947  1.528176e-01 0.99899999999999999998
1  3.63e+01  0.3749294768  1.528176e-01 0.99899999999999999998
1  3.80e+01  0.374439405  1.528176e-01 0.99899999999999999998
1  3.98e+01  0.3746114488  1.528176e-01 0.99899999999999999998
1  4.17e+01  0.3745753041  1.528176e-01 0.99899999999999999998
1  4.37e+01  0.3745891127  1.528176e-01 0.99899999999999999998
1  4.57e+01  0.3743667894  1.528176e-01 0.99899999999999999998
1  4.79e+01  0.3747672186  1.528176e-01 0.99899999999999999998
1  5.01e+01  0.3746303386  1.528176e-01 0.99899999999999999998
1  5.25e+01  0.3746110519  1.528176e-01 0.99899999999999999998
1  5.50e+01  0.3745589624  1.528176e-01 0.99899999999999999998
1  5.75e+01  0.374561593  1.528176e-01 0.99899999999999999998
1  6.03e+01  0.3743509977  1.528176e-01 0.99899999999999999998
1  6.31e+01  0.3744441703  1.528176e-01 0.99899999999999999998
1  6.61e+01  0.3746244028  1.528176e-01 0.99899999999999999998
1  6.92e+01  0.3745414499  1.528176e-01 0.99899999999999999998
1  7.24e+01  0.3745842447  1.528176e-01 0.99899999999999999998
1  7.59e+01  0.3749681255  1.528176e-01 0.99899999999999999998
1  7.94e+01  0.3746014179  1.528176e-01 0.99899999999999999998
1  8.32e+01  0.374659255  1.528176e-01 0.99899999999999999998
1  8.71e+01  0.374610879  1.528176e-01 0.99899999999999999998
1  9.12e+01  0.374602931  1.528176e-01 0.99899999999999999998
1  9.55e+01  0.3745890773  1.528176e-01 0.99899999999999999998
1  1.00e+02  0.3747332032  1.528176e-01 0.99899999999999999998
1  1.05e+02  0.3746321792  1.528176e-01 0.99899999999999999998
1  1.10e+02  0.374600053  1.528176e-01 0.99899999999999999998
1  1.15e+02  0.3745790667  1.528176e-01 0.99899999999999999998
1  1.20e+02  0.3746415174  1.528176e-01 0.99899999999999999998
1  1.26e+02  0.37443762  1.528176e-01 0.99899999999999999998
1  1.32e+02  0.3746403575  1.528176e-01 0.99899999999999999998
1  1.38e+02  0.3745949936  1.528176e-01 0.99899999999999999998
1  1.45e+02  0.3746012557  1.528176e-01 0.99899999999999999998
1  1.51e+02  0.3746046496  1.528176e-01 0.99899999999999999998
1  1.58e+02  0.3746618719  1.528176e-01 0.99899999999999999998
1  1.66e+02  0.3745799845  1.528176e-01 0.99899999999999999998
1  1.74e+02  0.3746484403  1.528176e-01 0.99899999999999999998
1  1.82e+02  0.3746047813  1.528176e-01 0.99899999999999999998
1  1.91e+02  0.3745644332  1.528176e-01 0.99899999999999999998
1  2.00e+02  0.3747283285  1.528176e-01 0.99899999999999999998
1  2.09e+02  0.3744808474  1.528176e-01 0.99899999999999999998
1  2.19e+02  0.374574318  1.528176e-01 0.99899999999999999998
1  2.29e+02  0.3746228572  1.528176e-01 0.99899999999999999998
1  2.40e+02  0.374584269  1.528176e-01 0.99899999999999999998
1  2.51e+02  0.3746536176  1.528176e-01 0.99899999999999999998
1  2.63e+02  0.3746195826  1.528176e-01 0.99899999999999999998
1  2.75e+02  0.3745459025  1.528176e-01 0.99899999999999999998
1  2.88e+02  0.3746168757  1.528176e-01 0.99899999999999999998
1  3.02e+02  0.374611573  1.528176e-01 0.99899999999999999998
1  3.16e+02  0.3745729562  1.528176e-01 0.99899999999999999998
1  3.31e+02  0.3746776334  1.528176e-01 0.99899999999999999998
1  3.47e+02  0.3745894241  1.528176e-01 0.99899999999999999998
1  3.63e+02  0.3746548549  1.528176e-01 0.99899999999999999998
1  3.80e+02  0.3745894171  1.528176e-01 0.99899999999999999998
1  3.98e+02  0.3746309791  1.528176e-01 0.99899999999999999998
1  4.17e+02  0.3745705903  1.528176e-01 0.99899999999999999998
1  4.37e+02  0.3745961101  1.528176e-01 0.99899999999999999998
1  4.57e+02  0.3745685716  1.528176e-01 0.99899999999999999998
1  4.79e+02  0.3746132523  1.528176e-01 0.99899999999999999998
1  5.01e+02  0.374489445  1.528176e-01 0.99899999999999999998
1  5.25e+02  0.3745204336  1.528176e-01 0.99899999999999999998
1  5.50e+02  0.3746280105  1.528176e-01 0.99899999999999999998
1  5.75e+02  0.3743828677  1.528176e-01 0.99899999999999999998
1  6.03e+02  0.3745456978  1.528176e-01 0.99899999999999999998
1  6.31e+02  0.3746964593  1.528176e-01 0.99899999999999999998
1  6.61e+02  0.3744816646  1.528176e-01 0.99899999999999999998
1  6.92e+02  0.3743432884  1.528176e-01 0.99899999999999999998
1  7.24e+02  0.3745103661  1.528176e-01 0.99899999999999999998
1  7.59e+02  0.3744488347  1.528176e-01 0.99899999999999999998
1  7.94e+02  0.3746102256  1.528176e-01 0.99899999999999999998
1  8.32e+02  0.3745323919  1.528176e-01 0.99899999999999999998
1  8.71e+02  0.3745255972  1.528176e-01 0.99899999999999999998
1  9.12e+02  0.3744794516  1.528176e-01 0.99899999999999999998
1  9.55e+02  0.3746697547  1.528176e-01 0.99899999999999999998
1  1.00e+03  0.3745263488  1.528176e-01 0.99899999999999999998
1  1.05e+03  0.374563395  1.528176e-01 0.99899999999999999998
1  1.10e+03  0.3742192673  1.528176e-01 0.99899999999999999998
1  1.15e+03  0.3745453908  1.528176e-01 0.99899999999999999998
1  1.20e+03  0.3741053195  1.528176e-01 0.99899999999999999998
1  1.26e+03  0.3742294221  1.528176e-01 0.99899999999999999998
1  1.32e+03  0.3748664975  1.528176e-01 0.99899999999999999998
1  1.38e+03  0.3751215898  1.528176e-01 0.99899999999999999998
1  1.45e+03  0.3737207576  1.528176e-01 0.99899999999999999998
1  1.51e+03  0.3746498137  1.528176e-01 0.99899999999999999998
1  1.58e+03  0.3737229288  1.528176e-01 0.99899999999999999998
1  1.66e+03  0.3734424014  1.528176e-01 0.99899999999999999998
1  1.74e+03  0.3743284523  1.528176e-01 0.99899999999999999998
1  1.82e+03  0.3757786789  1.528176e-01 0.99899999999999999998
1  1.91e+03  0.3742710186  1.528176e-01 0.99899999999999999998
1  2.00e+03  0.3771731677  1.528176e-01 0.99899999999999999998
1  2.09e+03  0.3753951569  1.528176e-01 0.99899999999999999998
1  2.19e+03  0.3735700318  1.528176e-01 0.99899999999999999998
1  2.29e+03  0.3717212183  1.528176e-01 0.99899999999999999998
1  2.40e+03  0.3703608437  1.528176e-01 0.99899999999999999998
1  2.51e+03  0.3731389235  1.528176e-01 0.99899999999999999998
1  2.63e+03  0.3731255012  1.528176e-01 0.99899999999999999998
1  2.75e+03  0.3674287162  1.528176e-01 0.99899999999999999998
1  2.88e+03  0.3707671224  1.528176e-01 0.99899999999999999998
1  3.02e+03  0.3751332917  1.528176e-01 0.99899999999999999998
1  3.16e+03  0.3695092215  1.528176e-01 0.99899999999999999998
1  3.31e+03  0.3678181374  1.528176e-01 0.99899999999999999998
1  3.47e+03  0.3755163212  1.528176e-01 0.99899999999999999998
1  3.63e+03  0.3746701102  1.528176e-01 0.99899999999999999998
1  3.80e+03  0.3785431784  1.528176e-01 0.99899999999999999998
1  3.98e+03  0.3786316438  1.528176e-01 0.99899999999999999998
1  4.17e+03  0.3740528619  1.528176e-01 0.99899999999999999998
1  4.37e+03  0.3787156299  1.528176e-01 0.99899999999999999998
1  4.57e+03  0.37589833  1.528176e-01 0.99899999999999999998
1  4.79e+03  0.3854286864  1.528176e-01 0.99899999999999999998
1  5.01e+03  0.3728101097  1.528176e-01 0.99899999999999999998
1  5.25e+03  0.3784896944  1.528176e-01 0.99899999999999999998
1  5.50e+03  0.3768313245  1.528176e-01 0.99899999999999999998
1  5.75e+03  0.3761792271  1.528176e-01 0.99899999999999999998
1  6.03e+03  0.368880374  1.528176e-01 0.99899999999999999998
1  6.31e+03  0.3967178693  1.528176e-01 0.99899999999999999998
1  6.61e+03  0.3528558144  1.528176e-01 0.99899999999999999998
1  6.92e+03  0.3591526484  1.528176e-01 0.99899999999999999998
1  7.24e+03  0.3558383334  1.528176e-01 0.99899999999999999998
1  7.59e+03  0.3810799524  1.528176e-01 0.99899999999999999998
1  7.94e+03  0.3658920511  1.528176e-01 0.99899999999999999998
1  8.32e+03  0.3667677927  1.528176e-01 0.99899999999999999998
1  8.71e+03  0.3577778042  1.528176e-01 0.99899999999999999998
1  9.12e+03  0.3387750936  1.528176e-01 0.99899999999999999998
1  9.55e+03  0.378289816  1.528176e-01 0.99899999999999999998
1  1.00e+04  0.3388507123  1.528176e-01 0.99899999999999999998
1  1.05e+04  0.392786519  1.528176e-01 0.99899999999999999998
1  1.10e+04  0.3373903683  1.528176e-01 0.99899999999999999998
1  1.15e+04  0.3899240303  1.528176e-01 0.99899999999999999998
1  1.20e+04  0.3338765687  1.528176e-01 0.99899999999999999998
1  1.26e+04  0.3558401621  1.528176e-01 0.99899999999999999998
1  1.32e+04  0.3486745103  1.528176e-01 0.99899999999999999998
1  1.38e+04  0.3483921332  1.528176e-01 0.99899999999999999998
1  1.45e+04  0.3486992994  1.528176e-01 0.99899999999999999998
1  1.51e+04  0.3564509249  1.528176e-01 0.99899999999999999998
1  1.58e+04  0.3297628583  1.528176e-01 0.99899999999999999998
1  1.66e+04  0.3658249221  1.528176e-01 0.99899999999999999998
1  1.74e+04  0.3319838253  1.528176e-01 0.99899999999999999998
1  1.82e+04  0.3113107189  1.528176e-01 0.99899999999999999998
1  1.91e+04  0.3405736555  1.528176e-01 0.99899999999999999998
1  2.00e+04  0.3120379928  1.528176e-01 0.99899999999999999998
1  2.09e+04  0.3208135238  1.528176e-01 0.99899999999999999998
1  2.19e+04  0.3127870355  1.528176e-01 0.99899999999999999998
1  2.29e+04  0.3299892462  1.528176e-01 0.99899999999999999998
1  2.40e+04  0.2950346049  1.528176e-01 0.99899999999999999998
1  2.51e+04  0.3041712929  1.528176e-01 0.99899999999999999998
1  2.63e+04  0.3471935097  1.528176e-01 0.99899999999999999998
1  2.75e+04  0.3520559915  1.528176e-01 0.99899999999999999998
1  2.88e+04  0.3317205458  1.528176e-01 0.99899999999999999998
1  3.02e+04  0.2718674406  1.528176e-01 0.99899999999999999998
1  3.16e+04  0.3697010103  1.528176e-01 0.99899999999999999998
1  3.31e+04  0.3241531649  1.528176e-01 0.99899999999999999998
1  3.47e+04  0.3279398655  1.528176e-01 0.99899999999999999998
1  3.63e+04  0.3225278031  1.528176e-01 0.99899999999999999998
1  3.80e+04  0.3123806841  1.528176e-01 0.99899999999999999998
1  3.98e+04  0.3022525243  1.528176e-01 0.99899999999999999998
1  4.17e+04  0.3267026091  1.528176e-01 0.99899999999999999998
1  4.37e+04  0.3594420259  1.528176e-01 0.99899999999999999998
1  4.57e+04  0.3364552884  1.528176e-01 0.99899999999999999998
1  4.79e+04  0.3041938467  1.528176e-01 0.99899999999999999998
1  5.01e+04  0.3716817691  1.528176e-01 0.99899999999999999998
1  5.25e+04  0.2891485854  1.528176e-01 0.99899999999999999998
1  5.50e+04  0.2853466996  1.528176e-01 0.99899999999999999998
1  5.75e+04  0.3579511986  1.528176e-01 0.99899999999999999998
1  6.03e+04  0.2720662997  1.528176e-01 0.99899999999999999998
1  6.31e+04  0.3171138174  1.528176e-01 0.99899999999999999998
1  6.61e+04  0.3743933524  1.528176e-01 0.99899999999999999998
1  6.92e+04  0.3347900646  1.528176e-01 0.99899999999999999998
1  7.24e+04  0.3324504128  1.528176e-01 0.99899999999999999998
1  7.59e+04  0.3460732049  1.528176e-01 0.99899999999999999998
1  7.94e+04  0.3518846575  1.528176e-01 0.99899999999999999998
1  8.32e+04  0.3709767653  1.528176e-01 0.99899999999999999998
1  8.71e+04  0.3559220038  1.528176e-01 0.99899999999999999998
1  9.12e+04  0.3051793291  1.528176e-01 0.99899999999999999998
1  9.55e+04  0.297756631  1.528176e-01 0.99899999999999999998
1  1.00e+05  0.345045699  1.528176e-01 0.99899999999999999998
1  1.05e+05  0.3681577956  1.528176e-01 0.99899999999999999998
1  1.10e+05  0.3288697471  1.528176e-01 0.99899999999999999998
1  1.15e+05  0.2798504996  1.528176e-01 0.99899999999999999998
1  1.20e+05  0.2806418808  1.528176e-01 0.99899999999999999998
1  1.26e+05  0.3245834346  1.528176e-01 0.99899999999999999998
1  1.32e+05  0.3609278312  1.528176e-01 0.99899999999999999998
1  1.38e+05  0.3574101936  1.528176e-01 0.99899999999999999998
1  1.45e+05  0.3257392079  1.528176e-01 0.99899999999999999998
1  1.51e+05  0.299047716  1.528176e-01 0.99899999999999999998
1  1.58e+05  0.2987794287  1.528176e-01 0.99899999999999999998
1  1.66e+05  0.3220386956  1.528176e-01 0.99899999999999999998
1  1.74e+05  0.3510466669  1.528176e-01 0.99899999999999999998
1  1.82e+05  0.3692402674  1.528176e-01 0.99899999999999999998
1  1.91e+05  0.3707247792  1.528176e-01 0.99899999999999999998
1  2.00e+05  0.3599973614  1.528176e-01 0.99899999999999999998
1  2.09e+05  0.3461376328  1.528176e-01 0.99899999999999999998
1  2.19e+05  0.3368984079  1.528176e-01 0.99899999999999999998
1  2.29e+05  0.3357017108  1.528176e-01 0.99899999999999999998
1  2.40e+05  0.341715046  1.528176e-01 0.99899999999999999998
1  2.51e+05  0.3516581848  1.528176e-01 0.99899999999999999998
1  2.63e+05  0.361852203  1.528176e-01 0.99899999999999999998
1  2.75e+05  0.3696113939  1.528176e-01 0.99899999999999999998
1  2.88e+05  0.3737521715  1.528176e-01 0.99899999999999999998
1  3.02e+05  0.3744228848  1.528176e-01 0.99899999999999999998
1  3.16e+05  0.3726001298  1.528176e-01 0.99899999999999999998
1  3.31e+05  0.3695471602  1.528176e-01 0.99899999999999999998
1  3.47e+05  0.366405878  1.528176e-01 0.99899999999999999998
1  3.63e+05  0.3639762628  1.528176e-01 0.99899999999999999998
1  3.80e+05  0.3626606412  1.528176e-01 0.99899999999999999998
1  3.98e+05  0.3625172309  1.528176e-01 0.99899999999999999998
1  4.17e+05  0.3633653133  1.528176e-01 0.99899999999999999998
1  4.37e+05  0.3648980631  1.528176e-01 0.99899999999999999998
1  4.57e+05  0.366776919  1.528176e-01 0.99899999999999999998
1  4.79e+05  0.3686968139  1.528176e-01 0.99899999999999999998
1  5.01e+05  0.3704221165  1.528176e-01 0.99899999999999999998
1  5.25e+05  0.3717987749  1.528176e-01 0.99899999999999999998
1  5.50e+05  0.3727500951  1.528176e-01 0.99899999999999999998
1  5.75e+05  0.3732632191  1.528176e-01 0.99899999999999999998
1  6.03e+05  0.3733718974  1.528176e-01 0.99899999999999999998
1  6.31e+05  0.373139374  1.528176e-01 0.99899999999999999998
1  6.61e+05  0.3725464532  1.528176e-01 0.99899999999999999998
1  6.92e+05  0.371696367  1.528176e-01 0.99899999999999999998
1  7.24e+05  0.3707929796  1.528176e-01 0.99899999999999999998
1  7.59e+05  0.3698882094  1.528176e-01 0.99899999999999999998
1  7.94e+05  0.369045157  1.528176e-01 0.99899999999999999998
1  8.32e+05  0.3683066754  1.528176e-01 0.99899999999999999998
1  8.71e+05  0.3677130484  1.528176e-01 0.99899999999999999998
1  9.12e+05  0.3672406594  1.528176e-01 0.99899999999999999998
1  9.55e+05  0.3669104359  1.528176e-01 0.99899999999999999998
1  1.00e+06  0.3667154298  1.528176e-01 0.99899999999999999998
1  1.05e+06  0.3666436143  1.528176e-01 0.99899999999999999998
1  1.10e+06  0.366680022  1.528176e-01 0.99899999999999999998
1  1.15e+06  0.3668083881  1.528176e-01 0.99899999999999999998
1  1.20e+06  0.3670123494  1.528176e-01 0.99899999999999999998
1  1.26e+06  0.3672762712  1.528176e-01 0.99899999999999999998
1  1.32e+06  0.3675857735  1.528176e-01 0.99899999999999999998
1  1.38e+06  0.3679280264  1.528176e-01 0.99899999999999999998
1  1.45e+06  0.3682918754  1.528176e-01 0.99899999999999999998
1  1.51e+06  0.3686678461  1.528176e-01 0.99899999999999999998
1  1.58e+06  0.3690480672  1.528176e-01 0.99899999999999999998
1  1.66e+06  0.3694261454  1.528176e-01 0.99899999999999999998
1  1.74e+06  0.3697970124  1.528176e-01 0.99899999999999999998
1  1.82e+06  0.3701445666  1.528176e-01 0.99899999999999999998
1  1.91e+06  0.3704908834  1.528176e-01 0.99899999999999999998
1  2.00e+06  0.370821147  1.528176e-01 0.99899999999999999998
1  2.09e+06  0.3711339757  1.528176e-01 0.99899999999999999998
1  2.19e+06  0.3714285656  1.528176e-01 0.99899999999999999998
1  2.29e+06  0.3717045775  1.528176e-01 0.99899999999999999998
1  2.40e+06  0.3719620399  1.528176e-01 0.99899999999999999998
1  2.51e+06  0.3722012656  1.528176e-01 0.99899999999999999998
1  2.63e+06  0.3724227821  1.528176e-01 0.99899999999999999998
1  2.75e+06  0.3726272736  1.528176e-01 0.99899999999999999998
1  2.88e+06  0.3728155337  1.528176e-01 0.99899999999999999998
1  3.02e+06  0.3729884265  1.528176e-01 0.99899999999999999998
1  3.16e+06  0.3731468566  1.528176e-01 0.99899999999999999998
1  3.31e+06  0.3732917439  1.528176e-01 0.99899999999999999998
1  3.47e+06  0.3734240059  1.528176e-01 0.99899999999999999998
1  3.63e+06  0.3735406277  1.528176e-01 0.99899999999999999998
1  3.80e+06  0.3736506539  1.528176e-01 0.99899999999999999998
1  3.98e+06  0.373750637  1.528176e-01 0.99899999999999999998
1  4.17e+06  0.3738413751  1.528176e-01 0.99899999999999999998
1  4.37e+06  0.3739236227  1.528176e-01 0.99899999999999999998
1  4.57e+06  0.3739980889  1.528176e-01 0.99899999999999999998
1  4.79e+06  0.374065437  1.528176e-01 0.99899999999999999998
1  5.01e+06  0.3741262846  1.528176e-01 0.99899999999999999998
1  5.25e+06  0.3741812049  1.528176e-01 0.99899999999999999998
1  5.50e+06  0.3742307279  1.528176e-01 0.99899999999999999998
1  5.75e+06  0.3742753426  1.528176e-01 0.99899999999999999998
1  6.03e+06  0.3743154989  1.528176e-01 0.99899999999999999998
1  6.31e+06  0.3743516096  1.528176e-01 0.99899999999999999998
1  6.61e+06  0.3743840532  1.528176e-01 0.99899999999999999998
1  6.92e+06  0.3744131758  1.528176e-01 0.99899999999999999998
1  7.24e+06  0.3744383594  1.528176e-01 0.99899999999999999998
1  7.59e+06  0.3744618478  1.528176e-01 0.99899999999999999998
1  7.94e+06  0.374482874  1.528176e-01 0.99899999999999999998
1  8.32e+06  0.3745016777  1.528176e-01 0.99899999999999999998
1  8.71e+06  0.3745184764  1.528176e-01 0.99899999999999999998
1  9.12e+06  0.3745334678  1.528176e-01 0.99899999999999999998
1  9.55e+06  0.3745468314  1.528176e-01 0.99899999999999999998
1  1.00e+07  0.3745587297  1.528176e-01 0.99899999999999999998
